1.233278393745422363e+00
4.954285919666290283e-01
9.947381019592285156e+00
9.182500243186950684e-01
2.317041397094726562e+00
1.176673507690429688e+01
1.940921306610107422e+00
2.130937337875366211e+00
2.959174633026123047e+00
1.170594692230224609e+01
1.281458735466003418e+00
5.242031574249267578e+00
9.880988121032714844e+00
8.284755706787109375e+00
1.356778442859649658e-01
1.036945724487304688e+01
6.287705898284912109e+00
7.374794483184814453e-01
5.152773380279541016e+00
8.088375091552734375e+00
4.518825054168701172e+00
1.398737788200378418e+00
4.394867897033691406e+00
1.872338294982910156e+00
1.760211229324340820e+00
1.214881315827369690e-01
1.590331792831420898e+00
2.149403333663940430e+00
1.300175905227661133e+00
1.823531985282897949e-01
6.670918464660644531e-01
8.677625656127929688e+00
5.989224910736083984e-01
2.893517017364501953e-01
7.468215942382812500e+00
7.903444170951843262e-01
1.945307731628417969e+00
6.978765010833740234e+00
1.215804934501647949e+00
1.490928292274475098e+00
2.934607267379760742e+00
8.212275505065917969e+00
9.808313846588134766e-01
4.191467285156250000e+00
7.101657867431640625e+00
3.905203580856323242e+00
5.939898639917373657e-02
7.543230533599853516e+00
5.272222518920898438e+00
9.023033976554870605e-01
3.176051616668701172e+00
5.086712837219238281e+00
3.366979598999023438e+00
1.115680694580078125e+00
3.059609413146972656e+00
1.292508482933044434e+00
1.207603573799133301e+00
1.987889856100082397e-01
1.330085515975952148e+00
1.748099446296691895e+00
9.646405577659606934e-01
1.744791418313980103e-01
5.872364640235900879e-01
5.712279319763183594e+00
9.736973792314529419e-03
-1.806321367621421814e-02
-1.841697096824645996e-01
-1.754972934722900391e-01
1.020826399326324463e-01
-1.941735744476318359e-01
-1.296653747558593750e-01
-3.627955913543701172e-02
-2.853199839591979980e-05
-8.032926321029663086e-01
-8.826893568038940430e-02
-1.375789344310760498e-01
1.142063736915588379e-01
8.435726165771484375e-01
2.155581954866647720e-03
-2.210223376750946045e-01
1.475362032651901245e-01
8.421101421117782593e-02
2.821832895278930664e-01
-5.467000976204872131e-02
4.250935018062591553e-01
-1.813258230686187744e-02
1.048616170883178711e-01
-9.839246422052383423e-02
-2.169375866651535034e-01
8.709982782602310181e-02
-2.180712670087814331e-01
-1.254074871540069580e-01
-2.006502449512481689e-02
-5.122297909110784531e-03
1.367150992155075073e-01
-3.537125587463378906e-01
2.032702229917049408e-02
1.318279281258583069e-02
1.703902035951614380e-01
3.553754463791847229e-02
5.854745581746101379e-02
2.161595970392227173e-01
4.292153939604759216e-02
6.891273707151412964e-02
1.374642401933670044e-01
4.631110131740570068e-01
3.719358891248703003e-02
1.569016724824905396e-01
3.789481818675994873e-01
8.017842471599578857e-02
6.408359622582793236e-04
2.595854699611663818e-01
3.538367152214050293e-01
3.399651870131492615e-02
1.084980443120002747e-01
3.311772346496582031e-01
9.221693128347396851e-02
2.438149042427539825e-02
1.871273964643478394e-01
4.262588918209075928e-02
5.988324806094169617e-02
6.455617491155862808e-03
3.054455295205116272e-02
2.847315371036529541e-02
3.660076484084129333e-02
8.283477276563644409e-03
8.998104371130466461e-03
2.815520763397216797e-01
-1.206807210110127926e-03
-2.886411733925342560e-03
-5.239027366042137146e-02
-1.707993331365287304e-03
-3.916788380593061447e-03
-5.670000799000263214e-03
-2.681918907910585403e-03
-8.764208294451236725e-03
-1.440433226525783539e-02
-6.576417386531829834e-02
-1.128027448430657387e-03
-1.297344453632831573e-02
-4.038134962320327759e-02
-2.270078845322132111e-02
0.000000000000000000e+00
-1.088965311646461487e-02
-1.824446767568588257e-02
-1.785722747445106506e-02
-2.248311415314674377e-02
-7.745230104774236679e-03
-4.781059920787811279e-03
-2.895614597946405411e-04
-1.483392063528299332e-02
-1.486581750214099884e-03
-3.579168580472469330e-03
-4.412590712308883667e-02
-3.638525959104299545e-03
-1.000823322101496160e-04
-1.037037931382656097e-03
-9.320774115622043610e-03
-1.290581189095973969e-02
-1.546735409647226334e-02
4.507469236850738525e-01
1.395357102155685425e-01
2.619040250778198242e+00
4.390063881874084473e-01
1.104424238204956055e+00
4.956447601318359375e+00
8.283331394195556641e-01
6.985329985618591309e-01
2.283562183380126953e+00
6.575041294097900391e+00
5.875713825225830078e-01
2.958019256591796875e+00
5.177830219268798828e+00
3.536116123199462891e+00
7.723582908511161804e-03
5.852478504180908203e+00
5.025302410125732422e+00
-4.708476364612579346e-02
1.518193483352661133e+00
5.889419078826904297e+00
1.776869893074035645e+00
6.155727505683898926e-01
3.797664165496826172e+00
5.215345025062561035e-01
6.992692947387695312e-01
6.647871434688568115e-02
5.166232585906982422e-01
3.597744107246398926e-01
8.842081427574157715e-01
6.091147661209106445e-03
1.561985164880752563e-01
5.369801998138427734e+00
7.910634279251098633e-01
2.877443730831146240e-01
4.329313755035400391e+00
7.949981689453125000e-01
9.366822838783264160e-01
5.732956409454345703e+00
2.148565292358398438e+00
1.294330120086669922e+00
2.269142150878906250e+00
1.018755722045898438e+01
7.571411728858947754e-01
3.285848617553710938e+00
7.350350856781005859e+00
5.593808650970458984e+00
2.181608229875564575e-02
6.571839809417724609e+00
4.889066219329833984e+00
2.992380261421203613e-01
2.182293891906738281e+00
6.264752864837646484e+00
1.573161482810974121e+00
7.402685880661010742e-01
3.106200695037841797e+00
1.040735363960266113e+00
1.179762363433837891e+00
3.850918635725975037e-02
1.377524971961975098e+00
1.196113586425781250e+00
9.589840769767761230e-01
8.830568194389343262e-02
4.909395277500152588e-01
6.199172019958496094e+00
1.525245208740234375e+02
5.849329376220703125e+01
1.311612548828125000e+03
1.436771087646484375e+02
3.557971191406250000e+02
1.737012939453125000e+03
3.284071655273437500e+02
2.840799865722656250e+02
6.027725830078125000e+02
1.988715942382812500e+03
2.171322479248046875e+02
9.201886596679687500e+02
1.596560546875000000e+03
1.085891479492187500e+03
1.277896213531494141e+01
1.646369995117187500e+03
1.288542236328125000e+03
1.007446136474609375e+02
6.748317871093750000e+02
1.409221191406250000e+03
6.424967651367187500e+02
2.376413574218750000e+02
8.003509521484375000e+02
2.712640686035156250e+02
2.325198059082031250e+02
1.904204750061035156e+01
2.438477630615234375e+02
2.127216949462890625e+02
2.322268981933593750e+02
2.178795051574707031e+01
9.281974029541015625e+01
1.390354736328125000e+03
5.335193872451782227e-02
4.373043030500411987e-02
9.862797856330871582e-01
8.643847703933715820e-02
1.357854306697845459e-01
2.692428231239318848e-01
1.672980636358261108e-01
2.514049410820007324e-01
2.840873003005981445e-01
9.891406297683715820e-01
5.289307236671447754e-02
4.137859642505645752e-01
1.054838657379150391e+00
8.547652959823608398e-01
2.805093536153435707e-03
6.724712252616882324e-01
4.568787217140197754e-01
1.583972126245498657e-01
3.810024857521057129e-01
3.061722815036773682e-01
2.913382947444915771e-01
4.061330854892730713e-02
3.056772649288177490e-01
1.188917160034179688e-01
1.857572495937347412e-01
8.274447172880172729e-02
9.501567482948303223e-02
2.426637411117553711e-01
1.639122962951660156e-01
4.541879892349243164e-02
2.679829299449920654e-01
4.717693328857421875e-01
9.025543928146362305e-01
4.590975046157836914e-01
1.336662673950195312e+01
1.330993533134460449e+00
2.710470676422119141e+00
1.047290611267089844e+01
2.371729373931884766e+00
2.355934619903564453e+00
4.987842082977294922e+00
1.416017532348632812e+01
1.556345820426940918e+00
6.163546562194824219e+00
1.206427764892578125e+01
5.522951126098632812e+00
8.975622057914733887e-02
1.230243682861328125e+01
8.436864852905273438e+00
1.431367993354797363e+00
4.576328754425048828e+00
8.505525588989257812e+00
3.879515171051025391e+00
1.536591172218322754e+00
4.442315578460693359e+00
2.034822463989257812e+00
2.305335760116577148e+00
4.680097997188568115e-01
2.220472097396850586e+00
2.893452644348144531e+00
1.770036816596984863e+00
3.815733194351196289e-01
1.093909621238708496e+00
1.030719470977783203e+01
2.691216766834259033e-01
2.115174680948257446e-01
3.353401184082031250e+00
3.832726776599884033e-01
5.153875350952148438e-01
2.349921226501464844e+00
3.367885947227478027e-01
9.501653909683227539e-01
8.413423299789428711e-01
3.860900402069091797e+00
2.744332849979400635e-01
1.635642409324645996e+00
3.867476940155029297e+00
2.984886646270751953e+00
1.947960630059242249e-02
2.697521448135375977e+00
1.780201077461242676e+00
3.924219310283660889e-01
2.181781768798828125e+00
2.339944124221801758e+00
1.093543529510498047e+00
2.274225801229476929e-01
1.789252758026123047e+00
5.691844820976257324e-01
7.805407047271728516e-01
9.244009852409362793e-02
2.926837503910064697e-01
9.697468876838684082e-01
4.603669345378875732e-01
1.041189730167388916e-01
7.093316316604614258e-01
2.384119510650634766e+00
9.724009037017822266e-01
1.471146196126937866e-01
7.113654136657714844e+00
1.209050297737121582e+00
2.822754144668579102e+00
1.043134403228759766e+01
2.037301301956176758e+00
1.649202823638916016e+00
4.633696079254150391e+00
1.175535297393798828e+01
1.286679863929748535e+00
5.912163734436035156e+00
9.794595718383789062e+00
5.901803016662597656e+00
7.069767266511917114e-02
9.976139068603515625e+00
7.878569602966308594e+00
6.086698174476623535e-01
3.611981630325317383e+00
8.898879051208496094e+00
3.348639726638793945e+00
1.481379747390747070e+00
3.478178977966308594e+00
1.055282115936279297e+00
9.795928001403808594e-01
1.136249527335166931e-01
1.316471457481384277e+00
1.028360962867736816e+00
1.613526225090026855e+00
2.963190376758575439e-01
8.595080971717834473e-01
7.678936004638671875e+00
4.194463044404983521e-02
-1.834380626678466797e-02
-1.286926388740539551e+00
-1.773638129234313965e-01
-1.043434366583824158e-01
-3.037277758121490479e-01
-4.461526572704315186e-01
-2.967841625213623047e-01
-5.311850309371948242e-01
-2.523636579513549805e+00
-1.397124677896499634e-01
-8.474476337432861328e-01
-1.824713349342346191e+00
-7.439621686935424805e-01
1.675316132605075836e-02
-1.230997681617736816e+00
-1.486027002334594727e+00
-4.368653520941734314e-02
-7.789979130029678345e-02
-1.556244373321533203e+00
2.058383449912071228e-02
-3.463972359895706177e-02
-4.546176195144653320e-01
-1.602173149585723877e-01
-3.325270712375640869e-01
4.255613777786493301e-03
-1.213757172226905823e-01
5.534995719790458679e-02
-3.419888019561767578e-01
-4.377374798059463501e-02
-1.538463383913040161e-01
-1.474663972854614258e+00
2.274290025234222412e-01
7.553085684776306152e-02
3.045163631439208984e+00
2.319627255201339722e-01
6.738504767417907715e-01
2.674053430557250977e+00
5.282955765724182129e-01
4.329805374145507812e-01
1.046273112297058105e+00
2.288327455520629883e+00
3.128890395164489746e-01
1.286318540573120117e+00
2.243592739105224609e+00
1.351670622825622559e+00
1.647351495921611786e-02
3.078555822372436523e+00
1.471813082695007324e+00
3.035422861576080322e-01
9.610332250595092773e-01
1.579006910324096680e+00
1.392093062400817871e+00
4.495849013328552246e-01
8.560289740562438965e-01
3.854912817478179932e-01
4.479631483554840088e-01
4.381133243441581726e-02
4.693412482738494873e-01
8.452204465866088867e-01
3.431057929992675781e-01
6.956885010004043579e-02
2.155703157186508179e-01
1.957164287567138672e+00
-7.436815649271011353e-03
-2.831614948809146881e-02
-1.138034462928771973e+00
-1.196104139089584351e-01
-2.160571515560150146e-01
-2.372600287199020386e-01
-4.714821279048919678e-02
-2.117974907159805298e-01
-3.815281391143798828e-01
-8.336428999900817871e-01
-9.942782670259475708e-02
-3.414723575115203857e-01
-9.832462072372436523e-01
-3.723168373107910156e-01
1.803455961635336280e-05
-8.676607012748718262e-01
-3.259877562522888184e-01
-1.551123261451721191e-01
-3.958233296871185303e-01
-3.706085979938507080e-01
-3.281340897083282471e-01
-8.225537091493606567e-02
-2.708036899566650391e-01
-1.340359896421432495e-01
-1.812456697225570679e-01
3.682497655972838402e-03
-8.321686089038848877e-02
-4.126621186733245850e-01
-1.483182609081268311e-01
-2.236566692590713501e-02
-1.633936017751693726e-01
-4.049481451511383057e-01
2.045184075832366943e-01
8.089584112167358398e-02
2.050543785095214844e+00
2.180167883634567261e-01
2.801859080791473389e-01
2.653647899627685547e+00
1.036193370819091797e+00
5.543251037597656250e-01
5.330796837806701660e-01
3.485720396041870117e+00
2.627556622028350830e-01
1.010568022727966309e+00
2.619155645370483398e+00
1.964208602905273438e+00
2.247754111886024475e-02
2.023736238479614258e+00
1.673998475074768066e+00
9.598916023969650269e-02
9.834398627281188965e-01
2.275855302810668945e+00
5.928600430488586426e-01
2.392407357692718506e-01
1.012030720710754395e+00
3.599582910537719727e-01
4.320892095565795898e-01
7.341961562633514404e-02
3.024840652942657471e-01
3.250687122344970703e-01
3.772632181644439697e-01
4.760284721851348877e-02
1.547107696533203125e-01
1.487203836441040039e+00
-2.973937802016735077e-02
-1.397769059985876083e-02
-3.204194605350494385e-01
-5.396565794944763184e-02
-4.065809026360511780e-02
-2.025925964117050171e-01
-2.824117988348007202e-02
-7.722776383161544800e-02
-1.699819862842559814e-01
-3.618634343147277832e-01
-4.697581753134727478e-02
-1.841795742511749268e-01
-3.509932458400726318e-01
-1.156499609351158142e-01
-1.785839791409671307e-03
-3.946755528450012207e-01
-1.921147257089614868e-01
-6.710317730903625488e-02
-1.261358261108398438e-01
-1.980335563421249390e-01
-1.308827251195907593e-01
-4.917152598500251770e-02
-1.761688888072967529e-01
-4.494265839457511902e-02
-7.868625968694686890e-02
-7.422597147524356842e-03
-9.480668604373931885e-02
-1.961658447980880737e-01
-5.446572974324226379e-02
-3.137326333671808243e-03
-6.121526658535003662e-02
-2.866252958774566650e-01
4.216637462377548218e-02
-2.811881341040134430e-02
-1.629592657089233398e+00
-2.432970702648162842e-01
-2.188020497560501099e-01
-2.073308944702148438e+00
-6.467565894126892090e-01
2.868498116731643677e-02
-7.280752658843994141e-01
-5.583354234695434570e-01
-2.918195724487304688e-01
-2.844878733158111572e-01
2.709726095199584961e-01
2.161381244659423828e+00
-1.569917239248752594e-02
-1.712199568748474121e+00
-1.912819407880306244e-02
-3.297680243849754333e-02
-1.004646122455596924e-01
-8.704469799995422363e-01
-6.961255669593811035e-01
-3.346282839775085449e-01
-7.771949172019958496e-01
-3.487374186515808105e-01
-4.620372056961059570e-01
1.526591926813125610e-01
-5.191626548767089844e-01
-8.317728042602539062e-01
-3.631516546010971069e-02
-4.184737801551818848e-02
6.936675310134887695e-01
-1.387010931968688965e+00
4.667533636093139648e-01
8.164993673563003540e-02
3.746949911117553711e+00
3.573532402515411377e-01
1.438033461570739746e+00
6.799956321716308594e+00
8.779273629188537598e-01
6.511198282241821289e-01
2.034891605377197266e+00
4.750622272491455078e+00
6.594586372375488281e-01
2.780834197998046875e+00
4.643359661102294922e+00
3.074402570724487305e+00
4.756200686097145081e-02
5.285006523132324219e+00
3.521933078765869141e+00
2.751559019088745117e-01
1.993371367454528809e+00
4.225118637084960938e+00
2.440330266952514648e+00
8.840473890304565430e-01
2.505796909332275391e+00
6.244354844093322754e-01
5.208101272583007812e-01
6.869197636842727661e-02
5.059525370597839355e-01
7.011778354644775391e-01
8.164589405059814453e-01
5.148566886782646179e-02
2.776275277137756348e-01
3.746797800064086914e+00
9.539339691400527954e-02
4.467944800853729248e-02
2.002934455871582031e+00
2.774966657161712646e-01
6.552269458770751953e-01
1.275963187217712402e+00
1.490414440631866455e-01
3.599191009998321533e-01
1.188147187232971191e+00
2.169753074645996094e+00
3.311038613319396973e-01
1.269705533981323242e+00
2.103295326232910156e+00
6.778069138526916504e-01
1.617744378745555878e-02
2.172606468200683594e+00
1.630142331123352051e+00
3.984028697013854980e-01
8.736577033996582031e-01
1.299714565277099609e+00
1.176349759101867676e+00
3.764801621437072754e-01
8.634029030799865723e-01
2.725248932838439941e-01
2.647092342376708984e-01
4.697590321302413940e-02
3.199246227741241455e-01
4.956534802913665771e-01
2.874964177608489990e-01
6.240996718406677246e-02
1.946784853935241699e-01
1.372472524642944336e+00
-7.585662603378295898e-02
-1.158173382282257080e-02
-7.455621957778930664e-01
-5.407743901014328003e-02
3.988555371761322021e-01
-1.244499385356903076e-01
-1.217439100146293640e-01
-2.097606807947158813e-01
-8.626684546470642090e-02
-9.590319991111755371e-01
6.698612123727798462e-04
-2.962954044342041016e-01
-1.245268344879150391e+00
-1.179530858993530273e+00
1.982584595680236816e-02
-5.039259791374206543e-01
-4.620833396911621094e-01
-1.850452274084091187e-02
-1.647829860448837280e-01
-6.026022434234619141e-01
2.519837021827697754e-01
8.017593622207641602e-02
-3.116923272609710693e-01
-3.390851896256208420e-03
-1.175383925437927246e-01
-1.025829836726188660e-01
-1.092402823269367218e-02
-9.406061470508575439e-02
-2.338449507951736450e-01
-2.756554260849952698e-02
-3.291184902191162109e-01
-4.941318035125732422e-01
5.378239974379539490e-02
1.986785605549812317e-02
-6.818453073501586914e-01
-6.109908595681190491e-02
2.449554391205310822e-02
5.452839732170104980e-01
6.947252154350280762e-02
-1.075165495276451111e-01
-1.088224723935127258e-01
3.057995438575744629e-01
1.772636361420154572e-02
3.080931492149829865e-02
-2.772257328033447266e-01
4.020175337791442871e-02
-6.011290475726127625e-03
-1.197077780961990356e-01
2.375462949275970459e-01
-1.629840135574340820e-01
-7.381432503461837769e-02
2.081188559532165527e-01
5.972477048635482788e-02
1.283412799239158630e-02
6.529095768928527832e-02
5.617199838161468506e-02
-1.053075119853019714e-01
-1.019333489239215851e-02
-2.161859907209873199e-02
-2.645286619663238525e-01
-5.363233759999275208e-02
-5.090743303298950195e-02
-1.526621580123901367e-01
1.810875684022903442e-01
6.278108060359954834e-02
9.899212419986724854e-02
3.968607425689697266e+00
2.600551843643188477e-01
5.894321203231811523e-01
1.679147243499755859e+00
2.052655220031738281e-01
7.066940665245056152e-01
1.223183751106262207e+00
2.197796583175659180e+00
2.680605053901672363e-01
1.220990896224975586e+00
3.216672182083129883e+00
1.322645306587219238e+00
7.902071811258792877e-03
2.439000606536865234e+00
1.876185774803161621e+00
5.239779353141784668e-01
1.327702760696411133e+00
1.283745408058166504e+00
9.083082675933837891e-01
2.549123466014862061e-01
1.039624929428100586e+00
3.947038650512695312e-01
6.033830642700195312e-01
1.209320724010467529e-01
2.554004192352294922e-01
1.208250164985656738e+00
5.965824723243713379e-01
1.134030222892761230e-01
4.818674027919769287e-01
1.674809217453002930e+00
-6.014398857951164246e-02
-1.792187429964542389e-02
-5.959113240242004395e-01
-7.695489376783370972e-02
-2.300117015838623047e-01
-6.323701143264770508e-01
-6.584956496953964233e-02
-1.727300733327865601e-01
-3.420877158641815186e-01
-1.225417852401733398e+00
-8.762917667627334595e-02
-5.902029275894165039e-01
-9.546784162521362305e-01
-5.445385575294494629e-01
-1.481706276535987854e-03
-7.522177100181579590e-01
-8.314428329467773438e-01
-1.686068773269653320e-01
-3.322592377662658691e-01
-4.748717248439788818e-01
-2.790383100509643555e-01
-1.169978901743888855e-01
-3.092367053031921387e-01
-8.670625835657119751e-02
-1.320415735244750977e-01
-6.621607393026351929e-02
-1.186249405145645142e-01
-2.043170183897018433e-01
-1.261364966630935669e-01
-3.424852713942527771e-02
-2.002457678318023682e-01
-6.948307156562805176e-01
1.904106378555297852e+00
1.033315062522888184e+00
3.332167053222656250e+01
2.357093811035156250e+00
4.599389553070068359e+00
1.980623054504394531e+01
5.765089988708496094e+00
7.376884460449218750e+00
6.609556198120117188e+00
1.969425773620605469e+01
2.863160133361816406e+00
1.193720722198486328e+01
2.502135848999023438e+01
1.767840957641601562e+01
6.363660097122192383e-02
2.534927558898925781e+01
1.128407955169677734e+01
3.000044584274291992e+00
1.215863418579101562e+01
1.462732124328613281e+01
1.095542716979980469e+01
2.978222846984863281e+00
8.299988746643066406e+00
4.628073215484619141e+00
5.682722091674804688e+00
7.924403548240661621e-01
4.717980861663818359e+00
7.849490165710449219e+00
3.424731492996215820e+00
5.681699514389038086e-01
3.339575767517089844e+00
1.682922363281250000e+01
5.853316783905029297e-01
1.554702073335647583e-01
5.320400714874267578e+00
6.711410880088806152e-01
1.272987246513366699e+00
6.053182125091552734e+00
9.003183245658874512e-01
1.208866477012634277e+00
3.085479259490966797e+00
8.152414321899414062e+00
8.026616573333740234e-01
3.925488710403442383e+00
7.197245597839355469e+00
4.628998756408691406e+00
5.908275023102760315e-02
6.787949085235595703e+00
4.825202941894531250e+00
6.265602707862854004e-01
2.616505384445190430e+00
5.246685504913330078e+00
2.374753236770629883e+00
9.858226776123046875e-01
3.056738376617431641e+00
8.875140547752380371e-01
8.043884634971618652e-01
2.422472238540649414e-01
8.583130836486816406e-01
9.268130660057067871e-01
1.082340836524963379e+00
1.309210062026977539e-01
8.945406079292297363e-01
5.135373115539550781e+00
2.743494808673858643e-01
1.590074002742767334e-01
3.177596092224121094e+00
4.473212659358978271e-01
1.069434165954589844e+00
2.719998121261596680e+00
5.899491310119628906e-01
9.311529994010925293e-01
1.584196329116821289e+00
4.503350734710693359e+00
4.835350811481475830e-01
2.105080842971801758e+00
4.037870407104492188e+00
1.864611268043518066e+00
1.880255155265331268e-02
3.433212518692016602e+00
2.673794984817504883e+00
5.473319888114929199e-01
1.927641391754150391e+00
2.341446399688720703e+00
1.521538376808166504e+00
4.564173221588134766e-01
1.326447129249572754e+00
4.588630497455596924e-01
6.553690433502197266e-01
2.186108976602554321e-01
6.592147946357727051e-01
1.102344155311584473e+00
4.281558096408843994e-01
1.308776885271072388e-01
4.424355626106262207e-01
2.670143365859985352e+00
3.950779791921377182e-03
1.136920601129531860e-01
4.545873165130615234e+00
6.619687676429748535e-01
1.150371789932250977e+00
4.458062946796417236e-01
2.574118599295616150e-02
4.024551808834075928e-01
1.379659533500671387e+00
1.367189764976501465e+00
4.763061702251434326e-01
1.175508379936218262e+00
1.235628008842468262e+00
-1.299155235290527344e+00
9.375048801302909851e-03
2.797712802886962891e+00
-1.122464016079902649e-01
8.472668528556823730e-01
9.937618970870971680e-01
-6.377272605895996094e-01
1.961959481239318848e+00
5.727875232696533203e-01
1.145643442869186401e-01
4.641450643539428711e-01
6.361023187637329102e-01
4.689707234501838684e-02
9.279531836509704590e-01
1.187129139900207520e+00
-1.026980280876159668e-01
9.428038448095321655e-02
1.507648676633834839e-01
1.158931612968444824e+00
-1.580435037612915039e-01
-3.350574523210525513e-02
-6.457425951957702637e-01
-2.805316261947154999e-02
-2.769894301891326904e-01
-1.553114891052246094e+00
-2.641858160495758057e-01
-2.314293831586837769e-01
-2.759734094142913818e-01
-1.580483794212341309e+00
-8.256851881742477417e-02
-7.303584218025207520e-01
-1.799536824226379395e+00
-2.196195840835571289e+00
-3.743627341464161873e-03
-1.293720483779907227e+00
-1.209961175918579102e+00
-1.059644967317581177e-01
-7.268245220184326172e-01
-1.124560236930847168e+00
-4.488804638385772705e-01
-1.531450599431991577e-01
-5.508590340614318848e-01
-1.385350227355957031e-01
-1.471968740224838257e-01
-5.550663918256759644e-02
-7.877590507268905640e-02
-2.193801552057266235e-01
-2.171367555856704712e-01
-1.242488529533147812e-02
-3.661243915557861328e-01
-1.085508227348327637e+00
-7.397036999464035034e-02
-9.669697843492031097e-03
4.448399245738983154e-01
9.176207333803176880e-02
-1.472969204187393188e-01
-7.939622402191162109e-01
1.657133400440216064e-01
1.187104210257530212e-01
-1.963912136852741241e-02
2.733046412467956543e-01
-5.305499210953712463e-02
-1.612937077879905701e-02
7.071706652641296387e-01
8.951804786920547485e-02
-1.587980613112449646e-02
9.037380665540695190e-02
8.931636065244674683e-02
5.980675667524337769e-02
-1.448431611061096191e-01
1.035249829292297363e-01
-4.573549032211303711e-01
-9.823777526617050171e-02
-1.777209788560867310e-01
-7.386013120412826538e-02
2.194610387086868286e-01
1.766717582941055298e-01
1.530862003564834595e-01
-2.144986391067504883e-02
6.158377230167388916e-02
5.312186479568481445e-02
2.477999776601791382e-01
1.931740492582321167e-01
-7.905743084847927094e-03
-2.588693052530288696e-02
-1.331100225448608398e+00
-2.691022157669067383e-01
-8.764427304267883301e-01
-1.318017363548278809e+00
-4.140416383743286133e-01
-1.763788014650344849e-01
-8.324785828590393066e-01
-1.897500634193420410e+00
-3.072352409362792969e-01
-1.272497534751892090e+00
-2.002299785614013672e+00
-6.489082574844360352e-01
1.834320370107889175e-03
-1.956946492195129395e+00
-1.363016009330749512e+00
-1.408472210168838501e-01
-1.111251115798950195e+00
-1.304409980773925781e+00
-1.380177140235900879e+00
-2.740027010440826416e-01
-9.637281894683837891e-01
-3.064153492450714111e-01
-2.512354850769042969e-01
1.579708047211170197e-02
-1.840740293264389038e-01
-2.631008327007293701e-01
-1.059721410274505615e-01
-3.952400386333465576e-02
1.534334383904933929e-03
-1.106752038002014160e+00
-3.696144223213195801e-01
-4.119136929512023926e-01
-4.619204998016357422e+00
-4.690893292427062988e-01
-1.223487615585327148e+00
-1.911181449890136719e+00
-9.030979871749877930e-02
-2.044779360294342041e-01
-1.592348098754882812e+00
-2.618903636932373047e+00
-2.190410792827606201e-01
-1.002863883972167969e+00
-8.721169829368591309e-01
1.270945549011230469e+00
-1.479837596416473389e-01
-1.946897864341735840e+00
-6.078837513923645020e-01
-1.481487512588500977e+00
-1.745397806167602539e+00
5.953018665313720703e-01
-3.252942562103271484e+00
-8.341540098190307617e-01
-5.559812188148498535e-01
-1.146625161170959473e+00
-9.251267910003662109e-01
-2.501749098300933838e-01
-1.778545498847961426e+00
-2.459049701690673828e+00
4.282285571098327637e-01
-3.893573880195617676e-01
-1.418515443801879883e-01
-1.542680144309997559e+00
7.845964908599853516e+00
3.159047603607177734e+00
5.709086990356445312e+01
3.171060562133789062e+00
1.551373004913330078e+01
6.973870849609375000e+01
1.021146392822265625e+01
1.176322078704833984e+01
2.082651519775390625e+01
6.774718475341796875e+01
7.495724201202392578e+00
3.254965209960937500e+01
5.422508621215820312e+01
5.916054153442382812e+01
4.895166158676147461e-01
6.809927368164062500e+01
4.306726837158203125e+01
3.817349433898925781e+00
3.154054450988769531e+01
5.455185699462890625e+01
3.458059310913085938e+01
9.773841857910156250e+00
3.191917610168457031e+01
1.026494312286376953e+01
6.947049140930175781e+00
1.422727704048156738e+00
8.775293350219726562e+00
1.150404262542724609e+01
6.858011722564697266e+00
1.207900643348693848e+00
5.434376239776611328e+00
5.631519317626953125e+01
1.378417849540710449e+00
5.513332486152648926e-01
1.357692623138427734e+01
1.515985608100891113e+00
3.225605010986328125e+00
1.380065155029296875e+01
2.855056285858154297e+00
2.926538228988647461e+00
5.304784774780273438e+00
1.852069091796875000e+01
1.842815637588500977e+00
8.275382995605468750e+00
1.586325836181640625e+01
1.038928508758544922e+01
1.176906228065490723e-01
1.513165283203125000e+01
1.031138896942138672e+01
1.448528051376342773e+00
6.911866188049316406e+00
1.147976016998291016e+01
5.904932498931884766e+00
1.897169470787048340e+00
6.410911083221435547e+00
2.492797851562500000e+00
2.470216512680053711e+00
4.812557101249694824e-01
2.199643135070800781e+00
2.911554098129272461e+00
2.114053487777709961e+00
3.109304308891296387e-01
1.555198192596435547e+00
1.165062713623046875e+01
7.047188282012939453e-01
2.307982146739959717e-01
4.374958515167236328e+00
4.599164128303527832e-01
1.292234301567077637e+00
9.054767608642578125e+00
9.838985204696655273e-01
7.327165007591247559e-01
1.959916114807128906e+00
5.601278305053710938e+00
7.898932695388793945e-01
3.219084024429321289e+00
3.752753257751464844e+00
1.996129751205444336e+00
7.516462355852127075e-02
5.739824771881103516e+00
3.558128833770751953e+00
2.007693797349929810e-01
2.075853109359741211e+00
4.716589927673339844e+00
2.257989883422851562e+00
1.078326582908630371e+00
3.217328071594238281e+00
1.014806032180786133e+00
9.751740097999572754e-01
-3.432510420680046082e-02
1.319705605506896973e+00
1.056404471397399902e+00
7.843602299690246582e-01
8.459659665822982788e-02
-2.941151857376098633e-01
5.429447174072265625e+00
1.043742179870605469e+01
5.466192245483398438e+00
1.053715972900390625e+02
1.002847766876220703e+01
2.662962150573730469e+01
1.292444152832031250e+02
2.105621337890625000e+01
2.410480117797851562e+01
4.716097640991210938e+01
1.310149688720703125e+02
1.552876472473144531e+01
6.827655029296875000e+01
1.145238037109375000e+02
7.836280822753906250e+01
9.259389638900756836e-01
1.143315048217773438e+02
7.881679534912109375e+01
9.004014968872070312e+00
5.139501953125000000e+01
9.593807220458984375e+01
4.877415084838867188e+01
1.607459068298339844e+01
6.470838165283203125e+01
2.066762542724609375e+01
1.763467979431152344e+01
3.088285923004150391e+00
1.524004077911376953e+01
2.246361541748046875e+01
1.892959976196289062e+01
2.413473606109619141e+00
7.539854049682617188e+00
1.061594314575195312e+02
2.167076617479324341e-01
8.233552426099777222e-02
1.563921093940734863e+00
2.786447703838348389e-01
3.376945257186889648e-01
2.159756183624267578e+00
5.490443706512451172e-01
4.255370497703552246e-01
5.658120512962341309e-01
2.740644931793212891e+00
3.010409176349639893e-01
1.145282864570617676e+00
2.170043706893920898e+00
1.673083782196044922e+00
2.406435273587703705e-02
2.244442939758300781e+00
1.177855014801025391e+00
6.717211008071899414e-02
1.077124714851379395e+00
1.937590479850769043e+00
7.320287227630615234e-01
2.664639055728912354e-01
9.515804052352905273e-01
3.751294612884521484e-01
3.494664430618286133e-01
1.819327822886407375e-03
3.509298861026763916e-01
3.377834856510162354e-01
2.490024715662002563e-01
8.607255294919013977e-03
1.134394630789756775e-01
1.759763002395629883e+00
-1.004260256886482239e-01
-5.357454717159271240e-02
-2.304503440856933594e+00
-2.490486353635787964e-01
-5.003581047058105469e-01
-5.742790699005126953e-01
-2.300104945898056030e-01
-4.314933419227600098e-01
-7.860800623893737793e-01
-1.802038908004760742e+00
-2.248800396919250488e-01
-8.801187276840209961e-01
-1.797947645187377930e+00
-9.080448150634765625e-01
-2.456725575029850006e-03
-1.650413155555725098e+00
-7.444876432418823242e-01
-3.594015538692474365e-01
-7.480850219726562500e-01
-5.979090929031372070e-01
-7.934988737106323242e-01
-2.526093721389770508e-01
-4.690254926681518555e-01
-2.293020188808441162e-01
-2.747039496898651123e-01
-1.242735385894775391e-01
-3.060988187789916992e-01
-4.498506486415863037e-01
-1.954210400581359863e-01
-6.529009342193603516e-02
-3.264155089855194092e-01
-8.898717761039733887e-01
2.112933434545993805e-02
4.375880956649780273e-02
3.586724102497100830e-01
7.840906083583831787e-02
1.068451330065727234e-01
4.264881610870361328e-01
3.858838602900505066e-02
5.177791416645050049e-02
1.641199439764022827e-01
6.141090393066406250e-01
5.606010928750038147e-02
3.892791867256164551e-01
4.540874361991882324e-01
3.735216856002807617e-01
8.056191727519035339e-03
3.995611965656280518e-01
2.979233860969543457e-01
1.708422228693962097e-02
2.662076056003570557e-01
2.978096902370452881e-01
2.693366110324859619e-01
4.648049920797348022e-02
1.450677067041397095e-01
1.534027755260467529e-01
-5.927546415477991104e-03
0.000000000000000000e+00
1.630953699350357056e-01
5.238947458565235138e-03
-1.947796205058693886e-03
3.675877582281827927e-03
-1.276479568332433701e-03
5.025629401206970215e-01
7.914413213729858398e-01
3.181831240653991699e-01
8.570992469787597656e+00
7.422431111335754395e-01
2.832442760467529297e+00
8.791420936584472656e+00
1.287744402885437012e+00
1.631321191787719727e+00
3.121130704879760742e+00
8.505631446838378906e+00
1.068217039108276367e+00
4.419845104217529297e+00
7.888477802276611328e+00
5.700039863586425781e+00
9.010703116655349731e-02
8.280829429626464844e+00
4.728687286376953125e+00
9.001638889312744141e-01
4.627789020538330078e+00
5.342355251312255859e+00
4.450967311859130859e+00
1.309308290481567383e+00
3.664908885955810547e+00
1.507945537567138672e+00
1.170272588729858398e+00
2.444119304418563843e-01
1.300121545791625977e+00
1.839404821395874023e+00
8.754135966300964355e-01
1.228573992848396301e-01
7.964294552803039551e-01
5.652339935302734375e+00
1.144208550453186035e+00
4.209097623825073242e-01
8.749975204467773438e+00
8.878340125083923340e-01
4.778615951538085938e+00
1.031185340881347656e+01
1.741303205490112305e+00
9.930571317672729492e-01
3.804860115051269531e+00
9.554410934448242188e+00
1.850727558135986328e+00
5.304874897003173828e+00
6.851819992065429688e+00
5.173983097076416016e+00
1.356751024723052979e-01
1.162868976593017578e+01
6.190685749053955078e+00
7.922856807708740234e-01
4.663983821868896484e+00
7.882321357727050781e+00
9.277231216430664062e+00
2.350247621536254883e+00
6.058272361755371094e+00
2.162443876266479492e+00
2.243922501802444458e-01
-2.476966679096221924e-01
2.130240917205810547e+00
4.163435399532318115e-01
4.702465236186981201e-02
-1.153568774461746216e-01
-5.727565884590148926e-01
7.210891246795654297e+00
1.179641485214233398e-02
3.180476836860179901e-03
-1.763133704662322998e-01
-6.388920824974775314e-03
-1.296810805797576904e-02
1.559312492609024048e-01
3.872545808553695679e-02
1.142957434058189392e-02
-8.224955201148986816e-02
1.444692909717559814e-01
5.020876415073871613e-03
2.155991084873676300e-02
-2.463778853416442871e-02
1.617464870214462280e-01
-1.988628355320543051e-05
5.950048565864562988e-02
1.259898692369461060e-01
-4.682501778006553650e-02
-3.964838758111000061e-02
1.130519956350326538e-01
-3.716298937797546387e-02
-1.009708154015243053e-03
-3.435004502534866333e-02
7.452592253684997559e-03
-1.303233206272125244e-02
-2.751268446445465088e-02
1.321479678153991699e-03
-1.342215202748775482e-02
8.586297743022441864e-03
-1.423230767250061035e-02
-3.402940556406974792e-02
8.272986859083175659e-02
9.734729528427124023e-01
4.546501040458679199e-01
1.015281200408935547e+01
1.030293583869934082e+00
2.940905809402465820e+00
1.078195858001708984e+01
2.381810188293457031e+00
1.881629228591918945e+00
4.555249691009521484e+00
1.377776145935058594e+01
1.508200764656066895e+00
5.735515117645263672e+00
1.086827754974365234e+01
6.001791477203369141e+00
7.702947407960891724e-02
1.085489749908447266e+01
8.427412033081054688e+00
1.307864069938659668e+00
5.036468029022216797e+00
8.468292236328125000e+00
5.507042407989501953e+00
1.572456836700439453e+00
5.797836303710937500e+00
2.014272451400756836e+00
1.692407846450805664e+00
2.094646692276000977e-01
1.377125859260559082e+00
2.308482170104980469e+00
1.303964495658874512e+00
1.606574654579162598e-01
8.037249445915222168e-01
8.931543350219726562e+00
-5.195922683924436569e-03
-6.708679138682782650e-04
5.130878463387489319e-02
9.708513971418142319e-04
5.504733417183160782e-04
-2.813854999840259552e-02
-1.350616686977446079e-03
1.322694867849349976e-02
1.870541274547576904e-02
-1.992182061076164246e-02
-3.512292169034481049e-03
-3.598083509132266045e-03
2.988376468420028687e-02
-6.613735109567642212e-03
0.000000000000000000e+00
-1.559428963810205460e-02
7.875394658185541630e-04
8.863911032676696777e-03
1.982324570417404175e-02
-4.685913212597370148e-03
-4.850574303418397903e-03
-9.257172234356403351e-03
1.086558587849140167e-02
-6.614252459257841110e-03
1.290923077613115311e-02
4.727955907583236694e-03
-1.152051426470279694e-02
5.482572596520185471e-03
6.497884169220924377e-03
-5.120635032653808594e-04
7.635690271854400635e-03
-4.041786305606365204e-03
3.560769855976104736e-01
1.049336865544319153e-01
2.411803722381591797e+00
1.882000863552093506e-01
6.883377432823181152e-01
5.335274696350097656e+00
3.267557024955749512e-01
5.613046288490295410e-01
9.635671377182006836e-01
2.840607404708862305e+00
3.929121494293212891e-01
1.579700350761413574e+00
2.835147857666015625e+00
2.356125354766845703e+00
4.143317788839340210e-02
3.029663562774658203e+00
1.776170730590820312e+00
1.766587197780609131e-01
2.233725786209106445e+00
2.727461814880371094e+00
1.299871563911437988e+00
4.898345470428466797e-01
1.737462759017944336e+00
5.005331635475158691e-01
4.180461466312408447e-01
2.285253815352916718e-02
1.838323175907135010e-01
7.842611670494079590e-01
4.539458751678466797e-01
6.039470434188842773e-02
1.425241231918334961e-01
1.920984029769897461e+00
5.587628483772277832e-01
1.905781179666519165e-01
6.887601852416992188e+00
9.662690162658691406e-01
1.437596201896667480e+00
4.722416400909423828e+00
1.230525493621826172e+00
1.698000669479370117e+00
2.952336311340332031e+00
8.496692657470703125e+00
9.604188799858093262e-01
4.106864452362060547e+00
8.065744400024414062e+00
3.490170001983642578e+00
2.637498639523983002e-02
6.790182590484619141e+00
4.689333915710449219e+00
9.257821440696716309e-01
2.974071264266967773e+00
4.666440010070800781e+00
2.556222677230834961e+00
9.734886884689331055e-01
2.668329238891601562e+00
8.088411092758178711e-01
1.378209471702575684e+00
1.662987619638442993e-01
8.624918460845947266e-01
1.471671104431152344e+00
1.095445632934570312e+00
1.725853830575942993e-01
8.794617652893066406e-01
4.655871868133544922e+00
1.330471131950616837e-04
0.000000000000000000e+00
3.312959335744380951e-03
0.000000000000000000e+00
2.714989532250910997e-04
7.120197638869285583e-03
0.000000000000000000e+00
2.822486683726310730e-03
1.780646387487649918e-03
3.049929160624742508e-03
3.852081717923283577e-04
5.123418755829334259e-03
1.410054694861173630e-02
1.436967775225639343e-02
1.059427275322377682e-03
7.731990423053503036e-03
1.665698364377021790e-02
2.490149881850811653e-06
3.591993823647499084e-03
7.669067941606044769e-03
3.085160860791802406e-03
1.034566666930913925e-03
5.288026295602321625e-03
1.011031214147806168e-03
2.880744170397520065e-03
0.000000000000000000e+00
0.000000000000000000e+00
9.343185811303555965e-04
4.398069810122251511e-03
2.101071186189074069e-05
3.891887608915567398e-03
5.461350083351135254e-03
1.350754642486572266e+01
4.765254497528076172e+00
1.021033248901367188e+02
1.072528362274169922e+01
3.010564994812011719e+01
1.460049133300781250e+02
2.273268890380859375e+01
2.202862167358398438e+01
4.812863540649414062e+01
1.488994903564453125e+02
1.687371635437011719e+01
6.905574035644531250e+01
1.240193557739257812e+02
8.747740173339843750e+01
1.230956435203552246e+00
1.272714080810546875e+02
9.430950164794921875e+01
8.391417503356933594e+00
5.858496856689453125e+01
1.066808853149414062e+02
5.235382843017578125e+01
1.693881225585937500e+01
6.256832122802734375e+01
2.040531158447265625e+01
1.861443328857421875e+01
2.057060241699218750e+00
1.652388954162597656e+01
2.224808883666992188e+01
1.821114730834960938e+01
1.920361399650573730e+00
7.865706443786621094e+00
1.056442794799804688e+02
9.779958128929138184e-01
4.249432384967803955e-01
7.323612689971923828e+00
8.644229769706726074e-01
2.119017362594604492e+00
9.688345909118652344e+00
2.042896747589111328e+00
1.455528140068054199e+00
3.089245796203613281e+00
1.317583942413330078e+01
1.356046080589294434e+00
5.662518024444580078e+00
9.012871742248535156e+00
5.951437950134277344e+00
8.182384818792343140e-02
1.003767395019531250e+01
7.083024978637695312e+00
4.051913619041442871e-01
4.292131900787353516e+00
8.101325988769531250e+00
3.714965343475341797e+00
1.298974514007568359e+00
4.361310958862304688e+00
1.775987029075622559e+00
1.490911722183227539e+00
1.353877782821655273e-01
1.586229681968688965e+00
1.271560430526733398e+00
1.179298520088195801e+00
1.363463252782821655e-01
3.011384308338165283e-01
8.407587051391601562e+00
1.381179392337799072e-01
4.022939130663871765e-02
1.235728859901428223e+00
7.577633857727050781e-02
3.336800932884216309e-01
1.658289432525634766e+00
1.569255590438842773e-01
2.245615124702453613e-01
8.006910085678100586e-01
1.477951526641845703e+00
1.977764070034027100e-01
9.193131923675537109e-01
1.319586515426635742e+00
8.634118437767028809e-01
1.606076769530773163e-02
1.615497589111328125e+00
1.508305311203002930e+00
1.553812772035598755e-01
4.467413723468780518e-01
1.307738661766052246e+00
6.988834738731384277e-01
2.704379558563232422e-01
8.137612938880920410e-01
2.052135765552520752e-01
1.598261743783950806e-01
2.332360111176967621e-02
2.106958478689193726e-01
2.246623635292053223e-01
2.347197979688644409e-01
3.711898624897003174e-02
8.943745493888854980e-02
1.402647256851196289e+00
-2.991806343197822571e-02
-5.081750825047492981e-02
-4.132843613624572754e-01
-5.474177887663245201e-04
-6.709003448486328125e-02
-5.942948460578918457e-01
-7.875277101993560791e-02
-7.086196541786193848e-02
-1.196348369121551514e-01
-5.525653362274169922e-01
-5.399562418460845947e-02
-1.983311176300048828e-01
-3.716570436954498291e-01
-1.587337106466293335e-01
5.053907516412436962e-04
-3.605158030986785889e-01
-1.901431381702423096e-01
-1.047073584049940109e-02
-2.889349162578582764e-01
-2.522767484188079834e-01
-1.964786350727081299e-01
-2.416061609983444214e-02
-1.815484911203384399e-01
-1.368930786848068237e-01
-1.688740104436874390e-01
-6.801881827414035797e-03
-1.254058331251144409e-01
-1.275285482406616211e-01
-2.532454580068588257e-02
-9.174307808279991150e-03
7.970811799168586731e-03
-3.797094225883483887e-01
-1.138938963413238525e-02
-5.966328456997871399e-02
-3.827686309814453125e-01
-2.167267799377441406e-01
-5.258960127830505371e-01
-1.972540616989135742e-01
-2.208606526255607605e-02
-3.942629992961883545e-01
-9.962065815925598145e-01
-1.979567527770996094e+00
-1.501657068729400635e-01
-1.293714165687561035e+00
-1.394666314125061035e+00
-3.522372245788574219e-01
2.906067296862602234e-02
-1.419135093688964844e+00
-1.163962364196777344e+00
-2.605453431606292725e-01
-4.928041100502014160e-01
-9.519192576408386230e-01
-3.187313675880432129e-01
-1.518315225839614868e-01
-5.478773117065429688e-01
-1.420976966619491577e-01
-5.243291258811950684e-01
-2.679877355694770813e-02
-8.377967029809951782e-02
-7.261521220207214355e-01
-2.823560833930969238e-01
-8.918971568346023560e-02
-2.432600408792495728e-01
-1.068542599678039551e+00
1.032216101884841919e-01
6.578458100557327271e-02
2.457982301712036133e+00
2.376878410577774048e-01
6.029176115989685059e-01
1.081704616546630859e+00
8.532997965812683105e-02
4.634675085544586182e-01
9.273415803909301758e-01
1.783974885940551758e+00
2.571012675762176514e-01
1.099547982215881348e+00
1.768295526504516602e+00
5.641602277755737305e-01
2.135669440031051636e-02
1.913415670394897461e+00
1.156906247138977051e+00
5.047137141227722168e-01
1.058170199394226074e+00
5.869473814964294434e-01
1.095407366752624512e+00
3.100069761276245117e-01
5.244308114051818848e-01
2.751686573028564453e-01
3.507845699787139893e-01
6.663409620523452759e-02
2.730608284473419189e-01
7.901746630668640137e-01
2.615778446197509766e-01
7.815758138895034790e-02
3.215892314910888672e-01
9.903458952903747559e-01
5.205913782119750977e-01
2.262006402015686035e-01
6.017762184143066406e+00
7.100525498390197754e-01
1.654313564300537109e+00
6.311751365661621094e+00
1.206926584243774414e+00
1.367689609527587891e+00
3.307318687438964844e+00
8.892871856689453125e+00
8.677647113800048828e-01
4.198751926422119141e+00
7.655484199523925781e+00
4.526365756988525391e+00
3.969889134168624878e-02
7.093562602996826172e+00
5.837678909301757812e+00
7.153552770614624023e-01
2.727991819381713867e+00
5.545209884643554688e+00
2.849818468093872070e+00
8.370001912117004395e-01
3.464863061904907227e+00
9.584154486656188965e-01
1.246801495552062988e+00
2.844450771808624268e-01
8.515411615371704102e-01
1.176828145980834961e+00
1.202642798423767090e+00
1.821359843015670776e-01
8.346441984176635742e-01
6.011035919189453125e+00
1.552072763442993164e-01
-1.151398420333862305e-01
4.281786680221557617e-01
-5.256274342536926270e-01
-1.064699813723564148e-01
-3.049992322921752930e+00
1.321010470390319824e+00
6.182003617286682129e-01
-1.176000982522964478e-01
7.486550331115722656e+00
-5.719974637031555176e-01
4.184091389179229736e-01
3.866138458251953125e+00
7.203028678894042969e+00
-1.051752362400293350e-02
5.868753790855407715e-01
3.542499065399169922e+00
9.379324913024902344e-01
3.639824986457824707e-01
6.731624603271484375e-01
-2.534879684448242188e+00
-4.322554469108581543e-01
-1.579410552978515625e+00
-7.412082552909851074e-01
-8.742721676826477051e-01
2.181732892990112305e+00
-3.394323289394378662e-01
-1.061356663703918457e+00
6.060023307800292969e-01
9.277543425559997559e-02
2.758377075195312500e+00
3.215581476688385010e-01
2.704573869705200195e-01
6.263343989849090576e-02
9.843962788581848145e-01
1.333253830671310425e-01
4.270156025886535645e-01
2.543101310729980469e+00
4.103052020072937012e-01
2.292126417160034180e-01
4.726221263408660889e-01
2.042412996292114258e+00
2.268023937940597534e-01
8.926219344139099121e-01
1.735450267791748047e+00
1.618822932243347168e+00
4.057414084672927856e-02
1.853602290153503418e+00
1.175557136535644531e+00
3.569921106100082397e-02
1.019026398658752441e+00
1.742769479751586914e+00
9.254070520401000977e-01
2.404324710369110107e-01
9.483707547187805176e-01
3.305503427982330322e-01
2.017225623130798340e-01
-1.345538347959518433e-02
1.432482004165649414e-01
2.795608341693878174e-01
2.174246013164520264e-01
-1.088309101760387421e-02
7.049228250980377197e-02
1.435678720474243164e+00
1.527720242738723755e-01
1.217833161354064941e-01
5.140156269073486328e+00
4.400217831134796143e-01
6.366299986839294434e-01
2.782735586166381836e+00
4.809883236885070801e-01
7.636048793792724609e-01
1.318141460418701172e+00
3.032088994979858398e+00
4.473116695880889893e-01
1.817094206809997559e+00
4.226440906524658203e+00
1.589903593063354492e+00
2.020201832056045532e-02
3.246470689773559570e+00
1.630996584892272949e+00
5.533369779586791992e-01
1.929186344146728516e+00
1.765116930007934570e+00
1.546925544738769531e+00
4.522721469402313232e-01
1.193848490715026855e+00
6.989244818687438965e-01
8.759539127349853516e-01
7.192993164062500000e-02
5.893325805664062500e-01
1.284609436988830566e+00
5.179729461669921875e-01
1.571538746356964111e-01
5.523042082786560059e-01
2.371759653091430664e+00
2.046593189239501953e+00
1.134031176567077637e+00
2.466933059692382812e+01
2.424365282058715820e+00
4.399926185607910156e+00
1.954308509826660156e+01
5.711348533630371094e+00
4.788795471191406250e+00
4.043991565704345703e+00
2.483674240112304688e+01
2.354873657226562500e+00
7.183298587799072266e+00
1.794150924682617188e+01
1.390028572082519531e+01
1.255064606666564941e-01
2.110874176025390625e+01
7.306489944458007812e+00
1.527927756309509277e+00
6.913897037506103516e+00
1.433720779418945312e+01
5.835115909576416016e+00
2.198313713073730469e+00
8.071425437927246094e+00
4.045442104339599609e+00
4.239772796630859375e+00
2.210762798786163330e-01
5.403557777404785156e+00
4.725167274475097656e+00
2.543259382247924805e+00
9.126592278480529785e-01
1.228706598281860352e+00
1.878080177307128906e+01
3.838401138782501221e-01
1.877331435680389404e-01
5.876042366027832031e+00
6.383951902389526367e-01
1.288118481636047363e+00
4.706208229064941406e+00
9.181569814682006836e-01
1.100405216217041016e+00
2.014801502227783203e+00
5.751156806945800781e+00
6.953557133674621582e-01
2.819149494171142578e+00
5.197223663330078125e+00
2.524490594863891602e+00
3.889043629169464111e-02
5.259230136871337891e+00
3.384032011032104492e+00
5.851150751113891602e-01
2.245745897293090820e+00
3.499117374420166016e+00
2.227772712707519531e+00
7.770138978958129883e-01
1.929975390434265137e+00
8.709130883216857910e-01
9.347473978996276855e-01
1.814265921711921692e-02
9.604955315589904785e-01
1.205317854881286621e+00
7.180033326148986816e-01
1.415743231773376465e-01
4.006075561046600342e-01
4.039810180664062500e+00
-3.572327643632888794e-02
-1.852047257125377655e-02
-3.114578127861022949e-01
-6.847296655178070068e-02
-6.151052564382553101e-02
-3.976462781429290771e-01
-1.168974786996841431e-01
-7.974856346845626831e-02
-1.866663992404937744e-01
-8.878316283226013184e-01
-6.377610564231872559e-02
-3.298035562038421631e-01
-6.164763569831848145e-01
-3.634555339813232422e-01
-5.289949011057615280e-03
-4.574280679225921631e-01
-3.640726506710052490e-01
-1.863441243767738342e-02
-2.070326805114746094e-01
-4.427536427974700928e-01
-5.188308656215667725e-02
-5.444087460637092590e-02
-1.547200530767440796e-01
-8.566088974475860596e-02
-7.357069104909896851e-02
-1.828197576105594635e-02
-2.669804543256759644e-02
-7.364430278539657593e-02
-9.960933774709701538e-02
-2.288572490215301514e-02
-5.999004095792770386e-02
-3.047793805599212646e-01
1.253581345081329346e-01
3.075787611305713654e-02
8.712207674980163574e-01
9.589793533086776733e-02
2.021858841180801392e-01
1.122649550437927246e+00
3.708186745643615723e-01
2.257472574710845947e-01
4.309392571449279785e-01
1.533156156539916992e+00
1.281547695398330688e-01
5.477992892265319824e-01
1.234232544898986816e+00
7.013930678367614746e-01
9.297902695834636688e-03
1.105742931365966797e+00
7.852106094360351562e-01
1.451577842235565186e-01
4.821532070636749268e-01
8.367933034896850586e-01
3.859764933586120605e-01
1.242190524935722351e-01
4.264644980430603027e-01
1.971828639507293701e-01
1.834220588207244873e-01
4.520050436258316040e-02
1.706399917602539062e-01
2.568812370300292969e-01
1.374785900115966797e-01
2.168262004852294922e-02
1.064516305923461914e-01
7.830310463905334473e-01
1.394271254539489746e+00
5.458327531814575195e-01
1.280325317382812500e+01
1.624380588531494141e+00
3.617022752761840820e+00
1.209993171691894531e+01
2.738305330276489258e+00
2.836820363998413086e+00
6.074890136718750000e+00
1.946422195434570312e+01
1.997082471847534180e+00
8.766870498657226562e+00
1.594427490234375000e+01
9.970544815063476562e+00
1.127267405390739441e-01
1.531024837493896484e+01
1.115929794311523438e+01
1.759103059768676758e+00
6.601661205291748047e+00
1.130040168762207031e+01
6.179298400878906250e+00
1.990965366363525391e+00
6.223233699798583984e+00
2.390736818313598633e+00
2.259366273880004883e+00
5.161352157592773438e-01
2.139728307723999023e+00
2.734919548034667969e+00
1.936810016632080078e+00
2.789585292339324951e-01
1.562630891799926758e+00
1.157030582427978516e+01
3.699323832988739014e-01
6.190695613622665405e-02
2.712971270084381104e-01
1.013317331671714783e-01
7.903124094009399414e-01
2.007701873779296875e+00
3.691875338554382324e-01
3.957991302013397217e-02
4.766500890254974365e-01
2.726740598678588867e+00
3.655743896961212158e-01
1.288366556167602539e+00
1.036930680274963379e+00
1.497525930404663086e+00
2.006176486611366272e-02
2.386933088302612305e+00
1.910795927047729492e+00
-7.186142355203628540e-02
7.918173074722290039e-01
2.154991149902343750e+00
1.691080093383789062e+00
4.372873902320861816e-01
1.233004093170166016e+00
4.200781583786010742e-01
-1.538181304931640625e-01
-7.132561504840850830e-02
2.863069176673889160e-01
-1.891679912805557251e-01
6.502678990364074707e-02
-7.845383882522583008e-02
-2.093000411987304688e-01
1.810459494590759277e+00
-2.502394914627075195e-01
-1.545540541410446167e-01
-3.365641355514526367e+00
-3.904727995395660400e-01
-7.659743726253509521e-02
-1.105074882507324219e+00
-8.115982413291931152e-01
-5.078276395797729492e-01
-1.056538701057434082e+00
-2.507384538650512695e+00
-3.909253478050231934e-01
-1.112415671348571777e+00
-2.725968837738037109e+00
-6.827068924903869629e-01
-2.355619519948959351e-02
-2.902590274810791016e+00
-8.383036255836486816e-01
-5.305557847023010254e-01
-1.224280118942260742e+00
-1.544688224792480469e+00
-1.428368568420410156e+00
-2.501702308654785156e-01
-1.739473938941955566e+00
-5.593010783195495605e-01
-6.919510960578918457e-01
8.657333254814147949e-02
-4.799593687057495117e-01
-1.195028662681579590e+00
-2.667027413845062256e-01
5.211784318089485168e-02
-6.854358315467834473e-02
-1.742422103881835938e+00
