-1.367560058593750000e+03
-9.173543090820312500e+02
-2.318949951171875000e+03
-4.088247070312500000e+03
-4.491978027343750000e+03
-5.413032226562500000e+03
-7.267154785156250000e+03
-9.358308593750000000e+03
-1.057285839843750000e+04
1.067904492187500000e+04
1.234405468750000000e+04
1.247973730468750000e+04
1.343135058593750000e+04
1.542525000000000000e+04
1.544995312500000000e+04
1.569015039062500000e+04
1.664058398437500000e+04
1.565622363281250000e+04
6.633782348632812500e+02
3.110518798828125000e+03
4.040039550781250000e+03
1.694041748046875000e+03
4.084684082031250000e+03
4.564908691406250000e+03
2.605958740234375000e+03
5.827949218750000000e+03
6.138272460937500000e+03
-3.229817382812500000e+03
-2.869021972656250000e+03
-1.818899169921875000e+03
-5.307625488281250000e+03
-4.520256835937500000e+03
-3.281011474609375000e+03
-5.015224609375000000e+03
-4.018629638671875000e+03
-2.964666015625000000e+03
-1.698008911132812500e+03
-1.458593872070312500e+03
-1.398585571289062500e+03
-7.450998046875000000e+03
-6.442756835937500000e+03
-7.112860351562500000e+03
-1.436220019531250000e+04
-1.290796875000000000e+04
-1.151782714843750000e+04
3.557343505859375000e+03
4.410564941406250000e+03
4.077129394531250000e+03
3.661875732421875000e+03
4.719756835937500000e+03
4.510561035156250000e+03
3.386417480468750000e+03
4.741029785156250000e+03
4.380477050781250000e+03
1.291792480468750000e+04
1.474389453125000000e+04
1.345458691406250000e+04
1.718496093750000000e+04
1.861245507812500000e+04
1.674121875000000000e+04
1.889528906250000000e+04
2.006279101562500000e+04
1.796218554687500000e+04
-3.000795898437500000e+04
-2.940401757812500000e+04
-2.388376757812500000e+04
-5.863712500000000000e+04
-5.796821093750000000e+04
-4.965898437500000000e+04
-7.006179687500000000e+04
-6.865317187500000000e+04
-5.924155859375000000e+04
9.597121582031250000e+02
7.610244140625000000e+02
5.920905151367187500e+02
1.237736206054687500e+03
1.202132568359375000e+03
9.677374267578125000e+02
1.083853515625000000e+03
1.305385498046875000e+03
1.079303710937500000e+03
3.988845703125000000e+03
5.009451171875000000e+03
5.186352539062500000e+03
5.732404296875000000e+03
6.537838378906250000e+03
5.548690429687500000e+03
6.024609863281250000e+03
6.389503906250000000e+03
5.463475585937500000e+03
3.218877258300781250e+02
6.365177612304687500e+02
6.624714355468750000e+02
8.596018066406250000e+02
9.837172851562500000e+02
7.534639282226562500e+02
1.667539794921875000e+03
1.676477050781250000e+03
1.449540649414062500e+03
-9.525463867187500000e+03
-1.018810742187500000e+04
-1.120392578125000000e+04
-1.098303417968750000e+04
-1.503879296875000000e+04
-1.706538671875000000e+04
-9.938409179687500000e+03
-1.653115820312500000e+04
-1.906489062500000000e+04
1.078685156250000000e+04
1.139548339843750000e+04
1.123074902343750000e+04
1.222279003906250000e+04
1.258356835937500000e+04
1.220756152343750000e+04
1.370940136718750000e+04
1.380485156250000000e+04
1.253847949218750000e+04
-2.317044726562500000e+04
-2.244549414062500000e+04
-2.255014062500000000e+04
-3.721146875000000000e+04
-3.977361718750000000e+04
-3.887687500000000000e+04
-4.173408984375000000e+04
-4.664205468750000000e+04
-4.537473828125000000e+04
4.756714062500000000e+04
4.615227734375000000e+04
4.204184765625000000e+04
5.776826953125000000e+04
5.351778125000000000e+04
4.823358203125000000e+04
6.641790625000000000e+04
5.929696484375000000e+04
5.366862500000000000e+04
-7.226986083984375000e+02
-5.135701904296875000e+02
2.707807861328125000e+03
-2.368163818359375000e+03
1.038430664062500000e+03
4.117437500000000000e+03
-6.873880859375000000e+03
-7.721543884277343750e+01
2.596536132812500000e+03
5.885113239288330078e+00
1.940319824218750000e+01
1.944543266296386719e+01
-2.666821241378784180e+00
9.690251350402832031e+00
1.594955158233642578e+01
-1.495990514755249023e+00
-3.650696992874145508e+00
-2.079942703247070312e+00
2.347301292419433594e+01
1.975771331787109375e+01
2.389902496337890625e+01
4.530494308471679688e+01
3.724398803710937500e+01
3.410960388183593750e+01
4.578365707397460938e+01
4.702001953125000000e+01
4.380518722534179688e+01
-7.737833261489868164e-01
-5.080510616302490234e+00
-3.114763069152832031e+01
3.146457910537719727e+00
-1.420765209197998047e+01
-3.548210906982421875e+01
4.758964061737060547e+00
-1.024788093566894531e+01
-3.350598526000976562e+01
-2.174061536788940430e+00
1.491788029670715332e+00
-7.573801040649414062e+00
5.244158267974853516e+00
7.798691391944885254e-01
-8.096685409545898438e+00
1.070042800903320312e+01
3.935784816741943359e+00
-8.794195055961608887e-01
1.008470249176025391e+01
-1.187277317047119141e+01
-3.777766036987304688e+01
-1.240842247009277344e+01
-1.895819091796875000e+01
-3.373605346679687500e+01
-2.174353981018066406e+01
-1.509108543395996094e+01
-2.979890823364257812e+01
-6.185654640197753906e+00
-1.242749309539794922e+01
-1.957838249206542969e+01
1.024296092987060547e+01
-7.216145992279052734e-01
-4.599354267120361328e+00
5.918493270874023438e-01
-5.671039104461669922e+00
-3.474264144897460938e+00
6.470474243164062500e+01
5.727658081054687500e+01
5.302769088745117188e+01
6.939559173583984375e+01
8.061029815673828125e+01
7.438449096679687500e+01
9.748860168457031250e+01
1.142801361083984375e+02
1.051749114990234375e+02
-8.611781311035156250e+01
-6.180141448974609375e+01
-1.348271179199218750e+02
-8.202472686767578125e+01
-7.999655151367187500e+01
-1.373767852783203125e+02
-4.578951263427734375e+01
-4.407732391357421875e+01
-1.043299636840820312e+02
-6.512154579162597656e+00
-3.935524940490722656e+00
-3.106929302215576172e+00
-3.607872486114501953e+00
-5.399426460266113281e+00
-5.791171550750732422e+00
-2.084119081497192383e+00
-5.020535469055175781e+00
-5.729509830474853516e+00
1.375536251068115234e+01
6.384384155273437500e+00
4.538603305816650391e+00
1.669074630737304688e+01
6.865240097045898438e+00
-2.174488067626953125e+00
1.406395435333251953e+01
2.174629402160644531e+01
-1.087084650993347168e+00
-2.641831338405609131e-01
-4.916503429412841797e+00
-8.057837486267089844e+00
-3.211901426315307617e+00
-3.985657930374145508e+00
-8.167745590209960938e+00
-7.330522537231445312e+00
-3.647924661636352539e+00
-5.993469238281250000e+00
-1.983907699584960938e+01
-1.009272193908691406e+01
-3.162626981735229492e+00
-1.312239742279052734e+01
-1.100670433044433594e+01
-2.476413536071777344e+01
-4.373068809509277344e+00
-1.207588315010070801e+00
-1.824366950988769531e+01
1.000294113159179688e+01
1.490678501129150391e+01
2.043779563903808594e+01
2.220139694213867188e+01
2.179927444458007812e+01
2.967113113403320312e+01
2.916968727111816406e+01
3.242356491088867188e+01
3.678969192504882812e+01
-4.856389236450195312e+01
-3.900498199462890625e+01
-2.527933502197265625e+01
-3.576328277587890625e+01
-4.368963241577148438e+01
-3.446161651611328125e+01
-7.147664070129394531e+00
-9.013835906982421875e+00
-2.405481719970703125e+01
-8.239517974853515625e+01
-4.634916687011718750e+01
8.994998931884765625e+00
-9.331329345703125000e+01
-4.367793655395507812e+01
-1.101274490356445312e-01
-8.720108795166015625e+01
-2.844202232360839844e+01
-3.960017681121826172e+00
-1.861876106262207031e+01
-1.373128032684326172e+01
-6.802084350585937500e+01
2.080042076110839844e+01
-5.939097404479980469e+00
-7.348641967773437500e+01
1.640256309509277344e+01
-1.720173263549804688e+01
-5.986938858032226562e+01
5.660945773124694824e-01
4.393891990184783936e-01
4.242967963218688965e-01
5.090693831443786621e-01
9.373329877853393555e-01
1.583159089088439941e+00
-2.604635655879974365e-01
6.993843913078308105e-01
5.327043533325195312e-01
-8.835198283195495605e-01
-3.727452158927917480e-01
4.566247016191482544e-02
-1.489259451627731323e-01
-9.176424890756607056e-02
-5.259788781404495239e-02
1.600696146488189697e-01
-1.202370598912239075e-01
-9.035893529653549194e-02
-2.278987169265747070e-01
-2.692613601684570312e-01
-5.513511598110198975e-02
2.611120343208312988e-01
-1.850900650024414062e-01
-2.190805673599243164e-01
2.866071164608001709e-01
-4.063136577606201172e-01
-1.506189107894897461e-01
-2.847340106964111328e-01
-1.470420062541961670e-01
-1.981347501277923584e-01
-6.075070500373840332e-01
-7.821210026741027832e-01
-6.552197933197021484e-01
-1.187531575560569763e-01
-2.154221087694168091e-01
-1.487201303243637085e-01
5.220712348818778992e-02
4.468893632292747498e-02
2.042217552661895752e-01
1.246750831604003906e+00
2.117885112762451172e+00
9.146002531051635742e-01
-7.466784715652465820e-01
-8.539489507675170898e-01
-1.370416879653930664e+00
1.877377331256866455e-01
-1.407221704721450806e-02
-9.566710144281387329e-02
5.786916017532348633e-01
2.368525564670562744e-01
1.899891793727874756e-01
1.433661222457885742e+00
9.909785985946655273e-01
1.581086039543151855e+00
-1.149037778377532959e-01
2.163230031728744507e-01
7.059875130653381348e-01
7.198674678802490234e-01
5.948609113693237305e-01
1.012615919113159180e+00
1.129739761352539062e+00
1.138341307640075684e+00
9.655554890632629395e-01
1.064398407936096191e+00
2.775753974914550781e+00
2.188288688659667969e+00
-2.828687667846679688e+00
-3.058600187301635742e+00
-3.934921264648437500e+00
-1.703006863594055176e+00
-2.687233209609985352e+00
-2.865199804306030273e+00
-3.234261646866798401e-02
-8.149405010044574738e-03
-2.246881090104579926e-02
-1.417631283402442932e-04
5.776540189981460571e-02
5.736015737056732178e-04
2.015530616044998169e-01
3.302011787891387939e-01
1.716255545616149902e-01
1.321174111217260361e-02
-6.550606340169906616e-03
3.026401400566101074e-01
6.188182830810546875e-01
8.020181059837341309e-01
1.068800568580627441e+00
1.282657384872436523e+00
1.095003962516784668e+00
1.142935872077941895e+00
-1.925013214349746704e-01
-9.736463427543640137e-02
3.349093720316886902e-02
1.896618492901325226e-02
-1.503795683383941650e-01
1.403328329324722290e-01
1.986738480627536774e-02
-1.527368426322937012e-01
1.351123210042715073e-02
-1.346393227577209473e-01
7.316083312034606934e-01
-3.402772173285484314e-02
-1.053776025772094727e+00
3.259429931640625000e-01
8.713781237602233887e-01
-1.153902769088745117e+00
-1.793995201587677002e-01
4.194846153259277344e-01
-3.197124600410461426e-01
-1.893691867589950562e-01
1.489683054387569427e-03
5.199269577860832214e-02
6.940779089927673340e-02
1.132658272981643677e-01
9.999507665634155273e-01
1.017928838729858398e+00
1.298354744911193848e+00
6.675264239311218262e-01
1.871501088142395020e+00
7.465722560882568359e-01
-1.401017189025878906e+00
-5.440911054611206055e-01
-1.113214015960693359e+00
-1.200841903686523438e+00
-3.254026174545288086e-02
1.776154339313507080e-01
-1.468099355697631836e+00
-2.031909525394439697e-01
5.799743533134460449e-01
7.251003384590148926e-01
1.156707406044006348e+00
3.020514011383056641e+00
5.486801147460937500e+00
8.072447776794433594e+00
9.127244949340820312e+00
3.184205591678619385e-01
5.926115512847900391e-01
4.146620929241180420e-01
1.110038161277770996e+00
7.281358242034912109e-01
-3.503245115280151367e-01
1.537601232528686523e+00
9.156435728073120117e-01
-8.772563338279724121e-01
-6.614052581787109375e+01
-8.811598205566406250e+01
-9.618615722656250000e+01
-1.056231918334960938e+02
-9.738091278076171875e+01
-8.000217437744140625e+01
-1.122265777587890625e+02
-1.160022277832031250e+02
-1.052357101440429688e+02
-6.422972106933593750e+01
-2.993647766113281250e+01
4.185705566406250000e+01
-1.125081939697265625e+02
-7.984469604492187500e+01
-1.873485565185546875e+01
-5.463499069213867188e+01
-3.669544219970703125e+01
-1.468350982666015625e+01
8.216651916503906250e+00
-1.173501968383789062e+01
6.041600418090820312e+01
-7.475019454956054688e+00
-5.522024154663085938e+00
6.857092285156250000e+01
-2.527882766723632812e+01
-1.398660659790039062e+00
6.170079421997070312e+01
-3.096482849121093750e+01
-3.627060317993164062e+01
-2.256881523132324219e+01
-1.932701873779296875e+01
-2.712161827087402344e+01
1.704339265823364258e+00
-2.047727775573730469e+01
-2.233018684387207031e+01
1.406320190429687500e+01
-8.999833679199218750e+01
-8.468879699707031250e+01
-7.403939819335937500e+01
-7.164591979980468750e+01
-4.380810928344726562e+01
-6.349097251892089844e+00
-1.529993286132812500e+02
-1.454379272460937500e+02
-9.741060638427734375e+01
-4.484523391723632812e+01
-3.551147079467773438e+01
-1.604229354858398438e+01
3.403115081787109375e+01
5.586668014526367188e+01
4.812873840332031250e+01
2.850219535827636719e+01
4.282566070556640625e+01
3.599495697021484375e+01
-1.119778823852539062e+02
-7.115678405761718750e+01
-2.721431541442871094e+01
-1.564789123535156250e+02
-1.175702896118164062e+02
-8.001015472412109375e+01
-1.511999969482421875e+02
-1.475435485839843750e+02
-1.225973739624023438e+02
-4.944596862792968750e+02
-4.493341674804687500e+02
-3.726264953613281250e+02
-4.742862548828125000e+02
-4.286115417480468750e+02
-3.299896850585937500e+02
-4.151753845214843750e+02
-3.562070007324218750e+02
-1.630666198730468750e+02
2.284050559997558594e+01
1.996515655517578125e+01
1.958969116210937500e+01
4.240746688842773438e+01
3.983486938476562500e+01
3.887973403930664062e+01
3.685939407348632812e+01
3.336080169677734375e+01
3.762142181396484375e+01
-6.779381561279296875e+01
-6.227386856079101562e+01
-2.848123359680175781e+01
-1.833102035522460938e+01
-2.173466873168945312e+01
5.262898445129394531e+00
-3.975961685180664062e+01
-3.934973144531250000e+01
-3.281531143188476562e+01
1.922547912597656250e+01
3.341725540161132812e+01
4.336145401000976562e+01
1.797952461242675781e+01
3.618524551391601562e+01
3.941299057006835938e+01
1.626440238952636719e+01
3.491894531250000000e+01
3.216243743896484375e+01
-5.859865188598632812e+01
-5.904692459106445312e+01
-6.136483764648437500e+01
-6.871559906005859375e+01
-5.396363830566406250e+01
-9.481991577148437500e+01
-1.657037353515625000e+01
-7.879742622375488281e+00
-8.124961853027343750e+01
-5.454922103881835938e+01
-2.905835723876953125e+01
-9.358037948608398438e+00
-3.431043624877929688e+01
-1.509995651245117188e+01
-1.239620208740234375e+01
-1.143188476562500000e+01
-1.619781875610351562e+01
-1.601564407348632812e+01
-3.436389465332031250e+02
-3.091183776855468750e+02
-2.515048370361328125e+02
-3.639556579589843750e+02
-3.560740051269531250e+02
-2.981081848144531250e+02
-2.414743652343750000e+02
-2.396735687255859375e+02
-1.806175842285156250e+02
6.495108032226562500e+02
7.360939941406250000e+02
5.322628173828125000e+02
7.702387084960937500e+02
7.877025146484375000e+02
5.720248413085937500e+02
6.809521484375000000e+02
6.471926879882812500e+02
4.784758911132812500e+02
-1.032293701171875000e+02
-1.405487365722656250e+02
-8.348021697998046875e+01
-4.476319885253906250e+01
-4.525850296020507812e+01
1.571207523345947266e+01
-3.942789840698242188e+01
-3.092164611816406250e+01
6.627748870849609375e+01
5.864730072021484375e+01
7.963209533691406250e+01
8.254459381103515625e+01
9.894132232666015625e+01
8.858350372314453125e+01
5.895331192016601562e+01
1.165132904052734375e+02
5.352360916137695312e+01
1.261846160888671875e+01
9.746650695800781250e+00
-1.182022762298583984e+01
2.045392608642578125e+01
1.037049007415771484e+01
1.131789970397949219e+01
5.972075653076171875e+01
9.322126007080078125e+01
1.101123657226562500e+02
1.541062316894531250e+02
9.178211975097656250e+01
2.321010589599609375e+01
2.314954566955566406e+01
4.229408645629882812e+01
-3.658659219741821289e+00
1.780664825439453125e+01
1.538269805908203125e+01
-8.117145299911499023e-01
4.677845382690429688e+01
8.606284332275390625e+01
4.594875717163085938e+01
1.098087978363037109e+01
1.816170120239257812e+01
-2.529338264465332031e+01
-2.996189880371093750e+01
3.678138732910156250e+00
-1.503111648559570312e+01
8.616391181945800781e+00
2.053788299560546875e+02
1.700187225341796875e+02
1.137384338378906250e+02
8.333552551269531250e+01
2.943332672119140625e+01
1.513268756866455078e+01
4.249757385253906250e+01
-6.792800903320312500e+00
2.472299575805664062e+01
-2.474426746368408203e+00
-2.395319461822509766e+00
2.106240272521972656e+01
1.355092334747314453e+01
3.786417388916015625e+01
5.267582702636718750e+01
2.346172904968261719e+01
4.327252578735351562e+01
4.157573699951171875e+01
6.269799804687500000e+01
5.160636520385742188e+01
7.981315612792968750e+01
7.146672821044921875e+01
7.066023254394531250e+01
1.009880981445312500e+02
8.091414642333984375e+01
1.079498748779296875e+02
1.277798538208007812e+02
6.071051025390625000e+02
4.187586059570312500e+02
1.964733886718750000e+02
4.227717895507812500e+02
1.597622985839843750e+02
3.512211608886718750e+01
2.543473663330078125e+02
1.403215332031250000e+02
2.008127136230468750e+02
4.913922786712646484e+00
8.912546157836914062e+00
3.482109308242797852e+00
1.357670879364013672e+01
1.536152935028076172e+01
9.423637390136718750e+00
7.697548866271972656e+00
5.503535747528076172e+00
2.467246294021606445e+00
3.245307159423828125e+01
1.747556304931640625e+01
3.880841064453125000e+01
5.492460250854492188e+01
3.391501617431640625e+01
4.446942138671875000e+01
3.858943176269531250e+01
1.624039840698242188e+01
1.777343750000000000e+01
2.892266082763671875e+01
1.365437316894531250e+01
2.261555671691894531e+01
2.059470367431640625e+01
1.255512952804565430e+00
1.188144493103027344e+01
1.048899173736572266e+01
8.852043151855468750e+00
1.772551345825195312e+01
2.155770416259765625e+02
1.736715240478515625e+02
1.731028747558593750e+02
3.002518310546875000e+02
2.033096466064453125e+02
1.293844909667968750e+02
2.662699279785156250e+02
1.252394332885742188e+02
3.774151611328125000e+01
1.866539382934570312e+01
3.792676544189453125e+01
6.110419845581054688e+01
5.197043991088867188e+01
7.822481536865234375e+01
9.481658935546875000e+01
9.043503570556640625e+01
1.107586135864257812e+02
1.138166198730468750e+02
2.114407806396484375e+02
1.767717590332031250e+02
1.406360778808593750e+02
2.796618652343750000e+02
2.252841033935546875e+02
1.965268707275390625e+02
2.668749389648437500e+02
2.152598876953125000e+02
2.020013732910156250e+02
3.678854980468750000e+02
4.769198913574218750e+02
4.697153015136718750e+02
6.064810180664062500e+02
6.181361083984375000e+02
5.122024536132812500e+02
6.194595947265625000e+02
5.071250610351562500e+02
3.610680236816406250e+02
8.381575775146484375e+01
1.261674785614013672e+01
-8.237220764160156250e+01
8.983394622802734375e+01
2.813618659973144531e+01
-5.480416774749755859e+00
4.159229660034179688e+01
1.737684845924377441e+00
5.527563095092773438e+01
1.573927459716796875e+02
1.876395568847656250e+02
2.130195770263671875e+02
1.594069824218750000e+02
2.258221893310546875e+02
2.590658874511718750e+02
1.710679626464843750e+02
2.556316833496093750e+02
3.091421813964843750e+02
1.692540893554687500e+02
1.576125793457031250e+02
1.353579559326171875e+02
1.254518661499023438e+02
9.345480346679687500e+01
9.809461975097656250e+01
1.062981491088867188e+02
5.212516021728515625e+01
5.282350158691406250e+01
1.035871658325195312e+02
6.356885910034179688e+01
3.253072357177734375e+01
1.500659637451171875e+02
6.752567291259765625e+01
2.617671012878417969e+01
1.437870025634765625e+02
4.768694305419921875e+01
1.145237255096435547e+01
1.142551574707031250e+02
9.865358734130859375e+01
8.761022949218750000e+01
1.694609680175781250e+02
1.437457427978515625e+02
1.071654357910156250e+02
1.655401611328125000e+02
1.229282379150390625e+02
7.909725952148437500e+01
2.098202667236328125e+02
2.159761352539062500e+02
1.990942840576171875e+02
3.260464172363281250e+02
3.114505615234375000e+02
2.779043884277343750e+02
3.434988403320312500e+02
3.464394531250000000e+02
3.324803771972656250e+02
6.487955474853515625e+01
2.046905326843261719e+01
7.777392387390136719e+00
5.199855422973632812e+01
1.364713859558105469e+01
1.942215561866760254e+00
4.293696594238281250e+01
1.802938079833984375e+01
1.051586723327636719e+01
1.488336181640625000e+02
1.162975769042968750e+02
1.104743957519531250e+02
1.512561035156250000e+02
1.013704223632812500e+02
9.812996673583984375e+01
1.180218353271484375e+02
7.799317932128906250e+01
7.648594665527343750e+01
1.215214111328125000e+03
1.331030761718750000e+03
1.385133666992187500e+03
1.490241699218750000e+03
1.610933715820312500e+03
1.555832275390625000e+03
1.592628906250000000e+03
1.635678466796875000e+03
1.474137573242187500e+03
1.151395416259765625e+01
9.139769554138183594e+00
8.604436874389648438e+00
9.294882774353027344e+00
7.635073184967041016e+00
4.854697227478027344e+00
1.229886054992675781e+01
1.051210403442382812e+01
8.728442192077636719e+00
3.308330154418945312e+01
2.297156333923339844e+01
3.276250076293945312e+01
3.621057128906250000e+01
1.524705505371093750e+01
2.166600799560546875e+01
5.368247222900390625e+01
2.507828330993652344e+01
2.179784202575683594e+01
1.888612556457519531e+01
1.276310253143310547e+01
1.738298797607421875e+01
2.377442550659179688e+01
8.781885147094726562e+00
1.056539154052734375e+01
2.226917266845703125e+01
5.754643917083740234e+00
2.297901958227157593e-01
2.064816589355468750e+02
2.824878845214843750e+02
3.531526184082031250e+02
1.664929809570312500e+02
2.682288208007812500e+02
3.921681823730468750e+02
1.873037567138671875e+02
2.788383178710937500e+02
3.711240234375000000e+02
7.733333587646484375e+01
6.134944915771484375e+01
6.029818344116210938e+01
4.683047485351562500e+01
3.373094177246093750e+01
3.976945495605468750e+01
3.704382705688476562e+01
2.682186126708984375e+01
2.760965347290039062e+01
7.815166015625000000e+02
9.371166381835937500e+02
9.739689331054687500e+02
7.703699951171875000e+02
9.782523803710937500e+02
1.065288208007812500e+03
7.874159545898437500e+02
9.666130371093750000e+02
1.049838378906250000e+03
6.490884399414062500e+01
3.195928192138671875e+01
9.793331909179687500e+01
3.186401367187500000e+01
3.673406219482421875e+01
1.014939956665039062e+02
1.438694858551025391e+01
2.665203094482421875e+01
7.894834136962890625e+01
3.530297546386718750e+02
2.579739379882812500e+02
2.068520812988281250e+02
4.071529846191406250e+02
2.833018798828125000e+02
1.558558502197265625e+02
4.550330810546875000e+02
3.042093505859375000e+02
1.699096984863281250e+02
4.160886718750000000e+03
4.580954589843750000e+03
5.149088378906250000e+03
4.091166259765625000e+03
4.173171875000000000e+03
4.229076660156250000e+03
4.622898925781250000e+03
4.300634765625000000e+03
3.529482177734375000e+03
1.127328125000000000e+04
1.038685839843750000e+04
9.898947265625000000e+03
1.242024511718750000e+04
1.192144628906250000e+04
1.114119433593750000e+04
1.347540429687500000e+04
1.352716015625000000e+04
1.303263964843750000e+04
5.664983398437500000e+03
5.084633300781250000e+03
4.293335449218750000e+03
5.295078613281250000e+03
5.266481933593750000e+03
5.275312011718750000e+03
4.833693359375000000e+03
5.163149414062500000e+03
5.667292968750000000e+03
2.557998535156250000e+03
2.310515625000000000e+03
1.985792968750000000e+03
2.127601562500000000e+03
1.789426147460937500e+03
1.699180297851562500e+03
1.618345947265625000e+03
1.252869384765625000e+03
1.383530639648437500e+03
8.921639648437500000e+03
9.278793945312500000e+03
8.402832031250000000e+03
7.034669433593750000e+03
6.353187988281250000e+03
5.373837890625000000e+03
6.629733886718750000e+03
5.616484375000000000e+03
4.744019042968750000e+03
4.273775390625000000e+03
4.673297851562500000e+03
4.813474609375000000e+03
3.419692138671875000e+03
4.048323730468750000e+03
4.597151367187500000e+03
2.896168945312500000e+03
3.599416503906250000e+03
4.414945312500000000e+03
1.088735644531250000e+04
1.037379296875000000e+04
9.740931640625000000e+03
1.264165820312500000e+04
1.256786621093750000e+04
1.216175488281250000e+04
1.336549707031250000e+04
1.383408496093750000e+04
1.352493750000000000e+04
2.542659765625000000e+04
2.332339257812500000e+04
1.933140234375000000e+04
2.302473437500000000e+04
1.855680078125000000e+04
1.383653222656250000e+04
1.928945898437500000e+04
1.366841406250000000e+04
9.860895507812500000e+03
2.814127929687500000e+03
3.005572021484375000e+03
3.014281494140625000e+03
2.753347167968750000e+03
3.018833740234375000e+03
3.040625244140625000e+03
2.634344970703125000e+03
2.820965576171875000e+03
2.804753906250000000e+03
5.566784179687500000e+03
5.154668945312500000e+03
4.494691894531250000e+03
5.485421875000000000e+03
5.469097656250000000e+03
4.882711914062500000e+03
4.960944335937500000e+03
5.254222656250000000e+03
5.057165527343750000e+03
2.605014892578125000e+03
2.383263183593750000e+03
2.120375976562500000e+03
2.695568115234375000e+03
2.661682128906250000e+03
2.486180175781250000e+03
2.811392089843750000e+03
2.906355957031250000e+03
2.875463867187500000e+03
9.115402343750000000e+03
9.549948242187500000e+03
1.048265625000000000e+04
1.016044335937500000e+04
1.043852734375000000e+04
1.027204101562500000e+04
1.107996679687500000e+04
1.097518847656250000e+04
9.849013671875000000e+03
9.144828125000000000e+03
8.939091796875000000e+03
8.825243164062500000e+03
1.007927539062500000e+04
1.007518457031250000e+04
9.919838867187500000e+03
1.073697265625000000e+04
1.111473242187500000e+04
1.122401953125000000e+04
1.528485644531250000e+04
1.397802148437500000e+04
1.284039648437500000e+04
1.519834765625000000e+04
1.270955468750000000e+04
1.047954199218750000e+04
1.420749414062500000e+04
1.128912109375000000e+04
8.402030273437500000e+03
6.058664843750000000e+04
6.351918359375000000e+04
6.661286718750000000e+04
6.823146093750000000e+04
7.201382812500000000e+04
7.402155468750000000e+04
7.278862500000000000e+04
7.677450781250000000e+04
7.624655468750000000e+04
8.696159179687500000e+03
8.744488281250000000e+03
7.587809082031250000e+03
6.060290527343750000e+03
6.615955078125000000e+03
6.556119140625000000e+03
3.809170410156250000e+03
4.064627929687500000e+03
5.335358398437500000e+03
5.804786300659179688e+01
5.528703689575195312e+01
8.947839736938476562e+00
8.049240112304687500e+01
4.866583633422851562e+01
1.638262367248535156e+01
9.183985137939453125e+01
6.890171051025390625e+01
4.594236755371093750e+01
8.673970031738281250e+01
8.962866210937500000e+01
8.134718322753906250e+01
1.092410278320312500e+02
1.487125396728515625e+02
1.188135528564453125e+02
4.904788970947265625e+01
6.957402038574218750e+01
4.778781127929687500e+01
1.627836608886718750e+01
3.176609420776367188e+01
4.329727935791015625e+01
3.349681091308593750e+01
6.793482971191406250e+01
1.026505661010742188e+02
3.313580322265625000e+01
7.486635589599609375e+01
9.190627288818359375e+01
2.685857582092285156e+01
1.518473815917968750e+01
1.949237823486328125e+01
6.360547637939453125e+01
7.505988311767578125e+01
9.934139251708984375e+01
4.185637664794921875e+01
7.250071716308593750e+01
1.013957214355468750e+02
2.823956680297851562e+01
2.714719200134277344e+01
3.450996780395507812e+01
1.665036468505859375e+02
1.731909942626953125e+02
1.793185729980468750e+02
1.762343444824218750e+02
1.727356719970703125e+02
1.752120361328125000e+02
6.551107025146484375e+01
1.112192993164062500e+02
1.148666763305664062e+02
2.974040412902832031e+01
4.692055130004882812e+01
3.240281677246093750e+01
2.759704208374023438e+01
3.630123138427734375e+01
2.273696899414062500e+01
6.476563930511474609e+00
2.650080108642578125e+01
8.029537200927734375e+00
4.133057403564453125e+01
6.717838287353515625e+01
3.780613708496093750e+01
5.221788787841796875e+01
7.425473785400390625e+01
3.311328887939453125e+01
2.214937286376953125e+02
1.235987472534179688e+02
1.057269668579101562e+02
4.992016906738281250e+02
4.553848266601562500e+02
4.915256652832031250e+02
4.901427917480468750e+02
4.991145019531250000e+02
5.795646362304687500e+02
5.594449996948242188e+01
4.908428192138671875e+01
4.826660537719726562e+01
3.565911865234375000e+01
2.649386596679687500e+01
2.950635719299316406e+01
3.255718994140625000e+01
2.554631805419921875e+01
2.840302085876464844e+01
4.444366836547851562e+01
4.376524353027343750e+01
3.484796142578125000e+01
1.582420253753662109e+01
2.388277626037597656e+01
1.238664531707763672e+01
9.555175781250000000e+00
2.801785278320312500e+01
2.025263977050781250e+01
1.789213943481445312e+01
2.686389350891113281e+01
2.049924087524414062e+01
2.066649246215820312e+01
3.690933990478515625e+01
3.877701568603515625e+01
2.260129928588867188e+01
4.187445068359375000e+01
4.106112670898437500e+01
2.225947723388671875e+02
2.045808868408203125e+02
5.704884719848632812e+01
2.985283203125000000e+02
2.578727722167968750e+02
1.373184204101562500e+02
2.819679870605468750e+02
2.538424682617187500e+02
1.745803680419921875e+02
6.774816131591796875e+01
7.738367462158203125e+01
6.954019927978515625e+01
6.184890365600585938e+01
6.133850097656250000e+01
5.116736602783203125e+01
3.682157516479492188e+01
3.294451141357421875e+01
2.484405517578125000e+01
2.066022033691406250e+02
1.367613983154296875e+02
5.465221023559570312e+01
3.561149902343750000e+02
2.760426330566406250e+02
1.706967926025390625e+02
3.844383239746093750e+02
3.228473205566406250e+02
2.582132263183593750e+02
7.605709228515625000e+02
8.205598754882812500e+02
5.726133422851562500e+02
6.763697509765625000e+02
6.620869750976562500e+02
4.256783752441406250e+02
5.562164916992187500e+02
5.122921142578125000e+02
3.681591796875000000e+02
9.055137634277343750e+01
7.947509002685546875e+01
1.290450744628906250e+02
8.536837577819824219e+00
2.822748756408691406e+01
9.600265502929687500e+01
5.153150558471679688e+01
6.388518905639648438e+01
1.332658691406250000e+02
1.171873550415039062e+02
-2.022190284729003906e+01
7.211225585937500000e+02
-8.884106445312500000e+01
-9.300721740722656250e+01
6.726987915039062500e+02
-4.307931518554687500e+02
-3.561951599121093750e+02
2.349749908447265625e+02
4.462833984375000000e+03
4.144716796875000000e+03
3.213518066406250000e+03
3.891738525390625000e+03
3.861568847656250000e+03
3.209732177734375000e+03
3.630109863281250000e+03
3.825303955078125000e+03
3.376662109375000000e+03
1.414190795898437500e+03
1.875560058593750000e+03
1.067790161132812500e+03
1.413662597656250000e+03
1.671200439453125000e+03
1.098103515625000000e+03
1.076687377929687500e+03
1.437229248046875000e+03
1.083833007812500000e+03
2.187128753662109375e+02
8.010891113281250000e+02
5.233234863281250000e+02
2.272203674316406250e+02
6.412109985351562500e+02
4.471496582031250000e+02
1.338146972656250000e+01
3.208543090820312500e+02
1.066094665527343750e+02
-8.981707153320312500e+02
1.330724334716796875e+02
4.286128234863281250e+02
-3.842060241699218750e+02
5.365081787109375000e+02
5.868262329101562500e+02
-7.660783691406250000e+02
8.133287429809570312e+00
3.322138671875000000e+02
4.299807434082031250e+02
4.025286560058593750e+02
2.186668395996093750e+02
5.880689697265625000e+02
6.761494750976562500e+02
5.975220336914062500e+02
6.688259887695312500e+02
8.043693847656250000e+02
9.906965332031250000e+02
5.034335449218750000e+03
4.858821289062500000e+03
3.959780517578125000e+03
5.091590332031250000e+03
5.027201171875000000e+03
4.394892578125000000e+03
4.960525878906250000e+03
5.153536132812500000e+03
4.656814453125000000e+03
-1.614656250000000000e+03
2.684219726562500000e+03
4.611725585937500000e+03
-3.357402099609375000e+03
5.418359985351562500e+02
2.290879882812500000e+03
-5.478575683593750000e+03
-2.033887817382812500e+03
-8.036025390625000000e+02
1.941445541381835938e+01
1.955028533935546875e+02
2.321461181640625000e+02
1.466032409667968750e+02
3.196995544433593750e+02
3.599840087890625000e+02
2.246853942871093750e+02
3.793550720214843750e+02
4.328367614746093750e+02
1.290892700195312500e+03
1.313377807617187500e+03
8.947375488281250000e+02
1.551105346679687500e+03
1.674835815429687500e+03
1.291162231445312500e+03
1.693168945312500000e+03
1.993653442382812500e+03
1.603112915039062500e+03
3.551010131835937500e+02
3.685910949707031250e+02
2.109899139404296875e+02
3.031015930175781250e+02
3.384797363281250000e+02
1.848822021484375000e+02
3.181505737304687500e+02
4.058495178222656250e+02
2.875133056640625000e+02
-9.754934692382812500e+02
-1.428635009765625000e+03
-6.303205566406250000e+02
-2.008671142578125000e+03
-2.273136230468750000e+03
-1.384380126953125000e+03
-2.082797363281250000e+03
-1.969494018554687500e+03
-1.405261230468750000e+03
2.382812011718750000e+03
2.233083496093750000e+03
1.901950317382812500e+03
2.453689453125000000e+03
2.485731201171875000e+03
2.209716552734375000e+03
2.503302734375000000e+03
2.687975585937500000e+03
2.505151611328125000e+03
-1.243301757812500000e+03
-3.531726074218750000e+02
2.176240234375000000e+03
-3.513126464843750000e+03
-2.495933105468750000e+03
-1.247891387939453125e+02
-4.357513671875000000e+03
-3.401733642578125000e+03
-1.621165405273437500e+03
5.543289550781250000e+03
5.245925781250000000e+03
5.510873535156250000e+03
6.905930175781250000e+03
7.858070312500000000e+03
8.113779296875000000e+03
8.988686523437500000e+03
1.054939355468750000e+04
9.778701171875000000e+03
1.300457885742187500e+03
3.634340576171875000e+03
2.214254882812500000e+03
1.023833557128906250e+03
3.141835693359375000e+03
1.980073730468750000e+03
1.120453491210937500e+03
2.719948242187500000e+03
1.745514892578125000e+03
3.750668334960937500e+02
4.265950622558593750e+02
5.512677001953125000e+02
4.415144958496093750e+02
5.521294555664062500e+02
6.755157470703125000e+02
5.275357055664062500e+02
6.394113159179687500e+02
7.146514282226562500e+02
4.648342132568359375e+01
-6.957084655761718750e+00
-6.523463439941406250e+01
-3.992903900146484375e+01
-1.691953582763671875e+02
-1.957912139892578125e+02
-1.383466796875000000e+02
-1.906611022949218750e+02
-1.781112060546875000e+02
2.258948669433593750e+02
1.443631286621093750e+02
1.395293998718261719e+01
2.929860534667968750e+02
1.036657943725585938e+02
-4.572368621826171875e+01
2.479513702392578125e+02
1.003726387023925781e+01
-8.762229919433593750e+01
3.432244262695312500e+02
3.507396545410156250e+02
3.134476013183593750e+02
3.561184692382812500e+02
2.757811584472656250e+02
1.921667785644531250e+02
2.966416625976562500e+02
1.487873687744140625e+02
5.367285156250000000e+01
7.575344848632812500e+02
8.368572387695312500e+02
7.883156127929687500e+02
8.725277099609375000e+02
9.175333862304687500e+02
8.283001098632812500e+02
9.762801513671875000e+02
8.920245971679687500e+02
7.232045288085937500e+02
1.064704895019531250e+02
7.708098411560058594e+00
-4.176212310791015625e+01
1.305814075469970703e+01
-6.460445404052734375e+01
-3.517552566528320312e+01
6.600705718994140625e+01
5.367558288574218750e+01
1.020488891601562500e+02
-2.020139694213867188e+00
-7.664426422119140625e+01
-1.090613708496093750e+02
3.028547859191894531e+01
-2.613285255432128906e+01
-1.045441818237304688e+01
-2.553909301757812500e+00
-3.417163467407226562e+01
2.035098266601562500e+01
3.370542480468750000e+03
3.773719970703125000e+03
3.685702636718750000e+03
3.681167480468750000e+03
3.760840576171875000e+03
3.256871337890625000e+03
3.293480957031250000e+03
2.989197509765625000e+03
2.274511962890625000e+03
3.886630296707153320e+00
3.149447917938232422e+00
1.759736633300781250e+01
1.459675312042236328e+01
1.933017158508300781e+01
3.593609619140625000e+01
6.459089660644531250e+01
6.945926666259765625e+01
7.945877838134765625e+01
8.734177589416503906e+00
4.307179927825927734e+00
-1.633786582946777344e+01
4.293616485595703125e+01
5.624572372436523438e+01
4.669687271118164062e+01
1.426139984130859375e+02
1.400794830322265625e+02
1.308204040527343750e+02
1.751849365234375000e+01
1.114384269714355469e+01
-1.231179141998291016e+01
1.709538650512695312e+01
5.107074260711669922e+00
-2.047004318237304688e+01
6.413457870483398438e+00
-1.492686843872070312e+01
-3.479492950439453125e+01
6.375162963867187500e+02
7.434304809570312500e+02
9.535255126953125000e+02
6.574731445312500000e+02
8.531596069335937500e+02
1.056446655273437500e+03
5.796902465820312500e+02
8.822001953125000000e+02
9.970153808593750000e+02
-4.630921554565429688e+01
-9.008728790283203125e+01
-7.729391479492187500e+01
-1.225812454223632812e+02
-1.455469970703125000e+02
-1.096793746948242188e+02
-7.949923706054687500e+01
-4.735558319091796875e+01
8.293502807617187500e+00
1.945710815429687500e+03
2.217466796875000000e+03
2.298444580078125000e+03
2.011376708984375000e+03
2.223631347656250000e+03
2.190375976562500000e+03
1.634027343750000000e+03
1.870728759765625000e+03
1.743929565429687500e+03
-1.109852661132812500e+03
-1.072939208984375000e+03
-5.347356567382812500e+02
-1.089161376953125000e+03
-7.223759765625000000e+02
-6.369794082641601562e+01
-2.703492431640625000e+02
2.893823852539062500e+02
8.592608032226562500e+02
7.557043457031250000e+02
6.137141113281250000e+02
4.686086425781250000e+02
8.820186157226562500e+02
5.629733276367187500e+02
3.344073791503906250e+02
9.603074951171875000e+02
5.257849731445312500e+02
3.128722839355468750e+02
6.238070068359375000e+02
7.169360961914062500e+02
9.149491577148437500e+02
6.754204711914062500e+02
8.484210815429687500e+02
1.091168823242187500e+03
8.745848999023437500e+02
1.130080322265625000e+03
1.351216796875000000e+03
2.554630889892578125e+02
1.894954376220703125e+02
9.326522827148437500e+01
3.136112365722656250e+02
2.146228179931640625e+02
8.116538238525390625e+01
2.484467620849609375e+02
1.890309906005859375e+02
8.981730651855468750e+01
3.609431762695312500e+02
3.141229858398437500e+02
2.056725463867187500e+02
3.534405212402343750e+02
2.732866821289062500e+02
1.464559631347656250e+02
3.821977539062500000e+02
2.417992248535156250e+02
1.204367980957031250e+02
5.773558349609375000e+02
5.620113525390625000e+02
5.203839111328125000e+02
6.182340698242187500e+02
5.670958862304687500e+02
4.951736145019531250e+02
6.453827514648437500e+02
5.300934448242187500e+02
4.433118286132812500e+02
1.288677246093750000e+03
1.352685180664062500e+03
1.389123535156250000e+03
1.282208984375000000e+03
1.338183715820312500e+03
1.309558105468750000e+03
1.764422607421875000e+03
1.715327880859375000e+03
1.584128906250000000e+03
1.559710845947265625e+02
1.298294830322265625e+02
4.941901016235351562e+01
1.243869552612304688e+02
5.019598388671875000e+01
3.320065689086914062e+01
4.691020584106445312e+01
-1.274510002136230469e+01
-2.904007911682128906e+00
2.435905456542968750e+02
1.754648742675781250e+02
6.736895751953125000e+01
2.423519592285156250e+02
1.811835021972656250e+02
6.859487915039062500e+01
2.887290039062500000e+02
2.278007965087890625e+02
1.303212738037109375e+02
5.823821289062500000e+03
6.379452148437500000e+03
6.435992187500000000e+03
6.922153320312500000e+03
7.300922851562500000e+03
6.935864746093750000e+03
7.658158691406250000e+03
7.643288574218750000e+03
6.938990234375000000e+03
4.797777938842773438e+01
3.876555633544921875e+01
5.317860412597656250e+01
2.851036834716796875e+01
2.371776580810546875e+01
5.306498336791992188e+01
2.745815086364746094e+01
2.603111648559570312e+01
5.129809188842773438e+01
1.274790420532226562e+02
9.826239776611328125e+01
3.579503631591796875e+01
8.205340576171875000e+01
9.023366546630859375e+01
4.806921005249023438e+01
1.204048309326171875e+02
1.348330078125000000e+02
9.419818115234375000e+01
1.029170074462890625e+02
9.099817657470703125e+01
5.162895584106445312e+01
8.837998199462890625e+01
8.578868865966796875e+01
4.380077743530273438e+01
6.814402770996093750e+01
6.044285964965820312e+01
2.176621055603027344e+01
1.121263427734375000e+03
1.281556152343750000e+03
1.613151733398437500e+03
1.249884521484375000e+03
1.558209472656250000e+03
1.924634399414062500e+03
1.230745239257812500e+03
1.671885131835937500e+03
2.004648315429687500e+03
1.103549423217773438e+02
5.188427352905273438e+01
2.503033399581909180e+00
1.327314605712890625e+02
6.908345031738281250e+01
2.846966552734375000e+01
9.275077056884765625e+01
5.676015853881835938e+01
4.986992263793945312e+01
3.429946289062500000e+03
3.879706054687500000e+03
4.211958984375000000e+03
4.219778320312500000e+03
4.713953125000000000e+03
4.849589355468750000e+03
4.318035156250000000e+03
4.803478027343750000e+03
4.786754882812500000e+03
2.099267425537109375e+02
-2.287016296386718750e+02
-5.101212310791015625e+01
-1.285324707031250000e+02
-3.786719055175781250e+02
-1.476548194885253906e+00
-3.019648132324218750e+02
-2.422487487792968750e+02
1.935049743652343750e+02
1.146519165039062500e+03
1.038148315429687500e+03
9.973790283203125000e+02
1.324912475585937500e+03
1.103668334960937500e+03
1.025432006835937500e+03
1.394057495117187500e+03
9.601536865234375000e+02
8.592877197265625000e+02
1.365803146362304688e+01
-9.039913177490234375e+00
-2.924321651458740234e+00
6.277521610260009766e+00
-6.282247543334960938e+00
-5.133316516876220703e+00
2.050910234451293945e+00
-7.246400833129882812e+00
-3.317191123962402344e+00
-2.243037414550781250e+01
-3.700409698486328125e+01
-5.305120468139648438e+01
-1.917448043823242188e+01
-2.936014556884765625e+01
-4.473373031616210938e+01
4.239904403686523438e+01
1.351519012451171875e+01
-1.727529525756835938e+01
-1.394341659545898438e+01
-1.230544185638427734e+01
-2.154417276382446289e+00
9.158086776733398438e-01
8.583262443542480469e+00
2.430892467498779297e+00
1.622362518310546875e+01
2.068867683410644531e+01
1.996016502380371094e+00
8.811405301094055176e-01
-1.337296843528747559e+00
1.432735347747802734e+01
2.643014907836914062e+00
4.954946994781494141e+00
1.742952346801757812e+01
1.279420852661132812e+01
1.718001937866210938e+01
1.991257095336914062e+01
-1.646341705322265625e+01
-1.331764984130859375e+01
-1.285022497177124023e+00
-3.300422286987304688e+01
-3.320440673828125000e+01
-2.550213241577148438e+01
-1.122858047485351562e+01
-4.570410728454589844e+00
1.583470344543457031e+00
1.457794857025146484e+01
1.654255676269531250e+01
3.612221479415893555e+00
1.170924282073974609e+01
7.212555885314941406e+00
-2.813863277435302734e+00
-6.415690422058105469e+00
-8.963225364685058594e+00
-2.238178825378417969e+01
-1.504153060913085938e+01
-2.028408813476562500e+01
-4.053868865966796875e+01
4.392060470581054688e+01
2.533152389526367188e+01
-9.428556442260742188e+00
6.194395828247070312e+01
3.612105178833007812e+01
1.509205818176269531e+01
-3.052802085876464844e+01
-4.764196014404296875e+01
-1.944703102111816406e+01
-3.920323944091796875e+01
-4.213233947753906250e+01
1.697942161560058594e+01
-6.263865947723388672e+00
1.932317352294921875e+01
5.814119720458984375e+01
-1.739833354949951172e+00
-2.962309598922729492e+00
-3.963705539703369141e+00
-5.710223197937011719e+00
-6.739235877990722656e+00
-7.840935707092285156e+00
-1.008285522460937500e+01
-1.096033382415771484e+01
-1.205864048004150391e+01
-1.187606811523437500e+00
1.590300083160400391e+00
2.230807304382324219e+00
7.483520507812500000e+00
8.113633155822753906e+00
5.252892971038818359e-01
5.264644622802734375e+00
2.711522579193115234e-01
-3.996932029724121094e+00
-1.171008872985839844e+01
-1.522964763641357422e+01
-1.319760799407958984e+01
-8.115975379943847656e+00
-1.111201667785644531e+01
-1.404587554931640625e+01
-4.792665958404541016e+00
-7.949549674987792969e+00
-1.083519554138183594e+01
1.163597583770751953e+01
-4.223274993896484375e+01
-1.739703369140625000e+01
-7.854703664779663086e-01
-4.193705749511718750e+01
-1.363466930389404297e+01
5.263496398925781250e+00
-3.748467254638671875e+01
-1.184625720977783203e+01
-2.208076095581054688e+01
-4.195917129516601562e+01
-5.567785644531250000e+01
-1.105029678344726562e+01
-3.067355155944824219e+01
-3.778849029541015625e+01
2.227117538452148438e+00
-1.691093635559082031e+01
-2.855594444274902344e+01
-2.620557546615600586e+00
-9.213497161865234375e+00
-2.371436309814453125e+01
2.046643495559692383e+00
1.199469447135925293e+00
-2.767278909683227539e+00
-2.803768813610076904e-01
-3.836812019348144531e+00
1.047903823852539062e+01
-2.907257385253906250e+02
-4.456586914062500000e+02
-4.031883544921875000e+02
-2.447096710205078125e+02
-3.865365295410156250e+02
-3.436632080078125000e+02
-2.687756042480468750e+02
-4.069371948242187500e+02
-3.523607482910156250e+02
2.254090309143066406e+01
7.269812583923339844e+00
6.157477569580078125e+01
1.553696727752685547e+01
1.413309955596923828e+01
5.540319061279296875e+01
1.733453750610351562e+01
2.267412185668945312e+01
3.468048477172851562e+01
4.231838226318359375e+01
5.011910629272460938e+01
9.514085388183593750e+01
4.196088790893554688e+01
6.229537582397460938e+01
9.688838195800781250e+01
5.025772094726562500e+01
4.513354873657226562e+01
3.793553924560546875e+01
9.129090881347656250e+01
1.698749923706054688e+01
-2.169254302978515625e+00
1.101874389648437500e+02
6.207575225830078125e+01
3.509464263916015625e+01
1.544466247558593750e+02
1.337143249511718750e+02
6.867601013183593750e+01
1.358863220214843750e+02
7.535755920410156250e+01
6.035864830017089844e+00
8.350997924804687500e+01
4.686347961425781250e+01
6.349258422851562500e-01
2.292958831787109375e+01
2.256701469421386719e+01
2.248800849914550781e+01
7.429753112792968750e+01
8.566152191162109375e+01
5.054554367065429688e+01
5.169267654418945312e+01
4.097592544555664062e+01
3.023719215393066406e+01
4.962410354614257812e+01
3.702652740478515625e+01
4.219101333618164062e+01
1.682918548583984375e+02
1.963753356933593750e+02
1.734279479980468750e+02
1.515776367187500000e+02
1.381640930175781250e+02
1.313967742919921875e+02
5.385627365112304688e+01
4.193453979492187500e+01
5.437358093261718750e+01
3.971173095703125000e+01
3.830345535278320312e+01
2.979710578918457031e+01
1.982807159423828125e+01
4.870185852050781250e+01
7.659424591064453125e+01
2.135211372375488281e+01
4.980575180053710938e+01
7.721430969238281250e+01
1.806914520263671875e+02
1.208322982788085938e+02
9.772596740722656250e+01
1.200783233642578125e+02
1.100136566162109375e+02
8.086885833740234375e+01
4.000238418579101562e+01
7.965853881835937500e+01
1.056894989013671875e+02
3.034657897949218750e+02
3.704021911621093750e+02
2.610610656738281250e+02
1.664181823730468750e+02
1.502015533447265625e+02
1.000390243530273438e+02
1.333195953369140625e+02
7.961478424072265625e+01
8.812124633789062500e+01
1.770883560180664062e+01
2.651452064514160156e+01
1.805583953857421875e+01
2.335101318359375000e+01
2.913749122619628906e+01
2.836247253417968750e+01
2.397009468078613281e+01
2.447106552124023438e+01
2.808831596374511719e+01
1.168715591430664062e+02
7.053248596191406250e+01
3.967872619628906250e+01
1.010509872436523438e+02
8.919471740722656250e+01
3.135612106323242188e+01
6.266658782958984375e+01
6.951343536376953125e+01
4.014125442504882812e+01
4.245932769775390625e+01
1.384618377685546875e+01
2.434338092803955078e+00
3.109851074218750000e+01
2.025716209411621094e+01
-5.294705390930175781e+00
1.178532218933105469e+01
2.482873344421386719e+01
1.106815910339355469e+01
8.431744384765625000e+01
3.788352203369140625e+01
1.524595642089843750e+02
9.150335693359375000e+01
8.134264373779296875e+01
9.771921539306640625e+01
1.596980133056640625e+02
1.683759307861328125e+02
7.157848358154296875e+01
5.668727493286132812e+01
3.217437744140625000e+01
3.329981994628906250e+01
5.337896347045898438e+01
5.197345352172851562e+01
4.573358154296875000e+01
6.101895904541015625e+01
8.101463317871093750e+01
7.880477142333984375e+01
1.055547561645507812e+02
1.358633728027343750e+02
1.904503479003906250e+02
7.407711791992187500e+01
6.014296340942382812e+01
7.247176361083984375e+01
1.233690109252929688e+02
7.322090148925781250e+01
4.755541992187500000e+01
2.610261535644531250e+02
1.863985443115234375e+02
4.710167541503906250e+02
3.775435485839843750e+02
3.950233459472656250e+02
5.165071411132812500e+02
4.941493225097656250e+02
5.572639770507812500e+02
5.699384765625000000e+02
1.464226531982421875e+02
2.047411804199218750e+02
7.616915893554687500e+01
1.223625717163085938e+02
1.304543457031250000e+02
1.214302978515625000e+02
9.002634429931640625e+01
8.225575256347656250e+01
1.594807434082031250e+02
4.530798339843750000e+01
5.817203521728515625e+01
5.607293319702148438e+01
4.721712875366210938e+01
4.708107376098632812e+01
3.805135345458984375e+01
3.722116851806640625e+01
1.564760017395019531e+01
8.116967201232910156e+00
1.557553863525390625e+01
7.718480110168457031e+00
5.474406719207763672e+00
5.702340602874755859e+00
4.046249866485595703e+00
1.144348526000976562e+01
4.438071441650390625e+01
3.214120101928710938e+01
3.823583984375000000e+01
-4.569472312927246094e+00
-8.225071907043457031e+00
-2.107091903686523438e+01
-1.149108123779296875e+01
-9.701196670532226562e+00
-1.472716617584228516e+01
-2.354108428955078125e+01
-9.202379226684570312e+00
-1.135318756103515625e+01
1.483840823173522949e+00
-4.898537158966064453e+00
-1.608558464050292969e+01
-1.269536399841308594e+01
-1.017610645294189453e+01
-1.349808502197265625e+01
-1.325719642639160156e+01
-6.036072731018066406e+00
-9.680080413818359375e+00
4.014968490600585938e+01
2.134569740295410156e+01
-2.476122856140136719e+00
3.186523628234863281e+01
3.462128448486328125e+01
2.651415824890136719e+01
-3.862880325317382812e+01
-1.667387390136718750e+01
5.587882518768310547e+00
-1.166518020629882812e+01
-1.481245708465576172e+01
-8.572664260864257812e+00
6.763557434082031250e+00
6.207238674163818359e+00
5.061550140380859375e+00
6.629415512084960938e+00
7.831659793853759766e+00
7.225845336914062500e+00
5.678345108032226562e+01
4.039312362670898438e+01
4.109198379516601562e+01
4.648961639404296875e+01
3.349823760986328125e+01
3.498125076293945312e+01
2.843337821960449219e+01
2.119500732421875000e+01
1.953277587890625000e+01
1.615123291015625000e+02
1.065864715576171875e+02
4.854719924926757812e+01
7.631935882568359375e+01
1.498821067810058594e+01
7.237592697143554688e+00
1.853062248229980469e+01
-3.405086517333984375e+01
-2.692467689514160156e+01
-6.435878276824951172e+00
-5.172121524810791016e+00
-4.314862728118896484e+00
-1.284974575042724609e+00
-1.505935668945312500e+00
-2.904869318008422852e+00
-1.113217592239379883e+00
9.043512493371963501e-02
-1.111724376678466797e+00
7.902988910675048828e+00
5.133664608001708984e+00
3.829063415527343750e+00
1.877873039245605469e+01
8.463244438171386719e+00
3.153250932693481445e+00
1.284408283233642578e+01
5.744719505310058594e-02
-2.312468051910400391e+00
-2.083974838256835938e+00
-4.785462379455566406e+00
-3.747197628021240234e+00
-2.493896484375000000e+00
-7.694713592529296875e+00
-4.903867244720458984e+00
-5.509901046752929688e+00
-8.602456092834472656e+00
-3.447520732879638672e+00
3.231484603881835938e+01
3.615110015869140625e+01
2.173333930969238281e+01
4.078113174438476562e+01
3.223072814941406250e+01
-5.881867408752441406e+00
5.347415161132812500e+01
1.978223800659179688e+01
-1.004762172698974609e+01
-1.459179282188415527e+00
-1.712423324584960938e+00
2.139318227767944336e+00
4.766361713409423828e+00
6.717184543609619141e+00
9.392042160034179688e+00
1.199757480621337891e+01
4.900940895080566406e+00
4.505720615386962891e+00
1.175505142211914062e+02
1.036247787475585938e+02
9.322099304199218750e+01
7.087743377685546875e+01
3.570187759399414062e+01
2.433818817138671875e+01
1.061366958618164062e+02
3.722734069824218750e+01
1.077991485595703125e+00
-6.667164611816406250e+01
-3.546904754638671875e+01
-1.550526428222656250e+01
-5.902375411987304688e+01
-2.343133163452148438e+01
-2.257467079162597656e+01
-1.031508712768554688e+02
-1.023134918212890625e+02
-1.008901138305664062e+02
3.489637613296508789e+00
1.977535629272460938e+01
-2.150020217895507812e+01
-1.046994781494140625e+01
2.301881790161132812e+01
-1.422999954223632812e+01
-3.370969009399414062e+01
2.892862892150878906e+01
4.775122642517089844e+00
1.290451717376708984e+01
8.415148735046386719e+00
7.245827198028564453e+00
1.309357833862304688e+01
1.686573791503906250e+01
1.281385135650634766e+01
1.168276882171630859e+01
1.468680286407470703e+01
6.087213993072509766e+00
1.330599689483642578e+01
2.127116775512695312e+01
2.925008010864257812e+01
9.315396308898925781e+00
1.707465744018554688e+01
2.214308166503906250e+01
1.049645996093750000e+01
1.738172721862792969e+01
2.997573471069335938e+01
1.324980258941650391e+01
8.123853683471679688e+00
2.232032012939453125e+01
1.581518554687500000e+01
1.276935005187988281e+01
2.507235717773437500e+01
1.666565895080566406e+01
1.053674602508544922e+01
2.547678184509277344e+01
4.152064323425292969e+00
6.587870121002197266e+00
9.607700347900390625e+00
2.699665546417236328e+00
5.525863647460937500e+00
6.697621822357177734e+00
5.683899879455566406e+00
7.860218048095703125e+00
4.773825645446777344e+00
2.060783386230468750e+01
2.063823127746582031e+01
1.771104812622070312e+01
4.461582946777343750e+01
4.952166748046875000e+01
4.687927627563476562e+01
1.895117759704589844e+01
1.803989410400390625e+01
2.085507774353027344e+01
2.946641921997070312e+00
6.916038036346435547e+00
1.477344226837158203e+01
1.086069583892822266e+01
1.568573284149169922e+01
2.500526428222656250e+01
2.550659751892089844e+01
3.073522949218750000e+01
3.557202529907226562e+01
8.992191314697265625e+00
2.052265357971191406e+01
2.781156921386718750e+01
1.493757724761962891e+01
2.592998886108398438e+01
3.453555297851562500e+01
1.841088485717773438e+01
3.016433906555175781e+01
4.071208953857421875e+01
2.759793090820312500e+01
3.615390777587890625e+01
4.215569305419921875e+01
1.334867572784423828e+01
7.608528614044189453e+00
1.545489501953125000e+01
2.468429374694824219e+01
2.461290168762207031e+01
1.843111419677734375e+01
1.574522113800048828e+01
1.589144325256347656e+01
1.525581645965576172e+01
1.773598289489746094e+01
1.785977745056152344e+01
1.633230781555175781e+01
1.992775917053222656e+01
1.941770172119140625e+01
1.745750808715820312e+01
4.750666618347167969e+00
8.579932212829589844e+00
1.004276943206787109e+01
1.331320190429687500e+01
1.786612892150878906e+01
2.098679924011230469e+01
1.855984687805175781e+01
2.028992462158203125e+01
2.838710594177246094e+01
1.184231662750244141e+01
1.719621658325195312e+01
2.041219711303710938e+01
1.381225967407226562e+01
1.796298217773437500e+01
2.273305320739746094e+01
1.383549118041992188e+01
1.715313148498535156e+01
2.056561470031738281e+01
4.349303436279296875e+01
6.102087020874023438e+01
4.685047912597656250e+01
4.423455429077148438e+01
6.891326141357421875e+01
4.744242477416992188e+01
5.316583633422851562e+01
6.643522644042968750e+01
3.583172607421875000e+01
7.054472923278808594e+00
1.538414764404296875e+01
2.280928611755371094e+01
6.630836009979248047e+00
1.729718589782714844e+01
2.505928421020507812e+01
2.274692153930664062e+01
3.577940750122070312e+01
4.046557998657226562e+01
2.560235977172851562e+01
2.526607131958007812e+01
2.179419517517089844e+01
2.487931442260742188e+01
1.987626266479492188e+01
1.447900390625000000e+01
3.499470520019531250e+01
2.272463989257812500e+01
2.570073127746582031e+01
2.865748596191406250e+02
3.803869018554687500e+02
3.706006774902343750e+02
3.218288269042968750e+02
4.298926086425781250e+02
3.893342285156250000e+02
3.929325866699218750e+02
4.828919677734375000e+02
4.207322082519531250e+02
1.360713291168212891e+01
1.089806270599365234e+01
1.485570716857910156e+01
1.965010833740234375e+01
1.334605407714843750e+01
1.624716377258300781e+01
2.915046501159667969e+01
2.827349090576171875e+01
2.632073593139648438e+01
1.183068161010742188e+02
1.302649841308593750e+02
1.406275024414062500e+02
2.721562957763671875e+01
9.357266426086425781e+00
6.308297157287597656e+00
2.606651687622070312e+01
1.608346557617187500e+01
2.816327095031738281e+01
2.811209487915039062e+01
2.087981796264648438e+01
3.481034469604492188e+01
7.021248626708984375e+01
3.329314422607421875e+01
9.711662292480468750e+01
-8.670154571533203125e+00
-8.040286254882812500e+01
-1.215350341796875000e+01
4.572267532348632812e+01
-1.481534576416015625e+01
7.853205871582031250e+01
3.403309631347656250e+01
-6.048501586914062500e+01
4.849013137817382812e+01
6.798318481445312500e+01
-2.186155891418457031e+01
2.906402587890625000e+01
-1.729385375976562500e+01
6.070243835449218750e+00
7.835842609405517578e+00
1.263784027099609375e+01
3.609186935424804688e+01
4.578604698181152344e+00
-1.228495216369628906e+01
-5.115043163299560547e+00
-4.167785263061523438e+01
3.953551101684570312e+01
2.436482620239257812e+01
5.728680419921875000e+01
-4.498883438110351562e+01
-5.737273788452148438e+01
-1.803774070739746094e+01
3.653939056396484375e+01
4.359838008880615234e+00
8.747317790985107422e-01
2.433067932128906250e+02
2.058458251953125000e+02
2.981778564453125000e+02
2.355058288574218750e+01
2.145298767089843750e+01
2.042727279663085938e+01
6.047383499145507812e+01
6.223294830322265625e+01
4.731716918945312500e+01
7.158228302001953125e+01
6.627725219726562500e+01
1.074760131835937500e+02
1.234450149536132812e+01
2.512771987915039062e+01
5.101452636718750000e+01
-1.200424957275390625e+01
3.190200805664062500e+00
4.607089996337890625e+01
-3.337592315673828125e+01
1.155842590332031250e+02
2.199136962890625000e+02
9.769937133789062500e+01
1.585863952636718750e+02
1.836135711669921875e+02
2.370961456298828125e+02
2.235122680664062500e+02
1.984189605712890625e+02
1.978151397705078125e+02
2.063415374755859375e+02
1.945637817382812500e+02
1.309525146484375000e+02
1.360902709960937500e+02
1.155869598388671875e+02
1.138105163574218750e+02
1.105239486694335938e+02
9.405393981933593750e+01
2.017836303710937500e+02
1.916346282958984375e+02
2.325870666503906250e+02
1.345894241333007812e+01
-2.970650863647460938e+01
5.229237747192382812e+01
-2.166139030456542969e+01
-6.915543365478515625e+01
-6.675605773925781250e-01
5.361922073364257812e+01
4.671547317504882812e+01
1.080730285644531250e+02
7.449485778808593750e+01
6.086663818359375000e+01
1.343471984863281250e+02
1.070077438354492188e+02
9.484204101562500000e+01
1.306311340332031250e+02
1.302472229003906250e+02
2.210407562255859375e+02
2.530281982421875000e+02
1.838132324218750000e+02
2.523659667968750000e+02
3.257708435058593750e+02
1.537124176025390625e+02
2.726836547851562500e+02
2.663028259277343750e+02
1.085226287841796875e+02
1.162826995849609375e+02
1.388040618896484375e+02
2.498848724365234375e+01
2.357504653930664062e+01
6.877741241455078125e+01
5.273876190185546875e+01
2.323316955566406250e+01
5.545756912231445312e+01
7.221314239501953125e+01
5.858790588378906250e+01
9.400710296630859375e+01
1.519501190185546875e+02
7.996987915039062500e+01
1.115718307495117188e+02
1.609680938720703125e+02
6.479835510253906250e+01
1.149128799438476562e+02
2.713793945312500000e+03
3.508739990234375000e+03
3.648864257812500000e+03
2.086970214843750000e+03
2.801084472656250000e+03
3.108062988281250000e+03
2.052110839843750000e+03
2.537001464843750000e+03
2.833397705078125000e+03
3.324367370605468750e+02
3.417566528320312500e+02
2.614079895019531250e+02
1.983808517456054688e+01
5.221107482910156250e+00
-9.543735504150390625e+01
7.621735382080078125e+01
4.609714508056640625e+01
-8.800471305847167969e+00
