2.136127014160156250e+02
2.602021179199218750e+02
2.642546997070312500e+02
9.161052703857421875e+01
2.868683471679687500e+02
1.219817447662353516e+01
1.001032180786132812e+02
2.184481811523437500e+02
2.040950622558593750e+02
2.600875244140625000e+02
2.555433044433593750e+02
2.059596099853515625e+02
1.458508605957031250e+02
2.980727910995483398e+00
1.461345577239990234e+01
8.202329254150390625e+01
4.667923450469970703e-01
9.139116668701171875e+01
3.148337707519531250e+02
1.040588836669921875e+02
8.864225745201110840e-01
2.142205715179443359e+00
1.414431610107421875e+02
4.834396362304687500e+02
2.645896720886230469e+01
2.521490478515625000e+02
1.768174052238464355e+00
2.833021545410156250e+02
9.658984375000000000e+01
1.368303985595703125e+02
5.350487518310546875e+01
1.963252067565917969e+01
7.257775878906250000e+01
4.956079101562500000e+02
6.462548828125000000e+01
2.096678619384765625e+02
4.477939453125000000e+02
2.067053604125976562e+01
3.344522399902343750e+02
2.113900146484375000e+02
3.797807312011718750e+01
5.365149688720703125e+01
7.712403869628906250e+01
4.708093872070312500e+02
8.109332084655761719e+00
3.430648803710937500e+00
4.971828308105468750e+02
1.531500549316406250e+02
3.702777099609375000e+02
3.690032196044921875e+01
2.544939422607421875e+02
9.524571299552917480e-01
2.714291572570800781e+00
1.515282287597656250e+02
1.847285842895507812e+01
9.639692306518554688e+00
8.204608917236328125e+01
1.225432777404785156e+01
1.524504241943359375e+02
5.588802337646484375e+01
2.258542175292968750e+02
9.858454895019531250e+01
7.887519073486328125e+01
1.134471130371093750e+02
1.688686065673828125e+02
2.056992492675781250e+02
2.089029235839843750e+02
7.242144775390625000e+01
2.267798309326171875e+02
9.643100738525390625e+00
7.913523864746093750e+01
1.726912231445312500e+02
1.613445587158203125e+02
2.056086425781250000e+02
2.020162658691406250e+02
1.628185577392578125e+02
1.153003997802734375e+02
2.356373786926269531e+00
1.155246925354003906e+01
6.484239196777343750e+01
3.690163493156433105e-01
7.224803924560546875e+01
2.488875427246093750e+02
8.226232910156250000e+01
7.007492780685424805e-01
1.693491458892822266e+00
1.118159637451171875e+02
3.821766052246093750e+02
2.091677474975585938e+01
1.993330078125000000e+02
1.397805809974670410e+00
2.239606781005859375e+02
7.635777282714843750e+01
1.081694030761718750e+02
4.229755020141601562e+01
1.552022171020507812e+01
5.737535858154296875e+01
3.917960815429687500e+02
5.108879852294921875e+01
1.657500610351562500e+02
3.539973754882812500e+02
1.634080886840820312e+01
2.643966674804687500e+02
1.671114807128906250e+02
3.002304649353027344e+01
4.241345977783203125e+01
6.096936035156250000e+01
3.721919555664062500e+02
6.410722255706787109e+00
2.712052822113037109e+00
3.930410766601562500e+02
1.210706939697265625e+02
2.927180175781250000e+02
2.917104721069335938e+01
2.011867370605468750e+02
7.529519796371459961e-01
2.145746231079101562e+00
1.197885742187500000e+02
1.460346603393554688e+01
7.620526313781738281e+00
6.486041259765625000e+01
9.687492370605468750e+00
1.205176086425781250e+02
4.418151855468750000e+01
1.785459747314453125e+02
7.793466186523437500e+01
6.235370635986328125e+01
8.968406677246093750e+01
7.032945251464843750e+01
8.566846466064453125e+01
8.700271606445312500e+01
3.016167831420898438e+01
9.444799804687500000e+01
4.016104221343994141e+00
3.295780181884765625e+01
7.192147827148437500e+01
6.719587707519531250e+01
8.563073730468750000e+01
8.413460540771484375e+01
6.780976104736328125e+01
4.801966857910156250e+01
9.813693165779113770e-01
4.811306953430175781e+00
2.700519752502441406e+01
1.536858379840850830e-01
3.008945655822753906e+01
1.036552886962890625e+02
3.426015472412109375e+01
2.918441295623779297e-01
7.052957415580749512e-01
4.656848526000976562e+01
1.591667785644531250e+02
8.711301803588867188e+00
8.301708984375000000e+01
5.821503400802612305e-01
9.327387237548828125e+01
3.180105972290039062e+01
4.504978942871093750e+01
1.761584663391113281e+01
6.463774681091308594e+00
2.389536666870117188e+01
1.631730346679687500e+02
2.127717590332031250e+01
6.903065490722656250e+01
1.474308471679687500e+02
6.805528640747070312e+00
1.101144409179687500e+02
6.959765625000000000e+01
1.250382900238037109e+01
1.766411972045898438e+01
2.539217758178710938e+01
1.550084075927734375e+02
2.669901609420776367e+00
1.129500389099121094e+00
1.636915588378906250e+02
5.042284011840820312e+01
1.219095458984375000e+02
1.214899349212646484e+01
8.378912353515625000e+01
3.135852217674255371e-01
8.936482667922973633e-01
4.988887023925781250e+01
6.081969738006591797e+00
3.173754215240478516e+00
2.701270294189453125e+01
4.034592151641845703e+00
5.019249343872070312e+01
1.840047073364257812e+01
7.435981750488281250e+01
3.245779418945312500e+01
2.596871948242187500e+01
3.735111618041992188e+01
2.246645202636718750e+02
2.736643676757812500e+02
2.779266052246093750e+02
9.635024261474609375e+01
3.017102661132812500e+02
1.282927894592285156e+01
1.052823333740234375e+02
2.297501831054687500e+02
2.146544647216796875e+02
2.735438537597656250e+02
2.687645263671875000e+02
2.166154937744140625e+02
1.533968505859375000e+02
3.134943962097167969e+00
1.536952400207519531e+01
8.626699066162109375e+01
4.909431040287017822e-01
9.611952972412109375e+01
3.311224975585937500e+02
1.094426498413085938e+02
9.322840571403503418e-01
2.253038406372070312e+00
1.487611083984375000e+02
5.084517211914062500e+02
2.782789230346679688e+01
2.651946411132812500e+02
1.859655141830444336e+00
2.979595642089843750e+02
1.015871734619140625e+02
1.439096984863281250e+02
5.627309799194335938e+01
2.064826202392578125e+01
7.633276367187500000e+01
5.212495117187500000e+02
6.796906280517578125e+01
2.205155944824218750e+02
4.709617614746093750e+02
2.173997879028320312e+01
3.517560424804687500e+02
2.223268432617187500e+02
3.994297027587890625e+01
5.642729949951171875e+01
8.111426544189453125e+01
4.951679687500000000e+02
8.528890609741210938e+00
3.608142614364624023e+00
5.229058837890625000e+02
1.610736846923828125e+02
3.894349975585937500e+02
3.880945587158203125e+01
2.676608886718750000e+02
1.001734972000122070e+00
2.854722738265991211e+00
1.593679351806640625e+02
1.942860412597656250e+01
1.013842678070068359e+01
8.629096984863281250e+01
1.288833904266357422e+01
1.603378448486328125e+02
5.877954101562500000e+01
2.375393829345703125e+02
1.036850891113281250e+02
8.295600891113281250e+01
1.193166046142578125e+02
9.390783691406250000e+01
1.143893432617187500e+02
1.161709213256835938e+02
4.027357101440429688e+01
1.261122741699218750e+02
5.362527847290039062e+00
4.400711059570312500e+01
9.603359985351562500e+01
8.972370910644531250e+01
1.143389663696289062e+02
1.123412551879882812e+02
9.054340362548828125e+01
6.411855316162109375e+01
1.310379505157470703e+00
6.424327850341796875e+00
3.605885696411132812e+01
2.052099704742431641e-01
4.017713546752929688e+01
1.384063568115234375e+02
4.574608612060546875e+01
3.896866738796234131e-01
9.417505264282226562e-01
6.218085861206054688e+01
2.125284423828125000e+02
1.163181877136230469e+01
1.108490753173828125e+02
7.773199081420898438e-01
1.245445251464843750e+02
4.246256256103515625e+01
6.015300750732421875e+01
2.352166748046875000e+01
8.630794525146484375e+00
3.190643692016601562e+01
2.178778076171875000e+02
2.841048049926757812e+01
9.217360687255859375e+01
1.968579559326171875e+02
9.087123870849609375e+00
1.470309906005859375e+02
9.293069458007812500e+01
1.669581604003906250e+01
2.358612442016601562e+01
3.390506362915039062e+01
2.069759216308593750e+02
3.565002679824829102e+00
1.508172512054443359e+00
2.185701599121093750e+02
6.732740783691406250e+01
1.627804870605468750e+02
1.622201919555664062e+01
1.118799438476562500e+02
4.187166094779968262e-01
1.193249464035034180e+00
6.661442565917968750e+01
8.120988845825195312e+00
4.237774848937988281e+00
3.606887817382812500e+01
5.387214183807373047e+00
6.701983642578125000e+01
2.456934356689453125e+01
9.928941345214843750e+01
4.333946990966796875e+01
3.467490005493164062e+01
4.987331008911132812e+01
2.470787811279296875e+02
3.009672241210937500e+02
3.056546630859375000e+02
1.059628753662109375e+02
3.318111267089843750e+02
1.410922622680664062e+01
1.157861022949218750e+02
2.526718139648437500e+02
2.360700225830078125e+02
3.008346862792968750e+02
2.955785522460937500e+02
2.382266998291015625e+02
1.687008972167968750e+02
3.447709798812866211e+00
1.690290260314941406e+01
9.487363433837890625e+01
5.399233698844909668e-01
1.057091522216796875e+02
3.641578369140625000e+02
1.203614959716796875e+02
1.025295734405517578e+00
2.477818727493286133e+00
1.636026458740234375e+02
5.591787109375000000e+02
3.060421752929687500e+01
2.916524963378906250e+02
2.045188665390014648e+00
3.276862792968750000e+02
1.117222747802734375e+02
1.582672119140625000e+02
6.188732910156250000e+01
2.270829010009765625e+01
8.394830322265625000e+01
5.732533569335937500e+02
7.475017547607421875e+01
2.425159149169921875e+02
5.179484863281250000e+02
2.390892791748046875e+01
3.868499145507812500e+02
2.445078735351562500e+02
4.392798614501953125e+01
6.205691909790039062e+01
8.920684051513671875e+01
5.445697631835937500e+02
9.379797935485839844e+00
3.968118667602539062e+00
5.750750122070312500e+02
1.771436157226562500e+02
4.282880554199218750e+02
4.268138885498046875e+01
2.943647766113281250e+02
1.101675748825073242e+00
3.139531612396240234e+00
1.752677001953125000e+02
2.136694908142089844e+01
1.114991378784179688e+01
9.490000915527343750e+01
1.417417716979980469e+01
1.763343963623046875e+02
6.464384460449218750e+01
2.612380981445312500e+02
1.140294952392578125e+02
9.123233795166015625e+01
1.312205505371093750e+02
1.584870910644531250e+02
1.930534820556640625e+02
1.960602416992187500e+02
6.796920776367187500e+01
2.128381347656250000e+02
9.050272941589355469e+00
7.427024841308593750e+01
1.620747070312500000e+02
1.514255828857421875e+02
1.929684600830078125e+02
1.895969543457031250e+02
1.528089904785156250e+02
1.082121047973632812e+02
2.211511373519897461e+00
1.084225940704345703e+01
6.085608673095703125e+01
3.463303446769714355e-01
6.780644989013671875e+01
2.335867156982421875e+02
7.720510101318359375e+01
6.576694250106811523e-01
1.589380741119384766e+00
1.049418640136718750e+02
3.586816101074218750e+02
1.963087844848632812e+01
1.870786132812500000e+02
1.311873197555541992e+00
2.101922607421875000e+02
7.166354370117187500e+01
1.015194854736328125e+02
3.969722747802734375e+01
1.456608676910400391e+01
5.384810256958007812e+01
3.677096862792968750e+02
4.794801712036132812e+01
1.555602722167968750e+02
3.322347717285156250e+02
1.533622741699218750e+01
2.481423797607421875e+02
1.568379821777343750e+02
2.817732238769531250e+01
3.980600738525390625e+01
5.722115325927734375e+01
3.493107299804687500e+02
6.016611099243164062e+00
2.545324087142944336e+00
3.688781738281250000e+02
1.136276397705078125e+02
2.747226257324218750e+02
2.737770080566406250e+01
1.888183898925781250e+02
7.066628932952880859e-01
2.013832330703735352e+00
1.124243469238281250e+02
1.370569038391113281e+01
7.152040481567382812e+00
6.087300109863281250e+01
9.091935157775878906e+00
1.131085510253906250e+02
4.146537399291992188e+01
1.675695190429687500e+02
7.314348602294921875e+01
5.852039718627929688e+01
8.417057037353515625e+01
3.721975708007812500e+02
4.533747253417968750e+02
4.604358520507812500e+02
1.596216735839843750e+02
4.998377075195312500e+02
2.125402832031250000e+01
1.744192962646484375e+02
3.806228637695312500e+02
3.556140441894531250e+02
4.531750183105468750e+02
4.452572021484375000e+02
3.588628540039062500e+02
2.541296997070312500e+02
5.193603515625000000e+00
2.546240425109863281e+01
1.429169158935546875e+02
8.133363127708435059e-01
1.592394409179687500e+02
5.485645141601562500e+02
1.813116149902343750e+02
1.544497728347778320e+00
3.732566833496093750e+00
2.464497680664062500e+02
8.423424072265625000e+02
4.610195159912109375e+01
4.393430786132812500e+02
3.080856323242187500e+00
4.936240539550781250e+02
1.682975769042968750e+02
2.384125061035156250e+02
9.322659301757812500e+01
3.420758819580078125e+01
1.264590682983398438e+02
8.635443725585937500e+02
1.126030807495117188e+02
3.653240661621093750e+02
7.802336425781250000e+02
3.601622009277343750e+01
5.827476806640625000e+02
3.683247375488281250e+02
6.617276763916015625e+01
9.348206329345703125e+01
1.343804931640625000e+02
8.203355712890625000e+02
1.412965393066406250e+01
5.977542877197265625e+00
8.662885742187500000e+02
2.668477783203125000e+02
6.451697998046875000e+02
6.429490661621093750e+01
4.434288330078125000e+02
1.659555912017822266e+00
4.729366302490234375e+00
2.640219116210937500e+02
3.218700408935546875e+01
1.679614448547363281e+01
1.429566345214843750e+02
2.135187149047851562e+01
2.656287231445312500e+02
9.737897491455078125e+01
3.935270996093750000e+02
1.717731475830078125e+02
1.374316864013671875e+02
1.976695861816406250e+02
6.019162654876708984e+00
7.331955909729003906e+00
7.446148872375488281e+00
2.581394672393798828e+00
8.083353996276855469e+00
3.437192440032958984e-01
2.820701360702514648e+00
6.155416488647460938e+00
5.750975608825683594e+00
7.328726768493652344e+00
7.200680255889892578e+00
5.803514480590820312e+00
4.109774589538574219e+00
8.399073034524917603e-02
4.117768704891204834e-01
2.311246395111083984e+00
1.315324008464813232e-02
2.575213432312011719e+00
8.871361732482910156e+00
2.932163715362548828e+00
2.497755177319049835e-02
6.036291271448135376e-02
3.985575199127197266e+00
1.362232589721679688e+01
7.455588579177856445e-01
7.105037212371826172e+00
4.982347786426544189e-02
7.982867240905761719e+00
2.721701145172119141e+00
3.855597019195556641e+00
1.507656574249267578e+00
5.532037019729614258e-01
2.045090675354003906e+00
1.396520328521728516e+01
1.821012258529663086e+00
5.908005714416503906e+00
1.261790466308593750e+01
5.824527740478515625e-01
9.424170494079589844e+00
5.956532478332519531e+00
1.070143222808837891e+00
1.511787891387939453e+00
2.173195838928222656e+00
1.326643180847167969e+01
2.285041660070419312e-01
9.666857123374938965e-02
1.400958251953125000e+01
4.315450668334960938e+00
1.043365764617919922e+01
1.039774537086486816e+00
7.171112060546875000e+00
2.683826535940170288e-02
7.648310065269470215e-02
4.269750595092773438e+00
5.205268859863281250e-01
2.716265320777893066e-01
2.311888694763183594e+00
3.453015387058258057e-01
4.295736789703369141e+00
1.574808597564697266e+00
6.364103317260742188e+00
2.777908086776733398e+00
2.222539424896240234e+00
3.196704387664794922e+00
7.416664123535156250e+01
9.034254455566406250e+01
9.174960327148437500e+01
3.180730819702148438e+01
9.960108947753906250e+01
4.235223770141601562e+00
3.475598526000976562e+01
7.584552001953125000e+01
7.086209106445312500e+01
9.030276489257812500e+01
8.872500610351562500e+01
7.150947570800781250e+01
5.063962936401367188e+01
1.034913063049316406e+00
5.073812484741210938e+00
2.847860336303710938e+01
1.620709747076034546e-01
3.173114204406738281e+01
1.093107223510742188e+02
3.612939453125000000e+01
3.077672123908996582e-01
7.437767982482910156e-01
4.910926818847656250e+01
1.678509521484375000e+02
9.186592102050781250e+00
8.754650878906250000e+01
6.139125823974609375e-01
9.836291503906250000e+01
3.353612899780273438e+01
4.750771331787109375e+01
1.857696914672851562e+01
6.816439151763916016e+00
2.519910049438476562e+01
1.720757751464843750e+02
2.243806076049804688e+01
7.279698181152343750e+01
1.554747009277343750e+02
7.176839351654052734e+00
1.161222991943359375e+02
7.339491271972656250e+01
1.318603992462158203e+01
1.862787818908691406e+01
2.677757644653320312e+01
1.634656982421875000e+02
2.815571784973144531e+00
1.191126227378845215e+00
1.726226043701171875e+02
5.317392349243164062e+01
1.285609588623046875e+02
1.281184387207031250e+01
8.836066436767578125e+01
3.306944966316223145e-01
9.424059391021728516e-01
5.261081695556640625e+01
6.413803100585937500e+00
3.346914768218994141e+00
2.848652076721191406e+01
4.254720687866210938e+00
5.293100738525390625e+01
1.940440177917480469e+01
7.841690826416015625e+01
3.422869491577148438e+01
2.738557815551757812e+01
3.938899993896484375e+01
