-2.338028907775878906e+01
-2.086771392822265625e+01
-1.585762786865234375e+01
-2.477524375915527344e+01
-2.196036720275878906e+01
-1.590111827850341797e+01
-1.980669403076171875e+01
-1.740837478637695312e+01
-1.283146095275878906e+01
-2.045583724975585938e+01
-1.875621414184570312e+01
-1.424875164031982422e+01
-2.216287422180175781e+01
-1.990849876403808594e+01
-1.408527755737304688e+01
-1.725679969787597656e+01
-1.536063480377197266e+01
-1.074182415008544922e+01
-2.018905067443847656e+01
-1.868199157714843750e+01
-1.432826042175292969e+01
-2.167078018188476562e+01
-1.982151412963867188e+01
-1.429242420196533203e+01
-1.706007003784179688e+01
-1.555579662322998047e+01
-1.107178974151611328e+01
-9.232669830322265625e+01
-9.641593170166015625e+01
-1.012138442993164062e+02
-9.764326477050781250e+01
-1.126463088989257812e+02
-1.237966079711914062e+02
-1.139848251342773438e+02
-1.413002624511718750e+02
-1.495437316894531250e+02
-9.204986572265625000e+01
-9.524346160888671875e+01
-9.683670043945312500e+01
-9.999107360839843750e+01
-1.129398117065429688e+02
-1.193144226074218750e+02
-1.146029052734375000e+02
-1.389950714111328125e+02
-1.435136566162109375e+02
-8.841408538818359375e+01
-9.177278137207031250e+01
-9.264981079101562500e+01
-9.837488555908203125e+01
-1.100499114990234375e+02
-1.149649276733398438e+02
-1.109471740722656250e+02
-1.337233276367187500e+02
-1.368570251464843750e+02
-1.547691631317138672e+01
-1.766753005981445312e+01
-2.271693038940429688e+01
-1.487840366363525391e+01
-1.967138481140136719e+01
-2.718109703063964844e+01
-1.297201728820800781e+01
-1.887248611450195312e+01
-2.530310440063476562e+01
-1.215973472595214844e+01
-1.362613582611083984e+01
-1.769148445129394531e+01
-1.220230579376220703e+01
-1.648025512695312500e+01
-2.275263023376464844e+01
-1.038760375976562500e+01
-1.582858467102050781e+01
-2.151152229309082031e+01
-8.853992462158203125e+00
-1.096649265289306641e+01
-1.539790725708007812e+01
-9.174220085144042969e+00
-1.382666873931884766e+01
-2.033177757263183594e+01
-7.427573680877685547e+00
-1.307506084442138672e+01
-1.913689804077148438e+01
-1.170603275299072266e+01
-1.061413574218750000e+01
-1.622246932983398438e+01
-1.981315231323242188e+01
-1.846791076660156250e+01
-1.977162742614746094e+01
-2.700201988220214844e+01
-2.553065490722656250e+01
-2.410002517700195312e+01
-5.368594169616699219e+00
-3.617388248443603516e+00
-8.305232048034667969e+00
-1.374115848541259766e+01
-1.181416320800781250e+01
-1.227184009552001953e+01
-2.110375404357910156e+01
-1.949557113647460938e+01
-1.698326873779296875e+01
-3.348834753036499023e+00
-1.230343461036682129e+00
-5.639514446258544922e+00
-1.096612262725830078e+01
-9.120440483093261719e+00
-9.546298980712890625e+00
-1.806628990173339844e+01
-1.671073341369628906e+01
-1.403956699371337891e+01
-6.249122238159179688e+01
-7.635787963867187500e+01
-8.887710571289062500e+01
-8.622776031494140625e+01
-1.048843154907226562e+02
-1.083406372070312500e+02
-7.608811187744140625e+01
-8.462172698974609375e+01
-7.826322937011718750e+01
-5.423433685302734375e+01
-6.724292755126953125e+01
-8.045581817626953125e+01
-7.493013000488281250e+01
-9.172064208984375000e+01
-9.535984802246093750e+01
-6.501140594482421875e+01
-7.221979522705078125e+01
-6.672785186767578125e+01
-6.703533935546875000e+01
-8.001645660400390625e+01
-9.168333435058593750e+01
-8.719740295410156250e+01
-1.050799407958984375e+02
-1.077014312744140625e+02
-7.636905670166015625e+01
-8.607315826416015625e+01
-8.022442626953125000e+01
5.695735454559326172e+00
5.903149127960205078e+00
4.331190109252929688e+00
1.348374938964843750e+01
9.463761329650878906e+00
5.790840625762939453e+00
1.058471679687500000e+01
5.963396549224853516e+00
3.439330577850341797e+00
3.908851861953735352e+00
4.528094291687011719e+00
3.314267873764038086e+00
1.200221633911132812e+01
8.641768455505371094e+00
5.364850997924804688e+00
9.742765426635742188e+00
5.470530986785888672e+00
2.704526424407958984e+00
2.872670650482177734e+00
3.686060190200805664e+00
2.615869045257568359e+00
1.089557170867919922e+01
7.699537277221679688e+00
4.546894550323486328e+00
8.256599426269531250e+00
4.206887245178222656e+00
1.596540689468383789e+00
5.422887039184570312e+01
5.487435531616210938e+01
4.259404373168945312e+01
4.803163909912109375e+01
4.941531753540039062e+01
4.345427703857421875e+01
4.191957473754882812e+01
4.923828125000000000e+01
5.119469070434570312e+01
6.604103851318359375e+01
6.895620727539062500e+01
5.734256362915039062e+01
6.069957351684570312e+01
6.344830322265625000e+01
5.710091400146484375e+01
5.440365219116210938e+01
6.219582366943359375e+01
6.321427917480468750e+01
7.361265563964843750e+01
7.742119598388671875e+01
6.600141143798828125e+01
6.878714752197265625e+01
7.262512207031250000e+01
6.622052001953125000e+01
6.342896270751953125e+01
7.221535491943359375e+01
7.257010650634765625e+01
-1.078805923461914062e+01
-1.721997642517089844e+01
-2.153735733032226562e+01
-1.783781051635742188e+01
-2.402115440368652344e+01
-2.606807518005371094e+01
-2.156813621520996094e+01
-2.490463256835937500e+01
-2.393908691406250000e+01
-1.491975498199462891e+01
-2.011883163452148438e+01
-2.405998420715332031e+01
-2.117583274841308594e+01
-2.635561180114746094e+01
-2.811529350280761719e+01
-2.440626907348632812e+01
-2.761363983154296875e+01
-2.670665550231933594e+01
-1.871221160888671875e+01
-2.368319702148437500e+01
-2.728848075866699219e+01
-2.517410659790039062e+01
-3.013043594360351562e+01
-3.164549827575683594e+01
-2.813987922668457031e+01
-3.122071838378906250e+01
-3.016808128356933594e+01
1.919419288635253906e+01
2.030584716796875000e+01
2.165566253662109375e+01
2.642519950866699219e+01
2.746841430664062500e+01
2.748954963684082031e+01
2.834554862976074219e+01
2.907259178161621094e+01
2.804647636413574219e+01
9.558435440063476562e+00
9.779017448425292969e+00
1.066579437255859375e+01
1.559711647033691406e+01
1.598436450958251953e+01
1.576246452331542969e+01
1.772380828857421875e+01
1.811194992065429688e+01
1.699524116516113281e+01
2.487155914306640625e+00
2.537869930267333984e+00
3.564093589782714844e+00
8.031722068786621094e+00
8.223439216613769531e+00
8.137434005737304688e+00
9.874368667602539062e+00
1.001952075958251953e+01
9.082658767700195312e+00
4.409626960754394531e+00
3.085012197494506836e+00
2.178479433059692383e+00
3.675337553024291992e+00
4.135366916656494141e+00
4.617911338806152344e+00
7.324625492095947266e+00
9.562866210937500000e+00
1.037264251708984375e+01
5.747469425201416016e+00
4.080746650695800781e+00
2.510057687759399414e+00
4.114180564880371094e+00
3.979361295700073242e+00
3.723132848739624023e+00
6.508103370666503906e+00
8.151736259460449219e+00
8.481299400329589844e+00
6.044443607330322266e+00
4.314474105834960938e+00
2.630814075469970703e+00
4.117241859436035156e+00
3.895630359649658203e+00
3.478742837905883789e+00
6.775103569030761719e+00
8.442766189575195312e+00
8.472217559814453125e+00
6.059816360473632812e+01
5.918984985351562500e+01
3.358020782470703125e+01
6.028589630126953125e+01
5.810501861572265625e+01
3.189933586120605469e+01
3.952838897705078125e+01
4.468102264404296875e+01
3.153163528442382812e+01
3.474493026733398438e+01
3.369739913940429688e+01
8.833224296569824219e+00
3.630007171630859375e+01
3.537826919555664062e+01
8.962691307067871094e+00
2.199502372741699219e+01
2.811216163635253906e+01
1.372582530975341797e+01
2.113013458251953125e+01
1.980039215087890625e+01
-3.441282510757446289e+00
2.174107360839843750e+01
2.087447357177734375e+01
-4.002252578735351562e+00
8.871427536010742188e+00
1.546058082580566406e+01
2.102832317352294922e+00
-3.006999588012695312e+01
-2.514266586303710938e+01
-2.094553756713867188e+01
-3.603817367553710938e+01
-2.690720748901367188e+01
-2.090027046203613281e+01
-3.642496871948242188e+01
-2.625342750549316406e+01
-1.907454109191894531e+01
-2.841467285156250000e+01
-2.236984634399414062e+01
-1.762454032897949219e+01
-3.383152389526367188e+01
-2.344826316833496094e+01
-1.689045143127441406e+01
-3.418478393554687500e+01
-2.343291282653808594e+01
-1.596459197998046875e+01
-2.982860565185546875e+01
-2.359248161315917969e+01
-1.882633209228515625e+01
-3.474354171752929688e+01
-2.456888198852539062e+01
-1.822728729248046875e+01
-3.556294631958007812e+01
-2.529122924804687500e+01
-1.821260452270507812e+01
2.067600822448730469e+01
2.094670677185058594e+01
1.047735977172851562e+01
2.694615173339843750e+01
2.907275581359863281e+01
1.789006805419921875e+01
2.719719886779785156e+01
2.856015014648437500e+01
1.873987770080566406e+01
2.691011810302734375e+01
2.773616790771484375e+01
1.709889030456542969e+01
3.413238525390625000e+01
3.705485916137695312e+01
2.608878707885742188e+01
3.461782073974609375e+01
3.704563903808593750e+01
2.762352371215820312e+01
2.746287155151367188e+01
2.808488273620605469e+01
1.739271163940429688e+01
3.505764389038085938e+01
3.771850204467773438e+01
2.664224243164062500e+01
3.617503738403320312e+01
3.834060668945312500e+01
2.876393318176269531e+01
-4.057737731933593750e+01
-3.730258560180664062e+01
-3.255031967163085938e+01
-3.727474212646484375e+01
-3.058636093139648438e+01
-2.676065063476562500e+01
-2.396599960327148438e+01
-2.206474685668945312e+01
-1.936575317382812500e+01
-2.811462402343750000e+01
-2.234437179565429688e+01
-1.791484832763671875e+01
-2.750698280334472656e+01
-1.901741218566894531e+01
-1.480004692077636719e+01
-1.486357307434082031e+01
-1.363435268402099609e+01
-1.067222881317138672e+01
-2.207226181030273438e+01
-1.780437088012695312e+01
-1.451593589782714844e+01
-2.159941291809082031e+01
-1.380159473419189453e+01
-1.041010761260986328e+01
-1.007338428497314453e+01
-9.207335472106933594e+00
-6.994194984436035156e+00
4.130673217773437500e+01
4.472942733764648438e+01
4.804390335083007812e+01
4.965775680541992188e+01
5.747255325317382812e+01
6.062173080444335938e+01
5.805474472045898438e+01
6.758626556396484375e+01
6.819414520263671875e+01
2.206862068176269531e+01
2.477186775207519531e+01
2.765029144287109375e+01
2.719500923156738281e+01
3.396186828613281250e+01
3.713887786865234375e+01
3.471761703491210938e+01
4.344670486450195312e+01
4.473299026489257812e+01
1.288005638122558594e+01
1.533477210998535156e+01
1.834754753112792969e+01
1.678469276428222656e+01
2.342081642150878906e+01
2.675707244873046875e+01
2.361075019836425781e+01
3.217351913452148438e+01
3.361758422851562500e+01
-1.087722587585449219e+01
-2.361820411682128906e+01
-2.795365905761718750e+01
-4.283430576324462891e+00
-1.804581642150878906e+01
-2.130069541931152344e+01
-4.547644615173339844e+00
-1.433102512359619141e+01
-1.562374114990234375e+01
-9.559056282043457031e+00
-2.116328620910644531e+01
-2.521823310852050781e+01
-1.785564541816711426e+00
-1.470961856842041016e+01
-1.822575378417968750e+01
-9.980962276458740234e-01
-1.051071357727050781e+01
-1.283542728424072266e+01
-1.294133377075195312e+01
-2.376770401000976562e+01
-2.687325859069824219e+01
-5.249087810516357422e+00
-1.738359642028808594e+01
-2.028557205200195312e+01
-4.956239700317382812e+00
-1.398467063903808594e+01
-1.619860458374023438e+01
