1.192560668945312500e+03
1.190504150390625000e+03
1.048999267578125000e+03
1.227079956054687500e+03
1.214027221679687500e+03
1.074930908203125000e+03
1.164275146484375000e+03
1.111268188476562500e+03
1.042610351562500000e+03
6.719384155273437500e+02
6.405839233398437500e+02
5.216923217773437500e+02
6.121356201171875000e+02
6.136583251953125000e+02
5.504594726562500000e+02
6.035389404296875000e+02
6.333876953125000000e+02
6.100942993164062500e+02
1.502244873046875000e+03
1.380331420898437500e+03
1.236796508789062500e+03
1.568809936523437500e+03
1.444095336914062500e+03
1.307023681640625000e+03
1.662935302734375000e+03
1.545764770507812500e+03
1.463488769531250000e+03
3.237619323730468750e+02
3.142480163574218750e+02
3.526214904785156250e+02
3.849645080566406250e+02
3.647556152343750000e+02
3.702665100097656250e+02
3.668901367187500000e+02
3.263999023437500000e+02
3.095191955566406250e+02
4.966888122558593750e+02
4.507992248535156250e+02
4.130842590332031250e+02
4.987287902832031250e+02
4.433004455566406250e+02
4.283815917968750000e+02
4.376377868652343750e+02
3.937067260742187500e+02
3.685066528320312500e+02
1.787868022918701172e+00
2.080261468887329102e+00
1.934618711471557617e+00
2.424569606781005859e+00
3.070125579833984375e+00
2.744027614593505859e+00
1.691458702087402344e+00
2.444400310516357422e+00
2.195277929306030273e+00
3.590776367187500000e+02
3.638701171875000000e+02
3.512914733886718750e+02
4.086463317871093750e+02
3.934930114746093750e+02
3.702970581054687500e+02
3.410027160644531250e+02
3.302000427246093750e+02
3.270690002441406250e+02
7.410402832031250000e+02
7.204411010742187500e+02
6.677604370117187500e+02
6.704595947265625000e+02
6.933875732421875000e+02
6.222516479492187500e+02
5.887338867187500000e+02
6.529479980468750000e+02
6.094241333007812500e+02
4.122189331054687500e+02
4.546296386718750000e+02
4.692275390625000000e+02
4.980140991210937500e+02
5.417042236328125000e+02
5.256350097656250000e+02
4.945594177246093750e+02
5.331887207031250000e+02
5.088238525390625000e+02
1.931538848876953125e+02
1.710213623046875000e+02
1.794986267089843750e+02
2.436294555664062500e+02
2.068402557373046875e+02
2.107837829589843750e+02
2.727786865234375000e+02
2.352751922607421875e+02
2.100011596679687500e+02
3.312175292968750000e+02
3.104434204101562500e+02
2.834114990234375000e+02
3.397883911132812500e+02
3.085741271972656250e+02
2.966171569824218750e+02
3.414198608398437500e+02
3.074507751464843750e+02
3.078439025878906250e+02
4.757420349121093750e+02
4.725937805175781250e+02
4.554851074218750000e+02
5.360120849609375000e+02
5.046268920898437500e+02
4.776383361816406250e+02
5.710925903320312500e+02
4.931238098144531250e+02
4.912227172851562500e+02
4.417543334960937500e+02
4.164639587402343750e+02
4.690130310058593750e+02
5.262898559570312500e+02
5.201748657226562500e+02
5.636028442382812500e+02
6.186668701171875000e+02
6.271491699218750000e+02
6.153225097656250000e+02
3.256819152832031250e+02
2.871880798339843750e+02
2.671484680175781250e+02
2.938636779785156250e+02
2.584937438964843750e+02
2.312341156005859375e+02
2.725329895019531250e+02
2.392358398437500000e+02
2.074859924316406250e+02
8.115499267578125000e+02
8.035031127929687500e+02
8.091770629882812500e+02
8.583143310546875000e+02
8.454199218750000000e+02
8.306871337890625000e+02
8.652651367187500000e+02
8.269535522460937500e+02
8.017501831054687500e+02
9.546407470703125000e+02
1.071987915039062500e+03
8.161364135742187500e+02
1.057186889648437500e+03
1.181691406250000000e+03
9.557250366210937500e+02
1.006239501953125000e+03
1.091954345703125000e+03
9.703347778320312500e+02
-9.573505249023437500e+02
-1.035333251953125000e+03
-1.104181152343750000e+03
-9.643340454101562500e+02
-1.016766662597656250e+03
-1.073762817382812500e+03
-1.008122314453125000e+03
-1.111050781250000000e+03
-1.152767089843750000e+03
-4.054515075683593750e+02
-4.974848937988281250e+02
-5.118840026855468750e+02
-3.852757568359375000e+02
-4.479762573242187500e+02
-4.510963745117187500e+02
-3.709468383789062500e+02
-4.558827514648437500e+02
-4.618551940917968750e+02
-1.152108032226562500e+03
-1.406588745117187500e+03
-1.373798095703125000e+03
-1.059589355468750000e+03
-1.310447021484375000e+03
-1.322074340820312500e+03
-1.043863647460937500e+03
-1.195515625000000000e+03
-1.289990844726562500e+03
-6.117040405273437500e+02
-5.934193725585937500e+02
-5.205989990234375000e+02
-6.436666870117187500e+02
-5.905494995117187500e+02
-5.157212524414062500e+02
-6.806551513671875000e+02
-6.463535156250000000e+02
-6.027706298828125000e+02
-4.517933654785156250e+02
-4.256826782226562500e+02
-4.101083984375000000e+02
-4.007171325683593750e+02
-3.430711669921875000e+02
-3.679590759277343750e+02
-4.878556213378906250e+02
-4.509331359863281250e+02
-4.474297790527343750e+02
-3.056816577911376953e+00
-3.978710889816284180e+00
-4.171317100524902344e+00
-4.349529266357421875e+00
-4.838034629821777344e+00
-5.499369144439697266e+00
-4.273158073425292969e+00
-4.218905925750732422e+00
-4.539105415344238281e+00
-6.687792358398437500e+02
-6.982511596679687500e+02
-6.753854980468750000e+02
-6.261558227539062500e+02
-6.652769165039062500e+02
-6.528820190429687500e+02
-7.055468139648437500e+02
-7.384764404296875000e+02
-7.112418212890625000e+02
-1.150330276489257812e+02
-1.853958587646484375e+02
-3.183604431152343750e+02
-1.204415359497070312e+02
-1.869528656005859375e+02
-2.456430206298828125e+02
-2.194381713867187500e+02
-2.669140014648437500e+02
-3.206896057128906250e+02
-1.061612670898437500e+03
-1.048591918945312500e+03
-1.014875000000000000e+03
-1.080029541015625000e+03
-1.015577575683593750e+03
-9.630481567382812500e+02
-1.058989501953125000e+03
-1.026812255859375000e+03
-9.854163818359375000e+02
-2.403400115966796875e+02
-2.879719543457031250e+02
-2.152672576904296875e+02
-2.120491485595703125e+02
-2.463800048828125000e+02
-2.348335571289062500e+02
-1.804913940429687500e+02
-2.054160156250000000e+02
-2.345334167480468750e+02
-2.594326782226562500e+02
-2.941035461425781250e+02
-2.831102600097656250e+02
-2.408706817626953125e+02
-2.698997497558593750e+02
-2.563386230468750000e+02
-2.755912170410156250e+02
-2.923994140625000000e+02
-2.838217163085937500e+02
-2.020186309814453125e+02
-2.102631835937500000e+02
-1.313162231445312500e+02
-1.178399963378906250e+02
-1.794021911621093750e+02
-1.283960723876953125e+02
-1.858362579345703125e+02
-1.891652679443359375e+02
-1.747994995117187500e+02
-4.022093505859375000e+02
-4.473121337890625000e+02
-3.437820129394531250e+02
-4.795485229492187500e+02
-5.420173339843750000e+02
-4.187406616210937500e+02
-3.871672363281250000e+02
-4.430191040039062500e+02
-4.032983398437500000e+02
-1.372194976806640625e+02
-1.304403991699218750e+02
-6.947751617431640625e+01
-1.257572860717773438e+02
-1.468700408935546875e+02
-7.457787322998046875e+01
-9.926919555664062500e+01
-1.699223632812500000e+02
-1.569626922607421875e+02
-8.691642456054687500e+02
-9.151187744140625000e+02
-8.421503295898437500e+02
-9.065775146484375000e+02
-9.012318725585937500e+02
-7.934433593750000000e+02
-8.749976196289062500e+02
-8.315267944335937500e+02
-8.005395507812500000e+02
-4.349444580078125000e+02
-5.404561157226562500e+02
-8.190645141601562500e+02
-3.083668518066406250e+02
-4.900801086425781250e+02
-7.541027221679687500e+02
-4.188428039550781250e+02
-5.550730590820312500e+02
-7.804487304687500000e+02
-1.133589233398437500e+03
-1.106870971679687500e+03
-1.117983642578125000e+03
-8.880141601562500000e+02
-8.011589355468750000e+02
-8.312129516601562500e+02
-7.434459228515625000e+02
-6.994259033203125000e+02
-7.522853393554687500e+02
-6.532738037109375000e+02
-6.424837036132812500e+02
-7.961354370117187500e+02
-5.376796875000000000e+02
-6.176766967773437500e+02
-7.812673339843750000e+02
-4.851294860839843750e+02
-7.034236450195312500e+02
-8.120745239257812500e+02
-1.222352905273437500e+03
-1.269295288085937500e+03
-1.229594970703125000e+03
-1.066189453125000000e+03
-1.154333740234375000e+03
-1.201471679687500000e+03
-8.811608886718750000e+02
-1.080057617187500000e+03
-1.154142578125000000e+03
-3.607716369628906250e+02
-4.253356018066406250e+02
-4.265825195312500000e+02
-3.503367004394531250e+02
-3.899341430664062500e+02
-3.549574890136718750e+02
-3.692489624023437500e+02
-3.736899414062500000e+02
-3.492782897949218750e+02
-3.114848937988281250e+02
-3.458049316406250000e+02
-3.837727050781250000e+02
-2.264842376708984375e+02
-2.864480285644531250e+02
-3.420496826171875000e+02
-1.074007110595703125e+02
-1.848481597900390625e+02
-2.464028472900390625e+02
-1.698217988014221191e+00
-2.007920980453491211e+00
-3.136871576309204102e+00
-2.482532501220703125e+00
-3.102317810058593750e+00
-4.179703235626220703e+00
-3.441226720809936523e+00
-3.207081556320190430e+00
-4.112916946411132812e+00
-3.856809692382812500e+02
-4.195272827148437500e+02
-4.032799072265625000e+02
-4.389894714355468750e+02
-4.627993469238281250e+02
-4.275020446777343750e+02
-3.228295898437500000e+02
-3.224990844726562500e+02
-3.227185363769531250e+02
-3.758081970214843750e+02
-3.927314758300781250e+02
-3.738881225585937500e+02
-5.605244827270507812e+01
-1.214009189605712891e+01
-8.305806732177734375e+01
-5.049020767211914062e+01
-6.174565505981445312e+01
-2.017980346679687500e+02
-4.823373413085937500e+02
-5.075072937011718750e+02
-5.082597351074218750e+02
-5.927794799804687500e+02
-5.682965698242187500e+02
-5.692184448242187500e+02
-6.086529541015625000e+02
-5.555593872070312500e+02
-5.327474365234375000e+02
-1.753953094482421875e+02
-2.123805847167968750e+02
-2.439160766601562500e+02
-1.861072387695312500e+02
-2.460883483886718750e+02
-2.468889007568359375e+02
-2.141312103271484375e+02
-1.975734252929687500e+02
-2.039353942871093750e+02
-2.876513061523437500e+02
-2.544204101562500000e+02
-2.597582702636718750e+02
-2.080498352050781250e+02
-1.970432434082031250e+02
-2.265153656005859375e+02
-1.347130737304687500e+02
-1.654852447509765625e+02
-2.198064727783203125e+02
-4.449100036621093750e+02
-4.534794311523437500e+02
-3.202519836425781250e+02
-2.986407470703125000e+02
-3.790548400878906250e+02
-1.778012390136718750e+02
-1.950819549560546875e+02
-2.555862426757812500e+02
-2.511633300781250000e+01
-4.094137573242187500e+02
-6.039856567382812500e+02
-6.528305053710937500e+02
-4.724486999511718750e+02
-7.039291381835937500e+02
-6.759023437500000000e+02
-5.574044799804687500e+02
-7.425698852539062500e+02
-6.157734375000000000e+02
-2.324314727783203125e+02
-2.783035583496093750e+02
-2.456476593017578125e+02
-1.847013549804687500e+02
-1.528029174804687500e+02
-1.023301544189453125e+02
-9.257633209228515625e+01
-9.704142761230468750e+01
-7.806550598144531250e+01
-8.132800903320312500e+02
-8.942908935546875000e+02
-8.744322509765625000e+02
-6.989484863281250000e+02
-7.516322631835937500e+02
-7.698453369140625000e+02
-5.639959716796875000e+02
-6.126553344726562500e+02
-6.525015258789062500e+02
-7.188329467773437500e+02
-5.859398803710937500e+02
-7.298804321289062500e+02
-5.581483154296875000e+02
-4.118559265136718750e+02
-6.134242553710937500e+02
-4.513985290527343750e+02
-4.094366149902343750e+02
-6.533200073242187500e+02
3.226292371749877930e+00
3.906589269638061523e+00
1.738625526428222656e+00
3.861958026885986328e+00
4.309821128845214844e+00
3.707381963729858398e+00
3.605941295623779297e+00
3.668667793273925781e+00
3.021281003952026367e+00
1.638180494308471680e+00
1.557451605796813965e+00
5.759201049804687500e-01
1.604220628738403320e+00
9.196847081184387207e-01
6.716655194759368896e-02
2.849050760269165039e-01
5.432622432708740234e-01
7.730673551559448242e-01
8.000082015991210938e+00
4.932029724121093750e+00
2.344238042831420898e+00
7.732261180877685547e+00
4.888874053955078125e+00
1.891809701919555664e+00
6.275219917297363281e+00
4.692805290222167969e+00
3.344209671020507812e+00
8.596808910369873047e-01
1.886364370584487915e-01
4.288367554545402527e-02
1.623229146003723145e+00
1.043869614601135254e+00
1.027594089508056641e+00
1.608765125274658203e+00
1.438438177108764648e+00
1.617013692855834961e+00
1.431344032287597656e+00
6.536093354225158691e-01
4.570660740137100220e-02
2.833916425704956055e+00
2.470848321914672852e+00
2.002488374710083008e+00
1.322629809379577637e+00
1.489821791648864746e+00
1.334176301956176758e+00
1.223497209139168262e-03
9.429164230823516846e-03
0.000000000000000000e+00
5.307461251504719257e-04
4.389564855955541134e-04
7.131395861506462097e-03
0.000000000000000000e+00
-6.954341079108417034e-04
3.505656495690345764e-04
-1.795412153005599976e-01
1.293751358985900879e+00
7.521203719079494476e-03
7.440176010131835938e-01
2.660798311233520508e+00
1.337653636932373047e+00
1.002699613571166992e+00
1.420611381530761719e+00
1.329345226287841797e+00
4.955508708953857422e+00
5.797699451446533203e+00
3.305043935775756836e+00
4.513537883758544922e+00
4.514778137207031250e+00
3.395286083221435547e+00
1.859943747520446777e+00
1.060187339782714844e+00
6.023250222206115723e-01
7.080537825822830200e-02
1.222771108150482178e-01
3.265588283538818359e-01
8.276182413101196289e-01
1.127088665962219238e+00
1.910483002662658691e+00
3.878064751625061035e-01
1.324256420135498047e+00
1.761740207672119141e+00
7.720127105712890625e-01
9.421977400779724121e-02
6.020190119743347168e-01
1.055847167968750000e+00
1.242780447006225586e+00
1.532403230667114258e+00
2.153903245925903320e+00
1.787386059761047363e+00
1.766628324985504150e-01
1.456236481666564941e+00
8.422693610191345215e-01
4.305310249328613281e-01
1.645267844200134277e+00
1.017666101455688477e+00
6.621282696723937988e-01
9.207441210746765137e-01
5.409287810325622559e-01
3.834436237812042236e-01
2.884832143783569336e+00
2.394673824310302734e+00
2.665874481201171875e+00
3.243622303009033203e+00
2.730963230133056641e+00
2.687714338302612305e+00
3.247527599334716797e+00
3.250513792037963867e+00
8.550978302955627441e-01
7.803341150283813477e-01
1.267925053834915161e-01
1.501814275979995728e-01
1.301235556602478027e+00
6.606211662292480469e-01
2.623982667922973633e+00
2.091595649719238281e+00
6.506754159927368164e-01
1.545032024383544922e+00
1.428816318511962891e+00
1.144468307495117188e+00
1.029921174049377441e+00
8.794207572937011719e-01
9.247388839721679688e-01
8.438730239868164062e-01
1.345652222633361816e+00
8.568495512008666992e-01
8.916381746530532837e-02
1.421091794967651367e+00
1.484283089637756348e+00
1.136867642402648926e+00
2.374176979064941406e+00
3.908526897430419922e+00
3.132075548171997070e+00
1.820494055747985840e+00
2.691225051879882812e+00
2.919093370437622070e+00
3.475385189056396484e+00
5.309022426605224609e+00
1.978499889373779297e+00
4.171159267425537109e+00
4.951375961303710938e+00
2.773851394653320312e+00
1.857284188270568848e+00
3.333089590072631836e+00
1.541069269180297852e+00
3.501736450195312500e+02
3.299186706542968750e+02
2.495149536132812500e+02
3.396260986328125000e+02
3.061221313476562500e+02
2.257956848144531250e+02
3.256976928710937500e+02
2.628145751953125000e+02
1.789791107177734375e+02
5.712628936767578125e+01
5.336343002319335938e+01
7.456761932373046875e+01
3.479769134521484375e+01
4.732220077514648438e+01
9.097772979736328125e+01
9.134054183959960938e+00
3.474871826171875000e+01
8.994316101074218750e+01
3.681347656250000000e+02
2.941601562500000000e+02
2.217258148193359375e+02
3.515331726074218750e+02
2.762250976562500000e+02
2.062042694091796875e+02
3.228580017089843750e+02
2.585813293457031250e+02
2.043581695556640625e+02
9.779858398437500000e+01
1.336875762939453125e+02
1.532218780517578125e+02
1.178337631225585938e+02
1.551575622558593750e+02
1.620759124755859375e+02
1.382865753173828125e+02
1.698439636230468750e+02
1.588421173095703125e+02
1.196724243164062500e+02
8.233161163330078125e+01
6.124829101562500000e+01
9.660356140136718750e+01
6.823248291015625000e+01
4.982709121704101562e+01
8.879865264892578125e+01
5.435342788696289062e+01
3.241082000732421875e+01
5.096893310546875000e-01
6.665202379226684570e-01
8.116967678070068359e-01
3.731151819229125977e-01
5.090346336364746094e-01
8.522429466247558594e-01
3.901181817054748535e-01
4.956943690776824951e-01
9.037365913391113281e-01
1.379632415771484375e+02
1.652730102539062500e+02
1.591879119873046875e+02
1.535873718261718750e+02
1.738764648437500000e+02
1.622709045410156250e+02
1.614235839843750000e+02
1.763843078613281250e+02
1.506046600341796875e+02
1.317984771728515625e+02
9.066859436035156250e+01
3.333350372314453125e+01
1.197077026367187500e+02
6.882000732421875000e+01
1.625925064086914062e+01
1.036599349975585938e+02
5.993351745605468750e+01
4.200284004211425781e+00
1.483060760498046875e+02
1.903628845214843750e+02
2.147196960449218750e+02
1.620007629394531250e+02
2.108765563964843750e+02
2.312172546386718750e+02
1.798682098388671875e+02
2.179097137451171875e+02
2.263556213378906250e+02
1.192929649353027344e+01
2.262624359130859375e+01
4.979727935791015625e+01
1.177223205566406250e+01
3.147754669189453125e+01
5.802753067016601562e+01
3.110568237304687500e+01
4.819802856445312500e+01
6.102667236328125000e+01
8.458120727539062500e+01
5.861036300659179688e+01
4.207987976074218750e+01
7.777507019042968750e+01
5.087326812744140625e+01
3.642145538330078125e+01
6.694561767578125000e+01
4.171465301513671875e+01
3.099187088012695312e+01
1.925653076171875000e+02
1.503291931152343750e+02
9.490515136718750000e+01
2.221896514892578125e+02
1.562427368164062500e+02
8.457254028320312500e+01
1.916580047607421875e+02
1.312216186523437500e+02
6.779746246337890625e+01
9.080068206787109375e+01
1.151704711914062500e+02
1.580357818603515625e+02
8.209371948242187500e+01
1.251502914428710938e+02
1.813058013916015625e+02
9.854998779296875000e+01
1.579181365966796875e+02
2.160084075927734375e+02
9.737012481689453125e+01
6.995251464843750000e+01
4.528477096557617188e+01
9.637412261962890625e+01
7.590378570556640625e+01
2.912452316284179688e+01
9.144458770751953125e+01
7.048959350585937500e+01
2.516495132446289062e+01
2.074449615478515625e+02
2.030891265869140625e+02
1.892490692138671875e+02
2.163550567626953125e+02
2.015366668701171875e+02
1.914138946533203125e+02
2.172286529541015625e+02
2.222764282226562500e+02
2.128011169433593750e+02
1.512417144775390625e+02
1.565218200683593750e+02
9.931283569335937500e+01
1.476291503906250000e+02
1.418012390136718750e+02
9.070255279541015625e+01
1.463300781250000000e+02
1.310038146972656250e+02
7.970705413818359375e+01
-2.177237892150878906e+01
-1.402787590026855469e+01
-1.757423639297485352e+00
-1.646435165405273438e+01
-1.732017707824707031e+01
-7.502070903778076172e+00
-1.141629028320312500e+01
-1.435194778442382812e+01
-1.859325408935546875e+01
1.887940216064453125e+01
1.562559986114501953e+01
1.851294136047363281e+01
1.724166297912597656e+01
1.954880332946777344e+01
9.221144676208496094e+00
-3.228513956069946289e+00
-2.221547961235046387e-01
-1.418365478515625000e+01
-6.792002677917480469e+00
-6.674209594726562500e+00
6.062392234802246094e+00
-6.636789441108703613e-01
-8.445344924926757812e+00
-1.048512840270996094e+01
-1.032792568206787109e+01
-1.536970043182373047e+01
-2.793110656738281250e+01
7.599559426307678223e-01
-9.214916229248046875e+00
-4.429940223693847656e+00
-3.657748937606811523e+00
-1.110150623321533203e+01
-8.851758956909179688e+00
-8.836351037025451660e-01
-1.047169303894042969e+01
-9.840928077697753906e+00
-4.161709308624267578e+00
-3.371219158172607422e+00
-5.258849143981933594e+00
9.532546401023864746e-01
2.043761014938354492e-01
2.131168842315673828e+00
-2.782670259475708008e+00
-1.322607707977294922e+01
-2.763780117034912109e+00
2.375403046607971191e-02
9.161408990621566772e-02
1.040108650922775269e-01
5.897498130798339844e-02
3.944255039095878601e-02
-1.276443898677825928e-01
3.343366459012031555e-02
-3.590965643525123596e-02
-1.404142379760742188e-02
-1.033811950683593750e+01
-4.128180027008056641e+00
-5.875506877899169922e+00
-4.932662487030029297e+00
-6.331800460815429688e+00
-6.102589607238769531e+00
3.256390094757080078e-01
-4.890391349792480469e+00
-5.959751129150390625e+00
-6.583307743072509766e+00
-7.367658615112304688e+00
-1.528763675689697266e+01
-1.857077479362487793e+00
1.292144060134887695e-01
-4.497275352478027344e+00
1.783377647399902344e+00
-1.889525413513183594e+00
-2.475448369979858398e+00
1.252009630203247070e+00
-1.013380432128906250e+01
-1.074180030822753906e+01
6.472966670989990234e-01
-1.727648925781250000e+01
-1.897613525390625000e+01
-4.218854904174804688e-01
-9.700182914733886719e+00
-1.309558963775634766e+01
-2.398204505443572998e-01
3.487687349319458008e+00
-7.917433261871337891e+00
-6.495357036590576172e+00
-5.181968212127685547e+00
-6.484518527984619141e+00
-1.717751145362854004e+00
-3.951251983642578125e+00
-3.714832782745361328e+00
-1.585708975791931152e+00
-3.292493343353271484e+00
-5.198844909667968750e+00
-7.127425074577331543e-02
-1.439840793609619141e+00
-3.632074356079101562e+00
8.266156911849975586e-02
-4.357350826263427734e+00
-6.217458248138427734e+00
-7.135385513305664062e+00
-8.946977615356445312e+00
-7.773162364959716797e+00
-1.176928520202636719e+01
-1.309322071075439453e+01
-3.939998149871826172e+00
-7.342060089111328125e+00
-1.777132987976074219e+01
-7.139249801635742188e+00
1.850881195068359375e+01
2.236089134216308594e+01
-7.283695697784423828e+00
2.981231212615966797e+00
-1.427249908447265625e-01
-1.198007774353027344e+01
-1.618226623535156250e+01
-1.862991714477539062e+01
-2.138437843322753906e+01
7.074245214462280273e-01
8.807624578475952148e-01
7.963685512542724609e+00
-2.290224552154541016e+00
3.648226261138916016e+00
4.002184867858886719e+00
-2.848674058914184570e+00
3.141103267669677734e+00
-3.277745485305786133e+00
1.897415351867675781e+01
7.566746711730957031e+00
-4.546080589294433594e+00
8.126401901245117188e+00
-6.261352062225341797e+00
-1.103344058990478516e+01
2.203340768814086914e+00
-1.470088958740234375e-02
-6.528758049011230469e+00
-1.831655311584472656e+01
-1.980733299255371094e+01
8.529138565063476562e+00
-1.211196708679199219e+01
-1.681222915649414062e+01
-1.508759737014770508e+00
-2.212491989135742188e+00
-9.493943214416503906e+00
-9.300694465637207031e+00
-2.520927429199218750e+00
-4.751973152160644531e+00
-2.011691856384277344e+01
-6.898212432861328125e-01
-4.632133960723876953e+00
-1.979754066467285156e+01
-2.353001117706298828e+00
-5.355899810791015625e+00
-2.073407745361328125e+01
-4.258614540100097656e+00
-1.838186073303222656e+01
-3.009621620178222656e+01
-6.718130588531494141e+00
-2.044655990600585938e+01
-2.967777252197265625e+01
-6.970014095306396484e+00
-1.879075431823730469e+01
-2.547867774963378906e+01
-1.085094165802001953e+01
-2.750076293945312500e+01
-3.620602416992187500e+01
-6.176553726196289062e+00
-2.613833618164062500e+01
-3.599206542968750000e+01
-4.892072200775146484e+00
-2.435290718078613281e+01
-3.685952377319335938e+01
-5.215682506561279297e+00
-1.169920063018798828e+01
-5.390552043914794922e+00
-5.081630229949951172e+00
-9.633785247802734375e+00
-4.479612350463867188e+00
-4.090967178344726562e+00
-8.391137123107910156e+00
-4.578958988189697266e+00
-2.542536020278930664e+00
-8.783985137939453125e+00
-8.285535812377929688e+00
-2.962664365768432617e+00
-8.281291961669921875e+00
-8.359387397766113281e+00
-3.237384319305419922e+00
-8.016737937927246094e+00
-8.332901954650878906e+00
-1.585486158728599548e-02
-1.202338002622127533e-02
5.173197481781244278e-03
-1.014223881065845490e-02
-2.576588280498981476e-02
-7.567783351987600327e-03
-2.436316199600696564e-02
7.540134247392416000e-03
-3.770059719681739807e-02
-4.926124215126037598e-01
-8.992161750793457031e-01
-3.411383628845214844e-01
-6.900187730789184570e-01
-7.862060070037841797e-01
-1.558496952056884766e+00
-8.641662001609802246e-01
-9.613950252532958984e-01
-2.514809608459472656e+00
-2.895781993865966797e+00
-7.335285186767578125e+00
-1.356634807586669922e+01
-3.793561935424804688e+00
-7.428201198577880859e+00
-1.313517856597900391e+01
-6.754759788513183594e+00
-8.880126953125000000e+00
-1.559164047241210938e+01
-3.757854223251342773e+00
-4.104286193847656250e+00
-3.322314023971557617e+00
-2.348279714584350586e+00
-2.834406852722167969e+00
-2.459410190582275391e+00
-2.690720558166503906e+00
-1.514970660209655762e+00
-2.821104049682617188e+00
-3.710386276245117188e+00
-1.227722358703613281e+01
-1.051524543762207031e+01
-6.175749778747558594e+00
-1.232356548309326172e+01
-7.016089439392089844e+00
-3.956451892852783203e+00
-1.298730278015136719e+01
-6.135494232177734375e+00
-6.288544535636901855e-01
-3.789719820022583008e+00
-7.606868743896484375e+00
-8.155597448348999023e-01
-4.710924625396728516e+00
-8.409493446350097656e+00
-1.241896867752075195e+00
-5.319438934326171875e+00
-8.441496849060058594e+00
-4.853819370269775391e+00
-1.085997104644775391e+01
-1.032656002044677734e+01
-2.917275428771972656e+00
-1.015257358551025391e+01
-9.265853881835937500e+00
-2.005911111831665039e+00
-1.031861400604248047e+01
-9.736462593078613281e+00
-7.043102264404296875e+00
-1.619797515869140625e+01
-1.682473373413085938e+01
-3.697914600372314453e+00
-1.094993019104003906e+01
-1.069242477416992188e+01
-3.233813524246215820e+00
-6.492421150207519531e+00
-3.582567691802978516e+00
-7.443693876266479492e-01
-2.916884422302246094e+00
-6.173900127410888672e+00
-1.228198409080505371e+00
-6.203496932983398438e+00
-9.524869918823242188e+00
-1.623098969459533691e+00
-6.080794334411621094e+00
-1.025891304016113281e+01
-7.815592288970947266e+00
-1.095483112335205078e+01
-1.440177536010742188e+01
-7.091260910034179688e+00
-1.039436340332031250e+01
-1.367899799346923828e+01
-5.958066940307617188e+00
-9.639721870422363281e+00
-1.408862686157226562e+01
-7.545275211334228516e+00
-1.490617942810058594e+01
-2.040965270996093750e+01
-7.790589332580566406e+00
-1.451323223114013672e+01
-2.077761650085449219e+01
-9.480742454528808594e+00
-1.435778808593750000e+01
-1.802652168273925781e+01
1.767935302734375000e+03
1.786793334960937500e+03
1.828891479492187500e+03
1.713165893554687500e+03
1.717954711914062500e+03
1.780186279296875000e+03
1.412770019531250000e+03
1.486775512695312500e+03
1.574254760742187500e+03
1.355397094726562500e+03
1.278684204101562500e+03
1.120400878906250000e+03
1.275837280273437500e+03
1.221038452148437500e+03
1.083983276367187500e+03
1.324048583984375000e+03
1.337944213867187500e+03
1.200532958984375000e+03
2.346118652343750000e+03
2.289768066406250000e+03
2.260163085937500000e+03
2.406680175781250000e+03
2.405548583984375000e+03
2.429138916015625000e+03
2.318059082031250000e+03
2.392070068359375000e+03
2.431243652343750000e+03
4.645700988769531250e+02
4.066410827636718750e+02
3.743010864257812500e+02
4.950874633789062500e+02
4.232838134765625000e+02
3.318275451660156250e+02
4.564190063476562500e+02
3.703746948242187500e+02
2.776679687500000000e+02
6.844135742187500000e+02
6.066133422851562500e+02
5.846492919921875000e+02
6.048859252929687500e+02
5.326455688476562500e+02
5.207534179687500000e+02
4.501421508789062500e+02
4.376145935058593750e+02
4.367582397460937500e+02
9.901329874992370605e-01
1.535781502723693848e+00
1.857279896736145020e+00
3.505698442459106445e-01
1.833143949508666992e+00
2.103938817977905273e+00
6.911833882331848145e-01
2.583522796630859375e+00
2.683029890060424805e+00
3.912796325683593750e+02
3.767598876953125000e+02
4.046841430664062500e+02
4.090539245605468750e+02
3.956434936523437500e+02
3.999248657226562500e+02
2.963963012695312500e+02
3.026522521972656250e+02
3.208648681640625000e+02
1.234225219726562500e+03
1.215605834960937500e+03
1.156460571289062500e+03
9.464816894531250000e+02
8.848354492187500000e+02
8.195832519531250000e+02
6.669939575195312500e+02
6.121940307617187500e+02
6.587621459960937500e+02
3.602085571289062500e+02
3.754163208007812500e+02
3.429091186523437500e+02
4.053197326660156250e+02
4.298447875976562500e+02
3.981196899414062500e+02
4.581176452636718750e+02
4.648012390136718750e+02
4.168321533203125000e+02
2.661611633300781250e+02
2.740238952636718750e+02
1.803787536621093750e+02
2.942098083496093750e+02
2.857540588378906250e+02
2.083497314453125000e+02
3.853377075195312500e+02
3.382168579101562500e+02
2.444127502441406250e+02
4.880197143554687500e+02
4.819173889160156250e+02
4.514825134277343750e+02
4.518921508789062500e+02
4.388658447265625000e+02
4.133603820800781250e+02
3.765789489746093750e+02
3.780570678710937500e+02
3.715823974609375000e+02
7.791024780273437500e+02
7.149552612304687500e+02
6.918670654296875000e+02
7.685223388671875000e+02
7.094758911132812500e+02
6.875948486328125000e+02
6.670377807617187500e+02
6.093712768554687500e+02
5.673956298828125000e+02
9.384194946289062500e+02
9.062953491210937500e+02
8.307109985351562500e+02
1.084498535156250000e+03
1.132324462890625000e+03
1.062718872070312500e+03
1.317587890625000000e+03
1.327369873046875000e+03
1.206011718750000000e+03
5.633209228515625000e+02
5.545054321289062500e+02
5.323888549804687500e+02
4.791797790527343750e+02
4.719718322753906250e+02
3.835479736328125000e+02
3.963508300781250000e+02
4.326738586425781250e+02
3.607223510742187500e+02
1.296188232421875000e+03
1.248443481445312500e+03
1.143842895507812500e+03
1.319693481445312500e+03
1.284204589843750000e+03
1.109865478515625000e+03
1.266355224609375000e+03
1.254650878906250000e+03
1.038736694335937500e+03
1.707940551757812500e+03
1.825668945312500000e+03
1.731136718750000000e+03
1.381462402343750000e+03
1.470045410156250000e+03
1.408148071289062500e+03
1.138017211914062500e+03
1.207472045898437500e+03
1.299902587890625000e+03
-1.199803085327148438e+02
-1.197283401489257812e+02
-1.131662673950195312e+02
-1.165434722900390625e+02
-1.244470214843750000e+02
-9.929129028320312500e+01
-8.762018585205078125e+01
-9.296109008789062500e+01
-9.498803710937500000e+01
-3.950053405761718750e+01
-2.105755996704101562e+01
-2.333415412902832031e+01
-3.752100753784179688e+01
-2.147739028930664062e+01
-1.393588829040527344e+01
-3.022336578369140625e+01
-3.095918655395507812e+01
-3.302997207641601562e+01
-8.992677307128906250e+01
-1.003201446533203125e+02
-9.937155914306640625e+01
-1.020488891601562500e+02
-1.130755615234375000e+02
-1.060360107421875000e+02
-1.300357513427734375e+02
-1.219945755004882812e+02
-1.316437072753906250e+02
-8.100897216796875000e+01
-8.841171264648437500e+01
-1.297481536865234375e+02
-8.182717132568359375e+01
-8.940032196044921875e+01
-1.175480575561523438e+02
-6.940185546875000000e+01
-7.294109344482421875e+01
-8.834691619873046875e+01
-5.296654510498046875e+01
-4.483848953247070312e+01
-4.025494766235351562e+01
-4.208359146118164062e+01
-2.468477058410644531e+01
-2.317544555664062500e+01
-2.203388977050781250e+01
-7.727276802062988281e+00
-1.731329154968261719e+01
-5.066623091697692871e-01
-6.188421845436096191e-01
-1.987601220607757568e-01
-5.606188774108886719e-01
-4.003991782665252686e-01
-1.673174202442169189e-01
-1.631590425968170166e-01
-4.698280617594718933e-02
-8.751071989536285400e-02
-1.086054687500000000e+02
-1.527563323974609375e+02
-1.698558044433593750e+02
-9.504421234130859375e+01
-1.340881195068359375e+02
-1.384369659423828125e+02
-7.338435363769531250e+01
-9.519167327880859375e+01
-8.444732666015625000e+01
-3.220207595825195312e+01
-2.985348701477050781e+01
-1.389549446105957031e+01
-2.623513031005859375e+01
-2.137934494018554688e+01
-5.177728176116943359e+00
-1.951124954223632812e+01
-9.705176353454589844e+00
2.569808483123779297e+00
-1.302544250488281250e+02
-1.276343841552734375e+02
-1.289786834716796875e+02
-1.127554473876953125e+02
-1.106597595214843750e+02
-1.148410110473632812e+02
-8.851081848144531250e+01
-8.736136627197265625e+01
-9.194277954101562500e+01
-1.511246204376220703e+01
4.236320972442626953e+00
-1.185166835784912109e-02
-1.605552864074707031e+01
2.704115629196166992e+00
-4.969606399536132812e+00
-2.222823333740234375e+01
-5.489965438842773438e+00
-6.370784759521484375e+00
-2.962655830383300781e+01
-3.243243408203125000e+01
-3.057288551330566406e+01
-2.942276382446289062e+01
-3.316965866088867188e+01
-3.073169708251953125e+01
-2.801322937011718750e+01
-2.758750343322753906e+01
-2.687895202636718750e+01
-2.225971031188964844e+01
-2.319958496093750000e+01
-6.695668697357177734e+00
-3.383920288085937500e+01
-4.655625534057617188e+01
-3.380098342895507812e+01
-2.722716712951660156e+01
-4.005243682861328125e+01
-2.745663642883300781e+01
-2.894197463989257812e+01
-3.801423645019531250e+01
-4.715617370605468750e+01
-5.179121398925781250e+01
-7.105392456054687500e+01
-9.268511962890625000e+01
-8.351052856445312500e+01
-1.026590347290039062e+02
-1.214407119750976562e+02
-4.517980098724365234e+00
-1.029002952575683594e+01
-7.094463348388671875e+00
-4.129744052886962891e+00
-1.079761600494384766e+01
-8.484661102294921875e+00
-4.173840045928955078e+00
-1.359680366516113281e+01
-1.094381809234619141e+01
-9.413264465332031250e+01
-1.201742477416992188e+02
-1.277884292602539062e+02
-7.644687652587890625e+01
-1.098827133178710938e+02
-1.115483627319335938e+02
-7.141400146484375000e+01
-8.951300811767578125e+01
-7.542587280273437500e+01
-5.409094238281250000e+01
-5.080607986450195312e+01
-3.353021240234375000e+01
-6.457094573974609375e+01
-4.250025558471679688e+01
-2.303294563293457031e+01
-4.128414916992187500e+01
-2.175375175476074219e+01
-2.090322732925415039e+00
2.118923902511596680e+00
-5.159027576446533203e-01
-6.436728477478027344e+00
1.772989273071289062e+01
1.492018890380859375e+01
5.734426021575927734e+00
2.067512321472167969e+01
1.150217819213867188e+01
7.675997734069824219e+00
-2.822681665420532227e+00
-4.334311008453369141e+00
-4.371106624603271484e+00
1.186041712760925293e+00
2.264155387878417969e+00
4.830403327941894531e+00
1.037511730194091797e+01
8.301979064941406250e+00
8.945378303527832031e+00
6.632543087005615234e+00
-3.678088903427124023e+00
-4.452824592590332031e+00
1.413479137420654297e+01
3.543926715850830078e+00
6.331740021705627441e-01
3.328743743896484375e+01
2.173052215576171875e+01
2.027337455749511719e+01
-6.946351051330566406e+00
-5.670811653137207031e+00
-6.402229309082031250e+00
1.052858734130859375e+01
1.203535270690917969e+01
1.255763053894042969e+01
5.394419193267822266e+00
5.624341011047363281e+00
5.332196712493896484e+00
-7.108448028564453125e+00
-9.453531265258789062e+00
-7.988277435302734375e+00
1.544806861877441406e+01
1.128186321258544922e+01
1.358911228179931641e+01
1.403508186340332031e+01
1.023554897308349609e+01
1.046228599548339844e+01
-1.495526754297316074e-03
-7.910924963653087616e-03
-9.106223471462726593e-03
1.744095236063003540e-02
1.451883837580680847e-02
5.389237776398658752e-03
-1.524541061371564865e-03
-2.517869696021080017e-02
-1.723894290626049042e-02
-3.179141581058502197e-01
1.113765001296997070e+00
-4.109368622303009033e-01
-1.030209779739379883e+00
1.302556157112121582e+00
1.158020019531250000e+00
-1.580545902252197266e-01
1.334868311882019043e+00
3.022936284542083740e-01
-2.251912307739257812e+01
-2.123389816284179688e+01
-1.841127395629882812e+01
2.562725067138671875e+01
2.784712791442871094e+01
3.212957763671875000e+01
2.714056587219238281e+01
2.526238250732421875e+01
2.526646232604980469e+01
9.796453118324279785e-01
1.248218536376953125e+00
-2.010643631219863892e-01
9.259972572326660156e-01
2.123955249786376953e+00
1.841795325279235840e+00
-1.473117619752883911e-01
2.617265284061431885e-01
1.045805573463439941e+00
-9.616954922676086426e-01
3.663924038410186768e-01
-1.874676346778869629e+00
-5.095162391662597656e-01
-3.242093920707702637e-01
-7.480076551437377930e-01
-1.274695396423339844e-01
3.528297901153564453e+00
2.501590490341186523e+00
-1.287811756134033203e+00
-2.047416210174560547e+00
-2.231279850006103516e+00
2.594555854797363281e+00
2.088545560836791992e+00
1.710067987442016602e+00
7.186341762542724609e+00
6.872667789459228516e+00
5.572031497955322266e+00
1.081419825553894043e+00
-3.894685029983520508e+00
-1.058590126037597656e+01
1.302066707611083984e+01
1.092551136016845703e+01
2.948879003524780273e+00
2.192029190063476562e+01
2.132920074462890625e+01
1.147235298156738281e+01
-3.484709933400154114e-02
-1.292394399642944336e+00
-1.595278382301330566e+00
7.116496086120605469e+00
7.641974449157714844e+00
2.750885486602783203e+00
1.769744873046875000e+01
1.752481842041015625e+01
1.344013690948486328e+01
3.063001394271850586e+00
-1.597549557685852051e+00
-5.133730411529541016e+00
2.677451848983764648e+00
-2.120163679122924805e+00
-5.991149902343750000e+00
3.488210916519165039e+00
1.583523273468017578e+00
-2.201870918273925781e+00
-1.489767909049987793e+00
-3.097757339477539062e+00
-4.886766433715820312e+00
9.264775276184082031e+00
6.472089290618896484e+00
1.319596052169799805e+00
1.656129646301269531e+01
1.148361301422119141e+01
8.176244735717773438e+00
-2.684401988983154297e+00
-2.581083774566650391e+00
-4.047564029693603516e+00
1.736105537414550781e+01
1.384339904785156250e+01
1.634167480468750000e+01
3.681291961669921875e+01
3.228980636596679688e+01
3.374341201782226562e+01
7.393182373046875000e+02
9.215364379882812500e+02
1.080288208007812500e+03
5.446182861328125000e+02
7.424058837890625000e+02
9.204453125000000000e+02
5.880325317382812500e+02
7.168152465820312500e+02
5.149761352539062500e+02
1.356869384765625000e+03
1.375729736328125000e+03
1.159503295898437500e+03
1.960866577148437500e+03
2.017080688476562500e+03
1.700091430664062500e+03
9.239622192382812500e+02
9.357330932617187500e+02
6.941726074218750000e+02
2.362471435546875000e+03
2.166250000000000000e+03
2.351790527343750000e+03
1.503329589843750000e+03
1.568848144531250000e+03
2.127769042968750000e+03
1.099794921875000000e+03
1.290276977539062500e+03
1.180588012695312500e+03
2.525248260498046875e+02
-7.243601226806640625e+01
-3.885165786743164062e+01
1.892553558349609375e+02
-4.816830444335937500e+01
7.717783355712890625e+01
2.096382446289062500e+02
1.398196315765380859e+01
2.399929351806640625e+02
-6.034456634521484375e+01
1.166443023681640625e+02
1.693344879150390625e+01
7.683853912353515625e+01
2.896398315429687500e+02
1.475823974609375000e+02
1.124852828979492188e+02
1.240293807983398438e+02
2.550763244628906250e+02
-1.661866903305053711e-02
1.839173793792724609e+00
6.618517637252807617e-01
1.857049942016601562e+00
2.342142581939697266e+00
3.241040945053100586e+00
-2.770510315895080566e-01
1.839367628097534180e+00
2.314054965972900391e+00
-2.074937820434570312e+01
-7.109818267822265625e+01
-8.967485427856445312e-01
1.323650360107421875e+02
-1.795180320739746094e+00
1.521497650146484375e+02
1.140323410034179688e+02
1.276778869628906250e+02
1.659640502929687500e+02
4.705855941772460938e+01
8.193671417236328125e+01
7.341279602050781250e+01
4.017447662353515625e+01
1.770951385498046875e+02
2.514882202148437500e+02
1.074431762695312500e+02
2.109869842529296875e+02
3.075037231445312500e+02
3.138356323242187500e+02
1.932295684814453125e+02
4.579626464843750000e+01
1.691150512695312500e+02
-6.442403793334960938e+00
-2.065392303466796875e+02
1.136971130371093750e+02
1.222695007324218750e+02
-1.045886077880859375e+02
3.600455322265625000e+02
2.357859039306640625e+02
5.286636352539062500e+01
9.116952514648437500e+01
-6.650978088378906250e+01
1.131089477539062500e+02
1.058751754760742188e+02
1.077489318847656250e+02
2.317423858642578125e+02
1.013653335571289062e+02
5.844160461425781250e+01
9.644134521484375000e+01
8.477361297607421875e+01
1.225375976562500000e+02
1.306705627441406250e+02
8.507956695556640625e+01
9.465844726562500000e+01
5.570314407348632812e+01
-1.655385589599609375e+02
-5.158009338378906250e+01
1.771380157470703125e+02
-1.271917572021484375e+02
-1.625810852050781250e+02
4.682272338867187500e+01
-9.895262908935546875e+01
-2.618195724487304688e+01
1.479815673828125000e+02
2.280403808593750000e+03
2.095364990234375000e+03
2.021945312500000000e+03
1.331439941406250000e+03
9.962382812500000000e+02
1.011728576660156250e+03
6.497408447265625000e+02
5.698483886718750000e+02
6.167708740234375000e+02
1.391761932373046875e+02
-2.738437194824218750e+02
2.449328899383544922e+00
2.787807922363281250e+02
4.958792114257812500e+01
1.323048706054687500e+02
3.034324340820312500e+02
2.307079467773437500e+02
1.645054473876953125e+02
6.449335327148437500e+02
5.686536254882812500e+02
3.124888610839843750e+02
4.633249816894531250e+02
4.009168395996093750e+02
9.911257171630859375e+01
2.004167022705078125e+02
5.119302978515625000e+02
2.332655029296875000e+02
1.299724578857421875e+02
7.903731079101562500e+02
5.387337646484375000e+02
2.411248779296875000e+02
8.890420532226562500e+02
7.567714843750000000e+02
2.778397521972656250e+02
8.834022216796875000e+02
8.791114501953125000e+02
-2.580534057617187500e+02
-3.236724548339843750e+02
-4.288062133789062500e+02
-3.016807250976562500e+02
-3.640579833984375000e+02
-4.680226745605468750e+02
-3.389140319824218750e+02
-3.995753173828125000e+02
-5.004992065429687500e+02
-3.865340576171875000e+02
-4.469147033691406250e+02
-4.398391418457031250e+02
-4.232471618652343750e+02
-4.848872680664062500e+02
-4.719074707031250000e+02
-4.101154785156250000e+02
-4.821515197753906250e+02
-4.635448913574218750e+02
-5.259883422851562500e+02
-6.124553833007812500e+02
-6.570397338867187500e+02
-5.641019287109375000e+02
-6.675177001953125000e+02
-7.111511230468750000e+02
-5.697618408203125000e+02
-7.125386352539062500e+02
-7.745119628906250000e+02
-3.166294288635253906e+01
-3.850503921508789062e+01
-1.200668239593505859e+01
-2.073171997070312500e+01
-2.653509140014648438e+01
1.120200920104980469e+01
-4.834819793701171875e+00
6.986741542816162109e+00
3.688608169555664062e+01
-1.355524139404296875e+02
-1.970599365234375000e+02
-2.212935791015625000e+02
-1.719488983154296875e+02
-2.169184265136718750e+02
-2.255722503662109375e+02
-1.344927673339843750e+02
-1.770174560546875000e+02
-1.890736999511718750e+02
3.866476193070411682e-02
5.640495195984840393e-02
1.105664372444152832e-01
-3.016073629260063171e-02
-1.287132501602172852e-01
-4.098208248615264893e-01
2.470177561044692993e-01
2.099170982837677002e-01
-3.319470584392547607e-01
6.212158584594726562e+01
7.401369476318359375e+01
8.024534606933593750e+01
5.588422393798828125e+01
7.527857208251953125e+01
6.600997924804687500e+01
6.711802673339843750e+01
8.893914794921875000e+01
5.857834625244140625e+01
-3.475269775390625000e+02
-4.220687561035156250e+02
-4.914696960449218750e+02
-4.014303283691406250e+02
-4.409226379394531250e+02
-4.724361572265625000e+02
-3.682507629394531250e+02
-3.751672058105468750e+02
-3.991877441406250000e+02
3.596375656127929688e+01
4.132741928100585938e+01
4.600120544433593750e+01
3.843230438232421875e+01
3.623823165893554688e+01
3.848855590820312500e+01
5.296652221679687500e+01
4.171226501464843750e+01
3.918494796752929688e+01
-6.534381866455078125e+01
-9.289916992187500000e+01
-7.599334716796875000e+01
-8.799131774902343750e+01
-1.163648147583007812e+02
-8.790316772460937500e+01
-9.306433868408203125e+01
-1.240557174682617188e+02
-9.525907135009765625e+01
-1.086677551269531250e+02
-1.274184570312500000e+02
-1.472718505859375000e+02
-1.315503082275390625e+02
-1.501626434326171875e+02
-1.669344940185546875e+02
-1.250002670288085938e+02
-1.460552978515625000e+02
-1.641361694335937500e+02
-1.379052276611328125e+02
-1.489803771972656250e+02
-2.046964263916015625e+02
-1.600279846191406250e+02
-2.155639495849609375e+02
-2.627776794433593750e+02
-1.853556823730468750e+02
-2.342135314941406250e+02
-2.718232421875000000e+02
-2.126045837402343750e+02
-2.105122680664062500e+02
-2.037091064453125000e+02
-1.802998962402343750e+02
-2.039733276367187500e+02
-1.902209167480468750e+02
-1.763785705566406250e+02
-2.212620697021484375e+02
-1.875274658203125000e+02
-9.982765197753906250e+01
-1.246208648681640625e+02
-1.666050720214843750e+02
-1.646053466796875000e+02
-1.845436248779296875e+02
-2.041053161621093750e+02
-1.634361114501953125e+02
-1.861540069580078125e+02
-2.117538909912109375e+02
-1.938920288085937500e+02
-2.059869537353515625e+02
-2.486512298583984375e+02
-2.411482543945312500e+02
-2.880251464843750000e+02
-3.033575134277343750e+02
-2.412830200195312500e+02
-3.041815185546875000e+02
-3.048812255859375000e+02
-3.432495117187500000e+02
-4.662389831542968750e+02
-4.963485107421875000e+02
-4.342161254882812500e+02
-5.631784667968750000e+02
-5.630289306640625000e+02
-3.608306884765625000e+02
-4.987581176757812500e+02
-4.767022399902343750e+02
1.809883422851562500e+02
1.944792327880859375e+02
2.062561187744140625e+02
1.850824127197265625e+02
1.932052917480468750e+02
1.937940979003906250e+02
1.944241333007812500e+02
1.757379302978515625e+02
1.710704650878906250e+02
5.873854827880859375e+01
7.046620941162109375e+01
9.353807830810546875e+01
5.678170013427734375e+01
7.293011474609375000e+01
9.256467437744140625e+01
6.821808624267578125e+01
9.377122497558593750e+01
1.280757751464843750e+02
2.307004699707031250e+02
2.252926483154296875e+02
2.083153381347656250e+02
1.934736938476562500e+02
2.110068054199218750e+02
2.228491210937500000e+02
1.784612884521484375e+02
2.051443786621093750e+02
2.504889068603515625e+02
9.135929107666015625e+01
1.110746536254882812e+02
1.195520706176757812e+02
9.131352233886718750e+01
1.066729888916015625e+02
1.244557113647460938e+02
8.734334564208984375e+01
9.437823486328125000e+01
1.108471908569335938e+02
7.804720306396484375e+01
8.407849884033203125e+01
8.315660095214843750e+01
7.875872039794921875e+01
6.956655883789062500e+01
8.234692382812500000e+01
8.806806182861328125e+01
8.426148223876953125e+01
1.032972640991210938e+02
2.320005595684051514e-01
2.274785488843917847e-01
7.451985478401184082e-01
5.271072983741760254e-01
4.745125770568847656e-01
9.908599257469177246e-01
7.355061173439025879e-01
8.031427860260009766e-01
8.955980539321899414e-01
7.338151550292968750e+01
9.258052062988281250e+01
1.016049880981445312e+02
7.269419860839843750e+01
8.595731353759765625e+01
9.673664855957031250e+01
9.087313842773437500e+01
9.816308593750000000e+01
1.101883773803710938e+02
3.801171875000000000e+01
5.412028121948242188e+01
7.491957092285156250e+01
4.148115539550781250e+01
5.051622009277343750e+01
6.724185943603515625e+01
6.227830123901367188e+01
5.457640838623046875e+01
6.175636672973632812e+01
1.246647872924804688e+02
1.396900634765625000e+02
1.541893157958984375e+02
1.268521270751953125e+02
1.395024871826171875e+02
1.459563598632812500e+02
1.351448059082031250e+02
1.534677581787109375e+02
1.646411743164062500e+02
3.673068618774414062e+01
5.232133865356445312e+01
3.236123275756835938e+01
3.206284713745117188e+01
6.054446411132812500e+01
4.002724838256835938e+01
3.931884765625000000e+01
4.763549804687500000e+01
5.064969253540039062e+01
5.061816024780273438e+01
5.067677688598632812e+01
4.318246841430664062e+01
4.801049804687500000e+01
5.133775329589843750e+01
4.289441680908203125e+01
4.933247375488281250e+01
5.437608718872070312e+01
5.070982742309570312e+01
1.069499206542968750e+02
8.026444244384765625e+01
4.699382019042968750e+01
1.352634887695312500e+02
1.048834915161132812e+02
6.096944427490234375e+01
1.361945190429687500e+02
1.040765838623046875e+02
5.697658920288085938e+01
4.712332153320312500e+01
4.792301940917968750e+01
8.915239715576171875e+01
6.377141952514648438e+01
7.087250518798828125e+01
1.165851287841796875e+02
7.081030273437500000e+01
8.878026580810546875e+01
1.341826019287109375e+02
4.734524917602539062e+01
3.464359283447265625e+01
3.935965347290039062e+01
5.754226684570312500e+01
3.334070587158203125e+01
2.796825790405273438e+01
5.694248199462890625e+01
3.295835494995117188e+01
2.178127861022949219e+01
1.403169250488281250e+02
1.773657989501953125e+02
1.831080322265625000e+02
1.219223480224609375e+02
1.548854370117187500e+02
1.555147399902343750e+02
1.239867172241210938e+02
1.601861572265625000e+02
1.525899963378906250e+02
6.100744628906250000e+01
9.333679199218750000e+01
1.060629272460937500e+02
6.447785949707031250e+01
9.707144165039062500e+01
1.019600448608398438e+02
8.915558624267578125e+01
1.233468627929687500e+02
1.053325119018554688e+02
6.891766357421875000e+02
7.901368408203125000e+02
7.863295898437500000e+02
6.038066406250000000e+02
7.078748779296875000e+02
6.564893798828125000e+02
5.368362426757812500e+02
5.874036254882812500e+02
5.161421508789062500e+02
3.565272827148437500e+02
3.572646179199218750e+02
3.411212463378906250e+02
3.345176391601562500e+02
2.760734252929687500e+02
2.505175018310546875e+02
2.979147644042968750e+02
2.491981506347656250e+02
2.703706054687500000e+02
7.898865356445312500e+02
8.150171508789062500e+02
7.438581542968750000e+02
8.282095336914062500e+02
8.985047607421875000e+02
8.143554077148437500e+02
8.635138549804687500e+02
9.017449951171875000e+02
8.549742431640625000e+02
4.204424743652343750e+02
4.272608642578125000e+02
4.160163879394531250e+02
3.744165649414062500e+02
3.895226440429687500e+02
3.909337463378906250e+02
3.278790588378906250e+02
3.541689758300781250e+02
3.319351806640625000e+02
3.103183593750000000e+02
2.867846374511718750e+02
2.607252197265625000e+02
2.034634094238281250e+02
1.640199737548828125e+02
1.825143890380859375e+02
2.275027618408203125e+02
1.962145996093750000e+02
1.959557037353515625e+02
2.864496469497680664e+00
2.841731071472167969e+00
2.710263729095458984e+00
2.147202730178833008e+00
2.281566619873046875e+00
2.105904102325439453e+00
1.725315213203430176e+00
1.691670775413513184e+00
1.734687447547912598e+00
4.354124450683593750e+02
4.681637573242187500e+02
4.437703247070312500e+02
4.140047607421875000e+02
4.522610473632812500e+02
4.256734619140625000e+02
3.560018920898437500e+02
3.531624755859375000e+02
3.132874755859375000e+02
1.466463470458984375e+02
1.970052490234375000e+02
1.916395263671875000e+02
9.764609527587890625e+01
1.262775878906250000e+02
1.070384445190429688e+02
1.247168884277343750e+02
1.132358627319335938e+02
8.893275451660156250e+01
6.118936157226562500e+02
6.276002807617187500e+02
6.306310424804687500e+02
5.208259277343750000e+02
5.450842285156250000e+02
5.791521606445312500e+02
5.031459045410156250e+02
5.271566162109375000e+02
5.594714355468750000e+02
1.303312377929687500e+02
1.120879898071289062e+02
8.758350372314453125e+01
1.248875885009765625e+02
1.158575210571289062e+02
1.275149078369140625e+02
1.187270126342773438e+02
1.383862457275390625e+02
1.554618988037109375e+02
1.760444335937500000e+02
1.831997985839843750e+02
1.631314544677734375e+02
1.725653076171875000e+02
1.788970336914062500e+02
1.512516326904296875e+02
1.690887145996093750e+02
1.690207977294921875e+02
1.414135437011718750e+02
1.534361877441406250e+02
1.765668334960937500e+02
1.336888122558593750e+02
1.983024597167968750e+02
2.267931671142578125e+02
1.581213684082031250e+02
1.646809234619140625e+02
1.794547271728515625e+02
1.082516784667968750e+02
4.046862182617187500e+02
3.781459960937500000e+02
3.568540954589843750e+02
4.942183532714843750e+02
4.751136474609375000e+02
4.970481262207031250e+02
4.938674011230468750e+02
5.146419677734375000e+02
5.801295166015625000e+02
4.749103164672851562e+01
5.324008178710937500e+01
5.066316223144531250e+01
6.385892868041992188e+01
6.161012268066406250e+01
3.154281044006347656e+01
1.005749282836914062e+02
8.598016357421875000e+01
3.552266693115234375e+01
6.006386718750000000e+02
6.054940185546875000e+02
5.793381958007812500e+02
5.455639648437500000e+02
5.337279663085937500e+02
5.219065551757812500e+02
5.164405517578125000e+02
5.268292846679687500e+02
5.257482910156250000e+02
4.259751586914062500e+02
4.610897827148437500e+02
5.142881469726562500e+02
3.025614929199218750e+02
3.359717712402343750e+02
3.888618164062500000e+02
2.451081848144531250e+02
2.474902343750000000e+02
2.511539001464843750e+02
4.116519531250000000e+03
3.749022460937500000e+03
3.833231201171875000e+03
4.803396972656250000e+03
4.686159667968750000e+03
4.440468750000000000e+03
4.171959960937500000e+03
4.074004394531250000e+03
3.861898925781250000e+03
-8.093591690063476562e+00
-5.575320434570312500e+01
8.935505371093750000e+02
8.413861694335937500e+02
8.493345336914062500e+02
1.753497924804687500e+03
1.396102539062500000e+03
2.042533813476562500e+03
2.708058349609375000e+03
7.036893310546875000e+02
1.188254638671875000e+03
1.249438110351562500e+03
1.970573364257812500e+03
3.325571044921875000e+03
3.248489257812500000e+03
3.714005859375000000e+03
5.465406250000000000e+03
5.206966308593750000e+03
3.055386230468750000e+03
3.510327392578125000e+03
3.249229980468750000e+03
3.456500976562500000e+03
3.784252685546875000e+03
3.443083496093750000e+03
2.862849365234375000e+03
2.858467285156250000e+03
2.675890380859375000e+03
1.530591064453125000e+03
1.565961425781250000e+03
8.948314208984375000e+02
1.596207397460937500e+03
1.961315063476562500e+03
1.532428955078125000e+03
2.832904663085937500e+02
6.789498291015625000e+02
7.359589843750000000e+02
5.757509708404541016e+00
3.067281961441040039e+00
1.177313709259033203e+01
8.480125427246093750e+00
1.282098579406738281e+01
1.839388084411621094e+01
5.587840080261230469e+00
8.499585151672363281e+00
1.665278244018554688e+01
2.870379150390625000e+03
2.737353271484375000e+03
2.668283447265625000e+03
3.284844238281250000e+03
3.304837890625000000e+03
3.167737792968750000e+03
2.745041503906250000e+03
2.438434082031250000e+03
2.342895996093750000e+03
2.229678222656250000e+03
2.274783203125000000e+03
9.095808105468750000e+02
2.837348144531250000e+03
2.564558593750000000e+03
1.422621582031250000e+03
1.112840820312500000e+03
1.136665405273437500e+03
5.673189697265625000e+02
2.950841064453125000e+03
3.002032958984375000e+03
3.178791259765625000e+03
3.360964599609375000e+03
3.611933105468750000e+03
3.698293701171875000e+03
3.382390869140625000e+03
3.381618652343750000e+03
3.272149658203125000e+03
-3.891744995117187500e+02
-1.481170654296875000e+02
9.329216003417968750e+01
8.130072784423828125e+01
2.336898345947265625e+02
5.387102050781250000e+02
6.116778564453125000e+02
5.658128662109375000e+02
7.296977539062500000e+02
5.364257202148437500e+02
2.509853363037109375e+02
9.666945648193359375e+01
7.797908325195312500e+02
5.192454833984375000e+02
3.688645324707031250e+02
5.318064575195312500e+02
3.873780212402343750e+02
3.351526184082031250e+02
1.195289672851562500e+03
1.016090942382812500e+03
7.341221923828125000e+02
1.984524291992187500e+03
2.482996093750000000e+03
1.177405517578125000e+03
1.497405273437500000e+03
1.823748535156250000e+03
5.010028381347656250e+02
1.807153808593750000e+03
2.555394531250000000e+03
3.127534423828125000e+03
3.550880859375000000e+03
4.857959472656250000e+03
5.191719238281250000e+03
4.923850097656250000e+03
6.621387695312500000e+03
6.570560546875000000e+03
1.131332763671875000e+03
8.864871826171875000e+02
8.702551269531250000e+02
1.282845581054687500e+03
6.556625976562500000e+02
4.141090393066406250e+02
1.035619873046875000e+03
3.656280517578125000e+02
8.336798858642578125e+01
3.192689208984375000e+03
2.835033447265625000e+03
2.328891113281250000e+03
4.065553955078125000e+03
4.046494384765625000e+03
3.557360595703125000e+03
3.445163574218750000e+03
4.202353027343750000e+03
3.766194335937500000e+03
5.116135253906250000e+02
1.055274169921875000e+03
1.513403198242187500e+03
2.034838989257812500e+03
2.906137207031250000e+03
3.169497314453125000e+03
6.375650634765625000e+02
1.787821044921875000e+03
2.051099853515625000e+03
1.307349487304687500e+03
1.330451660156250000e+03
1.354568481445312500e+03
1.201712890625000000e+03
1.221310791015625000e+03
1.261284423828125000e+03
1.126587036132812500e+03
1.154778076171875000e+03
1.220065429687500000e+03
8.116323242187500000e+02
8.907158203125000000e+02
9.427103881835937500e+02
7.958195190429687500e+02
8.888128051757812500e+02
9.529610595703125000e+02
8.393046875000000000e+02
9.337346801757812500e+02
9.726150512695312500e+02
1.627634399414062500e+03
1.678216552734375000e+03
1.762407958984375000e+03
1.652924072265625000e+03
1.710888793945312500e+03
1.821440307617187500e+03
1.706529296875000000e+03
1.776576416015625000e+03
1.864096801757812500e+03
5.757083740234375000e+02
5.580640258789062500e+02
5.321484375000000000e+02
5.391090087890625000e+02
5.152964477539062500e+02
4.831022033691406250e+02
4.915492553710937500e+02
4.794329223632812500e+02
4.654976501464843750e+02
5.161587524414062500e+02
5.461942138671875000e+02
5.632952880859375000e+02
5.168558959960937500e+02
5.156895141601562500e+02
5.581369018554687500e+02
4.779200744628906250e+02
4.880460205078125000e+02
5.192615356445312500e+02
3.605092048645019531e+00
3.577681779861450195e+00
3.648119688034057617e+00
3.686756849288940430e+00
3.596590280532836914e+00
3.386767148971557617e+00
2.945811986923217773e+00
3.430922985076904297e+00
3.509399414062500000e+00
5.550991821289062500e+02
5.411076660156250000e+02
5.449676513671875000e+02
5.536854248046875000e+02
5.459284667968750000e+02
5.400625610351562500e+02
4.924323730468750000e+02
4.949612731933593750e+02
5.126308593750000000e+02
5.575775146484375000e+02
5.887579345703125000e+02
7.113851928710937500e+02
4.602919921875000000e+02
5.291829223632812500e+02
6.713718872070312500e+02
4.834758300781250000e+02
5.163439941406250000e+02
6.368787841796875000e+02
8.158095092773437500e+02
8.185787353515625000e+02
7.794672241210937500e+02
8.144838256835937500e+02
8.087947387695312500e+02
7.775238037109375000e+02
7.880333251953125000e+02
7.829902954101562500e+02
7.587952270507812500e+02
2.887644042968750000e+02
2.830592651367187500e+02
2.766760864257812500e+02
3.172570190429687500e+02
3.120729064941406250e+02
2.775266113281250000e+02
3.021484375000000000e+02
2.887880554199218750e+02
2.540701599121093750e+02
3.658748474121093750e+02
3.774573974609375000e+02
3.898259887695312500e+02
3.573703308105468750e+02
3.763005981445312500e+02
4.011906127929687500e+02
3.602704162597656250e+02
3.864353332519531250e+02
4.046889953613281250e+02
4.129765319824218750e+02
4.639742736816406250e+02
4.193160095214843750e+02
3.699161682128906250e+02
3.945283203125000000e+02
3.718367614746093750e+02
3.877530212402343750e+02
3.852605895996093750e+02
3.766473083496093750e+02
7.407248535156250000e+02
7.980377197265625000e+02
8.228889160156250000e+02
7.911096801757812500e+02
8.286985473632812500e+02
8.316572875976562500e+02
7.847802734375000000e+02
7.954630737304687500e+02
7.810100097656250000e+02
2.014939880371093750e+02
2.149238891601562500e+02
2.351597595214843750e+02
1.494386901855468750e+02
1.399979400634765625e+02
1.847000732421875000e+02
1.618798522949218750e+02
1.863379211425781250e+02
2.248989715576171875e+02
1.084879516601562500e+03
1.158725830078125000e+03
1.223118652343750000e+03
1.032343383789062500e+03
1.071467041015625000e+03
1.121371459960937500e+03
1.017242614746093750e+03
1.043067626953125000e+03
1.078994995117187500e+03
9.499768676757812500e+02
9.821942138671875000e+02
1.078222900390625000e+03
9.094028930664062500e+02
9.761705322265625000e+02
1.091138183593750000e+03
9.237888793945312500e+02
9.748162231445312500e+02
1.056063720703125000e+03
