4.380961894989013672e+00
3.947043228149414062e+01
1.742561459541320801e+00
9.788918495178222656e+00
2.162191009521484375e+02
3.676395034790039062e+01
7.144646453857421875e+01
1.329849700927734375e+02
4.297117004394531250e+02
4.014857101440429688e+01
9.523204803466796875e+00
2.498211860656738281e+01
1.396123962402343750e+02
2.109743194580078125e+02
4.281448745727539062e+01
3.160872459411621094e+01
-4.576510238647460938e+01
-2.471469879150390625e+02
-1.254856491088867188e+02
-1.090493774414062500e+02
-2.232220703125000000e+03
-4.628940734863281250e+02
-8.981256103515625000e+02
-8.814771118164062500e+02
-3.951787353515625000e+03
-4.076485900878906250e+02
-5.262508392333984375e+01
-3.172315063476562500e+02
-1.741099853515625000e+03
-1.271337158203125000e+03
-7.510089111328125000e+02
-1.738999023437500000e+02
2.630727291107177734e+00
7.243102788925170898e-01
8.263431549072265625e+00
1.873554140329360962e-01
3.546389579772949219e+00
3.463386297225952148e-01
5.558948516845703125e+00
-1.410193634033203125e+01
3.315253448486328125e+01
-1.093375205993652344e+01
-1.292800545692443848e+00
-2.101813793182373047e+00
-1.266782522201538086e+00
-1.240004158020019531e+01
-1.349672675132751465e+00
-2.243021488189697266e+00
3.393643188476562500e+01
2.205525054931640625e+02
1.072333908081054688e+02
7.225400543212890625e+01
1.124110717773437500e+03
3.712820739746093750e+02
4.783172912597656250e+02
7.647322998046875000e+02
2.170189208984375000e+03
4.095996398925781250e+02
3.554151535034179688e+01
2.813834838867187500e+02
1.306414916992187500e+03
1.036695434570312500e+03
3.273168945312500000e+02
1.606912689208984375e+02
9.166056632995605469e+00
5.997450256347656250e+01
1.910570716857910156e+01
3.226888275146484375e+01
7.760354614257812500e+02
1.871829071044921875e+02
2.553936614990234375e+02
4.291226501464843750e+02
1.218633300781250000e+03
1.802306823730468750e+02
1.771607398986816406e+01
1.235393753051757812e+02
4.991781311035156250e+02
4.612816162109375000e+02
1.781175689697265625e+02
6.751139831542968750e+01
6.238651752471923828e+00
3.462020111083984375e+01
1.298427391052246094e+01
2.168057823181152344e+01
4.933852233886718750e+02
8.287796020507812500e+01
1.425418701171875000e+02
3.107991638183593750e+02
8.744114379882812500e+02
1.017200851440429688e+02
1.105006885528564453e+01
6.573825073242187500e+01
3.878994750976562500e+02
3.281941833496093750e+02
2.032021179199218750e+02
4.164830780029296875e+01
3.799548000097274780e-02
1.366339492797851562e+01
4.152742385864257812e+00
6.068715453147888184e-02
5.356906127929687500e+01
8.409474372863769531e+00
4.678428173065185547e-01
-4.342976093292236328e+00
-3.003680419921875000e+01
4.810174942016601562e+00
-5.497907400131225586e-01
-3.418486118316650391e-01
1.432011222839355469e+01
-8.215052604675292969e+00
-4.003735065460205078e+00
5.080667972564697266e+00
3.006076812744140625e+00
2.911788749694824219e+01
6.568140029907226562e+00
8.597659111022949219e+00
1.729353485107421875e+02
6.310466003417968750e+01
7.865044403076171875e+01
2.841821899414062500e+02
2.249829864501953125e+02
3.402527999877929688e+01
7.971402168273925781e+00
3.948359680175781250e+01
1.231065597534179688e+02
1.309304351806640625e+02
3.779354095458984375e+01
8.081952667236328125e+01
5.965331268310546875e+01
3.180948791503906250e+02
1.220352706909179688e+02
1.555048522949218750e+02
4.138612304687500000e+03
4.833092041015625000e+02
1.461604858398437500e+03
2.245687500000000000e+03
5.987923339843750000e+03
4.298075256347656250e+02
6.231914520263671875e+01
5.343055419921875000e+02
2.335206542968750000e+03
1.915308105468750000e+03
1.216487548828125000e+03
2.456629028320312500e+02
3.217103958129882812e+00
4.231434631347656250e+01
1.562997531890869141e+01
5.764234066009521484e+00
1.249083862304687500e+02
4.272912979125976562e+01
2.164595413208007812e+01
9.007901763916015625e+01
1.708360900878906250e+02
5.529688644409179688e+01
6.565525054931640625e+00
2.095895385742187500e+01
1.740137023925781250e+02
1.322524566650390625e+02
1.827131652832031250e+01
1.431497097015380859e+01
3.389767169952392578e+00
2.818668365478515625e+01
1.254769325256347656e+01
1.730728721618652344e+01
4.197965087890625000e+02
4.874088287353515625e+01
1.425052642822265625e+02
1.156312103271484375e+02
7.270762329101562500e+02
7.780271911621093750e+01
6.488322257995605469e+00
3.368781280517578125e+01
3.108253784179687500e+02
1.579335632324218750e+02
1.630653533935546875e+02
9.417641639709472656e+00
5.215970516204833984e+00
3.967432022094726562e+01
1.425831794738769531e+01
3.297526836395263672e+00
5.268072509765625000e+01
3.677790451049804688e+01
2.298753547668457031e+01
4.107423019409179688e+01
4.036336517333984375e+01
1.427115726470947266e+01
2.872879743576049805e+00
1.371388721466064453e+01
8.031165313720703125e+01
5.719129562377929688e+01
1.090094661712646484e+01
2.480995368957519531e+01
2.162441983819007874e-02
9.452728033065795898e-01
9.678438901901245117e-01
6.938541680574417114e-02
1.751430892944335938e+01
-1.041234493255615234e+00
9.741509556770324707e-01
2.750900506973266602e+00
4.889324665069580078e+00
2.638747453689575195e+00
6.643094867467880249e-02
2.512258291244506836e+00
3.135193109512329102e+00
4.296073436737060547e+00
2.696402311325073242e+00
-1.065797567367553711e+00
-5.735833644866943359e+00
3.567929458618164062e+01
-2.618624687194824219e+01
-1.361848831176757812e+01
-5.523489379882812500e+01
-3.559532928466796875e+01
-1.432464141845703125e+02
2.465894622802734375e+02
-4.596150207519531250e+02
-2.194476509094238281e+01
3.837619304656982422e+00
-3.573675632476806641e+00
-1.406448211669921875e+02
4.491058731079101562e+01
-1.921083984375000000e+02
2.152289009094238281e+01
1.843518733978271484e+00
1.841848564147949219e+01
5.916333675384521484e+00
3.065626382827758789e+00
1.399771881103515625e+02
2.195648384094238281e+01
1.313626289367675781e+01
1.719699249267578125e+02
1.452339630126953125e+02
1.809143066406250000e+01
5.740100383758544922e+00
8.731070518493652344e+00
5.746449279785156250e+01
1.219333877563476562e+02
1.560829734802246094e+01
1.909064292907714844e+01
3.543966293334960938e+01
1.786710357666015625e+02
1.062164230346679688e+02
5.231700134277343750e+01
7.783316650390625000e+02
2.888132019042968750e+02
4.230844116210937500e+02
6.491301879882812500e+02
1.434252441406250000e+03
2.306140594482421875e+02
2.568364906311035156e+01
2.471548309326171875e+02
8.096328125000000000e+02
7.654651489257812500e+02
1.820577239990234375e+02
1.622180480957031250e+02
5.432854406535625458e-03
1.203170162625610828e-03
-1.451336429454386234e-03
1.098771695978939533e-03
-4.332268238067626953e-02
-2.631069626659154892e-03
-1.561397570185363293e-03
3.336361609399318695e-03
7.012878358364105225e-02
3.156481683254241943e-02
4.061352461576461792e-03
2.088249893859028816e-03
5.690950900316238403e-02
7.342998683452606201e-02
2.056351304054260254e-02
2.963008591905236244e-03
3.215488815307617188e+01
1.898574676513671875e+02
9.100533294677734375e+01
8.660024261474609375e+01
1.906800659179687500e+03
3.471811523437500000e+02
7.192026977539062500e+02
9.364186401367187500e+02
3.198816162109375000e+03
3.258036193847656250e+02
4.696785354614257812e+01
2.498060150146484375e+02
1.322334838867187500e+03
1.177912231445312500e+03
5.988902587890625000e+02
1.648105926513671875e+02
-3.762987518310546875e+01
-3.282572937011718750e+02
-1.277368698120117188e+02
-5.584359359741210938e+01
-8.923773193359375000e+02
-4.264869689941406250e+02
-2.635613403320312500e+02
-8.706423950195312500e+02
-1.199388793945312500e+03
-3.448725280761718750e+02
-4.564707946777343750e+01
-2.329935607910156250e+02
-1.202172729492187500e+03
-1.138480102539062500e+03
-1.890173187255859375e+02
-2.266250152587890625e+02
2.170218706130981445e+00
1.578244781494140625e+01
4.010252952575683594e+00
2.751303434371948242e+00
3.338303375244140625e+01
1.782879066467285156e+01
2.084291839599609375e+01
2.241548347473144531e+01
1.015802459716796875e+02
2.951723861694335938e+01
3.330522775650024414e+00
7.789715290069580078e+00
4.545460510253906250e+01
1.983252716064453125e+01
1.416718673706054688e+01
1.203215789794921875e+01
3.687287139892578125e+01
1.734507751464843750e+02
1.060414047241210938e+02
5.836725234985351562e+01
8.724361572265625000e+02
3.310703735351562500e+02
5.102828369140625000e+02
1.646941986083984375e+02
1.392506958007812500e+03
1.798424072265625000e+02
1.157493209838867188e+01
1.893881530761718750e+02
9.500914306640625000e+02
5.319151611328125000e+02
3.829312133789062500e+02
1.243336791992187500e+02
4.467632293701171875e+00
3.897563171386718750e+01
7.527923107147216797e+00
7.988762378692626953e+00
1.672199859619140625e+02
3.879999542236328125e+01
5.326960754394531250e+01
1.168151855468750000e+02
2.564686584472656250e+02
3.617859649658203125e+01
4.253614425659179688e+00
2.356638336181640625e+01
1.970606994628906250e+02
1.455619354248046875e+02
6.547629547119140625e+01
2.229594230651855469e+01
3.775887966156005859e+00
2.810890960693359375e+01
-7.893746852874755859e+00
2.259509277343750000e+01
3.133175048828125000e+02
8.417024993896484375e+01
1.287013397216796875e+02
1.985902862548828125e+02
6.855342407226562500e+02
1.047659378051757812e+02
1.378052520751953125e+01
6.513645172119140625e+01
2.621933288574218750e+02
4.489536743164062500e+02
9.819020080566406250e+01
5.528819656372070312e+01
-8.893250465393066406e+00
-6.686638832092285156e+00
-4.736454010009765625e+00
-6.276490211486816406e+00
-6.202332305908203125e+01
-4.629297256469726562e+01
-6.886054992675781250e+01
-6.995462799072265625e+01
-1.067803039550781250e+02
5.019469738006591797e+00
1.449968814849853516e+00
-2.715204048156738281e+01
-4.470658111572265625e+01
-6.114623641967773438e+01
-3.963044738769531250e+01
-2.666026115417480469e+01
-2.327799201011657715e-01
-3.329490423202514648e+00
2.320924997329711914e+00
-5.242199897766113281e-01
-2.858320617675781250e+01
-2.581364631652832031e+00
-1.183331394195556641e+01
-1.295901641845703125e+02
-5.087995910644531250e+01
-2.063949584960937500e+00
-1.585002541542053223e+00
-1.161174678802490234e+01
-9.625994682312011719e+00
-2.108925628662109375e+01
-9.287927627563476562e+00
-5.203083992004394531e+00
-8.745020031929016113e-01
-8.578524589538574219e-01
-5.912947654724121094e+00
-2.422836065292358398e+00
4.857305526733398438e+00
-5.729927062988281250e+00
-1.761498260498046875e+01
-1.744717407226562500e+01
-6.416627502441406250e+01
-1.269758605957031250e+01
-5.055510401725769043e-01
-1.511827754974365234e+01
-2.007127761840820312e+01
-4.132568740844726562e+01
1.271692991256713867e+00
5.935361385345458984e-01
1.807425767183303833e-01
4.488852500915527344e+00
2.505918979644775391e+00
1.022354006767272949e+00
5.265985488891601562e+01
1.052391290664672852e+00
1.297233009338378906e+01
1.509369659423828125e+02
7.883132934570312500e+01
7.757743358612060547e+00
9.404027462005615234e-01
9.099530220031738281e+00
2.929504585266113281e+01
8.806217193603515625e+00
3.632585763931274414e+00
8.820223808288574219e+00
2.098402261734008789e+00
4.660631942749023438e+01
3.961428451538085938e+01
-4.087058544158935547e+00
2.860312271118164062e+01
4.418277359008789062e+01
1.442154312133789062e+01
1.271049499511718750e+02
-2.000458984375000000e+02
1.719724464416503906e+01
-1.897828221321105957e+00
-2.673267936706542969e+01
2.067875823974609375e+02
-1.362619934082031250e+02
-6.103928565979003906e+00
3.790581130981445312e+01
-1.891722679138183594e+00
-6.456265449523925781e+00
2.248113870620727539e+00
2.810036659240722656e+00
1.144296417236328125e+02
-2.528504610061645508e+00
4.233964538574218750e+01
1.044627532958984375e+02
1.541611633300781250e+02
1.183830928802490234e+01
2.329027652740478516e+00
1.466575050354003906e+01
3.536102676391601562e+01
1.506971454620361328e+01
2.994853591918945312e+01
7.465708732604980469e+00
-2.505771398544311523e+00
-7.165807723999023438e+00
-1.012324142456054688e+01
-4.583092212677001953e+00
-1.752138977050781250e+02
-1.479435157775878906e+01
-4.731488800048828125e+01
-2.158296203613281250e+02
-2.838691406250000000e+02
-1.669843292236328125e+01
-2.540318250656127930e+00
-3.226097488403320312e+01
-8.913029479980468750e+01
-8.112142944335937500e+01
-3.493573760986328125e+01
-1.050200271606445312e+01
9.474091796875000000e+02
5.812598632812500000e+03
2.610889648437500000e+03
1.852444213867187500e+03
3.802565234375000000e+04
7.786229492187500000e+03
1.432996875000000000e+04
2.078268750000000000e+04
6.335552734375000000e+04
9.004956054687500000e+03
9.914568481445312500e+02
7.105186523437500000e+03
3.203559570312500000e+04
2.713008203125000000e+04
1.014316796875000000e+04
3.257381347656250000e+03
4.527963161468505859e+00
-1.338638877868652344e+01
2.014695644378662109e+00
-1.369966983795166016e+00
-6.994339752197265625e+01
-1.410868167877197266e+01
2.388300895690917969e+01
-1.491636505126953125e+02
-1.872290649414062500e+02
-7.249415588378906250e+01
-4.372015953063964844e+00
9.315807342529296875e+00
-1.815781860351562500e+02
-9.987288665771484375e+01
1.152845764160156250e+01
9.953921318054199219e+00
