-9.113105468750000000e+03
-8.740749023437500000e+03
-6.895337890625000000e+03
-1.046306738281250000e+04
-9.263588867187500000e+03
-6.703412597656250000e+03
-9.444018554687500000e+03
-7.927774414062500000e+03
-5.661192382812500000e+03
-8.541174804687500000e+03
-8.181783691406250000e+03
-6.246527343750000000e+03
-9.793083007812500000e+03
-8.671987304687500000e+03
-6.066484375000000000e+03
-8.751384765625000000e+03
-7.250419921875000000e+03
-4.958432617187500000e+03
-6.839111816406250000e+03
-6.519964843750000000e+03
-4.761939941406250000e+03
-7.984911132812500000e+03
-6.997980957031250000e+03
-4.628857421875000000e+03
-7.034114746093750000e+03
-5.683770019531250000e+03
-3.588165283203125000e+03
-9.284083862304687500e+02
-1.141528930664062500e+03
-1.126317993164062500e+03
-1.172079223632812500e+03
-1.619791625976562500e+03
-1.664348999023437500e+03
-1.596011840820312500e+03
-2.139237060546875000e+03
-2.203792480468750000e+03
-7.081770629882812500e+02
-8.900524902343750000e+02
-8.844451293945312500e+02
-9.513521118164062500e+02
-1.387451538085937500e+03
-1.433367187500000000e+03
-1.358753295898437500e+03
-1.896305297851562500e+03
-1.966019531250000000e+03
-4.513497619628906250e+02
-6.299487915039062500e+02
-6.262304687500000000e+02
-6.774899902343750000e+02
-1.122612426757812500e+03
-1.172172485351562500e+03
-1.048323852539062500e+03
-1.595842651367187500e+03
-1.658872680664062500e+03
-6.004121093750000000e+02
-7.987554321289062500e+02
-1.112558105468750000e+03
-6.897371215820312500e+02
-8.788010864257812500e+02
-1.301801635742187500e+03
-5.518095092773437500e+02
-8.103800048828125000e+02
-1.246938842773437500e+03
-4.530311889648437500e+02
-5.721065063476562500e+02
-8.872622070312500000e+02
-5.232502441406250000e+02
-6.201055908203125000e+02
-1.056213745117187500e+03
-3.797679748535156250e+02
-5.526533813476562500e+02
-9.945847167968750000e+02
-2.087522277832031250e+02
-2.965230102539062500e+02
-6.169400024414062500e+02
-2.597939147949218750e+02
-3.343169860839843750e+02
-7.619108886718750000e+02
-7.795110321044921875e+01
-2.373795776367187500e+02
-6.705424804687500000e+02
-3.597197021484375000e+03
-3.955174072265625000e+03
-7.777856445312500000e+03
-1.099245312500000000e+04
-1.131732128906250000e+04
-1.459514257812500000e+04
-1.785298437500000000e+04
-1.870175000000000000e+04
-2.007447460937500000e+04
-1.419222167968750000e+03
-1.643642578125000000e+03
-5.665729492187500000e+03
-7.965955078125000000e+03
-7.777225097656250000e+03
-1.103921972656250000e+04
-1.465604882812500000e+04
-1.501936230468750000e+04
-1.628683496093750000e+04
8.352418823242187500e+02
4.295078735351562500e+02
-3.069910400390625000e+03
-5.894495605468750000e+03
-5.807829101562500000e+03
-8.471884765625000000e+03
-1.228854101562500000e+04
-1.272101562500000000e+04
-1.377627832031250000e+04
-4.622683715820312500e+02
-6.241996459960937500e+02
-7.186337890625000000e+02
-6.100723876953125000e+02
-7.888951416015625000e+02
-8.248814697265625000e+02
-5.465073852539062500e+02
-6.121753540039062500e+02
-5.655919799804687500e+02
-4.688159790039062500e+02
-6.470223999023437500e+02
-7.384654541015625000e+02
-5.964737548828125000e+02
-7.873049926757812500e+02
-8.336731567382812500e+02
-5.180296020507812500e+02
-5.936239624023437500e+02
-5.637928466796875000e+02
-5.198375244140625000e+02
-6.912460937500000000e+02
-7.761987915039062500e+02
-6.408862304687500000e+02
-8.302050170898437500e+02
-8.727604370117187500e+02
-5.689683837890625000e+02
-6.497706298828125000e+02
-6.242410278320312500e+02
3.195144042968750000e+02
3.895537719726562500e+02
3.496304931640625000e+02
6.434061889648437500e+02
4.654258422851562500e+02
2.769515991210937500e+02
5.673731079101562500e+02
3.012725219726562500e+02
1.196250457763671875e+02
2.466837158203125000e+02
3.348771972656250000e+02
2.954271545410156250e+02
5.773281860351562500e+02
4.176132812500000000e+02
2.310532226562500000e+02
4.926580505371093750e+02
2.380992279052734375e+02
6.243180465698242188e+01
1.503711700439453125e+02
2.377886657714843750e+02
2.018128967285156250e+02
4.558635559082031250e+02
3.113666992187500000e+02
1.471750793457031250e+02
3.650247802734375000e+02
1.386933441162109375e+02
-8.404279708862304688e+00
6.246458129882812500e+02
7.180651245117187500e+02
4.334936218261718750e+02
5.973445434570312500e+02
6.185392456054687500e+02
3.486396789550781250e+02
5.238721313476562500e+02
6.911514892578125000e+02
5.707617797851562500e+02
1.183614135742187500e+03
1.270384643554687500e+03
9.793591308593750000e+02
1.151229980468750000e+03
1.129023803710937500e+03
8.514382934570312500e+02
1.024777465820312500e+03
1.153172607421875000e+03
1.028376586914062500e+03
1.907557495117187500e+03
2.022887939453125000e+03
1.738732299804687500e+03
1.885666992187500000e+03
1.895969848632812500e+03
1.627671020507812500e+03
1.730522705078125000e+03
1.900369995117187500e+03
1.778345825195312500e+03
-2.093658142089843750e+02
-4.864561462402343750e+02
-5.882973632812500000e+02
-4.778515319824218750e+02
-7.385625610351562500e+02
-7.788779907226562500e+02
-6.651921997070312500e+02
-7.717003784179687500e+02
-6.845629272460937500e+02
-3.627822570800781250e+02
-6.224207763671875000e+02
-7.219782714843750000e+02
-6.449362182617187500e+02
-8.942172851562500000e+02
-9.292584228515625000e+02
-8.348234252929687500e+02
-9.486925048828125000e+02
-8.562825927734375000e+02
-5.704809570312500000e+02
-8.185467529296875000e+02
-9.017667846679687500e+02
-8.482951660156250000e+02
-1.091389526367187500e+03
-1.125985107421875000e+03
-1.018012878417968750e+03
-1.139122680664062500e+03
-1.065001708984375000e+03
1.207743652343750000e+03
1.234757202148437500e+03
1.331010253906250000e+03
1.659561401367187500e+03
1.669568847656250000e+03
1.653765014648437500e+03
1.674284667968750000e+03
1.769473510742187500e+03
1.669400756835937500e+03
4.265750122070312500e+02
3.395690917968750000e+02
3.972313537597656250e+02
8.404116821289062500e+02
7.265733642578125000e+02
6.743184814453125000e+02
8.495612792968750000e+02
8.307706298828125000e+02
6.983773803710937500e+02
-4.767767944335937500e+02
-6.443227539062500000e+02
-5.901559448242187500e+02
-1.469258728027343750e+02
-3.341885681152343750e+02
-3.798758544921875000e+02
-1.236800079345703125e+02
-2.239293518066406250e+02
-3.559490661621093750e+02
6.625438690185546875e+01
2.402336502075195312e+01
4.313886642456054688e+01
-2.007645416259765625e+01
2.602496719360351562e+01
1.311786346435546875e+02
1.713465309143066406e+01
1.238832321166992188e+02
2.621584167480468750e+02
5.349899673461914062e+01
7.014644622802734375e+00
2.676809120178222656e+01
-4.413574981689453125e+01
-6.422343254089355469e+00
9.838069152832031250e+01
-1.207722854614257812e+01
9.054965209960937500e+01
2.255074157714843750e+02
1.109483795166015625e+02
3.566746520996093750e+01
6.201961135864257812e+01
-1.405291080474853516e+00
2.912718057632446289e+00
1.091811141967773438e+02
3.263047790527343750e+01
1.083293685913085938e+02
2.390059356689453125e+02
1.848503320312500000e+04
1.697524414062500000e+04
5.528981445312500000e+03
1.837859960937500000e+04
1.613494335937500000e+04
5.387909179687500000e+03
1.210572265625000000e+04
1.196834863281250000e+04
6.434312500000000000e+03
1.050976464843750000e+04
8.322872070312500000e+03
-3.077908691406250000e+03
1.058163964843750000e+04
7.652526367187500000e+03
-3.156404541015625000e+03
4.580403320312500000e+03
3.935474853515625000e+03
-1.747276977539062500e+03
2.227722412109375000e+03
3.816158447265625000e+02
-9.910046875000000000e+03
2.441730957031250000e+03
-8.347369384765625000e+01
-9.755784179687500000e+03
-3.054664794921875000e+03
-3.433972656250000000e+03
-8.348275390625000000e+03
-2.842608642578125000e+03
-2.656218750000000000e+03
-2.337773925781250000e+03
-3.501277099609375000e+03
-2.661887207031250000e+03
-2.042401489257812500e+03
-3.714764404296875000e+03
-2.618913085937500000e+03
-1.854353759765625000e+03
-2.702654296875000000e+03
-2.492636474609375000e+03
-2.146927978515625000e+03
-3.294724853515625000e+03
-2.408774658203125000e+03
-1.781504028320312500e+03
-3.531431152343750000e+03
-2.372915527343750000e+03
-1.646002807617187500e+03
-2.575088623046875000e+03
-2.334586181640625000e+03
-1.986000976562500000e+03
-3.122524902343750000e+03
-2.281981933593750000e+03
-1.707160766601562500e+03
-3.343515625000000000e+03
-2.296555419921875000e+03
-1.650346801757812500e+03
3.466817016601562500e+02
4.704509277343750000e+02
1.980881195068359375e+02
5.168748168945312500e+02
7.274935913085937500e+02
4.240851135253906250e+02
5.323743896484375000e+02
7.151235961914062500e+02
4.316292114257812500e+02
4.385723571777343750e+02
5.886447143554687500e+02
3.221886291503906250e+02
6.620413818359375000e+02
8.949315795898437500e+02
5.912886352539062500e+02
6.804030151367187500e+02
8.906260375976562500e+02
6.083388061523437500e+02
5.765386962890625000e+02
7.135453491210937500e+02
4.606496276855468750e+02
8.311631469726562500e+02
1.053904052734375000e+03
7.605834350585937500e+02
8.359125976562500000e+02
1.042701538085937500e+03
7.794953002929687500e+02
-6.351010742187500000e+02
-6.194260253906250000e+02
-5.963973388671875000e+02
-6.604140014648437500e+02
-6.471489257812500000e+02
-5.652471923828125000e+02
-4.314985961914062500e+02
-5.059848327636718750e+02
-4.329522705078125000e+02
-5.020937805175781250e+02
-4.918399047851562500e+02
-4.742864685058593750e+02
-5.327980346679687500e+02
-5.048943786621093750e+02
-4.123937988281250000e+02
-3.148032531738281250e+02
-3.709834594726562500e+02
-2.653801574707031250e+02
-2.237474517822265625e+02
-2.358028411865234375e+02
-2.200930023193359375e+02
-2.396156158447265625e+02
-2.232009429931640625e+02
-1.337886962890625000e+02
-3.302339935302734375e+01
-8.183118438720703125e+01
2.469018745422363281e+01
8.114748535156250000e+02
1.063437377929687500e+03
1.250787719726562500e+03
1.000482543945312500e+03
1.385472900390625000e+03
1.608276611328125000e+03
1.270321166992187500e+03
1.652155883789062500e+03
1.747682373046875000e+03
1.757342071533203125e+02
3.871598815917968750e+02
5.764154663085937500e+02
3.172267150878906250e+02
6.669380493164062500e+02
8.962048339843750000e+02
5.902525024414062500e+02
9.436914672851562500e+02
1.043934082031250000e+03
-4.319852600097656250e+02
-2.838033142089843750e+02
-1.090534667968750000e+02
-3.362821655273437500e+02
-5.930648422241210938e+01
1.529096984863281250e+02
-7.154099273681640625e+01
2.163013610839843750e+02
3.037105712890625000e+02
-7.690894165039062500e+02
-1.869265258789062500e+03
-1.839396972656250000e+03
-1.840059356689453125e+02
-1.378599121093750000e+03
-1.491493408203125000e+03
3.290449905395507812e+01
-8.461206054687500000e+02
-9.604462890625000000e+02
-9.344206542968750000e+02
-2.013659423828125000e+03
-1.984622314453125000e+03
-3.208752136230468750e+02
-1.529115844726562500e+03
-1.653300781250000000e+03
-1.294543914794921875e+02
-1.022274108886718750e+03
-1.160316162109375000e+03
-1.107815795898437500e+03
-2.111857666015625000e+03
-2.025733032226562500e+03
-5.531141357421875000e+02
-1.694915771484375000e+03
-1.754180908203125000e+03
-3.809046630859375000e+02
-1.232156616210937500e+03
-1.336051635742187500e+03
