1.616701354980468750e+02
3.817158889770507812e+01
1.764349975585937500e+02
5.632375335693359375e+01
8.572893142700195312e+00
1.734959716796875000e+02
1.696296691894531250e+01
6.532747650146484375e+01
2.129517745971679688e+01
4.139014282226562500e+02
2.470159912109375000e+02
3.224514160156250000e+02
4.515889892578125000e+02
1.075340347290039062e+02
1.151185870170593262e+00
2.518309478759765625e+02
1.749284362792968750e+02
4.359740447998046875e+01
1.421974182128906250e+01
4.249780273437500000e+02
9.084206390380859375e+01
2.279996032714843750e+02
1.384220886230468750e+02
8.345484924316406250e+01
1.396249675750732422e+01
8.016206741333007812e+00
2.404969215393066406e+01
8.707575798034667969e+00
1.938870544433593750e+02
1.779081821441650391e+00
2.647292613983154297e+00
1.877817993164062500e+02
7.360540771484375000e+01
2.149677467346191406e+01
1.229465026855468750e+02
4.992789077758789062e+01
6.764643669128417969e+00
1.126336135864257812e+02
9.165537834167480469e+00
4.286185836791992188e+01
2.041251373291015625e+01
2.430540771484375000e+02
1.940324859619140625e+02
2.471330718994140625e+02
2.804647521972656250e+02
3.846199798583984375e+01
5.209098458290100098e-01
1.815992279052734375e+02
1.285661621093750000e+02
3.585916900634765625e+01
8.465081214904785156e+00
2.545984954833984375e+02
7.119994354248046875e+01
2.104531555175781250e+02
9.549510192871093750e+01
5.595474243164062500e+01
9.264168739318847656e+00
2.447358131408691406e+00
1.990821838378906250e+01
6.822140693664550781e+00
1.316205291748046875e+02
1.596870541572570801e+00
1.020079255104064941e+00
1.146527099609375000e+02
1.266619186401367188e+02
2.509764099121093750e+01
1.216767349243164062e+02
4.403624343872070312e+01
7.105870723724365234e+00
1.631568756103515625e+02
1.512481307983398438e+01
4.707492065429687500e+01
2.294580078125000000e+01
3.813861694335937500e+02
2.141165618896484375e+02
3.130024108886718750e+02
4.071512451171875000e+02
9.183984375000000000e+01
7.681190371513366699e-01
2.127093200683593750e+02
1.819749450683593750e+02
2.507577896118164062e+01
1.196720790863037109e+01
4.201362304687500000e+02
7.633401489257812500e+01
1.970141296386718750e+02
1.550532836914062500e+02
6.670810699462890625e+01
1.051042938232421875e+01
4.441561698913574219e+00
1.431126308441162109e+01
5.094091415405273438e+00
1.757636718750000000e+02
7.574594616889953613e-01
2.154196262359619141e+00
1.640695495605468750e+02
3.232290506362915039e+00
9.171568751335144043e-01
3.759405851364135742e+00
1.232452630996704102e+00
1.127990335226058960e-01
3.935882091522216797e+00
4.260703027248382568e-01
1.957836866378784180e+00
6.190888881683349609e-01
1.497609519958496094e+01
6.229889869689941406e+00
9.746512413024902344e+00
1.454239845275878906e+01
1.821005702018737793e+00
3.856663033366203308e-02
6.067252635955810547e+00
9.193917274475097656e+00
1.195976376533508301e+00
2.384674400091171265e-01
1.609969329833984375e+01
1.309933423995971680e+00
4.689544200897216797e+00
5.760382175445556641e+00
1.725163459777832031e+00
3.582516610622406006e-01
1.140385046601295471e-01
6.690793633460998535e-01
1.001691669225692749e-01
5.834629535675048828e+00
5.146646499633789062e-02
2.907144278287887573e-02
6.004011154174804688e+00
3.434985876083374023e-01
1.571179330348968506e-01
6.053817272186279297e-01
2.092702873051166534e-02
-1.453105174005031586e-02
-3.634479641914367676e-02
-2.694257721304893494e-02
-7.110236585140228271e-02
1.305046677589416504e-01
1.066530466079711914e+00
-1.187611520290374756e-01
-5.270591378211975098e-01
4.963802099227905273e-01
2.958662509918212891e-01
0.000000000000000000e+00
3.644444942474365234e-01
-6.155353784561157227e-01
5.745052695274353027e-01
1.123882550746202469e-02
-3.316065073013305664e-01
1.239663287997245789e-01
-6.134942919015884399e-02
2.942048013210296631e-03
2.769642323255538940e-02
2.600430324673652649e-02
5.720002055168151855e-01
1.127081289887428284e-01
4.376679286360740662e-02
-4.408756494522094727e-01
1.846845448017120361e-02
2.911304309964179993e-02
-3.220734000205993652e-02
4.849124908447265625e+01
9.414783477783203125e+00
4.254113006591796875e+01
2.463012504577636719e+01
2.899851799011230469e+00
5.740163040161132812e+01
6.250916481018066406e+00
1.809945487976074219e+01
1.385590648651123047e+01
1.876646270751953125e+02
9.993159484863281250e+01
1.460091094970703125e+02
1.886807556152343750e+02
3.271714401245117188e+01
2.079334110021591187e-01
1.153015441894531250e+02
1.067961959838867188e+02
9.494140744209289551e-01
3.261166810989379883e+00
2.409149627685546875e+02
2.771494865417480469e+01
8.512507629394531250e+01
1.020505752563476562e+02
1.988565635681152344e+01
6.786491394042968750e+00
2.237137556076049805e-01
6.271180152893066406e+00
1.250926494598388672e+00
8.182286071777343750e+01
-2.055021226406097412e-01
6.389329433441162109e-01
9.119765472412109375e+01
2.847100830078125000e+02
6.007072448730468750e+01
2.284952239990234375e+02
1.140864181518554688e+02
1.065772247314453125e+01
3.350857849121093750e+02
4.336596679687500000e+01
8.818562316894531250e+01
4.106937408447265625e+01
8.448385009765625000e+02
4.977268676757812500e+02
5.549745483398437500e+02
7.420109863281250000e+02
1.606174011230468750e+02
1.772948145866394043e+00
4.455193176269531250e+02
3.395418395996093750e+02
1.342008304595947266e+01
1.913648414611816406e+01
8.890669555664062500e+02
1.367374572753906250e+02
4.258836364746093750e+02
2.883725891113281250e+02
1.472595520019531250e+02
2.860874176025390625e+01
-5.468566894531250000e+00
5.458957290649414062e+01
9.652914047241210938e+00
3.122600708007812500e+02
7.199528217315673828e-01
9.432272911071777344e-01
3.664623718261718750e+02
1.737090911865234375e+02
3.392242431640625000e+01
1.709863281250000000e+02
7.140307617187500000e+01
9.495288848876953125e+00
2.293261566162109375e+02
2.033670616149902344e+01
6.476064300537109375e+01
3.267399597167968750e+01
5.269229736328125000e+02
3.281925048828125000e+02
4.366461181640625000e+02
5.303249511718750000e+02
1.065651016235351562e+02
1.303494691848754883e+00
3.070794067382812500e+02
2.502554321289062500e+02
3.009226799011230469e+01
1.525235652923583984e+01
5.763118286132812500e+02
1.020625762939453125e+02
3.078502197265625000e+02
2.098890838623046875e+02
9.214395141601562500e+01
1.529027843475341797e+01
3.584101438522338867e+00
2.338984298706054688e+01
6.444315433502197266e+00
2.398013610839843750e+02
9.979813098907470703e-01
1.924429059028625488e+00
2.312344360351562500e+02
1.472901439666748047e+01
4.077568054199218750e+00
1.912699127197265625e+01
4.869101524353027344e+00
8.963308334350585938e-01
4.697135925292968750e+00
2.083401918411254883e+00
8.272779464721679688e+00
2.364547252655029297e+00
5.674385833740234375e+01
7.540262222290039062e+00
3.121889686584472656e+01
6.429290771484375000e+01
1.767078399658203125e+01
-1.563353464007377625e-02
1.933839416503906250e+01
2.101365280151367188e+01
1.124556159973144531e+01
1.319042444229125977e+00
2.448824119567871094e+01
5.828360080718994141e+00
5.475163459777832031e+00
1.091466522216796875e+01
6.273634910583496094e+00
1.453672289848327637e+00
3.430159091949462891e+00
1.641826748847961426e+00
1.498197317123413086e+00
2.658694839477539062e+01
4.299543797969818115e-01
1.281512618064880371e+00
1.397479248046875000e+01
1.473362121582031250e+02
3.297817611694335938e+01
1.825423278808593750e+02
8.229261779785156250e+01
8.912370681762695312e+00
1.737761840820312500e+02
1.876441192626953125e+01
6.403819274902343750e+01
3.394134902954101562e+01
5.216443481445312500e+02
3.111600952148437500e+02
4.035228576660156250e+02
5.259871215820312500e+02
8.684671783447265625e+01
8.115092515945434570e-01
3.027612304687500000e+02
2.345387420654296875e+02
4.652880096435546875e+01
1.367259979248046875e+01
5.051337280273437500e+02
8.986999511718750000e+01
2.675707702636718750e+02
1.709982299804687500e+02
8.565373229980468750e+01
1.553451061248779297e+01
6.098184108734130859e+00
2.838364791870117188e+01
7.781384468078613281e+00
2.260187072753906250e+02
2.138400316238403320e+00
2.547095060348510742e+00
2.203609619140625000e+02
-5.586045742034912109e+00
2.442076802253723145e-02
3.817556381225585938e+00
4.421656429767608643e-01
-2.594200074672698975e-01
-5.883321762084960938e-01
-2.495101988315582275e-01
3.252737045288085938e+00
-2.208087295293807983e-01
9.795786142349243164e-01
-1.189751338958740234e+01
-7.350397586822509766e+00
1.234975218772888184e+00
5.741845607757568359e+00
1.088597252964973450e-02
-7.026484012603759766e+00
-6.056190490722656250e+00
3.394474744796752930e+00
3.702597320079803467e-01
-1.033623695373535156e+01
-3.074792623519897461e+00
-8.305953979492187500e+00
-1.675621271133422852e+00
-2.427030086517333984e+00
-2.987027168273925781e-01
9.890952110290527344e-01
-6.941700577735900879e-01
-1.223962008953094482e-02
9.202236175537109375e+00
1.328432112932205200e-01
5.205113887786865234e-01
-6.760260105133056641e+00
1.193567504882812500e+02
1.036729335784912109e+01
1.012385864257812500e+02
5.708375549316406250e+01
7.479476928710937500e+00
1.533447265625000000e+02
1.490337085723876953e+01
4.587704849243164062e+01
2.466727828979492188e+01
3.146601257324218750e+02
1.968404998779296875e+02
2.753898010253906250e+02
3.351554870605468750e+02
6.079312133789062500e+01
7.353959679603576660e-01
1.866994018554687500e+02
1.685722808837890625e+02
1.808226585388183594e+01
7.989129066467285156e+00
3.966080627441406250e+02
4.050291442871093750e+01
1.895799713134765625e+02
1.024711608886718750e+02
3.657142257690429688e+01
6.448360443115234375e+00
3.617270946502685547e+00
1.340270137786865234e+01
2.706196784973144531e+00
2.029003601074218750e+02
8.872075080871582031e-01
2.512249708175659180e+00
1.347926483154296875e+02
-2.098416900634765625e+02
-3.697497558593750000e+01
-1.949237213134765625e+02
-9.791976928710937500e+01
-1.343725490570068359e+01
-2.830689392089843750e+02
-3.186147499084472656e+01
-7.485341644287109375e+01
-4.704149246215820312e+01
-8.078117065429687500e+02
-4.916282653808593750e+02
-6.185746459960937500e+02
-6.561164550781250000e+02
-1.156325454711914062e+02
-1.166895866394042969e+00
-4.020133666992187500e+02
-3.937947387695312500e+02
-1.891038513183593750e+01
-1.651067543029785156e+01
-8.204442749023437500e+02
-1.092505493164062500e+02
-4.060790710449218750e+02
-2.780646972656250000e+02
-1.185091400146484375e+02
-1.816093635559082031e+01
2.826100587844848633e-01
-3.430403518676757812e+01
-4.705056190490722656e+00
-3.302556152343750000e+02
-6.816481947898864746e-01
-2.024909496307373047e+00
-3.065749206542968750e+02
2.775900459289550781e+01
-6.895766258239746094e-01
1.363798809051513672e+01
-3.119940042495727539e+00
3.035266697406768799e-01
4.895329284667968750e+01
3.368426799774169922e+00
-2.261087179183959961e+00
1.289497613906860352e+00
1.339375114440917969e+01
1.929311370849609375e+01
1.793214035034179688e+01
2.548678398132324219e+01
1.456459712982177734e+01
2.847055196762084961e-01
3.155139160156250000e+01
1.105690956115722656e+01
-1.054603385925292969e+01
6.314398050308227539e-01
7.430781555175781250e+01
1.163192272186279297e+01
3.611879730224609375e+01
2.768586921691894531e+01
1.044208431243896484e+01
2.113349139690399170e-01
-1.414131164550781250e+00
-6.951949596405029297e-01
1.271805614233016968e-01
2.749358749389648438e+01
-8.225549459457397461e-01
-1.880504041910171509e-01
2.649414253234863281e+01
-4.755742549896240234e+00
-1.843693137168884277e+00
-1.772261047363281250e+01
-9.272252082824707031e+00
-8.130960464477539062e-01
-3.994339227676391602e+00
-8.293014764785766602e-01
-6.826243400573730469e+00
-3.437789440155029297e+00
-4.083204650878906250e+01
-2.118598747253417969e+01
-2.466279411315917969e+01
-4.991806793212890625e+01
-5.198921680450439453e+00
-6.250612437725067139e-03
-2.470297622680664062e+01
-1.309283161163330078e+01
-1.017347335815429688e+01
-1.312872648239135742e+00
-2.279100418090820312e+01
-7.012810707092285156e+00
-1.359575366973876953e+01
-7.564798355102539062e+00
-6.172909736633300781e+00
-1.817470431327819824e+00
-1.400518774986267090e+00
-1.952230572700500488e+00
-1.415170550346374512e+00
-2.080562019348144531e+01
-4.210852682590484619e-01
-4.521459043025970459e-01
-1.103714561462402344e+01
6.015331420898437500e+02
1.354247894287109375e+02
6.282349853515625000e+02
2.335293426513671875e+02
3.064160537719726562e+01
9.632727661132812500e+02
1.775544128417968750e+02
3.210849914550781250e+02
6.787464141845703125e+01
2.503230957031250000e+03
1.029270629882812500e+03
1.371053466796875000e+03
2.322643798828125000e+03
5.585367431640625000e+02
5.160881996154785156e+00
9.528378295898437500e+02
9.501654663085937500e+02
6.414232635498046875e+01
5.664286041259765625e+01
2.568750488281250000e+03
2.670932312011718750e+02
7.594546508789062500e+02
7.857999267578125000e+02
3.395091857910156250e+02
7.770949554443359375e+01
2.848708629608154297e+00
9.882540130615234375e+01
1.614597320556640625e+01
9.255243530273437500e+02
4.814873218536376953e+00
9.529520034790039062e+00
7.089367675781250000e+02
6.539991855621337891e+00
-1.337195515632629395e+00
-1.835149765014648438e+01
-7.436785221099853516e+00
-2.242885828018188477e-01
1.534241676330566406e+00
7.188668251037597656e-01
-5.886731147766113281e+00
-2.741799592971801758e+00
-1.950295639038085938e+01
-1.247680950164794922e+01
-1.799169921875000000e+01
-3.524736404418945312e+01
-8.762739896774291992e-01
2.496614120900630951e-02
-2.095531272888183594e+01
-1.468438053131103516e+01
-1.342566585540771484e+01
-6.638264060020446777e-01
-2.736102581024169922e+00
-1.918016552925109863e+00
-3.350253105163574219e+00
2.633365631103515625e+00
-3.753419637680053711e+00
-2.716648340225219727e+00
-1.643784880638122559e+00
-2.141621112823486328e+00
-1.690970182418823242e+00
-2.544988250732421875e+01
-3.888996243476867676e-01
-6.658859848976135254e-01
-1.024102020263671875e+01
-3.710357666015625000e+01
-6.604853630065917969e+00
-3.993473434448242188e+01
-1.709689331054687500e+01
-1.105294585227966309e+00
-4.249092864990234375e+01
-8.401844024658203125e+00
-1.318905830383300781e+01
-7.689656257629394531e+00
-1.564279022216796875e+02
-7.798701477050781250e+01
-7.994948577880859375e+01
-1.224659194946289062e+02
-1.943070602416992188e+01
-6.430187076330184937e-02
-8.335076904296875000e+01
-4.981676101684570312e+01
-7.238048076629638672e+00
-2.723728895187377930e+00
-1.452756500244140625e+02
-2.186288642883300781e+01
-6.204370117187500000e+01
-5.058009338378906250e+01
-2.256577491760253906e+01
-3.753458499908447266e+00
-1.229619503021240234e+00
-8.812675476074218750e+00
-2.439111948013305664e+00
-5.569940185546875000e+01
-3.229481279850006104e-01
-4.749582707881927490e-01
-6.138924407958984375e+01
-5.456906890869140625e+01
-7.584369182586669922e+00
-7.826660919189453125e+01
-3.364214324951171875e+01
-5.147999286651611328e+00
-8.803883361816406250e+01
-6.278724193572998047e+00
-2.648419570922851562e+01
-1.953723144531250000e+01
-1.973937377929687500e+02
-1.502140350341796875e+02
-1.960537719726562500e+02
-2.148492431640625000e+02
-2.578136825561523438e+01
-4.151811897754669189e-01
-1.353327484130859375e+02
-1.131686172485351562e+02
-2.154095840454101562e+01
-5.736864566802978516e+00
-2.165412902832031250e+02
-4.669603347778320312e+01
-1.539448852539062500e+02
-8.209679412841796875e+01
-3.090913391113281250e+01
-4.224238872528076172e+00
-2.154749631881713867e+00
-8.022209167480468750e+00
-3.272787570953369141e+00
-1.202264251708984375e+02
-1.273088932037353516e+00
-8.539683222770690918e-01
-8.086724090576171875e+01
5.191294860839843750e+01
1.105860805511474609e+01
1.178448562622070312e+02
6.046439361572265625e+01
6.263920783996582031e+00
7.494651031494140625e+01
4.695885181427001953e+00
4.238922882080078125e+01
2.507578468322753906e+01
2.333272705078125000e+02
1.871527862548828125e+02
2.247287750244140625e+02
2.762203063964843750e+02
2.873221778869628906e+01
3.782460987567901611e-01
1.637750396728515625e+02
1.182891769409179688e+02
5.004311752319335938e+01
8.039510726928710938e+00
2.172308349609375000e+02
6.054556274414062500e+01
1.662404785156250000e+02
8.197374725341796875e+01
3.668413543701171875e+01
7.911237239837646484e+00
5.174669265747070312e+00
1.255518150329589844e+01
6.465243339538574219e+00
1.500510101318359375e+02
2.255657196044921875e+00
1.865775585174560547e+00
9.173006439208984375e+01
1.665023498535156250e+02
2.493271636962890625e+01
1.475907440185546875e+02
6.872184753417968750e+01
1.252029323577880859e+01
1.706572875976562500e+02
1.296579933166503906e+01
5.963391876220703125e+01
4.723355102539062500e+01
4.772158813476562500e+02
3.313482666015625000e+02
4.324243469238281250e+02
5.131446533203125000e+02
8.764820098876953125e+01
6.234346032142639160e-01
2.794298095703125000e+02
2.802120666503906250e+02
4.304654312133789062e+01
1.505110549926757812e+01
4.960065917968750000e+02
1.102116394042968750e+02
3.320268249511718750e+02
2.256063995361328125e+02
6.517449188232421875e+01
1.095592880249023438e+01
3.817491292953491211e+00
1.921272277832031250e+01
6.681063652038574219e+00
2.466048736572265625e+02
1.215005517005920410e+00
3.257038593292236328e+00
1.876871948242187500e+02
1.329209041595458984e+01
1.898466229438781738e+00
5.515460014343261719e+00
-1.981482863426208496e+00
1.123296499252319336e+00
3.278014373779296875e+01
1.463238000869750977e+00
-6.965483427047729492e-01
2.607598602771759033e-01
2.212487983703613281e+01
2.373472213745117188e+01
2.457494544982910156e+01
1.387206172943115234e+01
8.413166046142578125e+00
1.642988324165344238e-01
1.606276512145996094e+01
1.259817695617675781e+01
-4.180081844329833984e+00
1.506239414215087891e+00
3.539454650878906250e+01
1.115246677398681641e+01
3.736127853393554688e+01
1.286998558044433594e+01
9.663606643676757812e+00
-2.853213250637054443e-01
3.410815447568893433e-02
5.239861011505126953e-01
-3.137229084968566895e-01
1.351926803588867188e+01
1.148395822383463383e-03
-2.506937086582183838e-01
1.156065845489501953e+01
2.803044891357421875e+01
1.764590263366699219e+01
1.451172485351562500e+02
4.510888290405273438e+01
4.588273048400878906e+00
5.417323303222656250e+01
4.684675693511962891e+00
4.985154724121093750e+01
2.367914009094238281e+01
2.093787536621093750e+02
1.179829788208007812e+02
1.819562225341796875e+02
3.446216125488281250e+02
3.822919464111328125e+01
1.273575276136398315e-01
1.478774108886718750e+02
1.220054168701171875e+02
6.495332336425781250e+01
9.169514656066894531e+00
1.551186370849609375e+02
5.104644393920898438e+01
1.022693176269531250e+02
8.435598754882812500e+01
3.412598037719726562e+01
1.096277999877929688e+01
9.829332351684570312e+00
9.162234306335449219e+00
1.101453113555908203e+01
1.736123352050781250e+02
3.356371641159057617e+00
3.258321762084960938e+00
8.627667999267578125e+01
2.158038330078125000e+01
3.246038913726806641e+00
1.960145759582519531e+01
1.614748573303222656e+01
-2.818002104759216309e-01
1.982562255859375000e+01
5.758073329925537109e+00
1.226051330566406250e+01
4.825340747833251953e+00
8.041720581054687500e+01
2.721938705444335938e+01
6.752987670898437500e+01
1.202709121704101562e+02
3.349516677856445312e+01
3.589438274502754211e-03
4.363018417358398438e+01
3.622285461425781250e+01
-1.375854134559631348e+00
2.122397899627685547e+00
1.480842590332031250e+02
4.359921932220458984e+00
4.361258506774902344e+00
5.162524795532226562e+01
9.203460693359375000e+00
1.562047958374023438e+00
1.633859395980834961e+00
-1.405561208724975586e+00
-1.019341826438903809e+00
6.362680816650390625e+01
5.092789605259895325e-02
8.316627740859985352e-01
4.193423461914062500e+01
5.010834045410156250e+02
1.626965484619140625e+02
9.836279907226562500e+02
2.905898742675781250e+02
3.515477371215820312e+01
6.594230346679687500e+02
8.477089691162109375e+01
4.142639465332031250e+02
8.848558807373046875e+01
1.199485351562500000e+03
1.000562805175781250e+03
1.338204101562500000e+03
1.964232421875000000e+03
3.914232177734375000e+02
2.754520416259765625e+00
1.132853881835937500e+03
6.273632202148437500e+02
3.021157836914062500e+02
6.137314605712890625e+01
1.467101196289062500e+03
4.150926818847656250e+02
8.588319702148437500e+02
5.081526184082031250e+02
3.630659484863281250e+02
9.665303802490234375e+01
2.851587486267089844e+01
9.807565307617187500e+01
5.489406967163085938e+01
8.623851318359375000e+02
1.375847434997558594e+01
1.570991992950439453e+01
7.113543090820312500e+02
6.198020172119140625e+01
7.598967075347900391e+00
5.330701446533203125e+01
2.365856361389160156e+01
2.483108758926391602e+00
7.914649200439453125e+01
5.612803459167480469e+00
2.439575195312500000e+01
1.376202678680419922e+01
2.008820648193359375e+02
9.473110198974609375e+01
1.602568359375000000e+02
2.150718078613281250e+02
4.746409225463867188e+01
5.321984291076660156e-01
1.038352508544921875e+02
9.562458038330078125e+01
1.427812862396240234e+01
5.616983890533447266e+00
2.120668640136718750e+02
2.960633850097656250e+01
1.005288619995117188e+02
7.762825012207031250e+01
2.656260490417480469e+01
4.010045051574707031e+00
4.193965911865234375e+00
5.883457660675048828e+00
1.931884407997131348e+00
1.057286758422851562e+02
6.130366921424865723e-01
1.747633695602416992e+00
7.604175567626953125e+01
-1.085312271118164062e+01
-2.140770912170410156e+00
4.088431835174560547e+00
7.505369782447814941e-01
4.894740879535675049e-01
-5.521340370178222656e+00
-8.349885940551757812e-01
3.671388626098632812e+00
1.960158705711364746e+00
-5.567101955413818359e+00
-1.173998260498046875e+01
-1.678017973899841309e-01
2.110084724426269531e+01
5.991059541702270508e-01
-3.492306917905807495e-02
-2.864720344543457031e+00
2.914284706115722656e+00
8.699699401855468750e+00
4.733369946479797363e-01
-9.823886871337890625e+00
-1.351819634437561035e+00
-7.659355163574218750e+00
-4.816831350326538086e-01
-5.442062377929687500e+00
4.403569102287292480e-01
1.702233672142028809e+00
-1.297971248626708984e+00
7.440710067749023438e-01
9.419800758361816406e+00
3.462732434272766113e-01
5.446848273277282715e-01
-5.386572360992431641e+00
3.161250610351562500e+02
7.201045989990234375e+01
4.392604064941406250e+02
2.260426025390625000e+02
2.262967109680175781e+01
4.049302673339843750e+02
3.735853195190429688e+01
1.342301940917968750e+02
7.918551635742187500e+01
1.019263671875000000e+03
8.133637084960937500e+02
9.347355346679687500e+02
9.939747924804687500e+02
1.132826309204101562e+02
1.831874608993530273e+00
6.952690429687500000e+02
4.467511291503906250e+02
1.114253616333007812e+02
2.923731803894042969e+01
9.963583374023437500e+02
2.399076995849609375e+02
7.179051513671875000e+02
3.542602539062500000e+02
1.950179290771484375e+02
3.832384872436523438e+01
2.452847957611083984e+00
7.539369964599609375e+01
2.060301780700683594e+01
4.441663818359375000e+02
4.894045352935791016e+00
1.523883700370788574e+00
4.732450561523437500e+02
-8.215188598632812500e+01
-3.638041687011718750e+01
-9.853220367431640625e+01
-2.310450935363769531e+01
-6.588109493255615234e+00
-2.751353454589843750e+02
-1.022755527496337891e+01
-3.824026823043823242e+00
-1.007837867736816406e+01
-1.083494949340820312e+02
-2.289894561767578125e+02
-2.358094635009765625e+02
-2.534076080322265625e+02
-7.300237274169921875e+01
-1.827264070510864258e+00
-2.225187683105468750e+02
-4.276261520385742188e+01
7.646566867828369141e+00
-1.061908912658691406e+01
-3.445406188964843750e+02
-8.110425567626953125e+01
-2.197205352783203125e+02
-1.116306457519531250e+02
-5.307328033447265625e+01
-1.095956802368164062e+01
2.413412284851074219e+01
-2.870863533020019531e+01
-1.839568328857421875e+01
-1.354907226562500000e+02
-7.982218861579895020e-01
2.787760734558105469e+00
-1.667859344482421875e+02
6.656250000000000000e+01
1.898508453369140625e+01
6.391119766235351562e+01
3.868037796020507812e+01
4.706335067749023438e+00
5.196507644653320312e+01
7.625376701354980469e+00
2.693846130371093750e+01
1.051698017120361328e+01
2.306624603271484375e+02
1.301369781494140625e+02
1.800007171630859375e+02
1.922524108886718750e+02
2.994721412658691406e+01
1.049376204609870911e-01
1.148998107910156250e+02
9.942388153076171875e+01
2.138842391967773438e+01
5.078206062316894531e+00
1.807496948242187500e+02
3.090170669555664062e+01
9.380890655517578125e+01
4.687611770629882812e+01
3.425459671020507812e+01
8.579837799072265625e+00
5.208456039428710938e+00
1.867360877990722656e+01
2.576196908950805664e+00
6.372125625610351562e+01
1.245812416076660156e+00
1.020354509353637695e+00
8.754843902587890625e+01
-1.333755850791931152e+00
-2.575955092906951904e-01
-3.498733997344970703e+00
-2.657766103744506836e+00
-1.189790442585945129e-01
-2.897768497467041016e+00
-1.860965192317962646e-01
-1.001151204109191895e+00
-5.569425225257873535e-01
-4.294511318206787109e+00
-7.183901309967041016e+00
-7.645863056182861328e+00
-7.351858615875244141e+00
-4.278140962123870850e-01
-1.956127956509590149e-02
-5.790000438690185547e+00
-2.051201820373535156e+00
-1.022864937782287598e+00
-3.455218672752380371e-01
-7.629641532897949219e+00
-2.771608352661132812e+00
-4.827606201171875000e+00
-4.351781845092773438e+00
-1.050967216491699219e+00
-3.710353374481201172e-01
5.050933361053466797e-02
-3.634843230247497559e-01
-2.240845859050750732e-01
-2.582897663116455078e+00
-4.689622437581419945e-04
5.716894567012786865e-02
-3.148196697235107422e+00
3.198060989379882812e+01
2.936400413513183594e+00
2.572468566894531250e+01
1.075427246093750000e+01
1.370326399803161621e+00
4.477896881103515625e+01
3.872101306915283203e+00
1.043232440948486328e+01
5.823119640350341797e+00
9.589298248291015625e+01
5.217382812500000000e+01
7.217124176025390625e+01
1.097943038940429688e+02
2.705667686462402344e+01
1.988926231861114502e-01
5.559343719482421875e+01
4.816527938842773438e+01
3.308241844177246094e+00
3.268196344375610352e+00
1.086294479370117188e+02
1.495501327514648438e+01
4.521220016479492188e+01
4.047619628906250000e+01
1.710555648803710938e+01
2.753056764602661133e+00
6.418070793151855469e-01
2.431008577346801758e+00
1.029483199119567871e+00
5.259611129760742188e+01
9.947554767131805420e-02
7.647100687026977539e-01
3.802207946777343750e+01
1.780560150146484375e+02
3.132096099853515625e+01
1.327972564697265625e+02
3.004768753051757812e+01
7.678412437438964844e+00
1.688303222656250000e+02
1.475198841094970703e+01
5.087042617797851562e+01
2.307879257202148438e+01
3.796980285644531250e+02
2.072370452880859375e+02
3.099658813476562500e+02
3.899960937500000000e+02
1.232527999877929688e+02
1.199191451072692871e+00
2.354390411376953125e+02
1.841692962646484375e+02
2.457618331909179688e+01
1.375438690185546875e+01
4.592717285156250000e+02
9.649119567871093750e+01
2.351366271972656250e+02
1.760464477539062500e+02
6.359600830078125000e+01
7.334425449371337891e+00
5.032143592834472656e+00
1.764724922180175781e+01
5.290756702423095703e+00
1.681188507080078125e+02
5.617849826812744141e-01
3.092713117599487305e+00
1.855491485595703125e+02
5.238630981445312500e+02
1.011016235351562500e+02
5.799924316406250000e+02
2.483016967773437500e+02
2.913100814819335938e+01
6.269037475585937500e+02
6.919494628906250000e+01
2.272937927246093750e+02
1.066902770996093750e+02
1.768832031250000000e+03
9.455383911132812500e+02
1.364859741210937500e+03
1.851709350585937500e+03
3.520779418945312500e+02
2.904289007186889648e+00
9.624718627929687500e+02
7.710549926757812500e+02
1.529138641357421875e+02
5.038620376586914062e+01
1.734518676757812500e+03
2.943851318359375000e+02
8.271588745117187500e+02
6.003001708984375000e+02
2.739727783203125000e+02
5.219704437255859375e+01
2.439784240722656250e+01
7.398093414306640625e+01
2.523747062683105469e+01
8.128291015625000000e+02
5.854229450225830078e+00
1.129111480712890625e+01
6.836409301757812500e+02
1.973119201660156250e+02
3.814771652221679688e+01
1.404128875732421875e+02
6.470173645019531250e+01
8.810154914855957031e+00
2.165997467041015625e+02
1.732755851745605469e+01
4.239448165893554688e+01
2.949064445495605469e+01
3.845847167968750000e+02
3.449075317382812500e+02
3.873873291015625000e+02
3.132162780761718750e+02
4.136392211914062500e+01
1.213437676429748535e+00
2.818570556640625000e+02
1.847099151611328125e+02
1.104001712799072266e+01
1.114654731750488281e+01
4.590222473144531250e+02
1.101219863891601562e+02
3.734316101074218750e+02
1.808418121337890625e+02
9.251892852783203125e+01
1.098437595367431641e+01
-6.152387619018554688e+00
3.512604904174804688e+01
6.510558605194091797e+00
1.284861297607421875e+02
5.941012874245643616e-03
-2.061883211135864258e+00
2.184539642333984375e+02
-5.318983078002929688e+01
-8.591784477233886719e+00
-6.204295349121093750e+01
-3.342519760131835938e+01
-3.684384346008300781e+00
-7.188627624511718750e+01
-1.062100410461425781e+01
-1.981969070434570312e+01
-8.621356964111328125e+00
-2.194278411865234375e+02
-1.122413330078125000e+02
-1.425713958740234375e+02
-1.961782226562500000e+02
-3.649341201782226562e+01
-2.633404731750488281e-01
-1.122189712524414062e+02
-8.391802215576171875e+01
-7.493483543395996094e+00
-4.630445957183837891e+00
-2.046156005859375000e+02
-2.747956275939941406e+01
-8.696749114990234375e+01
-5.684366226196289062e+01
-3.100384140014648438e+01
-6.920356750488281250e+00
-1.441865086555480957e+00
-1.143479728698730469e+01
-2.552152156829833984e+00
-7.987481689453125000e+01
-1.678002178668975830e-01
-9.241014719009399414e-01
-7.735697174072265625e+01
1.256319046020507812e+02
2.691744995117187500e+01
1.316309051513671875e+02
6.070533752441406250e+01
6.246572971343994141e+00
1.628499298095703125e+02
1.660776710510253906e+01
5.125864028930664062e+01
2.281081771850585938e+01
3.690354614257812500e+02
2.382790222167968750e+02
3.192766723632812500e+02
3.764527893066406250e+02
7.817321777343750000e+01
8.076696395874023438e-01
2.288280487060546875e+02
1.603702697753906250e+02
2.482153701782226562e+01
1.105087566375732422e+01
4.065431518554687500e+02
7.065821838378906250e+01
2.134810943603515625e+02
1.327506103515625000e+02
6.755667877197265625e+01
1.164527893066406250e+01
2.926830768585205078e+00
1.857894325256347656e+01
5.736526489257812500e+00
1.774361267089843750e+02
9.187164902687072754e-01
1.518918514251708984e+00
1.689973754882812500e+02
-1.476970195770263672e+00
1.352780342102050781e+00
-1.276788413524627686e-01
-2.032909870147705078e+00
2.091890126466751099e-01
-1.078921890258789062e+01
-8.282922506332397461e-01
4.332353591918945312e+00
-7.085419297218322754e-01
6.748476028442382812e+00
-2.006842041015625000e+01
-1.207566928863525391e+01
1.174885368347167969e+01
4.507039546966552734e+00
-5.936548858880996704e-02
-8.195658683776855469e+00
-5.226486921310424805e-01
8.702105522155761719e+00
3.763975203037261963e-01
-2.879243087768554688e+01
-6.503788471221923828e+00
-2.108937644958496094e+01
-1.057122230529785156e+01
-2.663151264190673828e+00
9.062368869781494141e-01
1.935024499893188477e+00
-1.937036365270614624e-01
9.444606900215148926e-01
-4.671541690826416016e+00
4.301434159278869629e-01
7.449294924736022949e-01
-7.919895648956298828e+00
2.097471714019775391e+00
6.890513896942138672e-01
2.668197870254516602e+00
1.334354043006896973e+00
6.861539930105209351e-02
9.187079071998596191e-01
5.420935153961181641e-02
4.606977999210357666e-01
1.786364465951919556e-01
7.642743587493896484e+00
2.609866142272949219e+00
6.430061340332031250e+00
6.023907661437988281e+00
9.562299251556396484e-01
-1.696893479675054550e-03
3.976269483566284180e+00
1.329603910446166992e+00
3.894405961036682129e-01
8.159910887479782104e-02
5.517099857330322266e+00
5.509107112884521484e-01
1.521437883377075195e+00
1.129763722419738770e+00
1.615539789199829102e+00
2.306044399738311768e-01
0.000000000000000000e+00
2.671754658222198486e-01
6.774799525737762451e-02
1.159332275390625000e+00
7.653360813856124878e-02
1.084776408970355988e-02
3.561795234680175781e+00
9.624079132080078125e+01
2.027019882202148438e+01
1.181514129638671875e+02
3.702267074584960938e+01
7.163162708282470703e+00
1.202470397949218750e+02
1.058199977874755859e+01
3.973690032958984375e+01
1.702017974853515625e+01
2.565266418457031250e+02
1.602545318603515625e+02
2.112163696289062500e+02
3.006896362304687500e+02
6.871121978759765625e+01
7.114297747611999512e-01
1.596566314697265625e+02
1.076402435302734375e+02
2.881962585449218750e+01
1.075552845001220703e+01
2.492471313476562500e+02
7.050930023193359375e+01
1.766999816894531250e+02
1.079080886840820312e+02
5.289334106445312500e+01
8.286113739013671875e+00
5.467077732086181641e+00
1.600558853149414062e+01
5.229434013366699219e+00
1.194356155395507812e+02
8.575098514556884766e-01
2.056492090225219727e+00
1.025733108520507812e+02
1.593194580078125000e+02
3.299185180664062500e+01
1.869153137207031250e+02
7.454219055175781250e+01
9.602824211120605469e+00
2.034438018798828125e+02
1.899794960021972656e+01
6.525772857666015625e+01
3.552857971191406250e+01
5.164533691406250000e+02
3.263377380371093750e+02
4.155676574707031250e+02
5.482741699218750000e+02
1.090157623291015625e+02
1.163899302482604980e+00
3.079807128906250000e+02
2.358584594726562500e+02
4.793454360961914062e+01
1.693270111083984375e+01
5.353267822265625000e+02
1.103088455200195312e+02
2.967313537597656250e+02
2.079939880371093750e+02
8.543256378173828125e+01
1.387150669097900391e+01
6.758592605590820312e+00
2.405599212646484375e+01
7.726847171783447266e+00
2.586358947753906250e+02
1.624949812889099121e+00
3.176133871078491211e+00
2.116022033691406250e+02
9.514564871788024902e-01
-2.501634955406188965e-01
-3.993979930877685547e+00
-8.958445191383361816e-01
-1.332620084285736084e-01
1.208378076553344727e+00
4.730489850044250488e-02
-1.042235493659973145e+00
-4.261704683303833008e-01
1.334533333778381348e+00
3.282945156097412109e-01
-7.753585577011108398e-01
-1.984816789627075195e+00
-1.299437880516052246e-01
6.380663719028234482e-03
-1.186248779296875000e+00
6.488928198814392090e-01
-3.211670875549316406e+00
-9.775766730308532715e-02
3.146551370620727539e+00
-8.780458569526672363e-01
-3.818140327930450439e-01
3.876836225390434265e-02
1.495094001293182373e-01
-1.145626008510589600e-01
-1.008896231651306152e+00
-3.037559688091278076e-01
-2.437690794467926025e-01
-8.489990234375000000e-01
-1.737753897905349731e-01
-1.472907960414886475e-01
3.043263256549835205e-01
2.291708526611328125e+02
4.623902511596679688e+01
1.940797729492187500e+02
7.342733764648437500e+01
1.206329154968261719e+01
2.878457336425781250e+02
3.097932052612304688e+01
7.572984313964843750e+01
4.135072708129882812e+01
7.043151855468750000e+02
4.035898742675781250e+02
5.245904541015625000e+02
6.677322998046875000e+02
1.307868804931640625e+02
1.342706680297851562e+00
3.592306213378906250e+02
3.434177856445312500e+02
3.798804855346679688e+01
1.910473632812500000e+01
7.455745849609375000e+02
1.400070495605468750e+02
3.675133056640625000e+02
2.989191284179687500e+02
1.230752563476562500e+02
1.924438095092773438e+01
1.880796074867248535e+00
2.700708198547363281e+01
7.154251575469970703e+00
2.775381774902343750e+02
1.162390351295471191e+00
2.263673543930053711e+00
2.903995056152343750e+02
4.985616207122802734e-01
3.167561292648315430e-01
1.593536734580993652e+00
6.351488828659057617e-02
3.512106835842132568e-02
4.852475821971893311e-01
-1.996510848402976990e-02
3.152285218238830566e-01
1.241480410099029541e-01
1.582201421260833740e-01
5.823879837989807129e-01
1.359146595001220703e+00
1.804996252059936523e+00
5.270614027976989746e-01
-9.551088442094624043e-04
1.352519869804382324e+00
1.177597492933273315e-01
1.309284269809722900e-01
1.277958303689956665e-01
1.375924199819564819e-01
8.449563980102539062e-01
1.714995503425598145e+00
4.916875660419464111e-01
2.231190204620361328e-01
3.071741573512554169e-02
1.207806617021560669e-01
9.078988432884216309e-02
6.637806445360183716e-02
3.673765659332275391e-01
1.624204742256551981e-04
1.248524524271488190e-02
4.095939695835113525e-01
8.997239685058593750e+01
1.764102172851562500e+01
9.015793609619140625e+01
2.132435989379882812e+01
5.441654205322265625e+00
1.607588653564453125e+02
8.065307617187500000e+00
3.626470947265625000e+01
1.588046073913574219e+01
2.246576385498046875e+02
1.517118682861328125e+02
2.031631469726562500e+02
2.566679077148437500e+02
6.068650436401367188e+01
7.964655160903930664e-01
1.436431732177734375e+02
1.110929794311523438e+02
1.370808410644531250e+01
1.079479694366455078e+01
2.992603454589843750e+02
4.753506088256835938e+01
1.674404602050781250e+02
1.195893325805664062e+02
4.670763397216796875e+01
7.072682380676269531e+00
2.411688804626464844e+00
7.357222557067871094e+00
4.221307754516601562e+00
1.330066070556640625e+02
2.864606380462646484e-01
9.854004979133605957e-01
8.959432983398437500e+01
4.598437118530273438e+01
1.347423171997070312e+01
1.121946563720703125e+02
5.669883728027343750e+01
4.001682281494140625e+00
4.841990280151367188e+01
7.964069366455078125e+00
4.810852432250976562e+01
1.785105323791503906e+01
2.304683990478515625e+02
1.274400024414062500e+02
1.959195556640625000e+02
2.949056701660156250e+02
3.878068923950195312e+01
2.499612420797348022e-01
1.383622131347656250e+02
9.385073089599609375e+01
4.467316436767578125e+01
6.759767532348632812e+00
1.918155975341796875e+02
4.227493667602539062e+01
1.097879562377929688e+02
7.076880645751953125e+01
2.704698181152343750e+01
1.081501770019531250e+01
6.764183998107910156e+00
1.232791328430175781e+01
5.094609737396240234e+00
1.285295562744140625e+02
2.261339902877807617e+00
2.599929094314575195e+00
8.622525024414062500e+01
3.688659071922302246e-01
3.686141595244407654e-02
7.275788784027099609e-01
1.159678399562835693e-01
2.682063356041908264e-02
1.114414930343627930e-01
0.000000000000000000e+00
7.666076719760894775e-02
7.799611985683441162e-02
2.979743778705596924e-01
9.326652884483337402e-01
1.607610702514648438e+00
2.228756427764892578e+00
3.366797566413879395e-01
-4.368574917316436768e-02
1.058198571205139160e+00
2.022898197174072266e+00
3.454000055789947510e-01
8.004976063966751099e-02
2.557276487350463867e+00
8.322977274656295776e-02
1.967190146446228027e+00
1.333177566528320312e+00
3.839565515518188477e-01
-5.116062983870506287e-02
0.000000000000000000e+00
5.082467943429946899e-02
5.448732152581214905e-02
1.903779387474060059e+00
0.000000000000000000e+00
-3.990267403423786163e-03
9.339199662208557129e-01
1.435510101318359375e+02
2.524792480468750000e+01
1.121151046752929688e+02
4.272648620605468750e+01
7.622184276580810547e+00
1.889684600830078125e+02
1.379018020629882812e+01
4.301271057128906250e+01
2.465936088562011719e+01
3.693362426757812500e+02
2.433917541503906250e+02
3.142867126464843750e+02
3.755284423828125000e+02
7.862178039550781250e+01
1.123870849609375000e+00
2.186972503662109375e+02
1.858079986572265625e+02
1.761108970642089844e+01
1.192367649078369141e+01
4.285194702148437500e+02
8.037197113037109375e+01
2.286013488769531250e+02
1.600339355468750000e+02
6.924917602539062500e+01
1.027283573150634766e+01
1.599651336669921875e+00
1.715776252746582031e+01
5.365922451019287109e+00
1.736228942871093750e+02
4.399645626544952393e-01
1.184032678604125977e+00
1.686600341796875000e+02
2.620946350097656250e+02
5.261816406250000000e+01
2.481062011718750000e+02
1.139393997192382812e+02
1.430618381500244141e+01
3.024203186035156250e+02
3.243824005126953125e+01
8.773819732666015625e+01
4.700075531005859375e+01
8.473749389648437500e+02
5.021901245117187500e+02
6.610800170898437500e+02
7.665494384765625000e+02
1.410294647216796875e+02
1.353036880493164062e+00
4.671956481933593750e+02
3.638132324218750000e+02
4.615165710449218750e+01
2.218034934997558594e+01
8.153220214843750000e+02
1.460470886230468750e+02
4.390560607910156250e+02
2.849313354492187500e+02
1.424472961425781250e+02
2.213508415222167969e+01
6.178837776184082031e+00
4.215692901611328125e+01
1.043147850036621094e+01
3.347070312500000000e+02
1.668620228767395020e+00
2.700781106948852539e+00
3.368416442871093750e+02
4.451914367675781250e+02
8.107016754150390625e+01
4.611451416015625000e+02
1.350240020751953125e+02
2.165395355224609375e+01
5.106005249023437500e+02
4.348818588256835938e+01
1.591424865722656250e+02
1.044267807006835938e+02
1.179232543945312500e+03
8.403220825195312500e+02
1.295474487304687500e+03
1.489373657226562500e+03
3.558741760253906250e+02
2.504017591476440430e+00
8.510152587890625000e+02
7.529738159179687500e+02
1.031603546142578125e+02
3.158688735961914062e+01
1.665347167968750000e+03
3.175476684570312500e+02
9.241754150390625000e+02
5.761762695312500000e+02
2.306418151855468750e+02
4.137416839599609375e+01
1.684413146972656250e+01
5.128137969970703125e+01
1.473448181152343750e+01
5.965240478515625000e+02
3.601943492889404297e+00
9.562745094299316406e+00
6.802986450195312500e+02
-1.409795856475830078e+01
-5.504570484161376953e+00
-1.138042068481445312e+01
-8.215149879455566406e+00
-7.910081148147583008e-01
-1.703507041931152344e+01
-1.670465469360351562e+00
-5.213994503021240234e+00
-1.868585109710693359e+00
-5.313357543945312500e+01
-2.999864196777343750e+01
-3.500002288818359375e+01
-3.579270553588867188e+01
-6.037078857421875000e+00
-1.293281614780426025e-01
-2.149044799804687500e+01
-1.641176605224609375e+01
-2.036404132843017578e+00
-1.173250198364257812e+00
-3.620524215698242188e+01
-9.432542800903320312e+00
-2.305409049987792969e+01
-1.461973762512207031e+01
-1.136294460296630859e+01
-1.490251302719116211e+00
-1.018964052200317383e-01
-3.096434593200683594e+00
-6.670350432395935059e-01
-1.488994789123535156e+01
-7.613009959459304810e-02
-1.684748753905296326e-02
-1.588412570953369141e+01
1.795125198364257812e+01
3.772030830383300781e+00
1.600642585754394531e+01
4.431967258453369141e+00
1.005373239517211914e+00
2.777781486511230469e+01
1.255673050880432129e+00
4.602720737457275391e+00
4.237198352813720703e+00
4.008857345581054688e+01
3.262969589233398438e+01
3.811773300170898438e+01
4.280960464477539062e+01
7.735482692718505859e+00
1.155508756637573242e-01
3.039878845214843750e+01
2.521227264404296875e+01
3.418266773223876953e+00
1.661566138267517090e+00
5.485302352905273438e+01
1.173210334777832031e+01
3.346745300292968750e+01
2.335800170898437500e+01
9.843476295471191406e+00
8.271622657775878906e-01
3.070911169052124023e-01
2.300629854202270508e+00
8.202640414237976074e-01
2.482621002197265625e+01
2.678750082850456238e-02
1.116632148623466492e-01
2.395071983337402344e+01
-7.958112955093383789e-01
2.520333290100097656e+00
2.178498458862304688e+01
1.190799617767333984e+01
7.552370429039001465e-01
1.836230993270874023e+00
7.065023481845855713e-02
1.079850006103515625e+01
3.447297096252441406e+00
3.157600212097167969e+01
1.615224075317382812e+01
2.463067054748535156e+01
5.115929412841796875e+01
2.216325283050537109e+00
1.454261597245931625e-02
1.870075607299804688e+01
1.013676261901855469e+01
1.440403461456298828e+01
1.427279949188232422e+00
1.090669822692871094e+01
4.976867198944091797e+00
8.831814765930175781e+00
7.811834335327148438e+00
1.251496315002441406e+00
2.312583684921264648e+00
1.713832616806030273e+00
1.592801690101623535e+00
1.833783149719238281e+00
2.268025779724121094e+01
1.081644654273986816e+00
7.044324278831481934e-01
9.345724105834960938e+00
3.452729797363281250e+01
2.211278676986694336e+00
-1.992172241210937500e+00
-2.043867111206054688e+00
2.476557016372680664e+00
4.868202209472656250e+01
4.376331806182861328e+00
-1.285810708999633789e+00
5.572615146636962891e+00
9.476808166503906250e+01
4.461158370971679688e+01
6.273167037963867188e+01
6.644922637939453125e+01
2.397812271118164062e+01
1.192453950643539429e-01
3.831349945068359375e+01
5.987059020996093750e+01
-1.551657104492187500e+01
9.038126468658447266e-01
1.269562606811523438e+02
1.710742568969726562e+01
4.888138198852539062e+01
4.649465179443359375e+01
1.396437740325927734e+01
2.431840747594833374e-01
-1.918450117111206055e+00
6.494707465171813965e-01
-1.578309893608093262e+00
4.145974349975585938e+01
-9.154782891273498535e-01
-4.631043225526809692e-02
4.173611450195312500e+01
3.441334915161132812e+01
6.956818580627441406e+00
3.655059051513671875e+01
1.448606109619140625e+01
1.649287819862365723e+00
1.874626922607421875e+01
4.951181411743164062e+00
1.427017879486083984e+01
7.066580772399902344e+00
1.418340911865234375e+02
6.137154769897460938e+01
9.066035461425781250e+01
1.350169219970703125e+02
3.119339942932128906e+01
-4.905202984809875488e-02
6.470117950439453125e+01
5.487672424316406250e+01
1.473670578002929688e+01
3.146787405014038086e+00
1.001893310546875000e+02
1.689728546142578125e+01
4.541677856445312500e+01
3.659605407714843750e+01
1.613282203674316406e+01
3.561980724334716797e+00
6.507633209228515625e+00
6.510233402252197266e+00
1.022386908531188965e+00
4.218576049804687500e+01
6.463361978530883789e-01
1.385888814926147461e+00
5.185236358642578125e+01
2.751286315917968750e+02
4.074739456176757812e+01
1.769987335205078125e+02
7.351246643066406250e+01
1.246932792663574219e+01
3.372623596191406250e+02
2.916120910644531250e+01
6.979512023925781250e+01
4.014435195922851562e+01
6.786372680664062500e+02
4.184486389160156250e+02
5.590617675781250000e+02
6.667138671875000000e+02
1.573269958496093750e+02
2.526072978973388672e+00
3.884054565429687500e+02
3.245880432128906250e+02
6.264390945434570312e+00
2.003534507751464844e+01
8.419245605468750000e+02
1.359459533691406250e+02
3.877849731445312500e+02
3.066896057128906250e+02
1.181437454223632812e+02
1.639336776733398438e+01
3.778572976589202881e-01
2.534151458740234375e+01
5.490251064300537109e+00
3.144768676757812500e+02
-2.854390740394592285e-01
1.539345622062683105e+00
3.026214294433593750e+02
2.605630111694335938e+01
1.082122898101806641e+01
1.000593338012695312e+02
3.795712661743164062e+01
3.495617628097534180e+00
4.907273101806640625e+01
4.430284500122070312e+00
3.094682121276855469e+01
1.269651317596435547e+01
1.436442718505859375e+02
9.417153930664062500e+01
1.320450439453125000e+02
2.230277099609375000e+02
2.469941329956054688e+01
3.085525631904602051e-01
9.226558685302734375e+01
6.073233032226562500e+01
3.664250183105468750e+01
6.366843223571777344e+00
1.102983322143554688e+02
3.605911636352539062e+01
8.009740447998046875e+01
4.455756759643554688e+01
3.150275802612304688e+01
7.836948871612548828e+00
4.525365829467773438e+00
1.115779781341552734e+01
5.555027484893798828e+00
9.170109558105468750e+01
1.295585632324218750e+00
2.004287481307983398e+00
6.256848907470703125e+01
1.644750213623046875e+01
3.779703855514526367e+00
1.419906139373779297e+01
5.850109100341796875e+00
6.159426569938659668e-01
1.741633224487304688e+01
2.313972949981689453e+00
4.976940155029296875e+00
1.469801902770996094e+00
4.373329162597656250e+01
2.427055931091308594e+01
2.019396781921386719e+01
3.058895874023437500e+01
6.935689449310302734e+00
1.389573067426681519e-01
2.294966316223144531e+01
1.197503566741943359e+01
1.652762174606323242e+00
9.727213978767395020e-01
3.505686187744140625e+01
5.352546691894531250e+00
2.389822959899902344e+01
1.027828598022460938e+01
8.397961616516113281e+00
1.188223958015441895e+00
4.663824439048767090e-01
4.035906791687011719e+00
5.435267090797424316e-01
1.353214931488037109e+01
1.500616222620010376e-01
7.654737681150436401e-02
1.590686035156250000e+01
3.536826171875000000e+02
9.824684143066406250e+01
5.895588989257812500e+02
2.747779541015625000e+02
2.620744132995605469e+01
4.703067626953125000e+02
5.060445404052734375e+01
2.236231842041015625e+02
1.009618377685546875e+02
1.406623779296875000e+03
9.053178100585937500e+02
1.207453369140625000e+03
1.564768188476562500e+03
2.122518463134765625e+02
1.501319050788879395e+00
8.478413085937500000e+02
6.231799926757812500e+02
1.725568237304687500e+02
4.196802520751953125e+01
1.321562377929687500e+03
2.780864868164062500e+02
7.770772094726562500e+02
4.585440979003906250e+02
2.409179534912109375e+02
5.364131546020507812e+01
1.346860504150390625e+01
7.901520538330078125e+01
2.781299781799316406e+01
6.837785034179687500e+02
9.018432617187500000e+00
7.823248386383056641e+00
5.849843750000000000e+02
-1.831020832061767578e+00
-3.483980000019073486e-01
4.166980743408203125e+00
1.868618488311767578e+00
5.793176591396331787e-02
-3.043077230453491211e+00
-2.776708602905273438e-01
1.399832606315612793e+00
3.510395884513854980e-01
-1.231895208358764648e+00
-7.048316299915313721e-02
-1.662786006927490234e+00
4.610544204711914062e+00
-9.025087356567382812e-01
-3.256154060363769531e-02
7.644954323768615723e-01
-2.498173713684082031e+00
2.675520420074462891e+00
1.564487069845199585e-01
-6.730038166046142578e+00
-2.535119354724884033e-01
-2.700196027755737305e+00
-6.722118258476257324e-01
-6.511840820312500000e-01
2.961919307708740234e-01
3.512560129165649414e-01
3.636117279529571533e-02
4.205770492553710938e-01
1.012719631195068359e+00
7.817389816045761108e-02
1.338561624288558960e-01
-2.034385204315185547e+00
5.772830581665039062e+01
9.302511215209960938e+00
6.248086547851562500e+01
2.628550720214843750e+01
2.722758293151855469e+00
6.247766494750976562e+01
7.998108863830566406e+00
2.667247009277343750e+01
1.132240104675292969e+01
1.866126861572265625e+02
8.653694152832031250e+01
1.274615478515625000e+02
2.061871643066406250e+02
3.319501113891601562e+01
2.850314080715179443e-01
9.763915252685546875e+01
7.000566864013671875e+01
2.604318046569824219e+01
5.784485816955566406e+00
1.550706939697265625e+02
2.744262695312500000e+01
7.412695312500000000e+01
5.677600097656250000e+01
2.678087043762207031e+01
5.338120937347412109e+00
4.562825202941894531e+00
7.595268726348876953e+00
3.886770248413085938e+00
8.782451629638671875e+01
9.666974544525146484e-01
1.659796953201293945e+00
6.224243164062500000e+01
1.596161651611328125e+02
3.111103439331054688e+01
1.644526062011718750e+02
7.860361480712890625e+01
9.417897224426269531e+00
1.725236816406250000e+02
1.781226348876953125e+01
6.832902526855468750e+01
3.247901535034179688e+01
5.366915893554687500e+02
2.978566894531250000e+02
4.235215454101562500e+02
5.372219848632812500e+02
1.003202514648437500e+02
8.335376977920532227e-01
2.848731689453125000e+02
2.366759185791015625e+02
5.115625381469726562e+01
1.484790611267089844e+01
4.874775390625000000e+02
8.985736083984375000e+01
2.558143615722656250e+02
1.679513702392578125e+02
8.114847564697265625e+01
1.497969436645507812e+01
9.099753379821777344e+00
2.302833366394042969e+01
7.249941825866699219e+00
2.237835845947265625e+02
2.034593343734741211e+00
3.388648509979248047e+00
2.009853820800781250e+02
9.010820770263671875e+01
1.089098644256591797e+01
6.348212432861328125e+01
2.876563835144042969e+01
4.966679096221923828e+00
9.283680725097656250e+01
8.242466926574707031e+00
1.988034820556640625e+01
1.716100502014160156e+01
2.173820343017578125e+02
1.550881958007812500e+02
1.897303771972656250e+02
2.019697113037109375e+02
3.703765487670898438e+01
4.729958176612854004e-01
1.402746276855468750e+02
1.120117416381835938e+02
8.128398895263671875e+00
6.476250648498535156e+00
2.514465484619140625e+02
5.758888244628906250e+01
1.555586090087890625e+02
1.030545349121093750e+02
3.733023452758789062e+01
3.827820062637329102e+00
5.999042987823486328e-01
1.120825958251953125e+01
2.231101989746093750e+00
9.129428100585937500e+01
-3.164943307638168335e-02
4.966416060924530029e-01
1.015208587646484375e+02
-6.659941894531250000e+03
-2.138767089843750000e+03
-1.224465039062500000e+04
-5.005505859375000000e+03
-4.736128997802734375e+01
-4.215842285156250000e+03
-9.806387939453125000e+02
-4.530982910156250000e+03
-2.212157470703125000e+03
-2.748454296875000000e+04
-1.469982910156250000e+04
-2.107642773437500000e+04
-3.139251953125000000e+04
-4.815238769531250000e+03
8.943638801574707031e+00
-1.624667675781250000e+04
-8.289262695312500000e+03
-3.952006103515625000e+03
-7.629649658203125000e+02
-2.536480078125000000e+04
-5.529306152343750000e+03
-9.203682617187500000e+03
-1.376579687500000000e+04
-4.600683105468750000e+03
-8.487310791015625000e+02
-2.040076141357421875e+02
-9.881213989257812500e+02
-5.301183471679687500e+02
-1.179036230468750000e+04
-1.793442687988281250e+02
-2.186501770019531250e+02
-1.117898828125000000e+04
