4.469050598144531250e+01
1.388753814697265625e+02
5.002314567565917969e+00
6.287128906250000000e+02
4.308137512207031250e+02
5.589204788208007812e+01
3.472426147460937500e+02
2.800357971191406250e+02
1.633089294433593750e+02
6.876155853271484375e+01
1.178857040405273438e+02
1.464811401367187500e+02
1.291439208984375000e+02
6.794568481445312500e+02
9.841616058349609375e+01
9.732183074951171875e+01
-1.170179519653320312e+02
-2.224283905029296875e+02
-4.973677062988281250e+01
-1.910024902343750000e+03
-1.224609619140625000e+03
-2.110714874267578125e+02
-1.279712036132812500e+03
-4.644048461914062500e+02
-4.004056091308593750e+02
-1.619352569580078125e+02
-1.798567047119140625e+02
-5.173235473632812500e+02
-4.436852416992187500e+02
-1.062435913085937500e+03
-4.717991638183593750e+02
-1.447356109619140625e+02
7.342339038848876953e+00
-5.213353157043457031e+00
4.661193370819091797e+00
4.988970947265625000e+01
2.875490570068359375e+01
8.805891036987304688e+00
2.406170272827148438e+01
2.086894989013671875e+00
1.376442337036132812e+01
3.924627065658569336e+00
-9.987204074859619141e-01
1.505139350891113281e+00
1.009624099731445312e+01
2.136725425720214844e+01
1.093269729614257812e+01
1.014930343627929688e+01
9.040409851074218750e+01
2.190856323242187500e+02
4.670960998535156250e+01
1.304836791992187500e+03
6.430497436523437500e+02
1.664431610107421875e+02
6.618249511718750000e+02
4.587609863281250000e+02
2.355168914794921875e+02
2.056174621582031250e+02
1.362426757812500000e+02
5.145012207031250000e+02
3.666717224121093750e+02
1.010501525878906250e+03
2.340243225097656250e+02
1.500711669921875000e+02
6.988420104980468750e+01
1.424542999267578125e+02
1.946556854248046875e+01
7.008106689453125000e+02
6.444244995117187500e+02
1.114176101684570312e+02
3.887833557128906250e+02
3.635149841308593750e+02
1.480594482421875000e+02
1.068967361450195312e+02
1.002123641967773438e+02
2.847075195312500000e+02
1.857167205810546875e+02
6.599325561523437500e+02
1.421232147216796875e+02
1.299268493652343750e+02
9.393504333496093750e+01
1.422370605468750000e+02
3.622248458862304688e+01
1.763660522460937500e+03
1.232704833984375000e+03
1.538135070800781250e+02
9.091406250000000000e+02
7.374466552734375000e+02
4.266137084960937500e+02
2.138423614501953125e+02
1.658751983642578125e+02
4.897034606933593750e+02
4.630692749023437500e+02
1.371071166992187500e+03
5.166485595703125000e+02
1.438515625000000000e+02
2.408865213394165039e+00
1.086351699829101562e+02
1.380905914306640625e+01
3.134492492675781250e+01
2.019695434570312500e+02
2.178849601745605469e+01
3.130145645141601562e+01
7.998435974121093750e+01
1.497949719429016113e+00
2.104811668395996094e+01
2.987856101989746094e+01
2.219383049011230469e+01
3.490322113037109375e+01
6.875457763671875000e+01
-8.451545238494873047e-01
3.088969993591308594e+01
1.195448017120361328e+01
3.392143249511718750e+01
6.231056213378906250e+00
1.663437194824218750e+02
8.914828491210937500e+01
3.500719833374023438e+01
1.165471191406250000e+02
1.461246185302734375e+02
2.351292228698730469e+01
1.733326530456542969e+01
2.264932823181152344e+01
7.414212799072265625e+01
4.083854675292968750e+01
1.064404449462890625e+02
2.318068695068359375e+01
8.018824768066406250e+01
3.719714599609375000e+03
6.786582519531250000e+03
9.870175781250000000e+02
5.636428515625000000e+04
4.336873437500000000e+04
4.848228027343750000e+03
3.866932031250000000e+04
2.069318359375000000e+04
1.277549707031250000e+04
4.274752441406250000e+03
4.992976562500000000e+03
1.733951562500000000e+04
1.261440722656250000e+04
3.591334765625000000e+04
1.495709570312500000e+04
4.229148437500000000e+03
2.667994308471679688e+01
1.273648071289062500e+02
1.843384170532226562e+01
3.387736511230468750e+02
2.118124084472656250e+02
5.922769546508789062e+01
1.189362335205078125e+02
1.782878265380859375e+02
5.622052001953125000e+01
7.768761444091796875e+01
7.541100311279296875e+01
1.228483276367187500e+02
1.412949218750000000e+02
3.938605041503906250e+02
5.252113723754882812e+01
5.407985305786132812e+01
3.261267852783203125e+01
7.992996978759765625e+01
1.658819389343261719e+01
8.296964111328125000e+02
6.109224853515625000e+02
6.079058837890625000e+01
5.582087402343750000e+02
1.513621978759765625e+02
1.939526672363281250e+02
8.112311553955078125e+01
6.168543624877929688e+01
1.524054107666015625e+02
2.090068664550781250e+02
3.630051269531250000e+02
2.517362976074218750e+02
2.119058036804199219e+01
1.828776168823242188e+01
4.922284698486328125e+01
7.044107437133789062e+00
8.629579925537109375e+01
3.958973693847656250e+01
2.399548912048339844e+01
4.699501800537109375e+01
4.106805038452148438e+01
5.989076614379882812e+00
1.220688724517822266e+01
1.827526664733886719e+01
4.443822097778320312e+01
2.703663253784179688e+01
8.348670196533203125e+01
2.070406723022460938e+01
4.268589782714843750e+01
-2.673484086990356445e+00
2.199191331863403320e+00
1.534994602203369141e+00
-2.066733741760253906e+01
9.645689964294433594e+00
-2.222165346145629883e+00
-5.428940773010253906e+00
-2.086601638793945312e+01
-2.503746747970581055e+00
3.901635408401489258e-01
2.860666513442993164e+00
2.902242183685302734e+00
-3.704615592956542969e+00
-1.322079658508300781e+01
2.485030412673950195e+00
-2.448456525802612305e+00
-3.170294189453125000e+01
1.882685699462890625e+02
-8.302549362182617188e+00
-5.987355346679687500e+02
-1.624986114501953125e+02
-6.126034164428710938e+01
-5.184180908203125000e+02
5.016196594238281250e+02
-1.057814559936523438e+02
2.396406173706054688e+01
7.242648315429687500e+01
2.777071380615234375e+01
-1.183862152099609375e+02
3.421052856445312500e+02
-3.644637145996093750e+02
1.109813385009765625e+02
1.129304409027099609e+01
1.763846206665039062e+01
1.991325318813323975e-01
1.279762649536132812e+02
1.084284515380859375e+02
1.197623443603515625e+01
8.143628692626953125e+01
6.710342407226562500e+01
3.490865325927734375e+01
4.967379570007324219e+00
2.405727195739746094e+01
1.970038414001464844e+01
1.976399230957031250e+01
1.448391265869140625e+02
3.419881820678710938e+01
2.347665214538574219e+01
1.652523803710937500e+02
3.022710571289062500e+02
8.502611541748046875e+01
1.669990722656250000e+03
7.490193481445312500e+02
2.264555816650390625e+02
9.413554687500000000e+02
6.677798461914062500e+02
2.732441711425781250e+02
2.333640747070312500e+02
2.023142089843750000e+02
8.176120605468750000e+02
4.333703308105468750e+02
1.364331909179687500e+03
2.211780700683593750e+02
2.901252746582031250e+02
6.759864836931228638e-02
2.834501303732395172e-02
2.573813684284687042e-02
2.831984311342239380e-03
2.839933335781097412e-02
3.435231745243072510e-02
-1.035775523632764816e-02
-3.254174022004008293e-03
2.494949288666248322e-02
1.147392671555280685e-02
4.557005129754543304e-03
-2.075235825031995773e-03
2.324728667736053467e-02
0.000000000000000000e+00
-1.658133044838905334e-02
5.414470098912715912e-03
8.599642944335937500e+02
1.781672241210937500e+03
4.105187377929687500e+02
1.329602929687500000e+04
9.103638671875000000e+03
1.375766601562500000e+03
8.437634765625000000e+03
4.027566894531250000e+03
2.857270751953125000e+03
1.331433715820312500e+03
1.502642211914062500e+03
3.602031494140625000e+03
3.269531982421875000e+03
8.967352539062500000e+03
3.320791015625000000e+03
1.350979492187500000e+03
-1.156173046875000000e+04
-3.713025390625000000e+04
-9.145953125000000000e+03
-8.958823437500000000e+04
-5.371841015625000000e+04
-1.412266015625000000e+04
-3.924387500000000000e+04
-4.244287890625000000e+04
-1.228026367187500000e+04
-1.702843945312500000e+04
-1.600869042968750000e+04
-4.268205078125000000e+04
-3.534425000000000000e+04
-8.566500000000000000e+04
-1.795693359375000000e+04
-2.031366015625000000e+04
1.683166885375976562e+01
3.704167175292968750e+01
5.234346389770507812e+00
9.330613708496093750e+01
3.659756469726562500e+01
1.749357604980468750e+01
5.434713363647460938e+01
2.648237991333007812e+01
1.860541343688964844e+01
2.700472068786621094e+01
2.356097030639648438e+01
2.819261169433593750e+01
2.890268707275390625e+01
3.549917602539062500e+01
1.253912925720214844e+01
2.634559631347656250e+01
1.808105102539062500e+03
3.024594726562500000e+03
8.056538696289062500e+02
2.158294140625000000e+04
1.078286425781250000e+04
2.818224609375000000e+03
1.447398828125000000e+04
1.322427734375000000e+03
3.301266357421875000e+03
1.573519287109375000e+03
1.011240417480468750e+03
6.044775878906250000e+03
5.573860351562500000e+03
9.883144531250000000e+03
5.299361328125000000e+03
2.026949707031250000e+03
1.750293731689453125e+02
4.145221557617187500e+02
5.560509872436523438e+01
1.605364257812500000e+03
9.793175659179687500e+02
1.606349182128906250e+02
6.669418334960937500e+02
8.195291748046875000e+02
3.170789184570312500e+02
2.349371032714843750e+02
1.770017547607421875e+02
5.355766601562500000e+02
6.055610351562500000e+02
1.624574218750000000e+03
5.215100708007812500e+02
2.368274536132812500e+02
2.858888435363769531e+01
6.862566375732421875e+01
3.312643289566040039e+00
7.984086303710937500e+02
3.344333190917968750e+02
6.610652923583984375e+01
3.671971435546875000e+02
2.666691894531250000e+02
1.553605041503906250e+02
1.262402877807617188e+02
1.034306793212890625e+02
2.708866882324218750e+02
1.692919006347656250e+02
8.569749145507812500e+02
1.106582870483398438e+02
7.805899810791015625e+01
-4.440831184387207031e+00
4.589113712310791016e+00
1.511133313179016113e+00
5.017660903930664062e+01
1.831656646728515625e+01
-1.084026432037353516e+01
-3.389655303955078125e+01
8.667125701904296875e+01
2.080257415771484375e+01
2.506685829162597656e+01
2.288467979431152344e+01
4.654990768432617188e+01
2.228540229797363281e+01
1.354085540771484375e+02
-1.434170532226562500e+01
-1.205078029632568359e+01
-3.752462267875671387e-01
-2.919580459594726562e+00
-6.969860941171646118e-02
-4.437744617462158203e-01
-3.143933773040771484e+00
-1.118275165557861328e+00
2.496311426162719727e+00
-3.600591278076171875e+01
-1.474329233169555664e+00
-6.982785463333129883e-01
-3.662898063659667969e+00
-4.913465023040771484e+00
-1.347101807594299316e+00
-6.855648040771484375e+00
6.842761039733886719e-01
-2.933707237243652344e+00
-2.912799263000488281e+01
6.252397060394287109e+00
-1.288225078582763672e+01
-2.873168334960937500e+02
-2.578774070739746094e+01
-1.720490837097167969e+01
-9.953266906738281250e+01
-1.399593204259872437e-01
-4.817675781250000000e+01
-4.835131454467773438e+01
-2.562123680114746094e+01
-1.584289398193359375e+02
-6.441287994384765625e+01
-2.597181091308593750e+02
-4.293614959716796875e+01
-1.223596811294555664e+00
1.098527431488037109e+00
3.010004520416259766e+00
1.883046269416809082e+00
2.507563400268554688e+01
3.632378768920898438e+01
1.799689888954162598e+00
2.097184562683105469e+01
1.107714996337890625e+02
9.850348472595214844e+00
6.436835765838623047e+00
1.967276334762573242e+00
3.153313446044921875e+01
8.837146759033203125e+00
6.243374824523925781e+00
1.982743620872497559e+00
9.703382492065429688e+00
-3.177899360656738281e+00
8.278540802001953125e+01
2.568819808959960938e+01
-1.037171936035156250e+01
2.349967193603515625e+01
3.185074424743652344e+01
9.367092895507812500e+01
4.747938919067382812e+01
-1.529727458953857422e+01
1.578816413879394531e+01
3.276441574096679688e+00
-9.923973083496093750e+01
5.512946319580078125e+01
-1.371606140136718750e+02
8.707055091857910156e+00
6.746504211425781250e+01
-9.887447357177734375e-01
-1.874222183227539062e+01
2.259187889099121094e+01
3.020458374023437500e+02
2.897039184570312500e+02
-1.826388549804687500e+01
3.784657287597656250e+02
5.267456054687500000e+02
9.327504730224609375e+01
6.415703582763671875e+01
4.389883804321289062e+01
2.780684204101562500e+02
5.223556900024414062e+01
8.009444427490234375e+01
5.611196899414062500e+01
5.761045074462890625e+01
-2.967070102691650391e+00
-6.034178733825683594e+00
-2.922409057617187500e+00
-3.387082672119140625e+01
-4.565456771850585938e+01
8.590605258941650391e-01
-3.157459068298339844e+01
-6.307019805908203125e+01
-1.330320072174072266e+01
-2.587694644927978516e+00
-3.885145664215087891e+00
-2.638157081604003906e+01
-8.886847496032714844e+00
-2.517114067077636719e+01
-1.648013687133789062e+01
-7.190425395965576172e-01
1.664434814453125000e+02
3.467623291015625000e+02
7.685644531250000000e+01
2.239274902343750000e+03
1.454467163085937500e+03
2.168809661865234375e+02
1.322851562500000000e+03
8.287235717773437500e+02
4.705372619628906250e+02
2.961344299316406250e+02
2.609942932128906250e+02
8.276461181640625000e+02
5.777119750976562500e+02
1.695252563476562500e+03
4.327076416015625000e+02
1.947509765625000000e+02
1.257120037078857422e+01
-2.835531806945800781e+01
4.383868217468261719e+00
1.062721939086914062e+02
1.425434303283691406e+01
1.954613494873046875e+01
8.256495666503906250e+01
-1.421416625976562500e+02
1.438420677185058594e+01
-3.888139343261718750e+01
-1.983237504959106445e+00
3.564057159423828125e+01
-3.732660675048828125e+01
-2.971951484680175781e+00
-7.618168830871582031e+00
4.854863739013671875e+01
