2.210820312500000000e+02
2.228715667724609375e+02
2.018403015136718750e+02
2.349321441650390625e+02
2.287793579101562500e+02
2.052178802490234375e+02
2.253087615966796875e+02
2.160091705322265625e+02
1.942683563232421875e+02
3.692276306152343750e+02
3.455272827148437500e+02
2.940977478027343750e+02
3.285087280273437500e+02
3.316549987792968750e+02
3.178863525390625000e+02
3.331303100585937500e+02
3.464463806152343750e+02
3.680555114746093750e+02
8.741343383789062500e+02
8.278208007812500000e+02
7.421830444335937500e+02
9.386428833007812500e+02
8.872447509765625000e+02
8.086974487304687500e+02
9.927708129882812500e+02
9.401549072265625000e+02
8.983909912109375000e+02
1.499690818786621094e+01
1.590198707580566406e+01
1.773557090759277344e+01
1.887383079528808594e+01
1.867276573181152344e+01
1.803868675231933594e+01
1.852924728393554688e+01
1.721749877929687500e+01
1.483498859405517578e+01
8.585798950195312500e+02
7.946002807617187500e+02
7.281157836914062500e+02
8.662499389648437500e+02
7.904637451171875000e+02
7.321284179687500000e+02
7.788988647460937500e+02
7.246679687500000000e+02
6.724379882812500000e+02
3.083942985534667969e+01
2.730716896057128906e+01
2.526787376403808594e+01
3.532662963867187500e+01
3.249422454833984375e+01
3.911851119995117188e+01
3.200445556640625000e+01
3.160794448852539062e+01
3.481116485595703125e+01
2.855922546386718750e+02
2.885490722656250000e+02
2.884542236328125000e+02
3.221935729980468750e+02
2.948943176269531250e+02
2.770210571289062500e+02
2.887030944824218750e+02
2.631282653808593750e+02
2.476506958007812500e+02
1.287774658203125000e+03
1.254984741210937500e+03
1.146749389648437500e+03
1.243013671875000000e+03
1.236168579101562500e+03
1.111187011718750000e+03
1.086701782226562500e+03
1.103832885742187500e+03
1.023618469238281250e+03
8.512154541015625000e+02
9.554397583007812500e+02
9.814580688476562500e+02
1.032870849609375000e+03
1.121288696289062500e+03
1.109285034179687500e+03
1.008171875000000000e+03
1.101127197265625000e+03
1.065010620117187500e+03
1.376514587402343750e+02
1.307719268798828125e+02
1.350104827880859375e+02
1.680444488525390625e+02
1.558056793212890625e+02
1.617334442138671875e+02
1.887748718261718750e+02
1.846429748535156250e+02
1.576944885253906250e+02
1.502239990234375000e+02
1.409810028076171875e+02
1.275496063232421875e+02
1.575238647460937500e+02
1.407744293212890625e+02
1.323115386962890625e+02
1.598381195068359375e+02
1.408607330322265625e+02
1.378761444091796875e+02
1.674632415771484375e+02
1.711140899658203125e+02
1.706783447265625000e+02
2.054027252197265625e+02
1.937540283203125000e+02
1.826655426025390625e+02
2.276631927490234375e+02
1.941059722900390625e+02
1.838884735107421875e+02
4.990211791992187500e+02
4.703435974121093750e+02
5.233020019531250000e+02
6.178098754882812500e+02
6.051910400390625000e+02
6.730700683593750000e+02
7.367091674804687500e+02
7.296134643554687500e+02
7.566437988281250000e+02
2.921475524902343750e+02
2.625136108398437500e+02
2.358123779296875000e+02
2.725763244628906250e+02
2.357906799316406250e+02
2.181618194580078125e+02
2.572152709960937500e+02
2.109817962646484375e+02
1.993911437988281250e+02
1.776307983398437500e+03
1.840732543945312500e+03
1.929408569335937500e+03
1.951345336914062500e+03
1.982930297851562500e+03
1.972306884765625000e+03
2.057287109375000000e+03
1.982430908203125000e+03
1.922547973632812500e+03
5.095454406738281250e+02
5.790534667968750000e+02
4.558928527832031250e+02
5.803332519531250000e+02
6.456864624023437500e+02
5.352633666992187500e+02
5.375593872070312500e+02
5.880040283203125000e+02
5.271815185546875000e+02
-5.394880676269531250e+01
-5.522687149047851562e+01
-6.228384017944335938e+01
-5.061596679687500000e+01
-5.830617141723632812e+01
-6.641065979003906250e+01
-5.394387054443359375e+01
-6.349193572998046875e+01
-6.960894775390625000e+01
-6.472202301025390625e+01
-7.359412384033203125e+01
-1.108988037109375000e+02
-5.488363265991210938e+01
-7.589797210693359375e+01
-9.481682586669921875e+01
-6.890799713134765625e+01
-9.099039459228515625e+01
-1.046144714355468750e+02
-2.274937133789062500e+02
-2.414874114990234375e+02
-2.411501159667968750e+02
-2.126871490478515625e+02
-2.580710754394531250e+02
-2.510245971679687500e+02
-2.109054870605468750e+02
-2.639864501953125000e+02
-2.691568603515625000e+02
-9.547440528869628906e+00
-8.667430877685546875e+00
-6.256216526031494141e+00
-9.519931793212890625e+00
-8.895374298095703125e+00
-6.687362670898437500e+00
-9.360603332519531250e+00
-9.188271522521972656e+00
-7.082926273345947266e+00
-2.458627319335937500e+02
-2.069337615966796875e+02
-2.585877990722656250e+02
-2.494513854980468750e+02
-1.968907165527343750e+02
-2.569222106933593750e+02
-2.587008666992187500e+02
-2.552369842529296875e+02
-2.779072875976562500e+02
-1.607287216186523438e+01
-1.413939666748046875e+01
-1.632122611999511719e+01
-2.132927894592285156e+01
-1.202258014678955078e+01
-1.441847705841064453e+01
-1.812171363830566406e+01
-1.395950889587402344e+01
-7.835308551788330078e+00
-1.628472747802734375e+02
-1.550385437011718750e+02
-1.440410766601562500e+02
-1.444604339599609375e+02
-1.371327819824218750e+02
-1.333094940185546875e+02
-1.487866210937500000e+02
-1.515474700927734375e+02
-1.405498962402343750e+02
-6.474077606201171875e+01
-1.488714752197265625e+02
-2.192559051513671875e+02
-4.702448272705078125e+01
-1.201348800659179688e+02
-1.773594360351562500e+02
-7.317259979248046875e+01
-1.443755340576171875e+02
-2.123930206298828125e+02
-6.226981811523437500e+02
-6.214689941406250000e+02
-5.570816040039062500e+02
-6.370122070312500000e+02
-6.157933959960937500e+02
-5.491635131835937500e+02
-5.803709716796875000e+02
-5.721259765625000000e+02
-5.245916137695312500e+02
-6.116248321533203125e+01
-8.158029937744140625e+01
-6.133193588256835938e+01
-4.612179946899414062e+01
-6.313475799560546875e+01
-5.723612213134765625e+01
-3.610874938964843750e+01
-5.050012969970703125e+01
-6.013632965087890625e+01
-3.686217117309570312e+01
-3.861400604248046875e+01
-3.814775085449218750e+01
-3.397694396972656250e+01
-3.778422164916992188e+01
-3.821219253540039062e+01
-3.856285476684570312e+01
-4.424599075317382812e+01
-4.497456359863281250e+01
-2.909311294555664062e+01
-2.635361099243164062e+01
-2.196538352966308594e+01
-2.364512062072753906e+01
-2.436478424072265625e+01
-1.648227882385253906e+01
-2.861982917785644531e+01
-2.731242370605468750e+01
-2.296282196044921875e+01
-1.405600280761718750e+02
-1.806883697509765625e+02
-1.391367187500000000e+02
-1.849525299072265625e+02
-2.111237792968750000e+02
-1.668550415039062500e+02
-1.608694610595703125e+02
-1.835215301513671875e+02
-1.479469146728515625e+02
-3.378282928466796875e+01
-3.365746688842773438e+01
-2.583606338500976562e+01
-1.337869834899902344e+01
-2.408429908752441406e+01
-1.380728912353515625e+01
-2.886481285095214844e+01
-3.957559967041015625e+01
-2.909491348266601562e+01
-6.899739990234375000e+02
-7.170100097656250000e+02
-6.834672851562500000e+02
-7.048225708007812500e+02
-6.862847900390625000e+02
-5.702750854492187500e+02
-6.621756591796875000e+02
-6.860110473632812500e+02
-5.907920532226562500e+02
-8.834101867675781250e+01
-9.738470458984375000e+01
-1.590616149902343750e+02
-5.786866760253906250e+01
-9.300990295410156250e+01
-1.712904510498046875e+02
-7.285368347167968750e+01
-1.179252624511718750e+02
-1.757549896240234375e+02
-4.670505905151367188e+01
-4.658615493774414062e+01
-5.087005233764648438e+01
-4.111886978149414062e+01
-3.802628707885742188e+01
-3.846599578857421875e+01
-2.958819007873535156e+01
-3.017191886901855469e+01
-3.313003158569335938e+01
-8.935289001464843750e+01
-7.482416534423828125e+01
-9.151776885986328125e+01
-7.368955230712890625e+01
-8.295336151123046875e+01
-1.036691970825195312e+02
-5.974237060546875000e+01
-8.889413452148437500e+01
-1.130574111938476562e+02
-1.734121551513671875e+02
-1.837755432128906250e+02
-1.814659271240234375e+02
-1.416688232421875000e+02
-1.619781494140625000e+02
-1.608658294677734375e+02
-1.205798492431640625e+02
-1.580558319091796875e+02
-1.695809478759765625e+02
-4.009461879730224609e+00
-4.650527000427246094e+00
-4.519897460937500000e+00
-3.975348711013793945e+00
-4.387821674346923828e+00
-3.957070350646972656e+00
-4.522578716278076172e+00
-4.347655296325683594e+00
-3.943810224533081055e+00
-1.236963500976562500e+02
-1.497489471435546875e+02
-1.804348297119140625e+02
-1.015183334350585938e+02
-1.071710891723632812e+02
-1.495411987304687500e+02
-2.656372451782226562e+01
-5.471526336669921875e+01
-1.070951156616210938e+02
-3.428425312042236328e+00
-3.726462841033935547e+00
-8.519041061401367188e+00
-8.070650100708007812e+00
-7.165692329406738281e+00
-1.205591487884521484e+01
-9.754935264587402344e+00
-1.029874801635742188e+01
-1.588097858428955078e+01
-6.883657073974609375e+01
-7.618201446533203125e+01
-8.134284210205078125e+01
-7.561879730224609375e+01
-7.653781890869140625e+01
-7.197555541992187500e+01
-5.872320938110351562e+01
-5.861142730712890625e+01
-6.211115264892578125e+01
-1.702912597656250000e+02
-1.748746643066406250e+02
-1.299494476318359375e+02
-9.834726333618164062e+00
-9.402924537658691406e+00
-3.391849517822265625e+01
1.108132457733154297e+01
-4.926102066040039062e+01
-1.020963897705078125e+02
-1.986905975341796875e+02
-2.140959014892578125e+02
-2.353368377685546875e+02
-2.545931549072265625e+02
-2.549311676025390625e+02
-2.590800170898437500e+02
-2.701908874511718750e+02
-2.531217041015625000e+02
-2.408156890869140625e+02
-3.785000991821289062e+01
-3.511316299438476562e+01
-4.543529129028320312e+01
-3.727845001220703125e+01
-4.054728698730468750e+01
-4.137859344482421875e+01
-5.158867645263671875e+01
-3.558835220336914062e+01
-2.928668022155761719e+01
-3.024952888488769531e+01
-2.764973449707031250e+01
-2.763883781433105469e+01
-2.064670562744140625e+01
-1.991017913818359375e+01
-2.308866500854492188e+01
-1.400527191162109375e+01
-1.740554809570312500e+01
-2.452689933776855469e+01
-3.920159912109375000e+01
-4.364836883544921875e+01
-3.759953308105468750e+01
-2.442793273925781250e+01
-2.952640533447265625e+01
-1.910629653930664062e+01
-2.113764572143554688e+01
-1.817591667175292969e+01
-1.495227813720703125e-01
-1.073154983520507812e+02
-1.750792388916015625e+02
-1.814358520507812500e+02
-1.139114990234375000e+02
-1.862976684570312500e+02
-1.875128936767578125e+02
-1.383560943603515625e+02
-1.942741851806640625e+02
-1.656035766601562500e+02
-7.892362976074218750e+01
-7.631072235107421875e+01
-7.083217620849609375e+01
-4.037013244628906250e+01
-3.164729690551757812e+01
-1.687610244750976562e+01
-1.395262622833251953e+01
-1.324676799774169922e+01
-1.788166999816894531e+01
-4.553782653808593750e+02
-5.173679199218750000e+02
-5.172254638671875000e+02
-3.848131103515625000e+02
-4.141835937500000000e+02
-4.477175292968750000e+02
-3.265224304199218750e+02
-3.548720397949218750e+02
-3.905343322753906250e+02
-8.896767425537109375e+01
-7.500276947021484375e+01
-9.144817352294921875e+01
-6.788646697998046875e+01
-5.282551193237304688e+01
-7.739189147949218750e+01
-6.349959945678710938e+01
-5.738027954101562500e+01
-9.177302551269531250e+01
2.303371578454971313e-02
6.832842528820037842e-02
8.444724231958389282e-02
2.104986160993576050e-01
2.502980530261993408e-01
1.401188373565673828e-01
2.040423899888992310e-01
2.425240278244018555e-01
7.620619237422943115e-02
6.160330772399902344e-02
2.541367150843143463e-02
6.340272724628448486e-02
5.051918029785156250e-01
2.820236086845397949e-01
1.201150864362716675e-01
2.088697999715805054e-01
1.412689387798309326e-01
-4.791716486215591431e-02
4.133937954902648926e-01
1.299650073051452637e-01
1.160081624984741211e-01
6.960968375205993652e-01
3.164517283439636230e-01
1.992344707250595093e-01
7.708560228347778320e-01
6.615483760833740234e-01
3.696892857551574707e-01
1.377021335065364838e-02
8.527046069502830505e-03
5.484892521053552628e-03
1.154034491628408432e-02
1.804770901799201965e-02
1.871342025697231293e-02
4.962102510035037994e-03
2.394879609346389771e-02
2.586392313241958618e-02
3.503197729587554932e-01
8.199908137321472168e-01
1.740609705448150635e-01
7.657994031906127930e-01
1.488480329513549805e+00
7.606000304222106934e-01
3.032828271389007568e-01
3.130895793437957764e-01
5.799427032470703125e-01
3.816071897745132446e-03
-5.733813159167766571e-04
6.844046991318464279e-03
-3.955082036554813385e-03
1.095232516527175903e-01
2.333478443324565887e-02
7.199160289019346237e-03
8.628609590232372284e-03
-8.842687122523784637e-03
4.711598157882690430e-02
1.586849391460418701e-01
1.503660716116428375e-02
2.442683130502700806e-01
3.995347321033477783e-01
1.292415708303451538e-01
5.918933153152465820e-01
6.378213167190551758e-01
4.435353279113769531e-01
1.166029930114746094e+00
1.297416448593139648e+00
4.868099093437194824e-01
2.715736627578735352e+00
1.734474539756774902e+00
1.592340230941772461e+00
2.092187643051147461e+00
1.695328652858734131e-01
1.445359110832214355e+00
2.972810901701450348e-02
1.713678389787673950e-01
1.372516155242919922e-01
4.610731601715087891e-01
2.529121935367584229e-01
8.312480449676513672e-01
6.919019222259521484e-01
1.119835615158081055e+00
1.648755550384521484e+00
-3.517457842826843262e-02
2.664303407073020935e-02
2.577092032879590988e-03
-5.064271390438079834e-02
-5.570282042026519775e-02
1.807769089937210083e-01
1.512668654322624207e-02
3.612851500511169434e-01
3.252529799938201904e-01
2.359981834888458252e-02
4.500087723135948181e-02
2.842226624488830566e-02
1.561814546585083008e-01
1.176463961601257324e-01
4.201987758278846741e-02
1.597799360752105713e-01
1.173599958419799805e-01
9.901589900255203247e-02
-5.493351072072982788e-02
-5.591975897550582886e-02
1.724279969930648804e-01
4.508994221687316895e-01
1.572877317667007446e-01
2.387186735868453979e-01
3.774834871292114258e-01
3.051893115043640137e-01
1.279756873846054077e-01
1.950665563344955444e-01
-7.462230324745178223e-02
1.162314116954803467e-01
6.079812645912170410e-01
-3.884363174438476562e-02
-6.310503184795379639e-02
7.093482613563537598e-01
1.339116841554641724e-01
8.230754137039184570e-01
1.608538627624511719e-02
7.194988429546356201e-03
3.445165231823921204e-02
5.845273137092590332e-01
-9.705174714326858521e-02
1.292702406644821167e-01
1.593807339668273926e-01
1.702694445848464966e-01
9.362486004829406738e-02
1.493504643440246582e-01
-1.078868359327316284e-01
2.731308043003082275e-01
1.825178980827331543e+00
1.418912172317504883e+00
1.361089229583740234e+00
2.361240625381469727e+00
1.524564862251281738e+00
6.804239153861999512e-01
-5.108338966965675354e-02
4.404915273189544678e-01
3.400469943881034851e-02
4.903267025947570801e-01
8.811630606651306152e-01
2.309809997677803040e-02
2.439915537834167480e-01
5.890203714370727539e-01
1.884911209344863892e-01
4.563303375244140625e+01
4.350672912597656250e+01
3.569621658325195312e+01
4.390784072875976562e+01
3.939289093017578125e+01
3.529613876342773438e+01
4.328707885742187500e+01
3.568055725097656250e+01
3.038857078552246094e+01
3.408790206909179688e+01
3.332300567626953125e+01
4.665592575073242188e+01
2.290110969543457031e+01
2.970402526855468750e+01
5.384572601318359375e+01
8.785268783569335938e+00
2.839760780334472656e+01
5.677082443237304688e+01
1.623376922607421875e+02
1.397911834716796875e+02
1.137661132812500000e+02
1.629750671386718750e+02
1.357092895507812500e+02
1.105068664550781250e+02
1.483549194335937500e+02
1.287742767333984375e+02
1.095291595458984375e+02
3.810155153274536133e+00
4.943862438201904297e+00
4.919267654418945312e+00
4.449784278869628906e+00
5.540000438690185547e+00
5.091102123260498047e+00
5.121117115020751953e+00
5.814724445343017578e+00
4.950196743011474609e+00
1.643238372802734375e+02
1.201425552368164062e+02
9.549095153808593750e+01
1.336645202636718750e+02
1.132525177001953125e+02
8.761803436279296875e+01
1.250297698974609375e+02
8.712159729003906250e+01
6.196472549438476562e+01
5.131314277648925781e+00
5.515210628509521484e+00
1.033564376831054688e+01
4.594475746154785156e+00
6.236221313476562500e+00
9.968877792358398438e+00
4.642580509185791016e+00
7.258032798767089844e+00
1.042847156524658203e+01
7.957185363769531250e+01
8.976222229003906250e+01
8.265530395507812500e+01
8.817234039306640625e+01
9.790293121337890625e+01
8.890981292724609375e+01
9.371156311035156250e+01
9.402057647705078125e+01
7.745931243896484375e+01
2.018199310302734375e+02
1.514162902832031250e+02
9.728966522216796875e+01
1.794007873535156250e+02
1.165721969604492188e+02
6.285814666748046875e+01
1.287337341308593750e+02
7.641895294189453125e+01
4.103103637695312500e+01
1.973928833007812500e+02
2.720315246582031250e+02
2.967892761230468750e+02
2.228500671386718750e+02
3.036190185546875000e+02
3.189638366699218750e+02
2.519062194824218750e+02
3.084219055175781250e+02
3.073734741210937500e+02
1.252066707611083984e+01
2.214452743530273438e+01
3.147814941406250000e+01
1.314851474761962891e+01
2.414690589904785156e+01
3.266284561157226562e+01
2.038342094421386719e+01
3.245979690551757812e+01
3.745636367797851562e+01
3.009137916564941406e+01
2.262825012207031250e+01
1.783862495422363281e+01
2.776833534240722656e+01
1.998257637023925781e+01
1.598289489746093750e+01
2.401610946655273438e+01
1.684004020690917969e+01
1.467855834960937500e+01
4.711252593994140625e+01
3.946616363525390625e+01
2.660497283935546875e+01
5.115444564819335938e+01
3.769416427612304688e+01
2.442445182800292969e+01
4.718420791625976562e+01
3.638757705688476562e+01
1.799567031860351562e+01
7.860986328125000000e+01
9.950287628173828125e+01
1.408572540283203125e+02
7.353071594238281250e+01
1.127297668457031250e+02
1.483664703369140625e+02
8.334364318847656250e+01
1.341145629882812500e+02
1.798796081542968750e+02
6.175192642211914062e+01
4.811463546752929688e+01
3.238428497314453125e+01
5.837073135375976562e+01
4.215449523925781250e+01
2.755098533630371094e+01
5.589588546752929688e+01
4.002852630615234375e+01
1.604176521301269531e+01
3.761796569824218750e+02
3.902044067382812500e+02
3.866219177246093750e+02
3.921096496582031250e+02
4.095611572265625000e+02
3.986026611328125000e+02
4.002162170410156250e+02
4.275986022949218750e+02
4.126110534667968750e+02
6.257806396484375000e+01
6.902859497070312500e+01
5.759364700317382812e+01
5.850065612792968750e+01
6.516738128662109375e+01
5.409189987182617188e+01
5.382878494262695312e+01
6.028036880493164062e+01
4.651142883300781250e+01
6.767226010560989380e-02
2.045747488737106323e-01
3.670065402984619141e-01
-3.981526196002960205e-01
2.972557395696640015e-02
-3.413915168493986130e-03
-5.873263999819755554e-02
3.326369225978851318e-01
-1.101278066635131836e-01
4.031547546386718750e+00
4.674444198608398438e+00
3.286377429962158203e+00
4.496662616729736328e+00
4.791650295257568359e+00
-9.476610422134399414e-01
1.946938633918762207e+00
1.960008978843688965e+00
-4.267114162445068359e+00
4.322146892547607422e+00
1.365017294883728027e+00
5.848828792572021484e+00
3.064883470535278320e+00
1.350779771804809570e+00
2.437068939208984375e+00
1.865814328193664551e+00
-4.983478188514709473e-01
-2.625285148620605469e+00
7.342614978551864624e-02
-2.172275632619857788e-01
-2.168510854244232178e-01
1.984561979770660400e-02
-2.382869422435760498e-01
-2.556496858596801758e-01
7.807045429944992065e-02
-2.656603753566741943e-01
-2.334422022104263306e-01
1.058530807495117188e+00
-2.713112115859985352e+00
-2.627881765365600586e-01
1.551975727081298828e+00
-3.524116992950439453e+00
3.262514591217041016e+00
-1.134031772613525391e+00
-7.303277015686035156e+00
-4.347229599952697754e-01
-2.322325557470321655e-01
-1.704754084348678589e-01
-1.141319513320922852e+00
7.396747469902038574e-01
2.701537311077117920e-01
-1.078732252120971680e+00
-6.121845841407775879e-01
-9.968589991331100464e-02
-1.579273462295532227e+00
-4.440312683582305908e-01
-1.352926611900329590e+00
-2.916932344436645508e+00
-1.880523860454559326e-01
-7.827650308609008789e-01
-2.040820837020874023e+00
-1.083822697401046753e-01
-4.854933321475982666e-01
-2.658885717391967773e+00
1.145370602607727051e-01
1.486116647720336914e+00
-1.902960300445556641e+00
-1.896623015403747559e+00
-1.083145737648010254e+00
-4.883031368255615234e+00
-1.025340080261230469e+00
-1.668106913566589355e+00
1.308247208595275879e+00
5.001101493835449219e+00
-3.999810457229614258e+00
-1.091462993621826172e+01
-1.249096393585205078e-01
-8.120657920837402344e+00
-1.177107048034667969e+01
-2.695828914642333984e+00
-9.006031990051269531e+00
-1.314577674865722656e+01
5.164217948913574219e-01
4.663434028625488281e-01
-1.515875458717346191e+00
5.944572091102600098e-01
2.968207597732543945e-01
-1.701570510864257812e+00
7.571794390678405762e-01
-5.700776576995849609e-01
-1.923819780349731445e+00
2.182481884956359863e-01
-6.904087960720062256e-02
-2.545947730541229248e-01
8.526618778705596924e-02
1.736544370651245117e-01
-3.013879060745239258e-01
-1.462612897157669067e-01
-2.881441414356231689e-01
-8.033182024955749512e-01
-6.543861627578735352e-01
-1.380117416381835938e+00
-7.157992124557495117e-01
-1.129678249359130859e+00
-6.802990436553955078e-01
-3.145359158515930176e-01
-9.646756947040557861e-02
-1.323129653930664062e+00
-3.977950215339660645e-01
8.776491165161132812e+00
4.312755107879638672e+00
-2.604241132736206055e+00
7.940056324005126953e+00
2.109724044799804688e+00
-5.043162345886230469e+00
6.330730438232421875e+00
2.132547855377197266e+00
-2.659602880477905273e+00
-1.844475418329238892e-01
-8.856738805770874023e-01
-2.230640411376953125e+00
8.065268397331237793e-01
2.323118925094604492e+00
-1.516252994537353516e+00
-9.830318093299865723e-01
-1.207840681076049805e+00
-1.583821654319763184e+00
1.545020484924316406e+01
-5.503512382507324219e+00
-7.998822689056396484e+00
3.098192214965820312e+00
-1.083154201507568359e+01
-1.411701488494873047e+01
3.829335212707519531e+00
-6.478926181793212891e+00
-1.326712322235107422e+01
1.282586336135864258e+00
3.054744005203247070e-01
3.306439161300659180e+00
-9.098178148269653320e-02
-1.545011758804321289e+00
7.502452731132507324e-01
-7.558709383010864258e-02
-9.806257486343383789e-01
-1.090563535690307617e+00
1.414603143930435181e-01
-1.490027666091918945e+00
-4.661367893218994141e+00
-1.611471921205520630e-01
-1.724515795707702637e+00
-4.933547496795654297e+00
-4.215802550315856934e-01
-2.025759935379028320e+00
-5.141181945800781250e+00
-4.797893524169921875e+00
-1.509966278076171875e+01
-1.847906875610351562e+01
-6.174197196960449219e+00
-1.592180061340332031e+01
-1.990041160583496094e+01
-7.678953170776367188e+00
-1.524963378906250000e+01
-1.871428108215332031e+01
-8.821912765502929688e+00
-1.967297935485839844e+01
-2.548922157287597656e+01
-1.038281440734863281e+01
-2.033626365661621094e+01
-2.377130889892578125e+01
-1.288020896911621094e+01
-2.185324096679687500e+01
-2.235182380676269531e+01
-3.069309294223785400e-01
-5.332205891609191895e-01
-2.260101735591888428e-01
-2.873141467571258545e-01
-5.075559020042419434e-01
-1.518249362707138062e-01
-2.637520730495452881e-01
-5.110524296760559082e-01
-1.285667866468429565e-01
-7.414567947387695312e+00
-1.807620429992675781e+01
-1.717660331726074219e+01
-1.120310115814208984e+01
-1.920518112182617188e+01
-1.871144485473632812e+01
-8.286740303039550781e+00
-1.449023437500000000e+01
-1.536183261871337891e+01
-3.396760523319244385e-01
-6.586933135986328125e-01
5.230702459812164307e-02
1.804116368293762207e-01
-5.256419181823730469e-01
-5.052033811807632446e-02
-3.250353932380676270e-01
4.818262904882431030e-02
-6.681084036827087402e-01
-7.837492823600769043e-01
-9.977140426635742188e-01
-1.022381901741027832e+00
-3.640301823616027832e-01
-5.946611166000366211e-01
-8.790144324302673340e-02
2.813116647303104401e-02
-4.543704390525817871e-01
-1.801028251647949219e-01
-9.976078033447265625e+00
-2.725966644287109375e+01
-4.776594543457031250e+01
-9.918222427368164062e+00
-3.067119979858398438e+01
-4.313472747802734375e+01
-1.390912342071533203e+01
-3.713457870483398438e+01
-4.325376129150390625e+01
-4.275250911712646484e+00
-4.432847023010253906e+00
-2.236280441284179688e+00
-2.422368526458740234e+00
-2.847115516662597656e+00
-2.235272645950317383e+00
-3.386036396026611328e+00
-3.332312822341918945e+00
-4.530635356903076172e+00
-4.862441539764404297e+00
-1.283742332458496094e+01
-7.363393306732177734e+00
-5.837057590484619141e+00
-1.231186580657958984e+01
-6.835993289947509766e+00
-6.460544586181640625e+00
-1.241407299041748047e+01
-5.195111751556396484e+00
-6.974586248397827148e-01
-2.969923257827758789e+00
-4.771572113037109375e+00
-9.653366804122924805e-01
-3.257595062255859375e+00
-4.973451137542724609e+00
-1.270713567733764648e+00
-3.447312355041503906e+00
-4.866760253906250000e+00
-1.488881826400756836e+00
-4.539239406585693359e+00
-6.632980346679687500e+00
-1.532634496688842773e+00
-4.175689220428466797e+00
-7.380670547485351562e+00
-1.493060111999511719e+00
-4.837326526641845703e+00
-7.281075000762939453e+00
-6.152325153350830078e+00
-1.159820938110351562e+01
-1.311666870117187500e+01
-6.091544628143310547e+00
-1.180268001556396484e+01
-1.221415519714355469e+01
-4.628759384155273438e+00
-5.062150001525878906e+00
-6.658896446228027344e+00
5.344640016555786133e-01
-4.113286972045898438e+00
-9.939826011657714844e+00
8.368931710720062256e-03
-5.978501319885253906e+00
-1.312044525146484375e+01
-4.320378601551055908e-01
-6.693428039550781250e+00
-1.418482494354248047e+01
-1.664204025268554688e+01
-2.633942222595214844e+01
-3.999045944213867188e+01
-1.327003383636474609e+01
-2.679672431945800781e+01
-4.275916671752929688e+01
-1.105080604553222656e+01
-2.265920066833496094e+01
-4.196098709106445312e+01
-7.423958778381347656e+00
-1.514565086364746094e+01
-1.491522789001464844e+01
-8.806020736694335938e+00
-1.598424148559570312e+01
-1.410251617431640625e+01
-1.069468498229980469e+01
-1.738205146789550781e+01
-1.324200248718261719e+01
1.693769073486328125e+02
1.837112884521484375e+02
1.855810852050781250e+02
1.630460662841796875e+02
1.753551025390625000e+02
1.760830383300781250e+02
1.391227569580078125e+02
1.532980041503906250e+02
1.581994476318359375e+02
4.243186340332031250e+02
3.842853393554687500e+02
3.459146118164062500e+02
3.755543518066406250e+02
3.489950866699218750e+02
3.210763854980468750e+02
3.571070861816406250e+02
3.576427612304687500e+02
3.452850646972656250e+02
7.862105102539062500e+02
7.368588867187500000e+02
7.005136108398437500e+02
7.891351928710937500e+02
7.638734741210937500e+02
7.346660156250000000e+02
7.395581665039062500e+02
7.548014526367187500e+02
7.300964355468750000e+02
1.056041336059570312e+01
9.135217666625976562e+00
8.578427314758300781e+00
1.144878196716308594e+01
9.332429885864257812e+00
7.568242549896240234e+00
1.167895030975341797e+01
9.297394752502441406e+00
6.725359916687011719e+00
6.912464599609375000e+02
5.640986938476562500e+02
5.283050537109375000e+02
5.776791381835937500e+02
4.613840332031250000e+02
4.613511657714843750e+02
4.235643615722656250e+02
3.682689514160156250e+02
3.725895996093750000e+02
2.632700204849243164e+00
8.582189559936523438e+00
6.423617839813232422e+00
-8.856716156005859375e-01
8.786175727844238281e+00
2.673655986785888672e+00
8.673755645751953125e+00
1.419719696044921875e+01
1.390926074981689453e+01
1.307882690429687500e+02
1.450658416748046875e+02
1.638493804931640625e+02
1.598748626708984375e+02
1.652854156494140625e+02
1.757573852539062500e+02
1.215413055419921875e+02
1.243362045288085938e+02
1.374595947265625000e+02
1.388077880859375000e+03
1.322627563476562500e+03
1.181822631835937500e+03
9.656565551757812500e+02
8.739325561523437500e+02
7.551871948242187500e+02
6.944035034179687500e+02
6.499420776367187500e+02
6.097344970703125000e+02
3.148246765136718750e+02
3.461272888183593750e+02
3.479052124023437500e+02
3.698109741210937500e+02
4.082973632812500000e+02
4.107293395996093750e+02
4.233524169921875000e+02
4.504912109375000000e+02
4.514988403320312500e+02
1.026329345703125000e+02
9.372927856445312500e+01
7.013458251953125000e+01
1.293165435791015625e+02
1.254971923828125000e+02
9.152234649658203125e+01
1.572098541259765625e+02
1.417307281494140625e+02
9.762138366699218750e+01
1.269015426635742188e+02
1.250863800048828125e+02
1.135977706909179688e+02
1.153964157104492188e+02
1.109474868774414062e+02
1.018484878540039062e+02
9.154550170898437500e+01
9.001642608642578125e+01
8.762879180908203125e+01
1.725680541992187500e+02
1.774339599609375000e+02
1.710238342285156250e+02
1.671710205078125000e+02
1.659773406982421875e+02
1.480917816162109375e+02
1.413881225585937500e+02
1.382300109863281250e+02
1.211920242309570312e+02
5.409912719726562500e+02
5.254313964843750000e+02
4.953161621093750000e+02
5.938836059570312500e+02
6.264959106445312500e+02
5.997190551757812500e+02
6.948129272460937500e+02
7.320109863281250000e+02
6.884309082031250000e+02
2.893465270996093750e+02
3.106899719238281250e+02
2.923365173339843750e+02
2.655903320312500000e+02
2.736831054687500000e+02
2.356090087890625000e+02
2.053367462158203125e+02
2.158079223632812500e+02
1.869659881591796875e+02
1.577265502929687500e+03
1.464312255859375000e+03
1.420596313476562500e+03
1.560718139648437500e+03
1.492574462890625000e+03
1.252652221679687500e+03
1.502280151367187500e+03
1.434783081054687500e+03
1.162988281250000000e+03
5.308982543945312500e+02
5.343582763671875000e+02
4.892006530761718750e+02
4.101389770507812500e+02
4.092352600097656250e+02
3.841476745605468750e+02
3.380564880371093750e+02
3.564459838867187500e+02
3.713407592773437500e+02
-3.839245796203613281e+00
-2.172223567962646484e+00
-4.784907400608062744e-01
-3.727627515792846680e+00
-2.500213384628295898e+00
-1.108412221074104309e-01
-3.684434175491333008e+00
-2.387252330780029297e+00
-2.296125441789627075e-01
1.059739589691162109e+00
8.760994672775268555e-01
-6.083831191062927246e-02
-3.647707104682922363e-01
-2.504523038864135742e+00
-3.311749696731567383e+00
-2.508014202117919922e+00
-1.974147856235504150e-01
-9.499853253364562988e-01
-1.121208763122558594e+01
-5.882649421691894531e+00
-4.854607105255126953e+00
-8.120456695556640625e+00
-3.956323623657226562e+00
-5.099039077758789062e+00
-1.083319282531738281e+01
-4.394409656524658203e+00
-5.818742752075195312e+00
-4.832785725593566895e-01
-4.090700149536132812e-01
-5.425711870193481445e-01
-5.988295674324035645e-01
-3.420973420143127441e-01
-5.967580080032348633e-01
-6.683770418167114258e-01
-3.402189910411834717e-01
-3.718709647655487061e-01
-1.114250659942626953e+01
-5.970040321350097656e+00
-5.555338859558105469e+00
-1.588426399230957031e+01
2.019841670989990234e-01
-1.354913711547851562e+00
-1.022076988220214844e+01
1.260273361206054688e+01
6.795950889587402344e+00
-2.913165330886840820e+00
-2.928444385528564453e+00
-9.232254624366760254e-01
-3.873545169830322266e+00
-2.658489227294921875e+00
-8.946502804756164551e-01
-2.740833759307861328e+00
-1.179917931556701660e+00
5.273764133453369141e-01
-1.555409717559814453e+01
-1.603953170776367188e+01
-1.384989833831787109e+01
-1.335348987579345703e+01
-9.870723724365234375e+00
-1.136276817321777344e+01
-1.577438259124755859e+01
-6.828219890594482422e+00
-6.743872642517089844e+00
5.054734706878662109e+00
1.524595165252685547e+01
3.772897243499755859e+00
1.436495685577392578e+01
2.034786796569824219e+01
7.638262510299682617e-01
5.175762653350830078e+00
2.096956062316894531e+01
1.303668856620788574e+00
-4.621246719360351562e+01
-3.870835113525390625e+01
-3.260081100463867188e+01
-4.392311859130859375e+01
-4.322709655761718750e+01
-2.871535110473632812e+01
-3.734653472900390625e+01
-3.025430488586425781e+01
-1.556387042999267578e+01
-1.711077690124511719e+00
-9.459814429283142090e-01
-2.108845472335815430e+00
-2.550073623657226562e+00
-9.497592449188232422e-01
-1.056361556053161621e+00
-1.437677502632141113e+00
-7.784811854362487793e-01
-2.372025728225708008e+00
-1.829562783241271973e+00
-1.489401221275329590e+00
-5.510198473930358887e-01
-1.846765160560607910e+00
-1.239607334136962891e+00
-9.087054729461669922e-01
-1.884546399116516113e+00
-7.111601829528808594e-01
-9.054287672042846680e-01
-2.308150053024291992e+00
1.027933478355407715e+00
1.738369345664978027e+00
-1.151814579963684082e+00
6.075550317764282227e-01
-8.689095973968505859e-01
-1.636609435081481934e+00
1.079704999923706055e+00
-1.063900828361511230e+00
-1.873570680618286133e+00
1.628387689590454102e+00
-6.370869636535644531e+00
-7.645494461059570312e+00
2.125905752182006836e+00
-5.366441249847412109e+00
-4.487176895141601562e+00
7.094390392303466797e-01
-1.186494064331054688e+01
6.159266829490661621e-02
3.478476762771606445e+00
1.770882606506347656e+00
2.145764529705047607e-01
1.239359736442565918e+00
2.099341630935668945e+00
4.384869098663330078e+00
8.415612578392028809e-01
3.372654676437377930e+00
-3.099994468688964844e+01
-1.668984413146972656e+01
-2.508922958374023438e+01
-3.233262634277343750e+01
-9.410895347595214844e+00
-1.341732025146484375e+01
-2.429637145996093750e+01
-7.224005699157714844e+00
-9.423733711242675781e+00
-2.032681465148925781e+00
-2.735363245010375977e-01
-3.063116788864135742e+00
-4.517900466918945312e+00
-3.630993127822875977e+00
-2.673446416854858398e+00
-8.702190399169921875e+00
-3.622406959533691406e+00
-2.891094446182250977e+00
2.237441539764404297e+00
1.532143473625183105e+00
2.933695539832115173e-02
3.971271753311157227e+00
3.157900810241699219e+00
1.269303321838378906e+00
3.876082181930541992e+00
2.906844377517700195e+00
1.054326295852661133e+00
1.702036142349243164e+00
3.268569111824035645e-01
-7.536960244178771973e-01
3.233575344085693359e+00
2.524291992187500000e+00
3.228481292724609375e+00
8.158530235290527344e+00
5.083981513977050781e+00
5.071480274200439453e+00
7.279202938079833984e+00
4.940196990966796875e+00
2.044668197631835938e-01
8.884713172912597656e+00
5.391085624694824219e+00
1.786257386207580566e+00
1.466259765625000000e+01
9.953718185424804688e+00
7.215750694274902344e+00
-3.811729699373245239e-02
-6.553568691015243530e-02
-1.988176815211772919e-02
2.561811208724975586e-01
3.001823425292968750e-01
2.990421652793884277e-01
4.799141362309455872e-02
9.966035187244415283e-02
1.043816283345222473e-01
1.085093379020690918e+00
-3.973326444625854492e+00
-3.558974742889404297e+00
2.022758102416992188e+01
1.287495040893554688e+01
1.064026260375976562e+01
1.603165435791015625e+01
8.780662536621093750e+00
1.005645275115966797e+01
4.706567153334617615e-02
-8.089260011911392212e-02
1.671279408037662506e-02
2.191070318222045898e-01
-1.469811946153640747e-01
-1.247753277420997620e-01
3.979964256286621094e-01
6.652829051017761230e-02
-3.654322922229766846e-01
6.190342903137207031e-01
1.536700010299682617e+00
-2.291232347488403320e-02
-3.222200274467468262e-02
7.903884649276733398e-01
-2.160566598176956177e-01
2.620672881603240967e-01
-1.690217554569244385e-01
-7.148829102516174316e-01
2.461727619171142578e+00
-4.235921859741210938e+00
-1.134283924102783203e+01
4.676167678833007812e+01
4.974917602539062500e+01
3.575507736206054688e+01
3.998690414428710938e+01
4.250561141967773438e+01
2.882722473144531250e+01
-2.334115982055664062e+00
3.329249322414398193e-01
-1.417277932167053223e+00
6.053010821342468262e-01
1.202229410409927368e-02
-3.193244457244873047e+00
1.894308924674987793e-01
-1.378280639648437500e+00
-4.411319255828857422e+00
5.938615798950195312e-01
3.285210430622100830e-01
-7.169643044471740723e-01
-5.857555866241455078e-01
-2.101422399282455444e-01
8.001054078340530396e-02
1.645449042320251465e+00
1.963804960250854492e+00
1.801472604274749756e-01
7.863029837608337402e-01
3.873774781823158264e-02
-2.407873123884201050e-01
1.602349877357482910e+00
9.325830340385437012e-01
6.498546600341796875e-01
2.541805505752563477e+00
1.669358253479003906e+00
1.312795758247375488e+00
4.185709476470947266e+00
1.843993782997131348e+00
8.428743481636047363e-02
6.844027519226074219e+00
3.993030309677124023e+00
2.970063924789428711e+00
6.426371574401855469e+00
4.660959243774414062e+00
3.790615081787109375e+00
1.174518689513206482e-01
2.633585691452026367e+00
1.468750000000000000e+00
6.990386486053466797e+00
8.113162040710449219e+00
6.164167404174804688e+00
1.185829448699951172e+01
1.416290855407714844e+01
9.216813087463378906e+00
6.673892974853515625e+00
4.740240573883056641e+00
-1.403696298599243164e+00
7.008558273315429688e+00
5.381741046905517578e+00
7.255802154541015625e-01
7.232524871826171875e+00
4.653805255889892578e+00
8.465639948844909668e-01
1.122387027740478516e+01
4.282306194305419922e+00
-4.426056861877441406e+00
2.777986907958984375e+01
1.665111351013183594e+01
9.892835617065429688e+00
3.254478454589843750e+01
2.158692550659179688e+01
1.327202892303466797e+01
6.053984642028808594e+00
2.247839450836181641e+00
-1.138384699821472168e+00
1.297613048553466797e+01
7.575721740722656250e+00
4.206489562988281250e+00
1.760699653625488281e+01
1.181790447235107422e+01
9.236340522766113281e+00
2.026344299316406250e+02
3.460763931274414062e+01
7.383216857910156250e+01
1.349651031494140625e+02
-3.846376419067382812e+01
4.578663253784179688e+01
2.303255310058593750e+02
-4.900935363769531250e+01
-3.006613159179687500e+01
3.786267700195312500e+02
-4.636351318359375000e+02
-3.237242431640625000e+02
7.532312622070312500e+02
2.140391540527343750e+02
6.534357910156250000e+02
1.233226547241210938e+02
-6.436322631835937500e+02
-2.650084228515625000e+02
1.592135375976562500e+03
1.118684326171875000e+03
2.805798645019531250e+02
4.378874511718750000e+02
7.650109863281250000e+01
-2.035974121093750000e+02
-2.594890747070312500e+02
-3.761363220214843750e+02
-6.441826171875000000e+02
7.866201400756835938e+00
2.626724052429199219e+01
6.599645614624023438e+00
1.064655971527099609e+01
1.957219123840332031e+01
-3.851730823516845703e+00
-9.105896949768066406e-02
1.203110980987548828e+01
-1.009734153747558594e+01
-5.162071533203125000e+02
-1.768308868408203125e+02
-1.063155029296875000e+03
-4.575720825195312500e+02
3.562816772460937500e+02
-1.050877929687500000e+03
-1.058385986328125000e+03
-4.402314453125000000e+02
-6.828593444824218750e+01
-2.252629470825195312e+01
-9.747865295410156250e+01
-1.402377319335937500e+01
1.530430908203125000e+02
-6.729772090911865234e+00
9.805570220947265625e+01
-9.005197143554687500e+01
-2.141073150634765625e+02
3.752448272705078125e+01
4.161959838867187500e+02
3.687848205566406250e+02
-1.269745178222656250e+02
2.454501495361328125e+02
3.566419982910156250e+02
7.888945770263671875e+01
1.664669494628906250e+02
3.718119049072265625e+01
1.028890686035156250e+02
6.917690429687500000e+02
9.946477661132812500e+02
-1.657766113281250000e+03
-9.081865844726562500e+02
-3.727103576660156250e+02
-1.721354858398437500e+03
-3.831069030761718750e+02
-3.154940414428710938e+01
-9.329457397460937500e+02
-4.017540893554687500e+02
-1.099526824951171875e+02
7.625877075195312500e+02
-6.312419433593750000e+02
-3.599404907226562500e+02
1.668330688476562500e+02
-1.520217285156250000e+02
-7.718421936035156250e+01
-1.713499603271484375e+02
-1.936080455780029297e+00
-3.256443481445312500e+02
9.062852478027343750e+01
-5.785538330078125000e+02
-4.836028137207031250e+02
-4.083104248046875000e+02
-1.148943176269531250e+02
-2.681704711914062500e+02
5.843765258789062500e+01
1.586769561767578125e+02
-7.477828979492187500e+01
-1.351894531250000000e+02
1.069818878173828125e+02
-1.436771392822265625e+02
-2.394936828613281250e+02
-3.397436523437500000e+01
-2.460666656494140625e+02
-2.917822570800781250e+02
-2.023789596557617188e+01
2.904548072814941406e+01
1.750870361328125000e+02
-1.982649612426757812e+01
-7.114669799804687500e+01
-6.260192108154296875e+01
8.777617645263671875e+01
-2.699537963867187500e+02
-1.582604522705078125e+02
2.277930419921875000e+03
2.546860107421875000e+03
2.873406982421875000e+03
1.278312011718750000e+03
1.762283813476562500e+03
1.659927001953125000e+03
1.872114257812500000e+02
4.050263366699218750e+02
3.771978759765625000e+02
-1.475210723876953125e+02
-1.672869110107421875e+02
3.786309204101562500e+02
1.819697570800781250e+02
-5.373323974609375000e+02
-9.432373046875000000e+01
4.738374633789062500e+02
-1.615899047851562500e+02
-5.681818771362304688e+01
1.532292480468750000e+03
2.463229003906250000e+03
-1.845831146240234375e+02
-8.469995117187500000e+02
7.680858154296875000e+02
-1.315554321289062500e+03
-6.924288940429687500e+01
1.463156250000000000e+03
-1.272286743164062500e+03
-8.818701934814453125e+01
2.381392822265625000e+02
-9.719042358398437500e+02
-1.722062377929687500e+02
-3.418527832031250000e+02
-9.388789062500000000e+02
5.394805297851562500e+02
-6.571823120117187500e+01
-5.531452026367187500e+02
-5.244300842285156250e+01
-5.946902465820312500e+01
-7.838434600830078125e+01
-6.346398544311523438e+01
-7.362639617919921875e+01
-9.182447052001953125e+01
-6.858259582519531250e+01
-7.752317810058593750e+01
-9.754129028320312500e+01
-2.140692596435546875e+02
-2.749266357421875000e+02
-2.647429504394531250e+02
-2.524817199707031250e+02
-3.077001647949218750e+02
-2.871711730957031250e+02
-2.485137939453125000e+02
-3.050271301269531250e+02
-2.873513793945312500e+02
-3.214631347656250000e+02
-3.863981323242187500e+02
-4.177024230957031250e+02
-3.373569946289062500e+02
-3.973697814941406250e+02
-4.154167785644531250e+02
-3.501767883300781250e+02
-4.180879211425781250e+02
-4.494647216796875000e+02
-2.109112977981567383e+00
-2.427211999893188477e+00
-1.104396104812622070e+00
-1.627119541168212891e+00
-1.926158905029296875e+00
-1.689614057540893555e-01
-2.222397476434707642e-01
-5.102284997701644897e-02
1.329746723175048828e+00
-2.276309356689453125e+02
-3.489036865234375000e+02
-3.539755859375000000e+02
-3.170842285156250000e+02
-4.082061767578125000e+02
-4.096149597167968750e+02
-2.084084320068359375e+02
-3.310280761718750000e+02
-3.445352172851562500e+02
-2.099537849426269531e+00
-4.631412029266357422e+00
-4.485875606536865234e+00
-8.214699625968933105e-01
-3.356251955032348633e+00
-8.200794219970703125e+00
7.750839233398437500e+00
-1.657133340835571289e+00
-2.695009708404541016e+00
3.330366897583007812e+01
4.278213500976562500e+01
3.206483459472656250e+01
3.804587936401367188e+01
5.272063446044921875e+01
4.099942016601562500e+01
4.725386810302734375e+01
6.014511871337890625e+01
3.120447921752929688e+01
-6.273869628906250000e+02
-7.537700195312500000e+02
-8.395275878906250000e+02
-8.338453979492187500e+02
-8.995206298828125000e+02
-9.410003051757812500e+02
-7.588471679687500000e+02
-8.245907592773437500e+02
-8.338358764648437500e+02
1.844068336486816406e+01
4.097380447387695312e+01
5.383152389526367188e+01
3.933712005615234375e+01
4.597173309326171875e+01
5.842090606689453125e+01
8.189856719970703125e+01
9.007546234130859375e+01
8.617435455322265625e+01
-5.058497238159179688e+01
-6.284272384643554688e+01
-5.541036224365234375e+01
-5.394350433349609375e+01
-7.510820007324218750e+01
-5.741738510131835938e+01
-7.053941345214843750e+01
-8.589918518066406250e+01
-7.912152862548828125e+01
-4.834091949462890625e+01
-6.073984146118164062e+01
-7.282254028320312500e+01
-6.108897399902343750e+01
-7.182801818847656250e+01
-8.140454101562500000e+01
-6.081418228149414062e+01
-7.076428985595703125e+01
-8.040365600585937500e+01
-3.950272369384765625e+01
-5.119201660156250000e+01
-8.569736480712890625e+01
-6.778430175781250000e+01
-8.991853332519531250e+01
-1.143449401855468750e+02
-7.799755859375000000e+01
-9.153335571289062500e+01
-1.129919815063476562e+02
-2.319348297119140625e+02
-2.834907226562500000e+02
-2.497393646240234375e+02
-2.161164550781250000e+02
-2.715470275878906250e+02
-2.337809906005859375e+02
-2.194130554199218750e+02
-2.977441711425781250e+02
-2.431683044433593750e+02
-1.053344345092773438e+02
-1.151439895629882812e+02
-1.757020874023437500e+02
-1.681512298583984375e+02
-1.903287658691406250e+02
-2.342319641113281250e+02
-1.911832580566406250e+02
-2.037851867675781250e+02
-2.419620361328125000e+02
-4.518275756835937500e+02
-5.298421020507812500e+02
-5.694689331054687500e+02
-6.285319824218750000e+02
-7.221544799804687500e+02
-7.599544677734375000e+02
-6.401641235351562500e+02
-7.571291503906250000e+02
-7.633942260742187500e+02
-1.876251678466796875e+02
-2.669464721679687500e+02
-2.742758483886718750e+02
-2.402516784667968750e+02
-3.146676025390625000e+02
-3.067494506835937500e+02
-2.186574859619140625e+02
-2.750107727050781250e+02
-2.595889892578125000e+02
1.076973724365234375e+01
1.266829967498779297e+01
1.311126995086669922e+01
1.171959972381591797e+01
1.196878528594970703e+01
1.147879409790039062e+01
1.149206256866455078e+01
1.023704910278320312e+01
9.711610794067382812e+00
1.032673358917236328e+01
1.452052402496337891e+01
1.453582668304443359e+01
8.375292778015136719e+00
1.209942817687988281e+01
1.631827735900878906e+01
1.127438735961914062e+01
1.522557258605957031e+01
2.159311103820800781e+01
4.853710174560546875e+01
4.528020858764648438e+01
4.109399414062500000e+01
3.987921905517578125e+01
4.066551589965820312e+01
4.364953231811523438e+01
3.716290283203125000e+01
3.987661743164062500e+01
4.569192504882812500e+01
1.467384696006774902e+00
1.661620736122131348e+00
1.822461843490600586e+00
1.353698968887329102e+00
1.639044046401977539e+00
1.859389662742614746e+00
1.261542916297912598e+00
1.334541678428649902e+00
1.503452539443969727e+00
5.537956237792968750e+01
5.439427566528320312e+01
5.711151885986328125e+01
5.661114120483398438e+01
4.609827423095703125e+01
4.971276855468750000e+01
6.002416992187500000e+01
5.278336334228515625e+01
6.468350219726562500e+01
1.530390739440917969e+00
1.807783722877502441e+00
1.456881046295166016e+00
1.316618204116821289e+00
1.814538955688476562e+00
2.754154205322265625e+00
2.531691074371337891e+00
4.439308166503906250e+00
4.903333663940429688e+00
1.942335319519042969e+01
2.427896308898925781e+01
2.408079719543457031e+01
1.862332534790039062e+01
2.260299491882324219e+01
2.473471260070800781e+01
2.050410652160644531e+01
2.137925338745117188e+01
2.435651397705078125e+01
3.531387710571289062e+01
3.995513534545898438e+01
4.859041595458984375e+01
3.189106369018554688e+01
3.646840286254882812e+01
5.412619018554687500e+01
4.293128204345703125e+01
3.958242797851562500e+01
5.233331680297851562e+01
7.359375000000000000e+01
9.003153991699218750e+01
9.356367492675781250e+01
6.754692077636718750e+01
8.450382995605468750e+01
8.788793182373046875e+01
7.948307800292968750e+01
9.399740600585937500e+01
9.580435943603515625e+01
9.437930107116699219e+00
9.106402397155761719e+00
7.731521606445312500e+00
8.711668014526367188e+00
1.271144580841064453e+01
1.166783332824707031e+01
1.118073558807373047e+01
1.247245502471923828e+01
1.155281734466552734e+01
8.488356590270996094e+00
7.862510681152343750e+00
6.069208145141601562e+00
7.754751205444335938e+00
7.422148227691650391e+00
6.157686233520507812e+00
7.934246063232421875e+00
7.875891208648681641e+00
7.396205425262451172e+00
1.668631744384765625e+01
1.312997245788574219e+01
9.147544860839843750e+00
2.190737724304199219e+01
1.656114578247070312e+01
8.898942947387695312e+00
2.039602470397949219e+01
1.441379261016845703e+01
6.673876285552978516e+00
2.069061088562011719e+01
2.336154174804687500e+01
3.774457168579101562e+01
2.347080802917480469e+01
2.986711692810058594e+01
4.651541519165039062e+01
2.287343025207519531e+01
2.994090461730957031e+01
4.917077636718750000e+01
1.343916320800781250e+01
1.110111045837402344e+01
9.023284912109375000e+00
1.559355831146240234e+01
9.853310585021972656e+00
6.518318176269531250e+00
1.600274085998535156e+01
9.360858917236328125e+00
4.993437767028808594e+00
1.248816452026367188e+02
1.532104339599609375e+02
1.393775024414062500e+02
1.080250854492187500e+02
1.429847259521484375e+02
1.331508026123046875e+02
1.027528915405273438e+02
1.342481536865234375e+02
1.295720367431640625e+02
1.307434177398681641e+01
1.786320686340332031e+01
1.862718391418457031e+01
1.334885406494140625e+01
1.721291160583496094e+01
1.766935729980468750e+01
1.770923233032226562e+01
1.996097946166992188e+01
1.818872833251953125e+01
4.646450805664062500e+01
5.765255737304687500e+01
5.539009857177734375e+01
4.156533813476562500e+01
5.190800857543945312e+01
4.756525421142578125e+01
3.899453353881835938e+01
4.655841827392578125e+01
4.148218536376953125e+01
9.670478820800781250e+01
8.749141693115234375e+01
7.694207000732421875e+01
9.034597015380859375e+01
7.750465393066406250e+01
6.440217590332031250e+01
8.147896575927734375e+01
7.300844573974609375e+01
7.216071319580078125e+01
1.911579437255859375e+02
2.182294464111328125e+02
1.833380584716796875e+02
2.000153503417968750e+02
2.327733612060546875e+02
1.977059326171875000e+02
2.025458679199218750e+02
2.241143341064453125e+02
2.082817687988281250e+02
6.984124183654785156e+00
6.912437438964843750e+00
6.244657039642333984e+00
6.673232555389404297e+00
6.586125850677490234e+00
5.991817474365234375e+00
6.428656578063964844e+00
6.402112483978271484e+00
5.592754840850830078e+00
2.176152191162109375e+02
1.954034271240234375e+02
1.724328765869140625e+02
1.599822540283203125e+02
1.378133697509765625e+02
1.434974517822265625e+02
1.658515930175781250e+02
1.494673614501953125e+02
1.479733123779296875e+02
1.246107292175292969e+01
1.699812126159667969e+01
1.335288715362548828e+01
1.039713668823242188e+01
1.044651794433593750e+01
9.346673965454101562e+00
7.965930938720703125e+00
1.077875423431396484e+01
1.080762863159179688e+01
1.097181777954101562e+02
1.170993499755859375e+02
1.051585235595703125e+02
1.098212966918945312e+02
1.206492233276367188e+02
1.061507720947265625e+02
1.006527023315429688e+02
1.009201354980468750e+02
7.980693054199218750e+01
1.391081390380859375e+02
1.685052490234375000e+02
1.975731506347656250e+02
1.040280532836914062e+02
1.099716186523437500e+02
1.348072662353515625e+02
1.035850830078125000e+02
1.052292175292968750e+02
1.206384811401367188e+02
3.837678527832031250e+02
3.912543945312500000e+02
3.977813720703125000e+02
3.371678466796875000e+02
3.510254821777343750e+02
3.722370910644531250e+02
3.466797790527343750e+02
3.633638610839843750e+02
3.704457702636718750e+02
3.709980392456054688e+01
3.557851028442382812e+01
2.648239517211914062e+01
3.975901794433593750e+01
4.218521881103515625e+01
4.331233978271484375e+01
3.156313323974609375e+01
3.843898773193359375e+01
3.841490554809570312e+01
3.263507080078125000e+01
3.542878723144531250e+01
2.989653968811035156e+01
3.263156890869140625e+01
3.466268920898437500e+01
2.816883087158203125e+01
3.202567672729492188e+01
3.297270202636718750e+01
2.741928100585937500e+01
2.456391143798828125e+01
2.838689804077148438e+01
2.585492134094238281e+01
2.723260688781738281e+01
3.527452468872070312e+01
2.852816390991210938e+01
1.685629844665527344e+01
2.596198081970214844e+01
2.255341911315917969e+01
2.087671356201171875e+02
1.718335876464843750e+02
1.702563781738281250e+02
2.375650329589843750e+02
2.124715728759765625e+02
2.157922515869140625e+02
2.253066101074218750e+02
2.256200256347656250e+02
2.467811279296875000e+02
2.219176101684570312e+01
4.244590377807617188e+01
2.746025085449218750e+01
1.516591548919677734e+01
3.690934371948242188e+01
1.609839248657226562e+01
2.566967010498046875e+01
4.297085952758789062e+01
2.033353042602539062e+01
5.934739379882812500e+02
5.877420043945312500e+02
5.658297119140625000e+02
5.174880371093750000e+02
5.181227416992187500e+02
5.082591552734375000e+02
5.014560852050781250e+02
5.145869140625000000e+02
5.264516601562500000e+02
9.700201416015625000e+01
1.192747192382812500e+02
1.252811431884765625e+02
7.163079071044921875e+01
9.535889434814453125e+01
1.060507278442382812e+02
6.252754974365234375e+01
7.949810791015625000e+01
8.317380523681640625e+01
6.755868530273437500e+01
8.697871398925781250e+01
8.931529235839843750e+01
1.000820236206054688e+02
1.189340133666992188e+02
1.247594299316406250e+02
8.921257019042968750e+01
1.065127716064453125e+02
1.018117523193359375e+02
-4.551493835449218750e+01
-1.047213268280029297e+01
2.254230690002441406e+01
4.920961761474609375e+01
9.527737426757812500e+01
9.719644927978515625e+01
6.733647918701171875e+01
1.525655822753906250e+02
1.689412994384765625e+02
2.932218551635742188e+01
1.576688842773437500e+02
6.050502395629882812e+01
1.308731231689453125e+02
3.051293334960937500e+02
1.968861541748046875e+02
2.906798095703125000e+02
4.992658081054687500e+02
4.027519226074218750e+02
1.756763076782226562e+01
2.086490249633789062e+01
1.908959960937500000e+01
1.990672874450683594e+01
2.343950271606445312e+01
2.068661689758300781e+01
1.766026496887207031e+01
2.041846656799316406e+01
1.766313362121582031e+01
4.707991943359375000e+02
4.407454223632812500e+02
2.533973388671875000e+02
3.256601867675781250e+02
4.546872863769531250e+02
3.374235839843750000e+02
-5.123170089721679688e+01
1.736286010742187500e+02
9.259898376464843750e+01
1.557913494110107422e+01
1.418786907196044922e+01
2.214969825744628906e+01
6.937186717987060547e-01
1.528751087188720703e+01
3.761027145385742188e+01
1.070709109306335449e+00
2.052736663818359375e+01
3.588894271850585938e+01
2.720458374023437500e+02
2.935531005859375000e+02
2.841468811035156250e+02
3.285339355468750000e+02
3.600274658203125000e+02
3.483634033203125000e+02
2.682840881347656250e+02
2.761966552734375000e+02
2.585829467773437500e+02
7.383224487304687500e+02
8.626573486328125000e+02
3.885462341308593750e+02
7.828285522460937500e+02
8.431386718750000000e+02
3.858112487792968750e+02
9.280604553222656250e+01
1.891537170410156250e+02
-1.725782394409179688e+00
5.629776000976562500e+02
7.034937133789062500e+02
7.728850097656250000e+02
7.639736938476562500e+02
9.012578125000000000e+02
9.721568603515625000e+02
7.963465576171875000e+02
8.307315673828125000e+02
8.639077148437500000e+02
7.235085964202880859e-01
7.300062656402587891e+00
3.225587463378906250e+01
5.343418884277343750e+01
4.433629226684570312e+01
7.544063568115234375e+01
9.693587493896484375e+01
7.765178680419921875e+01
1.347013092041015625e+02
4.654409790039062500e+01
3.266998672485351562e+01
2.001629638671875000e+01
5.176611328125000000e+01
3.595323562622070312e+01
2.301092720031738281e+01
2.836182022094726562e+01
2.059821128845214844e+01
1.136605453491210938e+01
7.320983886718750000e+01
8.020531463623046875e+01
7.041132354736328125e+01
1.214675521850585938e+02
1.512911834716796875e+02
7.761401367187500000e+01
8.357744598388671875e+01
1.015691299438476562e+02
2.082188796997070312e+01
1.154413986206054688e+02
3.364297485351562500e+02
4.054085083007812500e+02
4.802426452636718750e+02
7.309773559570312500e+02
7.334924926757812500e+02
7.364489135742187500e+02
9.649565429687500000e+02
1.003773132324218750e+03
1.707608184814453125e+02
1.460223999023437500e+02
1.112049560546875000e+02
2.129950714111328125e+02
1.059484252929687500e+02
6.288091278076171875e+01
1.511502227783203125e+02
4.814586257934570312e+01
-5.998680114746093750e+00
9.564115600585937500e+02
1.111799560546875000e+03
7.685607299804687500e+02
1.335539428710937500e+03
1.575091430664062500e+03
1.277442626953125000e+03
1.156269775390625000e+03
1.381484130859375000e+03
1.334096801757812500e+03
3.105019950866699219e+01
1.339963684082031250e+02
9.557083129882812500e+01
9.970815277099609375e+01
2.362604217529296875e+02
2.064918823242187500e+02
2.247882843017578125e+00
1.617429809570312500e+02
1.416072998046875000e+02
1.515154980468750000e+04
1.510811230468750000e+04
1.540779785156250000e+04
1.384631835937500000e+04
1.387291699218750000e+04
1.381122949218750000e+04
1.243867480468750000e+04
1.316063867187500000e+04
1.396626562500000000e+04
2.669583203125000000e+04
3.055973828125000000e+04
3.213699609375000000e+04
2.710028125000000000e+04
3.208102148437500000e+04
3.249858398437500000e+04
2.925312695312500000e+04
3.322350000000000000e+04
3.335357421875000000e+04
5.929973437500000000e+04
6.174012109375000000e+04
6.480264453125000000e+04
6.053801171875000000e+04
6.209942968750000000e+04
6.572000781250000000e+04
6.304875000000000000e+04
6.405208203125000000e+04
6.670541406250000000e+04
1.744166870117187500e+03
1.612680053710937500e+03
1.512000732421875000e+03
1.641727172851562500e+03
1.467462280273437500e+03
1.367510009765625000e+03
1.457067016601562500e+03
1.355015747070312500e+03
1.314955078125000000e+03
5.797713281250000000e+04
6.101498046875000000e+04
6.522357812500000000e+04
6.052501562500000000e+04
5.719006250000000000e+04
6.089679687500000000e+04
5.803816796875000000e+04
5.799160546875000000e+04
6.149296093750000000e+04
3.216464355468750000e+03
3.547776367187500000e+03
3.154590820312500000e+03
3.491103027343750000e+03
3.203657714843750000e+03
2.941478027343750000e+03
3.305628173828125000e+03
3.932827636718750000e+03
3.337164550781250000e+03
2.792530664062500000e+04
2.627971484375000000e+04
2.549402343750000000e+04
2.613620117187500000e+04
2.515199609375000000e+04
2.392264648437500000e+04
2.286244921875000000e+04
2.349601953125000000e+04
2.371750000000000000e+04
5.903034375000000000e+04
6.241645312500000000e+04
7.854286718750000000e+04
4.963375781250000000e+04
5.951781640625000000e+04
7.806160937500000000e+04
6.153170312500000000e+04
7.167760156250000000e+04
8.070425000000000000e+04
9.945437500000000000e+04
1.003922421875000000e+05
9.507521875000000000e+04
9.955217968750000000e+04
9.734139843750000000e+04
9.157574218750000000e+04
9.404929687500000000e+04
9.200728125000000000e+04
8.709378125000000000e+04
1.396047070312500000e+04
1.321989843750000000e+04
1.295119726562500000e+04
1.470054101562500000e+04
1.307223339843750000e+04
1.087950781250000000e+04
1.459712597656250000e+04
1.283147460937500000e+04
1.074416015625000000e+04
1.004740917968750000e+04
1.071391210937500000e+04
1.111045019531250000e+04
9.954867187500000000e+03
1.083506542968750000e+04
1.141150878906250000e+04
1.054357226562500000e+04
1.152110351562500000e+04
1.176361914062500000e+04
1.035716406250000000e+04
1.145627343750000000e+04
1.026614355468750000e+04
8.799919921875000000e+03
9.161792968750000000e+03
8.874327148437500000e+03
9.274649414062500000e+03
8.979009765625000000e+03
9.376041015625000000e+03
5.796465234375000000e+04
5.996125000000000000e+04
6.037882421875000000e+04
5.720201953125000000e+04
5.641694531250000000e+04
5.758714453125000000e+04
5.436715625000000000e+04
5.128807421875000000e+04
5.041999609375000000e+04
1.219191503906250000e+04
1.248030957031250000e+04
1.280126367187500000e+04
7.725329589843750000e+03
8.848322265625000000e+03
1.165951464843750000e+04
1.051410644531250000e+04
1.144496289062500000e+04
1.516869238281250000e+04
1.636476250000000000e+05
1.717437343750000000e+05
1.772924218750000000e+05
1.510975000000000000e+05
1.559464375000000000e+05
1.615414687500000000e+05
1.462158281250000000e+05
1.510741093750000000e+05
1.546527656250000000e+05
3.193607031250000000e+04
3.401498046875000000e+04
3.361657421875000000e+04
3.043006445312500000e+04
3.280033593750000000e+04
3.340703906250000000e+04
3.089429492187500000e+04
3.346260546875000000e+04
3.407653515625000000e+04
