4.477880477905273438e+01
1.392186889648437500e+02
4.853459358215332031e+00
6.376192626953125000e+02
4.383440856933593750e+02
5.673590087890625000e+01
3.537187805175781250e+02
2.761255187988281250e+02
1.660440826416015625e+02
7.069198608398437500e+01
1.196084747314453125e+02
1.485533142089843750e+02
1.308399353027343750e+02
6.865036010742187500e+02
9.919075775146484375e+01
9.748876953125000000e+01
-1.166313400268554688e+02
-2.177200164794921875e+02
-4.804318618774414062e+01
-1.924155273437500000e+03
-1.224261596679687500e+03
-2.128751678466796875e+02
-1.292100341796875000e+03
-4.457944946289062500e+02
-4.030283203125000000e+02
-1.596014709472656250e+02
-1.791991577148437500e+02
-5.143288574218750000e+02
-4.443057250976562500e+02
-1.068001342773437500e+03
-4.804943237304687500e+02
-1.419263610839843750e+02
5.634592056274414062e+00
-1.076513290405273438e+01
3.470646858215332031e+00
2.746580886840820312e+01
1.926623725891113281e+01
4.255563735961914062e+00
1.507433032989501953e+01
-3.838706970214843750e+00
1.048377418518066406e+01
-1.458729267120361328e+00
-2.345623016357421875e+00
-8.654712677001953125e+00
2.964705467224121094e+00
2.500491619110107422e+00
5.685201168060302734e+00
6.347354888916015625e+00
9.163447570800781250e+01
2.225644683837890625e+02
4.769957733154296875e+01
1.315558227539062500e+03
6.463590087890625000e+02
1.690199890136718750e+02
6.658333740234375000e+02
4.648833007812500000e+02
2.363725433349609375e+02
2.082377166748046875e+02
1.368764953613281250e+02
5.218168334960937500e+02
3.703996276855468750e+02
1.020387451171875000e+03
2.365587005615234375e+02
1.519777832031250000e+02
6.740036773681640625e+01
1.341648254394531250e+02
1.981218338012695312e+01
7.006791381835937500e+02
6.396275024414062500e+02
1.097914123535156250e+02
3.883905334472656250e+02
3.507945556640625000e+02
1.492077484130859375e+02
1.082119140625000000e+02
9.652037811279296875e+01
2.874106445312500000e+02
1.834910278320312500e+02
6.488994750976562500e+02
1.429488067626953125e+02
1.214169235229492188e+02
9.192554473876953125e+01
1.384940338134765625e+02
3.507502365112304688e+01
1.722931762695312500e+03
1.191062500000000000e+03
1.499588165283203125e+02
8.799069824218750000e+02
7.261893310546875000e+02
4.147846679687500000e+02
2.053837585449218750e+02
1.624287109375000000e+02
4.761916198730468750e+02
4.548431701660156250e+02
1.338244140625000000e+03
5.032369384765625000e+02
1.431992797851562500e+02
1.548832535743713379e+00
1.007154693603515625e+02
1.339696884155273438e+01
1.782419204711914062e+01
1.783795776367187500e+02
1.871698188781738281e+01
2.599019432067871094e+01
6.853784179687500000e+01
-2.321271181106567383e+00
1.705649375915527344e+01
2.374204254150390625e+01
1.520159912109375000e+01
2.855935287475585938e+01
4.200624847412109375e+01
-2.313072919845581055e+00
2.839252090454101562e+01
1.126359653472900391e+01
3.239205169677734375e+01
5.953488826751708984e+00
1.669040527343750000e+02
8.839302062988281250e+01
3.461384963989257812e+01
1.182228775024414062e+02
1.443027648925781250e+02
2.399642181396484375e+01
1.735691452026367188e+01
2.235667037963867188e+01
7.504006958007812500e+01
4.027238464355468750e+01
1.065221710205078125e+02
2.344383811950683594e+01
8.053179931640625000e+01
3.636260253906250000e+03
6.622424804687500000e+03
9.520964355468750000e+02
5.284616406250000000e+04
4.137265625000000000e+04
4.584661621093750000e+03
3.664517187500000000e+04
1.946004296875000000e+04
1.198398535156250000e+04
3.834735839843750000e+03
4.650000488281250000e+03
1.615118164062500000e+04
1.192258691406250000e+04
3.315035546875000000e+04
1.439033398437500000e+04
4.073315917968750000e+03
2.355076980590820312e+01
1.191592254638671875e+02
1.690764999389648438e+01
2.940245361328125000e+02
1.895255432128906250e+02
5.350705718994140625e+01
9.778376770019531250e+01
1.604077148437500000e+02
4.749808883666992188e+01
7.063675689697265625e+01
6.928646087646484375e+01
1.080157089233398438e+02
1.283482360839843750e+02
3.560449523925781250e+02
4.449977493286132812e+01
5.088834762573242188e+01
3.328321456909179688e+01
8.008586120605468750e+01
1.690336036682128906e+01
8.326687011718750000e+02
6.120366821289062500e+02
6.086709976196289062e+01
5.589039306640625000e+02
1.499551544189453125e+02
1.940745849609375000e+02
8.204074096679687500e+01
6.201819229125976562e+01
1.536975250244140625e+02
2.103959503173828125e+02
3.639444885253906250e+02
2.533759155273437500e+02
2.076112747192382812e+01
1.940133857727050781e+01
5.204968261718750000e+01
7.739455223083496094e+00
8.944683074951171875e+01
4.063593673706054688e+01
2.531117820739746094e+01
4.903507614135742188e+01
4.083088302612304688e+01
6.074798107147216797e+00
1.315343570709228516e+01
1.856694793701171875e+01
4.621161651611328125e+01
2.877455139160156250e+01
8.569123840332031250e+01
2.162479591369628906e+01
4.410195922851562500e+01
-3.351715087890625000e+00
9.651956558227539062e-01
1.306105017662048340e+00
-2.759642982482910156e+01
3.176485538482666016e+00
-2.881800651550292969e+00
-7.518949508666992188e+00
-2.577697181701660156e+01
-3.819562196731567383e+00
-1.553292036056518555e+00
1.524424552917480469e+00
-3.583785533905029297e+00
-5.800237178802490234e+00
-2.241714477539062500e+01
2.096463441848754883e+00
-3.044728040695190430e+00
-2.835153579711914062e+01
1.995880889892578125e+02
-7.452530860900878906e+00
-5.779053344726562500e+02
-1.340089111328125000e+02
-5.921573638916015625e+01
-5.169777832031250000e+02
5.353797607421875000e+02
-1.009114685058593750e+02
2.748812103271484375e+01
7.878697204589843750e+01
3.718367385864257812e+01
-1.111234436035156250e+02
3.780875549316406250e+02
-3.535041809082031250e+02
1.175471572875976562e+02
1.110185909271240234e+01
1.716839408874511719e+01
2.523756027221679688e-01
1.264540176391601562e+02
1.055953369140625000e+02
1.171603870391845703e+01
8.232501983642578125e+01
6.636726379394531250e+01
3.402463912963867188e+01
4.770934581756591797e+00
2.337361907958984375e+01
1.943894004821777344e+01
1.933191299438476562e+01
1.407901153564453125e+02
3.484640121459960938e+01
2.367491912841796875e+01
1.660196380615234375e+02
3.048813171386718750e+02
8.428746032714843750e+01
1.682062133789062500e+03
7.580147094726562500e+02
2.309109802246093750e+02
9.547866210937500000e+02
6.560438842773437500e+02
2.735474243164062500e+02
2.329086914062500000e+02
2.005725555419921875e+02
8.160464477539062500e+02
4.367270507812500000e+02
1.361725341796875000e+03
2.260046234130859375e+02
2.882427978515625000e+02
8.395308256149291992e-02
3.683363273739814758e-02
3.575451299548149109e-02
1.299750432372093201e-02
3.853628784418106079e-02
4.364157095551490784e-02
-7.972303777933120728e-03
-2.641341183334589005e-03
3.147991746664047241e-02
2.206500992178916931e-02
7.155265193432569504e-03
-1.597297028638422489e-03
3.440195694565773010e-02
0.000000000000000000e+00
-1.276255398988723755e-02
7.495620287954807281e-03
8.858255004882812500e+02
1.818796386718750000e+03
4.327621459960937500e+02
1.353162207031250000e+04
9.290768554687500000e+03
1.406802124023437500e+03
8.680036132812500000e+03
4.099879882812500000e+03
2.896969970703125000e+03
1.357243408203125000e+03
1.518155273437500000e+03
3.693306396484375000e+03
3.337006103515625000e+03
8.991569335937500000e+03
3.388673583984375000e+03
1.377685058593750000e+03
-1.232934570312500000e+04
-3.903789062500000000e+04
-9.385702148437500000e+03
-1.013742656250000000e+05
-5.952571093750000000e+04
-1.627829687500000000e+04
-4.610151953125000000e+04
-4.430347656250000000e+04
-1.367292773437500000e+04
-1.834879687500000000e+04
-1.702529101562500000e+04
-4.678362109375000000e+04
-3.882393359375000000e+04
-9.297312500000000000e+04
-2.044130273437500000e+04
-2.153777929687500000e+04
1.744857215881347656e+01
3.909810256958007812e+01
5.498773574829101562e+00
9.624719238281250000e+01
3.760680389404296875e+01
1.807767105102539062e+01
5.667517089843750000e+01
2.723486709594726562e+01
1.898844718933105469e+01
2.782849884033203125e+01
2.438622474670410156e+01
2.924230384826660156e+01
3.017028617858886719e+01
3.623991394042968750e+01
1.258666324615478516e+01
2.770568275451660156e+01
1.849183227539062500e+03
3.128120117187500000e+03
8.383170166015625000e+02
2.185625781250000000e+04
1.088789746093750000e+04
2.887368408203125000e+03
1.466095898437500000e+04
1.347212036132812500e+03
3.317241210937500000e+03
1.608182983398437500e+03
1.026729003906250000e+03
6.179424804687500000e+03
5.705234375000000000e+03
1.001541796875000000e+04
5.316978515625000000e+03
2.056018310546875000e+03
1.873774719238281250e+02
4.450713195800781250e+02
5.954350662231445312e+01
1.703514770507812500e+03
1.035068969726562500e+03
1.747222595214843750e+02
7.053376464843750000e+02
8.918110351562500000e+02
3.344215087890625000e+02
2.511328735351562500e+02
1.937712554931640625e+02
5.815118408203125000e+02
6.389395751953125000e+02
1.745432861328125000e+03
5.426156005859375000e+02
2.522035522460937500e+02
3.479656219482421875e+01
7.680224609375000000e+01
5.102249622344970703e+00
8.789177856445312500e+02
3.797532958984375000e+02
7.287981414794921875e+01
4.101673278808593750e+02
2.994225769042968750e+02
1.732961883544921875e+02
1.358182525634765625e+02
1.125657424926757812e+02
2.983747253417968750e+02
1.893196411132812500e+02
9.232152099609375000e+02
1.342247467041015625e+02
8.485359191894531250e+01
-5.057320594787597656e+00
1.291793107986450195e+00
1.016013741493225098e+00
4.803218078613281250e+01
1.742582511901855469e+01
-1.192318820953369141e+01
-3.558066940307617188e+01
7.897724914550781250e+01
2.109538650512695312e+01
2.435630989074707031e+01
2.205652236938476562e+01
4.565746307373046875e+01
2.061585426330566406e+01
1.315905456542968750e+02
-1.620543479919433594e+01
-1.410706424713134766e+01
-5.743490457534790039e-01
-3.117793560028076172e+00
-1.625387966632843018e-01
-9.684500694274902344e-01
-3.107263326644897461e+00
-1.329207658767700195e+00
2.334437847137451172e+00
-3.691816711425781250e+01
-1.405257344245910645e+00
-7.535462379455566406e-01
-3.833242416381835938e+00
-5.831345558166503906e+00
-1.323381900787353516e+00
-6.847628593444824219e+00
5.923494100570678711e-01
-3.252358436584472656e+00
-2.907855796813964844e+01
8.940715789794921875e+00
-1.197222995758056641e+01
-2.880768737792968750e+02
-2.659854316711425781e+01
-1.591414833068847656e+01
-1.022819900512695312e+02
6.823310852050781250e+00
-4.906540298461914062e+01
-4.519741058349609375e+01
-2.536670494079589844e+01
-1.510458984375000000e+02
-6.198036956787109375e+01
-2.579389038085937500e+02
-4.329187011718750000e+01
-1.102317333221435547e+00
1.178378701210021973e+00
3.135998249053955078e+00
2.017206907272338867e+00
2.664096641540527344e+01
3.823559570312500000e+01
1.787662744522094727e+00
2.196393013000488281e+01
1.171255950927734375e+02
1.049983882904052734e+01
6.890326976776123047e+00
2.148673772811889648e+00
3.361810302734375000e+01
9.371510505676269531e+00
6.849315643310546875e+00
2.095889091491699219e+00
1.009039688110351562e+01
-1.476783752441406250e-01
9.187370300292968750e+01
2.928647994995117188e+01
3.971063613891601562e+01
4.492921447753906250e+01
3.630627441406250000e+01
1.209818191528320312e+02
9.923066711425781250e+01
-5.616017341613769531e+00
2.808182907104492188e+01
1.306209754943847656e+01
-5.766284179687500000e+01
7.020130920410156250e+01
-8.347178649902343750e+01
1.516664505004882812e+01
7.238763427734375000e+01
2.576297760009765625e+00
-1.558775138854980469e+01
2.482222175598144531e+01
3.749509277343750000e+02
3.489512329101562500e+02
-1.398342418670654297e+01
4.405778198242187500e+02
5.497782592773437500e+02
1.128577346801757812e+02
7.051263427734375000e+01
5.149560546875000000e+01
2.944601135253906250e+02
6.902613830566406250e+01
1.216030654907226562e+02
7.636437225341796875e+01
6.332662200927734375e+01
-3.195292472839355469e+00
-6.689256191253662109e+00
-3.161470413208007812e+00
-3.505653381347656250e+01
-4.653510284423828125e+01
6.773074865341186523e-01
-3.095560836791992188e+01
-6.543389129638671875e+01
-1.388872146606445312e+01
-3.247882843017578125e+00
-4.219420909881591797e+00
-2.739033889770507812e+01
-9.765950202941894531e+00
-2.823085594177246094e+01
-1.703895187377929688e+01
-1.045640349388122559e+00
1.704429321289062500e+02
3.532658081054687500e+02
7.928967285156250000e+01
2.275481201171875000e+03
1.480125854492187500e+03
2.206190032958984375e+02
1.349142211914062500e+03
8.389503784179687500e+02
4.779016113281250000e+02
3.018327941894531250e+02
2.643388061523437500e+02
8.416698608398437500e+02
5.895186767578125000e+02
1.714733886718750000e+03
4.396637268066406250e+02
1.979590911865234375e+02
9.835054397583007812e+00
-3.512644195556640625e+01
3.134362220764160156e+00
3.604104995727539062e+01
-1.933329200744628906e+01
1.237681484222412109e+01
4.691828536987304688e+01
-1.596032104492187500e+02
-1.290603876113891602e-01
-4.859759902954101562e+01
-1.026559925079345703e+01
9.448772430419921875e+00
-5.317448806762695312e+01
-6.423384857177734375e+01
-1.871643447875976562e+01
4.127263259887695312e+01
