-7.556782226562500000e+03
-7.223388183593750000e+03
-5.680763183593750000e+03
-8.660745117187500000e+03
-7.640750488281250000e+03
-5.494324707031250000e+03
-7.786391601562500000e+03
-6.534116210937500000e+03
-4.645383300781250000e+03
-7.131312011718750000e+03
-6.807929687500000000e+03
-5.189104003906250000e+03
-8.152053222656250000e+03
-7.198368164062500000e+03
-5.020851074218750000e+03
-7.255573242187500000e+03
-6.027785644531250000e+03
-4.131397949218750000e+03
-5.822227050781250000e+03
-5.535367187500000000e+03
-4.058599365234375000e+03
-6.754831542968750000e+03
-5.912991210937500000e+03
-3.926832031250000000e+03
-5.932853515625000000e+03
-4.829312500000000000e+03
-3.085761230468750000e+03
-7.247006225585937500e+02
-9.006471557617187500e+02
-8.881322631835937500e+02
-9.211581420898437500e+02
-1.288047729492187500e+03
-1.324506713867187500e+03
-1.256964721679687500e+03
-1.701553466796875000e+03
-1.751872924804687500e+03
-5.574722900390625000e+02
-7.052599487304687500e+02
-7.022803955078125000e+02
-7.541194458007812500e+02
-1.109950439453125000e+03
-1.149072143554687500e+03
-1.078337646484375000e+03
-1.518158081054687500e+03
-1.572405761718750000e+03
-3.623363342285156250e+02
-5.050045166015625000e+02
-5.047703552246093750e+02
-5.447484741210937500e+02
-9.061243896484375000e+02
-9.500984497070312500e+02
-8.432364501953125000e+02
-1.288381713867187500e+03
-1.337281494140625000e+03
-4.725831298828125000e+02
-6.448600463867187500e+02
-9.047026367187500000e+02
-5.369207763671875000e+02
-7.051043090820312500e+02
-1.058679809570312500e+03
-4.325962524414062500e+02
-6.594421997070312500e+02
-1.024948974609375000e+03
-3.528012084960937500e+02
-4.593510131835937500e+02
-7.203728027343750000e+02
-4.015928955078125000e+02
-4.942382507324218750e+02
-8.585647583007812500e+02
-2.933109130859375000e+02
-4.492905578613281250e+02
-8.185014038085937500e+02
-1.617997894287109375e+02
-2.435960540771484375e+02
-5.074227905273437500e+02
-1.962454833984375000e+02
-2.694487915039062500e+02
-6.248166503906250000e+02
-5.654396820068359375e+01
-2.006851501464843750e+02
-5.613388671875000000e+02
-3.286374755859375000e+03
-3.800474121093750000e+03
-6.920618652343750000e+03
-9.246117187500000000e+03
-9.835079101562500000e+03
-1.260402734375000000e+04
-1.482624707031250000e+04
-1.584404882812500000e+04
-1.706858398437500000e+04
-1.607844726562500000e+03
-1.961512695312500000e+03
-5.245717773437500000e+03
-6.859238769531250000e+03
-6.997653808593750000e+03
-9.726955078125000000e+03
-1.226009960937500000e+04
-1.285700976562500000e+04
-1.396498925781250000e+04
2.358322143554687500e+02
-2.623045654296875000e+02
-3.147430664062500000e+03
-5.190132812500000000e+03
-5.406855468750000000e+03
-7.669155761718750000e+03
-1.031920703125000000e+04
-1.095242773437500000e+04
-1.192930468750000000e+04
-3.832402648925781250e+02
-5.136525878906250000e+02
-5.880978393554687500e+02
-5.044222106933593750e+02
-6.489662475585937500e+02
-6.746726074218750000e+02
-4.518960571289062500e+02
-5.065448913574218750e+02
-4.662119750976562500e+02
-3.856955566406250000e+02
-5.291782836914062500e+02
-6.013683471679687500e+02
-4.893523254394531250e+02
-6.437901000976562500e+02
-6.787444458007812500e+02
-4.248066711425781250e+02
-4.874815979003906250e+02
-4.620721130371093750e+02
-4.274540405273437500e+02
-5.667296142578125000e+02
-6.334960937500000000e+02
-5.249805908203125000e+02
-6.794067993164062500e+02
-7.119166259765625000e+02
-4.654923706054687500e+02
-5.329500122070312500e+02
-5.119632873535156250e+02
2.632910461425781250e+02
3.216699523925781250e+02
2.847400817871093750e+02
5.302663574218750000e+02
3.834068603515625000e+02
2.256083068847656250e+02
4.696865234375000000e+02
2.503640747070312500e+02
1.020278167724609375e+02
2.051643524169921875e+02
2.791120300292968750e+02
2.419257812500000000e+02
4.761695861816406250e+02
3.459888916015625000e+02
1.892162170410156250e+02
4.073282470703125000e+02
1.990847015380859375e+02
5.473112869262695312e+01
1.254622879028320312e+02
2.002317810058593750e+02
1.654820709228515625e+02
3.742956848144531250e+02
2.574083557128906250e+02
1.189592514038085938e+02
3.004093627929687500e+02
1.156255950927734375e+02
-5.286147117614746094e+00
4.587808532714843750e+02
5.390429687500000000e+02
3.189760437011718750e+02
4.324610290527343750e+02
4.553804626464843750e+02
2.404822540283203125e+02
3.724856872558593750e+02
5.132268676757812500e+02
4.162021789550781250e+02
9.001730957031250000e+02
9.724326171875000000e+02
7.462161865234375000e+02
8.706719360351562500e+02
8.551514282226562500e+02
6.330097656250000000e+02
7.676384887695312500e+02
8.725328369140625000e+02
7.719830322265625000e+02
1.473126586914062500e+03
1.566162475585937500e+03
1.345993164062500000e+03
1.453635253906250000e+03
1.463432983398437500e+03
1.248613647460937500e+03
1.325879638671875000e+03
1.463857177734375000e+03
1.366112304687500000e+03
-1.811764221191406250e+02
-4.104023132324218750e+02
-4.935639038085937500e+02
-3.990850219726562500e+02
-6.152671508789062500e+02
-6.475671997070312500e+02
-5.511163940429687500e+02
-6.407136230468750000e+02
-5.680706176757812500e+02
-3.051511535644531250e+02
-5.186690673828125000e+02
-6.001317749023437500e+02
-5.336844482421875000e+02
-7.385510864257812500e+02
-7.670314941406250000e+02
-6.879556884765625000e+02
-7.818181152343750000e+02
-7.053967895507812500e+02
-4.768756408691406250e+02
-6.804211425781250000e+02
-7.480516967773437500e+02
-7.003906250000000000e+02
-8.997790527343750000e+02
-9.280368652343750000e+02
-8.370827026367187500e+02
-9.358639526367187500e+02
-8.747072753906250000e+02
9.730828857421875000e+02
9.917306518554687500e+02
1.073029663085937500e+03
1.343207031250000000e+03
1.350032348632812500e+03
1.340493408203125000e+03
1.355265991210937500e+03
1.435084594726562500e+03
1.359021362304687500e+03
3.548595886230468750e+02
2.793835449218750000e+02
3.276861572265625000e+02
6.938438110351562500e+02
5.993776855468750000e+02
5.598294067382812500e+02
6.990117797851562500e+02
6.857701416015625000e+02
5.840145874023437500e+02
-3.661967773437500000e+02
-5.078739929199218750e+02
-4.645458679199218750e+02
-9.411637878417968750e+01
-2.490799407958984375e+02
-2.856365966796875000e+02
-7.965986633300781250e+01
-1.599088439941406250e+02
-2.628118591308593750e+02
4.431224060058593750e+01
6.231685638427734375e+00
3.062078857421875000e+01
-2.374307060241699219e+01
9.730478286743164062e+00
1.017687911987304688e+02
8.026602745056152344e+00
9.022808837890625000e+01
2.069088592529296875e+02
3.232540893554687500e+01
-9.791551589965820312e+00
1.459638214111328125e+01
-4.304224777221679688e+01
-1.738583374023437500e+01
7.356111145019531250e+01
-1.568046855926513672e+01
6.299871444702148438e+01
1.759780273437500000e+02
7.812153625488281250e+01
1.188800811767578125e+01
4.228572082519531250e+01
-8.848947525024414062e+00
-1.092664337158203125e+01
8.206459808349609375e+01
1.979153442382812500e+01
7.498567199707031250e+01
1.852242126464843750e+02
1.492745898437500000e+04
1.386928808593750000e+04
4.599098144531250000e+03
1.483500097656250000e+04
1.315550976562500000e+04
4.548008789062500000e+03
9.718149414062500000e+03
9.757056640625000000e+03
5.381206054687500000e+03
8.528751953125000000e+03
6.903476074218750000e+03
-2.323938232421875000e+03
8.599648437500000000e+03
6.362622070312500000e+03
-2.308039062500000000e+03
3.731885498046875000e+03
3.362723876953125000e+03
-1.163279907226562500e+03
1.799228881835937500e+03
4.275267944335937500e+02
-7.920287597656250000e+03
1.999329833984375000e+03
6.435331726074218750e+01
-7.691709472656250000e+03
-2.442152099609375000e+03
-2.616463134765625000e+03
-6.525348632812500000e+03
-2.304981689453125000e+03
-2.154023925781250000e+03
-1.877434204101562500e+03
-2.849918212890625000e+03
-2.165266113281250000e+03
-1.637972167968750000e+03
-3.011499267578125000e+03
-2.121047119140625000e+03
-1.487669555664062500e+03
-2.207263671875000000e+03
-2.036469970703125000e+03
-1.737012329101562500e+03
-2.695197021484375000e+03
-1.971151367187500000e+03
-1.435914550781250000e+03
-2.873990722656250000e+03
-1.931818969726562500e+03
-1.326978393554687500e+03
-2.116104248046875000e+03
-1.924771484375000000e+03
-1.625409667968750000e+03
-2.565817382812500000e+03
-1.881070434570312500e+03
-1.391556884765625000e+03
-2.729661621093750000e+03
-1.878418579101562500e+03
-1.340468627929687500e+03
2.763545532226562500e+02
3.831580810546875000e+02
1.618295440673828125e+02
4.140364990234375000e+02
5.863620605468750000e+02
3.386521911621093750e+02
4.263831787109375000e+02
5.745692138671875000e+02
3.429705810546875000e+02
3.424058227539062500e+02
4.712782592773437500e+02
2.558243408203125000e+02
5.238898315429687500e+02
7.158812255859375000e+02
4.674882507324218750e+02
5.433630371093750000e+02
7.144835815429687500e+02
4.812302856445312500e+02
4.438534240722656250e+02
5.609617309570312500e+02
3.569431152343750000e+02
6.524544067382812500e+02
8.345873413085937500e+02
5.937254638671875000e+02
6.614511108398437500e+02
8.288666381835937500e+02
6.104393310546875000e+02
-5.074554138183593750e+02
-4.969645080566406250e+02
-4.760994262695312500e+02
-5.271907958984375000e+02
-5.138302001953125000e+02
-4.450717468261718750e+02
-3.420372009277343750e+02
-3.961976013183593750e+02
-3.375312194824218750e+02
-4.100072326660156250e+02
-4.052383422851562500e+02
-3.877820739746093750e+02
-4.328838806152343750e+02
-4.092419128417968750e+02
-3.305028381347656250e+02
-2.576998596191406250e+02
-2.975522155761718750e+02
-2.110706024169921875e+02
-1.868662414550781250e+02
-2.007629241943359375e+02
-1.874190673828125000e+02
-1.993576507568359375e+02
-1.869909973144531250e+02
-1.125709381103515625e+02
-3.376860809326171875e+01
-7.061809539794921875e+01
1.524741935729980469e+01
6.613909301757812500e+02
8.649880371093750000e+02
1.011510864257812500e+03
8.198635253906250000e+02
1.130563720703125000e+03
1.307065429687500000e+03
1.036372436523437500e+03
1.346118652343750000e+03
1.422109619140625000e+03
1.534523162841796875e+02
3.253358764648437500e+02
4.725572814941406250e+02
2.740130920410156250e+02
5.565964965820312500e+02
7.374553833007812500e+02
4.931877746582031250e+02
7.800654907226562500e+02
8.591054077148437500e+02
-3.377527160644531250e+02
-2.163468322753906250e+02
-8.054983520507812500e+01
-2.543136291503906250e+02
-2.928712081909179688e+01
1.384468688964843750e+02
-4.050828933715820312e+01
1.946051025390625000e+02
2.633314208984375000e+02
-6.597479248046875000e+02
-1.531105712890625000e+03
-1.493235351562500000e+03
-1.821681823730468750e+02
-1.135936279296875000e+03
-1.223278686523437500e+03
-1.473131656646728516e+00
-7.033613891601562500e+02
-8.101663208007812500e+02
-7.716157226562500000e+02
-1.624029174804687500e+03
-1.588976074218750000e+03
-2.685084838867187500e+02
-1.232959716796875000e+03
-1.332855834960937500e+03
-1.090098190307617188e+02
-8.229771728515625000e+02
-9.533959960937500000e+02
-8.938383178710937500e+02
-1.688569946289062500e+03
-1.608714477539062500e+03
-4.353583984375000000e+02
-1.350032714843750000e+03
-1.401141113281250000e+03
-2.926035461425781250e+02
-9.766364135742187500e+02
-1.081434936523437500e+03
