1.713910400390625000e+03
1.518208251953125000e+03
1.182598632812500000e+03
1.938825195312500000e+03
1.633799316406250000e+03
1.247511108398437500e+03
1.954418945312500000e+03
1.654140258789062500e+03
1.347814819335937500e+03
8.801071929931640625e+01
1.137800064086914062e+02
1.087782440185546875e+02
8.582669830322265625e+01
8.343158721923828125e+01
9.613003540039062500e+01
9.350979614257812500e+01
7.644508361816406250e+01
7.021932983398437500e+01
2.284643554687500000e+01
1.664244079589843750e+01
1.520975399017333984e+01
1.706483650207519531e+01
1.384716510772705078e+01
1.183797836303710938e+01
1.261447334289550781e+01
1.283566951751708984e+01
1.148568916320800781e+01
1.266561584472656250e+02
1.216126937866210938e+02
9.719881439208984375e+01
1.500496520996093750e+02
1.325204772949218750e+02
8.691329193115234375e+01
1.830342864990234375e+02
1.281273956298828125e+02
9.109500885009765625e+01
4.019638366699218750e+02
3.841934509277343750e+02
3.690674438476562500e+02
3.865416870117187500e+02
3.567877502441406250e+02
3.495524597167968750e+02
4.479018249511718750e+02
4.023195495605468750e+02
3.821584472656250000e+02
1.198709182739257812e+02
1.152647628784179688e+02
6.608212280273437500e+01
1.134909744262695312e+02
1.021801300048828125e+02
6.836832427978515625e+01
2.706876564025878906e+01
1.793899154663085938e+01
5.644560241699218750e+01
2.917432594299316406e+01
3.830562210083007812e+01
4.049905776977539062e+01
3.002938270568847656e+01
4.240811538696289062e+01
4.299966812133789062e+01
4.693991088867187500e+01
4.621560287475585938e+01
4.142081069946289062e+01
1.635673065185546875e+02
1.655873565673828125e+02
1.510552825927734375e+02
1.474317932128906250e+02
1.477653503417968750e+02
1.242621383666992188e+02
1.521022491455078125e+02
1.547772827148437500e+02
1.351089935302734375e+02
3.423945426940917969e+00
7.187590122222900391e+00
3.717298030853271484e+00
8.120721817016601562e+00
8.991034507751464844e+00
4.805480003356933594e+00
5.400936603546142578e+00
1.651240158081054688e+01
6.351706504821777344e+00
3.340919971466064453e+00
8.939203262329101562e+00
5.512480735778808594e+00
1.296656703948974609e+01
1.020706558227539062e+01
1.058719921112060547e+01
1.082866191864013672e+00
5.055441379547119141e+00
2.294649839401245117e+00
1.657970275878906250e+02
1.476124420166015625e+02
1.679147338867187500e+02
2.034474182128906250e+02
1.959793243408203125e+02
2.220622100830078125e+02
2.353657531738281250e+02
2.149585113525390625e+02
2.398572082519531250e+02
2.863524169921875000e+02
2.777929992675781250e+02
3.066867675781250000e+02
3.408879089355468750e+02
3.268526916503906250e+02
3.259187011718750000e+02
4.557126770019531250e+02
4.194309997558593750e+02
3.872644958496093750e+02
4.158134078979492188e+01
1.754584121704101562e+01
1.663261985778808594e+01
8.628920745849609375e+01
4.808343887329101562e+01
5.354082489013671875e+01
1.241725006103515625e+02
7.964929199218750000e+01
5.030135345458984375e+01
4.311377525329589844e+00
5.413559913635253906e+00
1.172751522064208984e+01
2.020288085937500000e+01
1.754806709289550781e+01
2.561222457885742188e+01
2.422320175170898438e+01
3.042402267456054688e+01
4.443262863159179688e+01
9.965986328125000000e+02
7.108360595703125000e+02
8.299834594726562500e+02
9.372458496093750000e+02
8.608477172851562500e+02
1.046160766601562500e+03
1.285984619140625000e+03
1.360517944335937500e+03
1.496908935546875000e+03
2.743277359008789062e+01
4.571525955200195312e+01
5.454335403442382812e+01
4.484473037719726562e+01
6.898341369628906250e+01
7.312871551513671875e+01
5.434939956665039062e+01
6.956794738769531250e+01
5.753353881835937500e+01
-2.212597167968750000e+03
-1.690399902343750000e+03
-1.459323608398437500e+03
-2.069580810546875000e+03
-1.627662719726562500e+03
-1.547453002929687500e+03
-2.157275634765625000e+03
-1.870318359375000000e+03
-1.883163452148437500e+03
-1.117715988159179688e+02
-1.069016571044921875e+02
-7.271105957031250000e+01
-9.111517333984375000e+01
-7.356669616699218750e+01
-6.136926269531250000e+01
-1.049032669067382812e+02
-9.775217437744140625e+01
-7.697079467773437500e+01
-1.592265892028808594e+01
-1.368906021118164062e+01
-1.601696777343750000e+01
-1.358177661895751953e+01
-1.615489006042480469e+01
-1.930704498291015625e+01
-1.654403495788574219e+01
-1.656734275817871094e+01
-1.424815082550048828e+01
-1.758043975830078125e+02
-2.330610198974609375e+02
-6.828970336914062500e+01
-2.079282989501953125e+02
-2.624308166503906250e+02
-1.149541931152343750e+02
-1.590383300781250000e+02
-1.901954956054687500e+02
-7.649530792236328125e+01
-5.232800292968750000e+01
1.311269073486328125e+02
3.234707260131835938e+01
-1.113619689941406250e+02
8.626375579833984375e+01
-1.209827423095703125e+01
-7.219663143157958984e+00
2.012663726806640625e+02
9.465391540527343750e+01
-6.566374206542968750e+01
-2.259320640563964844e+01
-6.772808074951171875e+01
-5.023780059814453125e+01
-2.365073394775390625e+01
-7.750865173339843750e+01
-1.194950637817382812e+02
-1.181646957397460938e+02
-1.349226074218750000e+02
-3.807189559936523438e+01
-4.515790939331054688e+01
-4.082163238525390625e+01
-3.138572692871093750e+01
-3.771887588500976562e+01
-3.545663833618164062e+01
-2.577139282226562500e+01
-3.199263572692871094e+01
-2.914716339111328125e+01
-1.346349182128906250e+02
-1.332383117675781250e+02
-7.485731506347656250e+01
-1.296440887451171875e+02
-1.495133514404296875e+02
-9.156311798095703125e+01
-1.105729827880859375e+02
-1.583501739501953125e+02
-1.038391342163085938e+02
-3.052329063415527344e+01
-3.182051467895507812e+01
2.816998481750488281e+00
-3.085077095031738281e+01
-3.749848175048828125e+01
-2.577081680297851562e+00
-2.442819595336914062e+01
-3.159508705139160156e+01
-1.717349648475646973e+00
-2.845509529113769531e+00
-5.726928114891052246e-01
-2.907705068588256836e+00
-7.757120132446289062e+00
-2.364849090576171875e+00
-3.296519279479980469e+00
-5.729678153991699219e+00
-2.632759094238281250e+00
-9.424652099609375000e+00
-2.972215881347656250e+02
-2.791799011230468750e+02
-2.458062896728515625e+02
-2.774977722167968750e+02
-2.545773315429687500e+02
-2.098732147216796875e+02
-2.343161163330078125e+02
-2.119322814941406250e+02
-1.690058288574218750e+02
-5.206442260742187500e+02
-4.370092468261718750e+02
-4.013283386230468750e+02
-4.830685119628906250e+02
-3.860591430664062500e+02
-3.470179138183593750e+02
-4.243320922851562500e+02
-3.373103332519531250e+02
-2.975403747558593750e+02
-1.848027496337890625e+02
8.534606170654296875e+01
-2.813700675964355469e+01
-1.959714355468750000e+02
9.972950744628906250e+01
-2.325740814208984375e+00
-1.623974456787109375e+02
1.252015991210937500e+02
1.152210903167724609e+01
-5.220061874389648438e+01
-5.384045028686523438e+01
-4.902367019653320312e+01
-5.482104873657226562e+01
-5.307831573486328125e+01
-4.988864135742187500e+01
-4.480023574829101562e+01
-3.944441986083984375e+01
-4.007958602905273438e+01
-1.768494995117187500e+03
-1.749548095703125000e+03
-1.845288452148437500e+03
-1.863349975585937500e+03
-1.723405639648437500e+03
-1.688839111328125000e+03
-1.671281127929687500e+03
-1.403424804687500000e+03
-1.283518188476562500e+03
-7.107661437988281250e+01
-6.903347778320312500e+01
-5.635531616210937500e+01
-6.393593597412109375e+01
-5.915574645996093750e+01
-4.384145736694335938e+01
-3.554728698730468750e+01
-3.258345794677734375e+01
-2.100222206115722656e+01
9.260203125000000000e+03
9.028663085937500000e+03
8.188244628906250000e+03
9.412868164062500000e+03
9.232401367187500000e+03
8.344403320312500000e+03
8.593359375000000000e+03
8.465120117187500000e+03
7.768318359375000000e+03
3.337749938964843750e+02
4.184425659179687500e+02
3.700368041992187500e+02
2.651008605957031250e+02
3.358582763671875000e+02
2.993930053710937500e+02
2.435451965332031250e+02
2.894419555664062500e+02
2.896231079101562500e+02
5.923208618164062500e+01
4.978284072875976562e+01
4.451406478881835938e+01
1.626624679565429688e+01
1.783300590515136719e+01
5.958645343780517578e+00
8.966970443725585938e+00
1.091546630859375000e+01
9.404687881469726562e+00
8.028031005859375000e+02
6.959575195312500000e+02
7.521350708007812500e+02
1.021338806152343750e+03
8.924902343750000000e+02
8.761702270507812500e+02
9.506023559570312500e+02
8.343382568359375000e+02
7.748822021484375000e+02
1.400656700134277344e+00
1.133626708984375000e+02
4.492820739746093750e+01
2.814093322753906250e+02
3.876550903320312500e+02
3.013988037109375000e+02
5.421903686523437500e+02
6.224909057617187500e+02
5.076617431640625000e+02
1.961787567138671875e+02
1.572528381347656250e+02
1.089170532226562500e+02
1.514579486846923828e+01
6.169697189331054688e+01
5.886686325073242188e+01
7.210526275634765625e+01
1.832111358642578125e+02
1.975596618652343750e+02
1.252906494140625000e+02
1.478646850585937500e+02
1.699819030761718750e+02
1.382169189453125000e+02
1.659488830566406250e+02
1.686965484619140625e+02
1.347747802734375000e+02
1.514392852783203125e+02
1.512803649902343750e+02
6.386784057617187500e+02
5.529788208007812500e+02
5.276767578125000000e+02
6.595662231445312500e+02
5.790354003906250000e+02
5.694945678710937500e+02
6.554584350585937500e+02
5.955446777343750000e+02
6.066174926757812500e+02
6.509581756591796875e+01
4.013162994384765625e+01
4.699600601196289062e+01
6.395940780639648438e+01
4.471282577514648438e+01
6.154473495483398438e+01
5.576186752319335938e+01
3.807708740234375000e+01
6.451955413818359375e+01
6.659187078475952148e-01
7.307220458984375000e+00
-3.157110691070556641e+00
1.674755477905273438e+01
2.949217414855957031e+01
2.079415130615234375e+01
1.873493194580078125e+01
2.314426803588867188e+01
1.531109905242919922e+01
2.580477600097656250e+02
2.819115905761718750e+02
3.235228271484375000e+02
3.311087951660156250e+02
3.454549255371093750e+02
3.672157287597656250e+02
3.758896484375000000e+02
3.675338134765625000e+02
3.827338867187500000e+02
1.129507690429687500e+03
1.141346679687500000e+03
1.049128173828125000e+03
1.340722412109375000e+03
1.361224243164062500e+03
1.240968627929687500e+03
1.383695922851562500e+03
1.371279541015625000e+03
1.266205444335937500e+03
3.670397186279296875e+01
1.718435363769531250e+02
7.305797576904296875e+01
7.008590698242187500e+01
2.107077484130859375e+02
1.037304611206054688e+02
6.207141113281250000e+01
1.713523559570312500e+02
6.423565673828125000e+01
5.913072967529296875e+01
7.269169616699218750e+01
5.961077117919921875e+01
7.622584533691406250e+01
8.873298645019531250e+01
9.651998138427734375e+01
8.798996734619140625e+01
1.063551940917968750e+02
1.235437164306640625e+02
1.921138183593750000e+03
2.155289794921875000e+03
2.143450195312500000e+03
2.579366943359375000e+03
2.724014404296875000e+03
2.657008300781250000e+03
3.176735351562500000e+03
3.186739501953125000e+03
2.923888916015625000e+03
6.464603424072265625e+01
7.804087829589843750e+01
9.908925628662109375e+01
1.044093780517578125e+02
1.103225173950195312e+02
1.164924926757812500e+02
9.673478698730468750e+01
9.244458770751953125e+01
1.025050430297851562e+02
1.954163665771484375e+02
3.151066398620605469e+01
-4.467611312866210938e+01
1.242702102661132812e+02
-4.687851333618164062e+01
-7.695553588867187500e+01
4.173739624023437500e+01
-5.863072586059570312e+01
-1.664094924926757812e+01
1.021322154998779297e+01
-2.264548492431640625e+01
4.675347805023193359e+00
-6.624742984771728516e+00
-3.122976493835449219e+01
-2.119710350036621094e+01
2.073974418640136719e+01
-2.837837219238281250e+00
-1.027452945709228516e+01
7.662768363952636719e+00
1.044445800781250000e+01
9.521898269653320312e+00
4.966347694396972656e+00
5.088987350463867188e+00
2.448325634002685547e+00
3.711151361465454102e+00
5.037096977233886719e+00
4.556193828582763672e+00
2.675926923751831055e+00
1.631594467163085938e+01
-2.816869318485260010e-01
2.831774711608886719e+01
3.761608505249023438e+01
-1.401409149169921875e+00
2.667144393920898438e+01
1.258391475677490234e+01
-7.150220870971679688e+00
6.191656112670898438e+01
3.254835510253906250e+01
4.374143600463867188e+01
9.349449157714843750e+01
6.791770172119140625e+01
7.534928131103515625e+01
7.611507415771484375e+01
7.121044921875000000e+01
7.076869964599609375e+01
5.715552139282226562e+01
3.197628211975097656e+01
2.900601196289062500e+01
2.795134162902832031e+01
1.067852878570556641e+01
-2.881974697113037109e+00
1.278200387954711914e+00
-1.758276104927062988e+00
-6.927872180938720703e+00
1.409108066558837891e+01
1.363966846466064453e+01
1.293360137939453125e+01
1.756353378295898438e+01
1.664844512939453125e+01
1.168291950225830078e+01
1.611795806884765625e+01
6.559624671936035156e+00
6.354350090026855469e+00
2.573599624633789062e+01
2.201972198486328125e+01
2.740807151794433594e+01
9.501607894897460938e+00
1.092498779296875000e+00
8.577413558959960938e+00
2.927989387512207031e+01
2.550080299377441406e+01
3.397356796264648438e+01
-8.182206749916076660e-02
8.866791725158691406e-01
2.734719514846801758e+00
-3.112880945205688477e+00
-2.986978054046630859e+00
-5.916230082511901855e-01
6.528021812438964844e+00
6.785928249359130859e+00
1.047284412384033203e+01
7.364963531494140625e+00
1.631556272506713867e+00
5.745847895741462708e-02
2.568755626678466797e+00
7.728706002235412598e-01
1.426910519599914551e+00
6.086987972259521484e+00
7.816557288169860840e-01
-3.584302663803100586e-01
2.214028930664062500e+02
2.634409484863281250e+02
2.837890930175781250e+02
2.391815643310546875e+02
2.741165161132812500e+02
2.800778198242187500e+02
2.410547485351562500e+02
2.859664001464843750e+02
2.723946533203125000e+02
1.917145690917968750e+02
2.115847778320312500e+02
2.119689636230468750e+02
2.230868377685546875e+02
2.573823547363281250e+02
2.384129791259765625e+02
2.722494812011718750e+02
3.033796081542968750e+02
2.685657043457031250e+02
5.544123077392578125e+01
2.750981521606445312e+01
7.233548164367675781e+00
5.968865585327148438e+01
6.752346801757812500e+01
4.091265869140625000e+01
4.429323959350585938e+01
4.683819198608398438e+01
3.809670639038085938e+01
-1.462725400924682617e-01
4.978473186492919922e+00
1.031226730346679688e+01
6.710593223571777344e+00
8.249104499816894531e+00
1.114654159545898438e+01
1.810940933227539062e+01
2.222609329223632812e+01
2.139101219177246094e+01
7.895021362304687500e+02
9.039522094726562500e+02
9.441522216796875000e+02
8.267053222656250000e+02
1.014854003906250000e+03
1.145240234375000000e+03
9.331762695312500000e+02
1.172789428710937500e+03
1.307264282226562500e+03
5.181920623779296875e+01
6.525035858154296875e+01
6.426866149902343750e+01
5.891193008422851562e+01
6.909531402587890625e+01
6.582904815673828125e+01
4.946355438232421875e+01
4.978496551513671875e+01
4.431071472167968750e+01
1.881605590820312500e+03
2.088483886718750000e+03
2.057205566406250000e+03
2.109827148437500000e+03
2.440107177734375000e+03
2.447493164062500000e+03
2.169153076171875000e+03
2.579745117187500000e+03
2.655479003906250000e+03
7.882763671875000000e+01
9.989345550537109375e+01
1.253307952880859375e+02
9.638908386230468750e+01
1.224657516479492188e+02
1.548055267333984375e+02
5.901997375488281250e+01
7.912442779541015625e+01
1.151809921264648438e+02
2.975831794738769531e+01
3.105142593383789062e+01
2.727798652648925781e+01
2.817513465881347656e+01
3.413755798339843750e+01
2.885572433471679688e+01
2.347147178649902344e+01
2.864559745788574219e+01
2.464990997314453125e+01
2.347357635498046875e+02
2.382527770996093750e+02
2.390240325927734375e+02
2.522747039794921875e+02
2.617720336914062500e+02
2.606962890625000000e+02
2.544931182861328125e+02
2.670753173828125000e+02
2.948767700195312500e+02
5.112464904785156250e+01
1.052174835205078125e+02
4.717267608642578125e+01
4.735722732543945312e+01
1.073103713989257812e+02
4.989548873901367188e+01
7.352877044677734375e+01
1.318009338378906250e+02
7.679049682617187500e+01
5.432765197753906250e+01
4.254315567016601562e+01
6.732103729248046875e+01
5.190953063964843750e+01
7.443343353271484375e+01
8.289746093750000000e+01
3.937530517578125000e+01
6.262348556518554688e+01
8.370037078857421875e+01
2.654165840148925781e+01
3.938335037231445312e+01
4.456776046752929688e+01
2.685991477966308594e+01
3.324682998657226562e+01
4.340166854858398438e+01
2.670275306701660156e+01
3.118635368347167969e+01
4.544663238525390625e+01
1.438344879150390625e+02
1.264591445922851562e+02
1.545903778076171875e+02
1.595834960937500000e+02
1.470476989746093750e+02
1.793245086669921875e+02
1.650378723144531250e+02
1.579223175048828125e+02
1.936352539062500000e+02
2.806037902832031250e+01
2.460233879089355469e+01
3.493626403808593750e+01
3.498799896240234375e+01
3.092437171936035156e+01
4.319727706909179688e+01
3.876408386230468750e+01
3.897254180908203125e+01
4.739605712890625000e+01
6.879277706146240234e+00
4.071528911590576172e+00
3.876406431198120117e+00
4.062838554382324219e+00
3.937424182891845703e+00
5.412786483764648438e+00
2.906798124313354492e+00
2.565501630306243896e-01
4.904586315155029297e+00
2.502612915039062500e+02
2.740134582519531250e+02
2.703237304687500000e+02
2.914956054687500000e+02
3.136781921386718750e+02
3.016993408203125000e+02
3.066067810058593750e+02
3.250853271484375000e+02
3.237256774902343750e+02
4.103230590820312500e+02
4.418319396972656250e+02
4.416156311035156250e+02
4.794307556152343750e+02
5.119993591308593750e+02
4.987772521972656250e+02
5.177431640625000000e+02
5.606162719726562500e+02
5.486928100585937500e+02
3.642765808105468750e+01
1.290758972167968750e+02
2.640552711486816406e+01
3.211016845703125000e+01
1.304901885986328125e+02
3.740609741210937500e+01
3.153477478027343750e+01
1.283180541992187500e+02
4.822008895874023438e+01
3.972291946411132812e+01
4.579106903076171875e+01
5.004735565185546875e+01
5.156208038330078125e+01
5.456230545043945312e+01
5.977318572998046875e+01
6.450794982910156250e+01
7.086999511718750000e+01
7.282480621337890625e+01
1.713715576171875000e+03
1.800785644531250000e+03
1.735567749023437500e+03
1.850678100585937500e+03
1.960264526367187500e+03
1.857656127929687500e+03
2.073960449218750000e+03
2.170693115234375000e+03
2.055474609375000000e+03
4.460998916625976562e+01
4.643645095825195312e+01
5.543231964111328125e+01
4.400595855712890625e+01
4.446497726440429688e+01
5.652346420288085938e+01
4.864314651489257812e+01
4.483245849609375000e+01
6.347405242919921875e+01
3.417991638183593750e+02
2.838754882812500000e+02
2.551410064697265625e+02
2.751902770996093750e+02
2.501968383789062500e+02
1.907286529541015625e+02
2.788607482910156250e+02
2.764765625000000000e+02
2.284348754882812500e+02
5.295869064331054688e+01
1.927383041381835938e+01
1.185725307464599609e+01
4.229327774047851562e+01
1.915089797973632812e+01
1.014585018157958984e+01
2.018997573852539062e+01
1.582058811187744141e+01
8.972447395324707031e+00
1.539078712463378906e+01
1.011616516113281250e+01
1.062890052795410156e+01
1.105848312377929688e+01
7.582324504852294922e+00
7.001988887786865234e+00
9.107622146606445312e+00
7.800504684448242188e+00
5.061688423156738281e+00
4.023419570922851562e+01
5.781108474731445312e+01
6.276018905639648438e+01
4.131230545043945312e+01
5.336874771118164062e+01
7.899324798583984375e+01
2.688803291320800781e+01
2.520176506042480469e+01
6.830438232421875000e+01
7.952554225921630859e+00
-1.850836277008056641e+00
4.854753494262695312e+00
7.763710498809814453e+00
-7.248817086219787598e-01
3.215968608856201172e+00
7.905925273895263672e+00
3.085573196411132812e+00
5.937987327575683594e+00
9.264930725097656250e+00
6.122642040252685547e+00
4.560512542724609375e+00
6.402535915374755859e+00
2.305923843383789062e+01
1.437805652618408203e+01
1.686919593811035156e+01
1.630728912353515625e+01
7.979636192321777344e+00
7.472415924072265625e+00
6.249700069427490234e+00
9.906036376953125000e+00
3.877970933914184570e+00
7.479427337646484375e+00
1.236772537231445312e+01
3.886651992797851562e+00
5.613366603851318359e+00
7.618742942810058594e+00
1.433563709259033203e+01
1.685374832153320312e+01
1.341697597503662109e+01
1.405578327178955078e+01
1.728134727478027344e+01
1.143128013610839844e+01
2.019891166687011719e+01
2.723445892333984375e+01
2.298307609558105469e+01
1.197753524780273438e+01
9.893758773803710938e+00
7.819757461547851562e+00
1.940311813354492188e+01
1.319569683074951172e+01
1.113725662231445312e+01
2.294908905029296875e+01
1.766460990905761719e+01
1.837961769104003906e+01
9.753501415252685547e-01
3.831177055835723877e-01
8.434867858886718750e-02
1.211900949478149414e+00
2.830570042133331299e-01
-5.194586515426635742e-02
1.895722150802612305e+00
2.021870613098144531e+00
3.957840204238891602e+00
1.102693710327148438e+02
1.133996963500976562e+02
1.168070983886718750e+02
1.229420471191406250e+02
1.296965789794921875e+02
1.288013763427734375e+02
1.226326446533203125e+02
1.260999069213867188e+02
1.338607330322265625e+02
1.401981506347656250e+02
1.240386810302734375e+02
1.290361328125000000e+02
1.376766204833984375e+02
1.219205703735351562e+02
1.380663604736328125e+02
1.390893096923828125e+02
1.288312225341796875e+02
1.448736724853515625e+02
2.245847320556640625e+01
1.048284244537353516e+01
1.839958000183105469e+01
1.398943901062011719e+01
3.090854883193969727e-01
5.873565673828125000e+00
2.025044441223144531e+01
4.053959369659423828e+00
7.085660934448242188e+00
3.530755615234375000e+01
3.771296691894531250e+01
3.480897903442382812e+01
4.481264114379882812e+01
4.336785125732421875e+01
4.151698684692382812e+01
3.650842666625976562e+01
3.165261459350585938e+01
3.866614913940429688e+01
9.603859252929687500e+02
8.727207641601562500e+02
8.325063476562500000e+02
9.395961303710937500e+02
8.088305053710937500e+02
7.624307861328125000e+02
8.370073242187500000e+02
7.356618652343750000e+02
7.350198364257812500e+02
1.051346492767333984e+01
1.008389091491699219e+01
1.125632762908935547e+01
8.101977348327636719e+00
9.766819000244140625e+00
9.511142730712890625e+00
1.086546421051025391e+01
1.796632575988769531e+01
1.620276260375976562e+01
2.866579284667968750e+02
1.909366760253906250e+02
7.927090454101562500e+01
1.270833206176757812e+02
4.634581375122070312e+01
2.069159507751464844e+01
9.519562530517578125e+01
6.687310791015625000e+01
8.925254058837890625e+01
3.225762176513671875e+01
3.496551895141601562e+01
5.187875270843505859e+00
2.627606391906738281e+01
2.596620750427246094e+01
5.850525498390197754e-01
1.328780460357666016e+01
1.628975105285644531e+01
1.660171896219253540e-01
-1.289028286933898926e+00
-2.227461636066436768e-01
-2.257457494735717773e+00
-3.933457374572753906e+00
-1.361094713211059570e+00
-1.827852964401245117e+00
-3.308399915695190430e+00
-3.382674455642700195e+00
-4.307748794555664062e+00
1.592620658874511719e+01
-8.142245292663574219e+00
5.082780361175537109e+00
1.889258766174316406e+01
6.652729988098144531e+00
1.504088163375854492e+00
2.462280654907226562e+01
4.862707138061523438e+00
-1.399471998214721680e+00
3.213959693908691406e+00
1.149935007095336914e+00
-7.462299346923828125e+00
1.859059143066406250e+01
2.179551696777343750e+01
1.090669918060302734e+01
1.667265892028808594e+01
7.594851493835449219e+00
2.399833917617797852e+00
4.287065505981445312e+00
3.363326549530029297e+00
-7.029627799987792969e+00
-5.611189365386962891e+00
2.877251625061035156e+00
-1.580529332160949707e+00
-1.281785583496093750e+01
-1.810419440269470215e+00
-1.523406314849853516e+01
1.616194915771484375e+01
1.455128097534179688e+01
4.010598182678222656e+00
2.072993469238281250e+01
1.730948257446289062e+01
5.986308574676513672e+00
1.393952846527099609e+01
1.008060073852539062e+01
1.067713499069213867e+00
2.279260444641113281e+01
9.134606361389160156e+00
1.258224105834960938e+01
4.588012695312500000e+00
-4.626829147338867188e+00
2.442869663238525391e+00
1.651694297790527344e+01
7.052029132843017578e+00
1.446787071228027344e+01
-5.023609161376953125e+00
-5.153954982757568359e+00
-4.969460964202880859e+00
-5.204636096954345703e+00
-7.356118202209472656e+00
-6.695119380950927734e+00
3.152311444282531738e-01
-2.622569561004638672e+00
-4.143929481506347656e+00
5.082672119140625000e+00
-1.243011713027954102e+00
1.653044670820236206e-01
4.637875080108642578e+00
1.497205853462219238e+00
9.792706966400146484e-01
-6.295257210731506348e-01
-4.751439571380615234e+00
-6.040553569793701172e+00
8.651421356201171875e+01
9.578263092041015625e+01
8.948809051513671875e+01
1.036940841674804688e+02
1.016946182250976562e+02
9.236381530761718750e+01
7.494440460205078125e+01
7.963011932373046875e+01
6.892713928222656250e+01
6.292549133300781250e+01
7.336843872070312500e+01
5.939434051513671875e+01
8.298146057128906250e+01
9.239998626708984375e+01
6.341361618041992188e+01
1.245419006347656250e+02
1.296281738281250000e+02
9.038188934326171875e+01
7.533990144729614258e-01
-3.161377429962158203e+00
3.692665815353393555e+00
2.035897445678710938e+01
1.826858329772949219e+01
7.917766094207763672e+00
1.395034694671630859e+01
1.325342845916748047e+01
2.330223083496093750e+00
-2.485179662704467773e+00
-7.594153881072998047e+00
-9.188556671142578125e+00
3.390183687210083008e+00
-2.002021670341491699e-01
-2.223359584808349609e+00
1.313812065124511719e+01
7.643791675567626953e+00
1.435892462730407715e+00
1.734919738769531250e+02
2.101481170654296875e+02
1.557130432128906250e+02
2.240316009521484375e+02
3.147780456542968750e+02
2.724665527343750000e+02
2.857146911621093750e+02
3.758246765136718750e+02
3.174392089843750000e+02
3.359193420410156250e+01
2.963506698608398438e+01
3.056768035888671875e+01
3.920351791381835938e+01
3.407558822631835938e+01
2.975324630737304688e+01
2.288834571838378906e+01
1.439468288421630859e+01
1.086572742462158203e+01
2.708737792968750000e+02
1.367386016845703125e+02
3.589893341064453125e+01
4.486788330078125000e+02
3.351358032226562500e+02
2.584236145019531250e+02
4.627184753417968750e+02
3.770452575683593750e+02
3.334685668945312500e+02
1.667174530029296875e+01
6.177910327911376953e+00
8.960726737976074219e+00
4.064311218261718750e+01
3.391990280151367188e+01
3.195266151428222656e+01
1.299628734588623047e+01
1.388004112243652344e+01
3.616659164428710938e+00
9.852061271667480469e+00
6.494328022003173828e+00
6.549924850463867188e+00
9.601849555969238281e+00
6.990307807922363281e+00
6.516744613647460938e+00
-8.972799181938171387e-01
5.292027071118354797e-02
8.174694776535034180e-01
2.988229513168334961e+00
-1.460925769805908203e+01
-1.706823158264160156e+01
3.842659711837768555e+00
1.012718391418457031e+01
1.997952079772949219e+01
3.363254547119140625e+01
1.257065677642822266e+01
2.402820587158203125e+01
-3.605944061279296875e+01
-1.850625228881835938e+01
-1.927669334411621094e+01
-7.590088367462158203e+00
7.670759201049804688e+00
1.395837974548339844e+01
1.473222255706787109e+01
2.756204986572265625e+01
3.277006912231445312e+01
4.347478485107421875e+01
1.800042724609375000e+01
1.095710372924804688e+01
-7.642779350280761719e-01
-1.412936496734619141e+01
-2.805037021636962891e+00
-1.570381641387939453e+01
-1.922240066528320312e+01
-1.472342586517333984e+01
5.108076572418212891e+00
7.762941837310791016e+00
7.624904632568359375e+00
8.716590881347656250e+00
1.200622081756591797e+01
8.301509857177734375e+00
1.070861244201660156e+01
1.345728683471679688e+01
1.370466518402099609e+01
1.627269172668457031e+01
1.295470356941223145e+00
3.659951210021972656e+00
3.412693405151367188e+01
1.702775382995605469e+01
1.661950683593750000e+01
2.930503082275390625e+01
1.349660968780517578e+01
1.482113456726074219e+01
-1.836132407188415527e+00
-5.274248123168945312e+00
-1.327083706855773926e+00
-3.231269598007202148e+00
-7.209055423736572266e+00
-1.428752422332763672e+00
-4.429574489593505859e+00
-6.940795421600341797e+00
-3.661543369293212891e+00
-1.509364843368530273e+00
1.484216570854187012e+00
3.607994318008422852e+00
5.270501226186752319e-02
-6.368470788002014160e-01
-2.574449300765991211e+00
8.010905981063842773e-01
-6.630775928497314453e-01
-1.460873365402221680e+00
6.059761524200439453e+00
1.307442951202392578e+01
1.722646903991699219e+01
2.461229896545410156e+01
3.361130523681640625e+01
4.031142425537109375e+01
3.442969131469726562e+01
3.852876663208007812e+01
3.977935028076171875e+01
3.303962469100952148e+00
-4.699563026428222656e+00
-6.144591808319091797e+00
5.876463699340820312e+01
5.141585540771484375e+01
4.290460205078125000e+01
9.789862823486328125e+01
7.702373504638671875e+01
5.648238754272460938e+01
-2.510006904602050781e+01
4.856300354003906250e-02
-8.785634040832519531e-01
-1.611628150939941406e+01
6.947533130645751953e+00
6.741521954536437988e-01
-4.308843612670898438e+00
1.443773174285888672e+01
2.276545047760009766e+00
-2.028264045715332031e+00
-3.312990188598632812e+00
-3.112935125827789307e-01
-5.627259731292724609e+00
-3.844820499420166016e+00
-2.220584630966186523e+00
-2.792411088943481445e+00
-2.285764217376708984e+00
2.118022680282592773e+00
6.542182922363281250e+00
-5.089442062377929688e+01
-3.391103744506835938e+01
1.116132965087890625e+02
1.051859283447265625e+02
1.154854125976562500e+02
2.235685577392578125e+02
2.392207031250000000e+02
2.396260223388671875e+02
-6.971200108528137207e-01
2.442691087722778320e+00
5.159696102142333984e+00
8.381531715393066406e+00
1.324372482299804688e+01
1.417644405364990234e+01
1.101548767089843750e+01
1.380950546264648438e+01
9.988098144531250000e+00
1.425667675781250000e+04
1.456037988281250000e+04
1.734313476562500000e+04
1.500985644531250000e+04
1.647204882812500000e+04
2.010850000000000000e+04
1.698314453125000000e+04
1.948051171875000000e+04
2.310871289062500000e+04
1.006801635742187500e+03
9.244844970703125000e+02
1.135659301757812500e+03
1.072889282226562500e+03
1.034661743164062500e+03
1.558751708984375000e+03
6.163220825195312500e+02
6.302270507812500000e+02
1.106080200195312500e+03
2.814673767089843750e+02
3.230405883789062500e+02
3.612974548339843750e+02
2.990189819335937500e+02
3.580251464843750000e+02
3.643558349609375000e+02
3.313161621093750000e+02
3.783074645996093750e+02
3.698653259277343750e+02
1.667928222656250000e+03
1.771343017578125000e+03
1.947926025390625000e+03
1.551450805664062500e+03
1.712080566406250000e+03
1.858560913085937500e+03
1.388582153320312500e+03
1.566566772460937500e+03
1.901762329101562500e+03
4.576625671386718750e+02
5.794125366210937500e+02
5.915962524414062500e+02
6.963344726562500000e+02
8.496882934570312500e+02
9.364661254882812500e+02
1.001471313476562500e+03
1.147244018554687500e+03
1.382564697265625000e+03
2.535501708984375000e+02
3.482227172851562500e+02
3.357897644042968750e+02
5.349769897460937500e+02
6.599807128906250000e+02
7.928324584960937500e+02
1.151902832031250000e+03
1.173982910156250000e+03
1.241615966796875000e+03
4.616520385742187500e+02
4.009683227539062500e+02
3.603263244628906250e+02
4.278459167480468750e+02
3.411035461425781250e+02
3.097294311523437500e+02
3.677683105468750000e+02
2.853236694335937500e+02
3.264060363769531250e+02
9.794440307617187500e+02
1.122379394531250000e+03
1.355236328125000000e+03
1.345701538085937500e+03
1.556838500976562500e+03
1.812624511718750000e+03
1.694617187500000000e+03
1.960779418945312500e+03
2.153845947265625000e+03
4.121754760742187500e+02
4.524403076171875000e+02
4.331252746582031250e+02
5.643177490234375000e+02
6.318187255859375000e+02
6.246340332031250000e+02
5.849588623046875000e+02
6.952047119140625000e+02
6.990170288085937500e+02
1.047673645019531250e+02
9.570838928222656250e+01
4.548513793945312500e+01
1.127987899780273438e+02
1.011387405395507812e+02
8.207161712646484375e+01
2.072690277099609375e+02
2.310454711914062500e+02
2.435272521972656250e+02
5.601555664062500000e+03
6.212092285156250000e+03
6.248607910156250000e+03
5.968535156250000000e+03
6.529206054687500000e+03
6.509930175781250000e+03
6.060269042968750000e+03
6.379025390625000000e+03
6.243639160156250000e+03
7.207998535156250000e+03
7.400858398437500000e+03
7.307665527343750000e+03
7.669943847656250000e+03
7.838040527343750000e+03
7.822207031250000000e+03
7.380498046875000000e+03
7.793881347656250000e+03
7.853929199218750000e+03
8.926304321289062500e+02
9.443610839843750000e+02
4.531946105957031250e+02
9.809037475585937500e+02
8.612694091796875000e+02
5.153248291015625000e+02
8.163729248046875000e+02
7.598100585937500000e+02
6.239964599609375000e+02
9.663352050781250000e+02
1.097432983398437500e+03
1.031917358398437500e+03
1.063781127929687500e+03
1.150437133789062500e+03
1.166144287109375000e+03
9.982070922851562500e+02
1.140046630859375000e+03
1.087313354492187500e+03
3.257921484375000000e+04
3.530912890625000000e+04
3.657386718750000000e+04
3.287382421875000000e+04
3.545298046875000000e+04
3.554989453125000000e+04
3.324681250000000000e+04
3.548297656250000000e+04
3.458139843750000000e+04
1.074405029296875000e+03
1.135789794921875000e+03
1.024133544921875000e+03
1.129678833007812500e+03
1.112788085937500000e+03
1.039399291992187500e+03
1.112604736328125000e+03
1.099107421875000000e+03
1.142503662109375000e+03
-2.977875000000000000e+03
-2.796368652343750000e+03
-2.718917968750000000e+03
-2.528326660156250000e+03
-2.460208740234375000e+03
-2.618582275390625000e+03
-2.367977050781250000e+03
-2.458759521484375000e+03
-2.723735839843750000e+03
-1.416406097412109375e+02
-1.427125701904296875e+02
-1.194905166625976562e+02
-1.252169952392578125e+02
-1.166453399658203125e+02
-1.491989593505859375e+02
-1.330334472656250000e+02
-1.015291900634765625e+02
-1.435644683837890625e+02
-5.551288127899169922e+00
-1.481211757659912109e+01
-2.046664047241210938e+01
-5.330055236816406250e+00
-7.574716091156005859e+00
-1.829507446289062500e+01
-7.817915916442871094e+00
-1.787676048278808594e+01
-2.640271759033203125e+01
-3.289351196289062500e+02
-3.552520446777343750e+02
-3.155441894531250000e+02
-3.087535400390625000e+02
-3.137464904785156250e+02
-2.808817138671875000e+02
-2.463235321044921875e+02
-2.630630798339843750e+02
-2.458416748046875000e+02
-1.423519287109375000e+02
-1.513997802734375000e+02
-1.429722137451171875e+02
-1.538490142822265625e+02
-1.785514221191406250e+02
-1.631347808837890625e+02
-1.375521545410156250e+02
-1.522811737060546875e+02
-1.343882751464843750e+02
-1.846801948547363281e+01
-5.203174209594726562e+01
-7.328379821777343750e+01
-4.861200714111328125e+01
-9.085723114013671875e+01
-1.313395385742187500e+02
-1.207472534179687500e+02
-1.797776184082031250e+02
-1.978146972656250000e+02
-8.653937530517578125e+01
-7.033481597900390625e+01
-5.612808990478515625e+01
-7.554035186767578125e+01
-6.261051177978515625e+01
-5.740070343017578125e+01
-6.438002777099609375e+01
-6.081609725952148438e+01
-5.539371490478515625e+01
-1.645839538574218750e+02
-1.825664978027343750e+02
-1.694121093750000000e+02
-1.718307800292968750e+02
-2.117797088623046875e+02
-2.000386657714843750e+02
-2.044518890380859375e+02
-2.422807769775390625e+02
-2.297360839843750000e+02
-2.351507377624511719e+01
-3.475344085693359375e+01
-1.833787536621093750e+01
-3.098808097839355469e+01
-4.793016433715820312e+01
-3.199941825866699219e+01
-4.380251693725585938e+01
-5.882758712768554688e+01
-4.879230117797851562e+01
-1.007415103912353516e+01
-4.436713218688964844e+00
-5.000499725341796875e+00
-2.128106307983398438e+01
-1.687727928161621094e+01
-1.031992721557617188e+01
-2.585706710815429688e+01
-2.080453300476074219e+01
-1.844876670837402344e+01
-3.040648498535156250e+02
-3.288792114257812500e+02
-3.543377990722656250e+02
-3.213608703613281250e+02
-3.529685668945312500e+02
-3.641163940429687500e+02
-3.268633422851562500e+02
-3.629234924316406250e+02
-3.715339355468750000e+02
-6.363740234375000000e+02
-6.467161254882812500e+02
-5.903833007812500000e+02
-6.710324096679687500e+02
-6.761369628906250000e+02
-6.274528198242187500e+02
-5.899086914062500000e+02
-6.149664916992187500e+02
-5.913346557617187500e+02
-1.410823669433593750e+02
-1.176205825805664062e+02
-4.923464584350585938e+01
-1.297106628417968750e+02
-8.539189147949218750e+01
-4.791475677490234375e+01
-9.933553314208984375e+01
-6.248458480834960938e+01
-5.043564987182617188e+01
-3.769762039184570312e+01
-3.585180282592773438e+01
-5.329317474365234375e+01
-6.150805664062500000e+01
-5.270514297485351562e+01
-6.026201629638671875e+01
-7.302452850341796875e+01
-7.742898559570312500e+01
-7.060527038574218750e+01
-1.743711303710937500e+03
-2.179259765625000000e+03
-2.453771728515625000e+03
-2.109512939453125000e+03
-2.524805175781250000e+03
-2.733054443359375000e+03
-1.974907714843750000e+03
-2.200863769531250000e+03
-2.351468505859375000e+03
-8.827856445312500000e+01
-8.504029083251953125e+01
-7.322429656982421875e+01
-9.391976928710937500e+01
-7.062368774414062500e+01
-6.556160736083984375e+01
-7.754809570312500000e+01
-5.797714996337890625e+01
-6.304192733764648438e+01
6.755301269531250000e+03
7.864510253906250000e+03
7.496597167968750000e+03
7.678301757812500000e+03
8.258948242187500000e+03
7.392073242187500000e+03
7.805819824218750000e+03
7.650802734375000000e+03
6.361290039062500000e+03
1.143956451416015625e+02
2.674394836425781250e+02
2.576004028320312500e+02
7.662197875976562500e+01
1.926802062988281250e+02
1.733373413085937500e+02
2.186436004638671875e+02
2.336539459228515625e+02
2.020756683349609375e+02
4.361386871337890625e+01
3.604774475097656250e+01
1.356237506866455078e+01
3.252653884887695312e+01
6.467043876647949219e+00
-1.186159229278564453e+01
1.972273254394531250e+01
-1.636510086059570312e+01
-1.397139739990234375e+01
3.818749694824218750e+02
5.175945434570312500e+02
5.445819091796875000e+02
5.575003662109375000e+02
7.245800781250000000e+02
6.674085083007812500e+02
8.005734863281250000e+02
8.964642944335937500e+02
7.671002807617187500e+02
1.569303894042968750e+02
9.005854034423828125e+01
3.185889053344726562e+01
3.081270141601562500e+02
1.925282745361328125e+02
9.031067657470703125e+01
3.177910766601562500e+02
2.025542907714843750e+02
9.712438583374023438e+00
1.384330139160156250e+02
2.410492401123046875e+02
1.547874450683593750e+02
7.148079681396484375e+01
1.259318542480468750e+02
-5.928680038452148438e+01
3.929164123535156250e+01
6.404392242431640625e+01
-6.603567504882812500e+01
-2.528993034362792969e+01
1.081944084167480469e+01
9.337492370605468750e+01
-4.641420841217041016e+00
5.939144897460937500e+01
1.308417358398437500e+02
2.275139236450195312e+01
1.029800567626953125e+02
1.324726867675781250e+02
4.970890502929687500e+02
5.952106933593750000e+02
5.121772460937500000e+02
5.613585205078125000e+02
6.310299072265625000e+02
4.988897094726562500e+02
5.072424621582031250e+02
5.369611206054687500e+02
3.869466857910156250e+02
6.267273330688476562e+01
8.201026916503906250e+01
3.659303283691406250e+01
4.339562988281250000e+01
6.726994323730468750e+01
3.224936294555664062e+01
4.436978816986083984e+00
2.377116394042968750e+01
5.524717807769775391e+00
-1.341022491455078125e+01
6.879178047180175781e+00
1.176831722259521484e+01
-1.681716156005859375e+01
6.004256248474121094e+00
2.036204719543457031e+01
-6.562606334686279297e+00
-1.616070985794067383e+00
1.563383865356445312e+01
-5.748927688598632812e+01
-2.445887145996093750e+02
-1.968879241943359375e+02
-1.225201797485351562e+02
-3.096939697265625000e+02
-2.464704437255859375e+02
-2.049806518554687500e+02
-3.696275329589843750e+02
-2.647474060058593750e+02
5.783848266601562500e+02
6.151954345703125000e+02
6.042456665039062500e+02
5.321801757812500000e+02
6.181762084960937500e+02
6.313759155273437500e+02
5.554047241210937500e+02
5.905124511718750000e+02
6.224201049804687500e+02
7.594064331054687500e+01
9.545158386230468750e+00
5.580970001220703125e+01
8.401206970214843750e+01
6.060516357421875000e+01
6.138038635253906250e+01
1.162116699218750000e+02
7.289794158935546875e+01
3.635064697265625000e+01
5.878159332275390625e+01
1.067677021026611328e+01
-5.352859020233154297e+00
-1.246356487274169922e+01
-2.577721023559570312e+01
-4.679104232788085938e+01
-7.720675659179687500e+01
-6.136500167846679688e+01
-4.786091613769531250e+01
8.099145507812500000e+02
-1.704476318359375000e+02
-7.766360473632812500e+02
1.752175445556640625e+02
-1.049615844726562500e+03
-1.067768188476562500e+03
-3.473683471679687500e+02
-1.464976684570312500e+03
-8.725689697265625000e+02
-9.416352081298828125e+01
-6.712311553955078125e+01
4.110264778137207031e+00
-7.978341674804687500e+01
-1.901393318176269531e+01
5.096641921997070312e+01
-5.551025772094726562e+01
9.844093322753906250e+00
4.503537368774414062e+01
2.831282470703125000e+03
2.834063720703125000e+03
2.641377441406250000e+03
2.979680175781250000e+03
3.008167236328125000e+03
2.856882812500000000e+03
2.753820800781250000e+03
2.830308593750000000e+03
2.810787109375000000e+03
5.100188446044921875e+01
7.508584594726562500e+01
9.977047729492187500e+01
6.633709716796875000e+01
6.450825500488281250e+01
1.067964172363281250e+02
4.842913436889648438e+01
4.376599121093750000e+01
9.507001495361328125e+01
1.276426219940185547e+01
1.297822284698486328e+01
1.044652748107910156e+01
7.177762508392333984e+00
1.321917152404785156e+01
9.415490150451660156e+00
5.976844787597656250e+00
9.148791313171386719e+00
1.048818874359130859e+01
2.887590332031250000e+02
2.242942352294921875e+02
2.391667022705078125e+02
3.610702514648437500e+02
2.456810760498046875e+02
2.742827148437500000e+02
3.388812561035156250e+02
2.450023040771484375e+02
2.810823059082031250e+02
8.011074829101562500e+01
1.664438018798828125e+02
1.212445297241210938e+02
7.864884185791015625e+01
1.874856719970703125e+02
1.420476989746093750e+02
1.083336563110351562e+02
2.164511718750000000e+02
1.771379394531250000e+02
6.311398315429687500e+01
5.396469116210937500e+01
4.024917221069335938e+01
4.877696990966796875e+01
4.606610488891601562e+01
7.089816284179687500e+01
2.348708534240722656e+01
3.241141891479492188e+01
7.410175323486328125e+01
4.168587493896484375e+01
4.704675292968750000e+01
4.758604431152343750e+01
4.135928344726562500e+01
4.607320404052734375e+01
3.834949874877929688e+01
4.471890640258789062e+01
4.308425521850585938e+01
3.883840942382812500e+01
2.164122161865234375e+02
1.793039093017578125e+02
2.032387390136718750e+02
2.131876983642578125e+02
1.745815734863281250e+02
2.145571594238281250e+02
2.189342041015625000e+02
1.819533843994140625e+02
2.335594787597656250e+02
1.679297637939453125e+01
5.231843471527099609e+00
2.598492813110351562e+01
2.085287666320800781e+01
1.048728847503662109e+01
3.134628105163574219e+01
2.484442710876464844e+01
1.159785366058349609e+01
2.838900947570800781e+01
2.646188974380493164e+00
1.234264278411865234e+01
6.017538547515869141e+00
-1.559024095535278320e+00
5.268585681915283203e+00
1.815282702445983887e+00
5.137486457824707031e+00
7.458539485931396484e+00
2.047224760055541992e+00
5.409653091430664062e+01
1.064406814575195312e+02
1.244377975463867188e+02
5.602957916259765625e+01
1.134636688232421875e+02
1.303816375732421875e+02
7.269894409179687500e+01
1.240434722900390625e+02
1.489799499511718750e+02
3.282603759765625000e+02
4.249159240722656250e+02
3.820955810546875000e+02
3.913446655273437500e+02
4.710458068847656250e+02
4.367228393554687500e+02
3.971423034667968750e+02
4.768762512207031250e+02
4.433706359863281250e+02
-3.877019119262695312e+01
1.285002746582031250e+02
3.685358428955078125e+01
-3.161506080627441406e+01
1.271529006958007812e+02
3.324158477783203125e+01
-4.633807754516601562e+01
1.110977325439453125e+02
2.829519653320312500e+01
1.630362319946289062e+01
1.786597633361816406e+01
1.880782508850097656e+01
1.864461135864257812e+01
2.512297058105468750e+01
2.972421264648437500e+01
1.952594566345214844e+01
3.236595535278320312e+01
3.482102203369140625e+01
4.537276306152343750e+02
7.534091796875000000e+02
8.073345336914062500e+02
6.102210083007812500e+02
9.614764404296875000e+02
9.352432250976562500e+02
8.376548461914062500e+02
1.206424438476562500e+03
1.120704101562500000e+03
2.058422470092773438e+01
2.895509719848632812e+01
4.175977706909179688e+01
1.662065124511718750e+01
1.898833656311035156e+01
3.172797012329101562e+01
2.142542839050292969e+01
1.931957244873046875e+01
3.308191680908203125e+01
2.066392822265625000e+03
2.683211181640625000e+03
3.122073974609375000e+03
1.683011108398437500e+03
2.706688476562500000e+03
3.220637939453125000e+03
1.569718627929687500e+03
2.713115234375000000e+03
3.155640136718750000e+03
2.982929229736328125e+01
6.016378784179687500e+01
3.495750808715820312e+01
-1.656765556335449219e+01
1.681134796142578125e+01
-2.030034637451171875e+01
-4.118300247192382812e+01
-1.270176601409912109e+01
-4.901188278198242188e+01
-2.332304000854492188e+00
-2.833301544189453125e+00
7.768620550632476807e-02
4.168863773345947266e+00
1.109716057777404785e+00
-4.424750328063964844e+00
3.100608444213867188e+01
2.942163658142089844e+01
1.240133666992187500e+01
2.471824798583984375e+02
1.761783142089843750e+02
1.471701812744140625e+02
5.031008529663085938e+01
7.399705505371093750e+01
8.013846588134765625e+01
-1.058845977783203125e+02
4.543549728393554688e+01
1.115215759277343750e+02
7.926163330078125000e+02
8.749893798828125000e+02
7.852141723632812500e+02
8.914307861328125000e+02
9.952063598632812500e+02
8.965069580078125000e+02
8.298289184570312500e+02
9.581339111328125000e+02
8.654976196289062500e+02
-9.147959899902343750e+01
-7.440976715087890625e+01
3.928162002563476562e+01
6.375648880004882812e+01
1.936116180419921875e+02
2.592314453125000000e+02
2.039710845947265625e+02
3.135855102539062500e+02
3.463590698242187500e+02
-8.525718688964843750e+00
-8.368769645690917969e+00
-1.608004379272460938e+01
-2.640392875671386719e+01
-1.655325698852539062e+01
-1.848945045471191406e+01
-5.251223754882812500e+01
-2.738298988342285156e+01
-6.349999427795410156e+00
2.444530029296875000e+02
2.656245117187500000e+02
3.237231140136718750e+02
3.018063049316406250e+02
3.462169189453125000e+02
4.191597900390625000e+02
3.773363647460937500e+02
4.207745666503906250e+02
4.656929931640625000e+02
2.373474884033203125e+01
1.699047088623046875e+01
2.302099227905273438e+01
2.485505104064941406e+01
1.332906341552734375e+01
3.038947677612304688e+01
4.024573516845703125e+01
1.008705997467041016e+01
2.340444564819335938e+01
2.197575569152832031e+01
1.032820641994476318e-01
1.332189846038818359e+01
-1.029177284240722656e+01
-1.631784057617187500e+01
-1.586377048492431641e+01
-5.561571598052978516e+00
-2.640155410766601562e+01
-1.414746165275573730e+00
5.248261108398437500e+02
4.069979858398437500e+02
2.397588806152343750e+02
5.047070922851562500e+02
3.744441223144531250e+02
1.777379455566406250e+02
4.798294067382812500e+02
3.532201538085937500e+02
1.346964111328125000e+02
8.221820068359375000e+02
6.849381713867187500e+02
6.253226318359375000e+02
7.532138061523437500e+02
6.116497192382812500e+02
6.438574218750000000e+02
5.449090576171875000e+02
4.340371704101562500e+02
5.228372192382812500e+02
1.482157897949218750e+02
1.324134979248046875e+02
4.161751174926757812e+01
3.672408676147460938e+01
4.314705657958984375e+01
-1.804098892211914062e+01
1.721221160888671875e+01
2.249811935424804688e+01
4.696691131591796875e+01
9.112928009033203125e+01
8.178115081787109375e+01
6.898499298095703125e+01
7.355015563964843750e+01
5.796539688110351562e+01
6.791452789306640625e+01
5.955147552490234375e+01
2.728441238403320312e+01
3.505525970458984375e+01
2.336634277343750000e+03
2.345263916015625000e+03
1.643811767578125000e+03
2.710657470703125000e+03
2.091165527343750000e+03
1.152606811523437500e+03
2.439297363281250000e+03
1.456147827148437500e+03
5.851487426757812500e+02
1.100226898193359375e+02
6.631577301025390625e+01
3.571634674072265625e+01
5.128168869018554688e+01
2.517127990722656250e+01
1.939341163635253906e+01
5.456203460693359375e+01
4.747389984130859375e+01
6.839109039306640625e+01
1.282673583984375000e+03
1.238268432617187500e+03
1.098700561523437500e+03
1.357317016601562500e+03
1.325977783203125000e+03
1.111112060546875000e+03
1.262226806640625000e+03
1.229379760742187500e+03
1.020938171386718750e+03
7.508796215057373047e+00
1.934287071228027344e+01
2.852254486083984375e+01
1.601129150390625000e+01
2.433487510681152344e+01
3.547604751586914062e+01
7.152489662170410156e+00
8.942300796508789062e+00
2.103557014465332031e+01
8.809148788452148438e+00
9.082908630371093750e+00
3.540904760360717773e+00
3.637561321258544922e+00
3.046467304229736328e+00
-1.558147817850112915e-01
-1.109758615493774414e+00
-6.852101087570190430e-01
-1.874128937721252441e+00
9.351401519775390625e+01
4.975888442993164062e+01
3.733802795410156250e+01
1.823823242187500000e+02
1.166659698486328125e+02
1.084914627075195312e+02
1.950333557128906250e+02
1.401704101562500000e+02
1.233328933715820312e+02
4.466051483154296875e+01
7.049199676513671875e+01
7.328192138671875000e+01
6.237212371826171875e+01
1.005263900756835938e+02
8.440106964111328125e+01
9.580033874511718750e+01
1.323817901611328125e+02
1.170861129760742188e+02
5.647980499267578125e+01
7.349599456787109375e+01
7.421427917480468750e+01
9.621197700500488281e+00
5.278510093688964844e+00
1.394372367858886719e+01
3.879268646240234375e+00
1.036887264251708984e+01
1.268924713134765625e+01
1.489316844940185547e+01
1.343600463867187500e+01
2.120688438415527344e+01
1.232333469390869141e+01
2.157508468627929688e+01
2.515110397338867188e+01
1.182199859619140625e+01
1.677447128295898438e+01
2.202122306823730469e+01
9.983834838867187500e+01
8.603723144531250000e+01
7.336198425292968750e+01
1.032544860839843750e+02
8.310528564453125000e+01
6.809544372558593750e+01
9.558269500732421875e+01
7.268346405029296875e+01
6.325384521484375000e+01
2.387528419494628906e+00
-7.168170928955078125e+00
-2.491957187652587891e+00
3.764561891555786133e+00
-4.592672824859619141e+00
-2.203499317169189453e+00
-1.226564198732376099e-01
-9.010070800781250000e+00
-5.528264999389648438e+00
-1.897219777107238770e+00
-2.368606567382812500e+00
8.521940112113952637e-01
3.225346803665161133e-01
2.213440537452697754e-01
1.130327939987182617e+00
8.677503466606140137e-02
1.773581355810165405e-01
8.189923167228698730e-01
-8.296987533569335938e+00
-2.337811470031738281e+01
-3.689886474609375000e+01
-9.609635353088378906e+00
-1.975149154663085938e+01
-2.809003448486328125e+01
-1.698263168334960938e+00
-1.563029670715332031e+01
-1.985309028625488281e+01
9.039744567871093750e+01
7.777871704101562500e+01
6.313360977172851562e+01
1.089948883056640625e+02
8.589907836914062500e+01
7.427403259277343750e+01
1.276397399902343750e+02
1.016885986328125000e+02
7.753481292724609375e+01
-2.545357513427734375e+01
4.801241874694824219e+00
3.074062347412109375e+00
-1.435853958129882812e+01
1.241780662536621094e+01
1.402657127380371094e+01
-9.884225845336914062e+00
1.284556102752685547e+01
1.113978195190429688e+01
-4.603174686431884766e+00
-3.772253513336181641e+00
-1.667010545730590820e+00
-1.070626676082611084e-01
-9.969762563705444336e-01
-1.609452724456787109e+00
-8.299689292907714844e+00
-4.946424961090087891e+00
-1.953412771224975586e+00
6.398630905151367188e+01
3.293265104293823242e-01
-1.143142013549804688e+02
7.649043273925781250e+01
2.684040832519531250e+01
-8.903956604003906250e+01
1.102308578491210938e+02
8.955435180664062500e+01
-7.377812385559082031e+00
-4.654959678649902344e+00
-2.625659942626953125e+00
2.008648157119750977e+00
-2.411216020584106445e+00
1.254732131958007812e+00
6.690783977508544922e+00
-3.697374105453491211e+00
-7.133982181549072266e-01
3.092392444610595703e+00
6.714857177734375000e+02
8.366575317382812500e+02
1.036983154296875000e+03
3.896402587890625000e+02
6.308989257812500000e+02
8.616912231445312500e+02
1.457219390869140625e+02
4.369344177246093750e+02
6.986185913085937500e+02
1.554729843139648438e+01
1.219421291351318359e+01
4.360076904296875000e+01
8.237103223800659180e-01
5.159017086029052734e+00
2.075662040710449219e+01
6.285100579261779785e-01
3.634199380874633789e+00
2.143389701843261719e+01
1.459392929077148438e+01
1.564199066162109375e+01
1.450478363037109375e+01
9.412914276123046875e+00
1.160489273071289062e+01
1.301022815704345703e+01
9.206981658935546875e+00
1.412272834777832031e+01
1.518650341033935547e+01
7.778366088867187500e+01
8.259192657470703125e+01
8.412576293945312500e+01
8.006745910644531250e+01
9.302780914306640625e+01
9.753118133544921875e+01
5.633332443237304688e+01
1.007596435546875000e+02
9.519255065917968750e+01
4.007727813720703125e+01
2.698291015625000000e+01
4.739781570434570312e+01
6.422478485107421875e+01
5.150925445556640625e+01
6.970349884033203125e+01
3.823170089721679688e+01
4.389335632324218750e+01
5.394911956787109375e+01
1.108613300323486328e+01
-4.374110221862792969e+00
3.114723587036132812e+01
-1.147575569152832031e+01
-1.027096748352050781e+01
2.799160766601562500e+01
1.193000602722167969e+01
1.733152389526367188e+01
3.566082000732421875e+01
7.426668643951416016e+00
6.483645439147949219e+00
1.036764907836914062e+01
7.522462368011474609e+00
6.416923046112060547e+00
1.019955825805664062e+01
2.138067722320556641e+00
-5.349513292312622070e-01
5.545113563537597656e+00
3.582237625122070312e+01
5.966339492797851562e+01
6.968577575683593750e+01
3.126142501831054688e+01
5.653968429565429688e+01
6.791931152343750000e+01
2.592129516601562500e+01
5.053155517578125000e+01
6.202926635742187500e+01
1.502527332305908203e+01
2.020320701599121094e+01
1.391407871246337891e+01
1.752676200866699219e+01
2.048464965820312500e+01
1.406761932373046875e+01
2.124257850646972656e+01
2.152987289428710938e+01
1.719466209411621094e+01
3.650048732757568359e+00
-1.060369372367858887e+00
2.109176635742187500e+00
1.364251971244812012e+00
-1.124339476227760315e-01
1.250800132751464844e+00
-9.921139478683471680e-01
-2.111296653747558594e+00
-3.816467046737670898e+00
2.502174072265625000e+02
2.597954406738281250e+02
2.425055389404296875e+02
2.431345672607421875e+02
2.560127258300781250e+02
2.445578613281250000e+02
2.203874053955078125e+02
2.485509185791015625e+02
2.315766601562500000e+02
2.971779174804687500e+02
3.043197631835937500e+02
2.967673034667968750e+02
2.783686523437500000e+02
2.857772521972656250e+02
2.813522949218750000e+02
2.443121490478515625e+02
2.504100799560546875e+02
2.434916839599609375e+02
5.222462463378906250e+01
3.837961578369140625e+01
2.728014564514160156e+01
4.507506179809570312e+01
4.521776580810546875e+01
3.048638725280761719e+01
3.210318374633789062e+01
2.908898925781250000e+01
3.337913513183593750e+01
2.784457778930664062e+01
2.977026367187500000e+01
3.524489212036132812e+01
2.740066909790039062e+01
3.301080322265625000e+01
3.127242088317871094e+01
3.372425079345703125e+01
3.294058609008789062e+01
2.895257759094238281e+01
1.340643310546875000e+03
1.392368652343750000e+03
1.345056518554687500e+03
1.358171142578125000e+03
1.403323730468750000e+03
1.393527709960937500e+03
1.242609252929687500e+03
1.326193237304687500e+03
1.327942626953125000e+03
3.810538864135742188e+01
4.422367095947265625e+01
4.374175643920898438e+01
3.662449264526367188e+01
4.015660858154296875e+01
3.853813552856445312e+01
3.301200485229492188e+01
3.537121200561523438e+01
3.350199890136718750e+01
1.931397949218750000e+03
1.398074096679687500e+03
1.111155761718750000e+03
1.721089965820312500e+03
1.232821411132812500e+03
1.023362670898437500e+03
1.486146606445312500e+03
1.158429687500000000e+03
1.056928588867187500e+03
1.503522033691406250e+02
1.442914123535156250e+02
1.250592727661132812e+02
1.372041320800781250e+02
1.032471694946289062e+02
1.307586364746093750e+02
9.966199493408203125e+01
6.595693969726562500e+01
1.009420700073242188e+02
1.333330440521240234e+01
1.405003452301025391e+01
1.837875556945800781e+01
6.092189311981201172e+00
1.247330188751220703e+01
1.524880599975585938e+01
1.167636108398437500e+01
1.729734420776367188e+01
2.008646774291992188e+01
2.903869323730468750e+02
2.336869354248046875e+02
1.807675933837890625e+02
2.884244384765625000e+02
2.099577178955078125e+02
1.672793884277343750e+02
1.992394104003906250e+02
1.038191452026367188e+02
9.986541748046875000e+01
-2.081814117431640625e+02
-2.291184539794921875e+02
-2.196402130126953125e+02
-1.670519561767578125e+02
-2.165383911132812500e+02
-2.032807769775390625e+02
-1.117436370849609375e+02
-1.687619018554687500e+02
-1.454994506835937500e+02
-2.751798439025878906e+01
-4.186575317382812500e+01
-4.643562316894531250e+01
-2.442525100708007812e+01
-5.319002628326416016e+00
-4.082457065582275391e+00
5.951378631591796875e+01
6.138541030883789062e+01
7.805999755859375000e+01
5.748168945312500000e+01
5.605764389038085938e+01
5.920257949829101562e+01
5.169155120849609375e+01
4.926720428466796875e+01
4.962144851684570312e+01
4.307403182983398438e+01
4.236042785644531250e+01
4.678697586059570312e+01
9.240922546386718750e+01
5.290391540527343750e+01
1.015996646881103516e+01
9.846030426025390625e+01
6.322111892700195312e+01
3.031522369384765625e+01
1.254497222900390625e+02
9.894857025146484375e+01
7.850632476806640625e+01
3.722068786621093750e+01
1.947127151489257812e+01
1.494209194183349609e+01
4.963425445556640625e+01
3.066427612304687500e+01
2.213254928588867188e+01
6.258358383178710938e+01
4.541598892211914062e+01
3.950791931152343750e+01
1.633354568481445312e+01
8.960234642028808594e+00
4.528900623321533203e+00
1.247382926940917969e+01
1.042045593261718750e+01
4.813297837972640991e-02
1.704531860351562500e+01
1.458738899230957031e+01
9.382692337036132812e+00
4.029867553710937500e+02
4.186268615722656250e+02
4.474017639160156250e+02
4.250462951660156250e+02
4.512216796875000000e+02
4.636949462890625000e+02
4.364486694335937500e+02
4.649507141113281250e+02
4.667933959960937500e+02
5.758529663085937500e+02
5.413706054687500000e+02
4.786184082031250000e+02
6.606447753906250000e+02
5.964195556640625000e+02
5.230279541015625000e+02
6.050979003906250000e+02
5.419144897460937500e+02
4.878535156250000000e+02
6.522940826416015625e+01
2.771087646484375000e+00
2.388473129272460938e+01
7.543594360351562500e+01
-5.566612243652343750e+00
-2.418390512466430664e+00
5.253955078125000000e+01
-3.964060211181640625e+01
8.112969398498535156e+00
6.123497390747070312e+01
7.087892150878906250e+01
8.066757202148437500e+01
8.682241058349609375e+01
9.258346557617187500e+01
9.550749969482421875e+01
9.639002990722656250e+01
9.740501403808593750e+01
9.913295745849609375e+01
2.255042236328125000e+03
2.419859863281250000e+03
2.582498535156250000e+03
2.570929687500000000e+03
2.713690673828125000e+03
2.757583496093750000e+03
2.603096191406250000e+03
2.690102294921875000e+03
2.585594482421875000e+03
8.120281219482421875e+01
9.220952606201171875e+01
8.402215576171875000e+01
8.636912536621093750e+01
8.901776885986328125e+01
7.803394317626953125e+01
8.313122558593750000e+01
8.570893096923828125e+01
8.055766296386718750e+01
