2.552263641357421875e+01
2.300436782836914062e+01
2.066812896728515625e+01
2.817152786254882812e+01
2.534333610534667969e+01
2.055501556396484375e+01
3.021548843383789062e+01
2.780220413208007812e+01
2.155420303344726562e+01
1.148832678794860840e+00
1.360582709312438965e+00
1.241558909416198730e+00
1.158762454986572266e+00
9.623383879661560059e-01
7.783299088478088379e-01
1.566670894622802734e+00
1.283089160919189453e+00
1.174256324768066406e+00
1.612065792083740234e+00
1.622574090957641602e+00
1.251035451889038086e+00
1.322732686996459961e+00
8.613772988319396973e-01
6.930769681930541992e-01
6.885814070701599121e-01
6.829338669776916504e-01
6.263286471366882324e-01
3.677717208862304688e+00
2.934349775314331055e+00
2.647749900817871094e+00
3.621118307113647461e+00
2.330139160156250000e+00
2.464651584625244141e+00
3.227932691574096680e+00
2.080009698867797852e+00
2.381065607070922852e+00
6.026925563812255859e+00
6.110185623168945312e+00
6.093823432922363281e+00
5.628165245056152344e+00
5.736804008483886719e+00
5.737522602081298828e+00
6.561289310455322266e+00
5.977386951446533203e+00
5.780374050140380859e+00
4.387077093124389648e-01
4.700056612491607666e-01
3.440752923488616943e-01
3.644099831581115723e-01
4.563926160335540771e-01
4.048767089843750000e-01
2.074587941169738770e-01
3.889822661876678467e-01
3.080521523952484131e-01
2.255042552947998047e+00
2.116228342056274414e+00
2.480772495269775391e+00
1.708686947822570801e+00
1.984431266784667969e+00
2.370693683624267578e+00
2.455371379852294922e+00
2.337694644927978516e+00
2.296153306961059570e+00
5.501309394836425781e+00
5.553807258605957031e+00
5.075334072113037109e+00
5.342315673828125000e+00
5.211922168731689453e+00
4.442369937896728516e+00
6.254724979400634766e+00
5.507975101470947266e+00
5.115862369537353516e+00
7.446699589490890503e-02
2.486963011324405670e-02
1.362195909023284912e-01
3.109559416770935059e-01
1.049789041280746460e-01
1.111021861433982849e-01
5.788565874099731445e-01
4.546291530132293701e-01
3.255982697010040283e-01
2.016770280897617340e-02
2.903398573398590088e-01
1.531012058258056641e-01
-1.393075659871101379e-02
1.695457100868225098e-01
1.915323734283447266e-01
1.350503414869308472e-01
1.039423644542694092e-01
2.303194552659988403e-01
3.686594247817993164e+00
3.242308378219604492e+00
3.252493143081665039e+00
4.975760936737060547e+00
4.670026779174804688e+00
4.624398231506347656e+00
5.308619499206542969e+00
4.602495670318603516e+00
5.046544551849365234e+00
8.742117881774902344e+00
8.564008712768554688e+00
9.220291137695312500e+00
1.162647914886474609e+01
1.098472213745117188e+01
1.062550830841064453e+01
1.557948589324951172e+01
1.417850971221923828e+01
1.333554935455322266e+01
4.616814851760864258e-01
4.859224855899810791e-01
6.150459051132202148e-01
3.895896077156066895e-01
7.183992266654968262e-01
6.498683094978332520e-01
9.442277550697326660e-01
9.709554314613342285e-01
3.644806146621704102e-01
-1.471533775329589844e-01
1.333123594522476196e-01
6.577859520912170410e-01
8.445080369710922241e-02
4.979549348354339600e-01
1.272164821624755859e+00
9.932644963264465332e-01
1.678640723228454590e+00
2.352490425109863281e+00
1.174028992652893066e+00
7.818306088447570801e-01
8.820495009422302246e-01
1.279417395591735840e+00
1.141955494880676270e+00
1.368728637695312500e+00
1.689097523689270020e+00
1.712466955184936523e+00
1.838712692260742188e+00
4.425309658050537109e+00
4.898808956146240234e+00
6.180306911468505859e+00
6.013355255126953125e+00
7.443599700927734375e+00
7.541752338409423828e+00
7.479141235351562500e+00
8.328354835510253906e+00
6.615570545196533203e+00
-1.291934356689453125e+02
-1.135326843261718750e+02
-9.596446990966796875e+01
-1.285191345214843750e+02
-1.192803878784179688e+02
-1.104511032104492188e+02
-1.350387573242187500e+02
-1.331996154785156250e+02
-1.353527069091796875e+02
-8.016479492187500000e+00
-5.259057044982910156e+00
-4.130963802337646484e+00
-6.532628536224365234e+00
-4.576365470886230469e+00
-6.883081912994384766e+00
-4.895082473754882812e+00
-3.371219396591186523e+00
-5.786560058593750000e+00
-2.942665576934814453e+00
-3.148942470550537109e+00
-3.877434968948364258e+00
-4.142078876495361328e+00
-5.929494380950927734e+00
-7.793189525604248047e+00
-4.676698207855224609e+00
-6.240152835845947266e+00
-7.081848144531250000e+00
-1.345374679565429688e+01
-1.891165733337402344e+01
-1.473547935485839844e+01
-1.193635177612304688e+01
-1.644346809387207031e+01
-1.334055233001708984e+01
-1.058552932739257812e+01
-1.390890693664550781e+01
-1.177522563934326172e+01
-3.777110099792480469e+00
4.109084129333496094e+00
-1.359863162040710449e+00
-8.186725616455078125e+00
3.437056541442871094e+00
-5.718993663787841797e+00
3.916512727737426758e-01
1.163834953308105469e+01
-9.402973055839538574e-01
-1.095932364463806152e+00
-4.050037264823913574e-01
-7.778940200805664062e-01
-2.131817579269409180e+00
-1.314762115478515625e+00
-1.976025700569152832e+00
-3.253937482833862305e+00
-2.547348022460937500e+00
-2.900664567947387695e+00
-7.246464729309082031e+00
-7.383591651916503906e+00
-1.243332767486572266e+01
-5.811625003814697266e+00
-7.139423370361328125e+00
-9.661149024963378906e+00
-5.127474308013916016e+00
-6.090113639831542969e+00
-8.702418327331542969e+00
-2.093457412719726562e+01
-2.034716224670410156e+01
-1.513387393951416016e+01
-2.460442543029785156e+01
-2.602899932861328125e+01
-2.074411964416503906e+01
-2.326320457458496094e+01
-2.613926506042480469e+01
-2.235254669189453125e+01
-2.633097171783447266e+00
-5.054493904113769531e+00
-1.882793784141540527e+00
-3.870410203933715820e+00
-5.795712947845458984e+00
-2.351276874542236328e+00
-2.567050695419311523e+00
-4.636851310729980469e+00
-2.091534137725830078e+00
-6.495766043663024902e-01
2.021367847919464111e-01
1.523781418800354004e-01
-1.188649654388427734e+00
3.168608248233795166e-02
-7.654409110546112061e-02
-6.890745759010314941e-01
-2.020032554864883423e-01
-3.128430247306823730e-01
-2.206900215148925781e+01
-2.214218330383300781e+01
-1.802157402038574219e+01
-2.236162757873535156e+01
-2.235350608825683594e+01
-1.696116447448730469e+01
-2.149760437011718750e+01
-2.158476638793945312e+01
-1.534482383728027344e+01
-7.116455078125000000e+01
-6.095839691162109375e+01
-5.668663787841796875e+01
-6.855863952636718750e+01
-5.619165802001953125e+01
-5.096976089477539062e+01
-6.176106262207031250e+01
-5.398550415039062500e+01
-4.789253616333007812e+01
-6.724593162536621094e+00
-5.744408071041107178e-02
-2.623895704746246338e-01
-7.047753334045410156e+00
-7.668220400810241699e-01
7.525218129158020020e-01
-5.880564689636230469e+00
2.282939195632934570e+00
1.454256176948547363e+00
-6.929201602935791016e+00
-7.908253192901611328e+00
-7.648756980895996094e+00
-9.424242973327636719e+00
-1.002464389801025391e+01
-1.036987876892089844e+01
-7.968837738037109375e+00
-7.836201667785644531e+00
-7.821073532104492188e+00
-8.147030830383300781e+00
-8.531599044799804688e+00
-9.146492004394531250e+00
-9.090677261352539062e+00
-9.307994842529296875e+00
-9.023364067077636719e+00
-9.022844314575195312e+00
-8.656535148620605469e+00
-7.607389926910400391e+00
-2.859072303771972656e+01
-2.927964210510253906e+01
-2.386842727661132812e+01
-2.891579818725585938e+01
-2.843567657470703125e+01
-2.057246398925781250e+01
-2.377566719055175781e+01
-1.930093765258789062e+01
-1.477527523040771484e+01
9.417729187011718750e+01
8.982063293457031250e+01
7.689717102050781250e+01
9.765541076660156250e+01
9.269506072998046875e+01
7.989842987060546875e+01
8.926370239257812500e+01
8.584367370605468750e+01
7.389137268066406250e+01
3.484276771545410156e+00
4.390583515167236328e+00
3.184864044189453125e+00
2.789089679718017578e+00
3.710621595382690430e+00
3.184588193893432617e+00
2.828568935394287109e+00
3.665125846862792969e+00
3.225242614746093750e+00
2.291574478149414062e+00
1.654642343521118164e+00
1.113943934440612793e+00
1.464522778987884521e-01
-5.471206307411193848e-01
-5.890210866928100586e-01
-4.219104647636413574e-01
-9.954658895730972290e-02
-1.209699884057044983e-01
9.931928634643554688e+00
9.318860054016113281e+00
9.654295921325683594e+00
1.069216918945312500e+01
9.761175155639648438e+00
9.085236549377441406e+00
1.174102020263671875e+01
9.864776611328125000e+00
8.342551231384277344e+00
-2.882243096828460693e-01
9.056235551834106445e-01
-4.634411633014678955e-01
2.835502147674560547e+00
4.267610073089599609e+00
2.609632968902587891e+00
5.511445999145507812e+00
7.159904479980468750e+00
4.746456623077392578e+00
4.057657420635223389e-01
3.888484835624694824e-01
1.355476975440979004e-01
-1.328630186617374420e-02
3.293002247810363770e-01
2.035145163536071777e-01
2.343113720417022705e-01
6.237018108367919922e-01
4.685723781585693359e-01
4.186621665954589844e+00
5.952879905700683594e+00
6.229338169097900391e+00
5.006669044494628906e+00
6.748711109161376953e+00
7.398778915405273438e+00
5.241737842559814453e+00
6.486071109771728516e+00
6.515039443969726562e+00
1.515585422515869141e+01
1.256192684173583984e+01
1.068432903289794922e+01
1.634567070007324219e+01
1.390751838684082031e+01
1.249071407318115234e+01
1.683099937438964844e+01
1.520318508148193359e+01
1.410396575927734375e+01
1.134938836097717285e+00
3.477867543697357178e-01
4.645289778709411621e-01
1.061622262001037598e+00
6.667028665542602539e-01
8.330674171447753906e-01
1.068727970123291016e+00
8.135620951652526855e-01
1.288750410079956055e+00
1.167209744453430176e-01
3.200900256633758545e-01
2.597551792860031128e-04
1.080111116170883179e-01
4.154432415962219238e-01
3.337945044040679932e-01
2.686082422733306885e-01
4.215427339076995850e-01
3.896234333515167236e-01
3.250860929489135742e+00
3.127861738204956055e+00
4.063201427459716797e+00
4.662541866302490234e+00
4.344704151153564453e+00
4.883571147918701172e+00
4.094738960266113281e+00
3.290749549865722656e+00
3.817148685455322266e+00
2.332231140136718750e+01
2.376674652099609375e+01
1.976854515075683594e+01
2.868592262268066406e+01
2.887612915039062500e+01
2.461027717590332031e+01
2.952410697937011719e+01
2.944822120666503906e+01
2.596602821350097656e+01
2.259900569915771484e-01
5.560926198959350586e-01
-7.531394064426422119e-02
6.401337981224060059e-01
1.207719802856445312e+00
6.262238621711730957e-01
7.027871608734130859e-01
1.183539032936096191e+00
5.375365614891052246e-01
5.276699066162109375e-01
8.659676909446716309e-01
9.339259862899780273e-01
1.771224260330200195e+00
2.192118406295776367e+00
1.906522154808044434e+00
2.779814243316650391e+00
3.622691869735717773e+00
4.027582645416259766e+00
1.227549076080322266e+00
1.387515425682067871e+00
1.332830071449279785e+00
1.719676971435546875e+00
1.860397100448608398e+00
1.818915009498596191e+00
2.346862792968750000e+00
2.319115877151489258e+00
2.046377182006835938e+00
4.299015522003173828e+00
4.045821189880371094e+00
6.853778362274169922e+00
8.426986694335937500e+00
8.547356605529785156e+00
1.119746208190917969e+01
8.093112945556640625e+00
5.975699424743652344e+00
7.950000286102294922e+00
1.887668418884277344e+01
1.600699806213378906e+01
1.388444709777832031e+01
1.398679828643798828e+01
1.102787399291992188e+01
9.789945602416992188e+00
8.465425491333007812e+00
8.969611167907714844e+00
1.113935279846191406e+01
7.955549955368041992e-01
1.440565824508666992e+00
4.629938602447509766e-01
3.898204565048217773e-01
1.085370540618896484e+00
-3.304456472396850586e-01
3.080103993415832520e-01
9.750632643699645996e-01
7.767083644866943359e-01
1.412620306015014648e+00
1.984722018241882324e+00
1.614355683326721191e+00
5.066338181495666504e-01
5.183176398277282715e-01
6.011615395545959473e-01
-3.714846074581146240e-01
-1.468952894210815430e-01
3.801267147064208984e-01
5.185821056365966797e-01
-1.731585711240768433e-02
6.421930789947509766e-01
1.298152089118957520e+00
1.846695780754089355e+00
1.597958564758300781e+00
1.670571565628051758e+00
1.082292318344116211e+00
1.039858937263488770e+00
2.511164903640747070e+00
1.047608017921447754e+00
1.411731362342834473e+00
3.282405614852905273e+00
1.543061017990112305e+00
1.883913993835449219e+00
4.175727367401123047e+00
2.707508325576782227e+00
3.585993289947509766e+00
9.495314955711364746e-01
2.984452545642852783e-01
1.921208947896957397e-01
-1.366174221038818359e-02
-2.843973226845264435e-03
-2.018223516643047333e-02
-2.269503772258758545e-01
-8.041022717952728271e-02
2.662410736083984375e-01
1.750606894493103027e+00
1.388781070709228516e+00
1.587955832481384277e+00
2.353058815002441406e+00
1.158984541893005371e+00
1.852739095687866211e+00
2.818672418594360352e+00
7.005878686904907227e-01
1.196521520614624023e+00
3.914680719375610352e+00
4.317722797393798828e+00
4.911530494689941406e+00
2.582717895507812500e+00
2.264944314956665039e+00
3.573438882827758789e+00
3.553603172302246094e+00
3.969067096710205078e+00
5.608657360076904297e+00
2.321981787681579590e-01
5.738899111747741699e-01
6.325455904006958008e-01
6.252428293228149414e-01
3.890925645828247070e-01
4.247960150241851807e-01
5.961540937423706055e-01
8.962613344192504883e-01
1.251025199890136719e+00
5.093516707420349121e-01
2.526614665985107422e-01
1.196230500936508179e-01
7.498358935117721558e-02
1.098929792642593384e-01
-2.233144268393516541e-02
1.468174904584884644e-01
2.944846153259277344e-01
-1.351669430732727051e-01
8.851337432861328125e+00
1.154904651641845703e+01
1.224461174011230469e+01
9.069244384765625000e+00
1.179483890533447266e+01
1.271424674987792969e+01
8.401268005371093750e+00
1.163865089416503906e+01
1.245354270935058594e+01
1.525703620910644531e+01
1.924460220336914062e+01
1.822734832763671875e+01
1.829222106933593750e+01
2.327187728881835938e+01
2.046364212036132812e+01
2.097212409973144531e+01
2.528727912902832031e+01
2.191418838500976562e+01
1.761609792709350586e+00
2.001205921173095703e+00
1.511845588684082031e+00
2.257525682449340820e+00
1.903140544891357422e+00
1.204168438911437988e+00
2.329183340072631836e+00
1.718351602554321289e+00
9.082753062248229980e-01
5.549256205558776855e-01
-6.137260794639587402e-01
-8.565939962863922119e-02
3.964629471302032471e-01
-3.427290618419647217e-01
5.885285139083862305e-01
1.767012596130371094e+00
1.651738166809082031e+00
1.942542076110839844e+00
1.933213353157043457e+00
2.268782854080200195e+00
2.575031995773315430e+00
1.904265761375427246e+00
2.788093328475952148e+00
3.308194637298583984e+00
2.197860717773437500e+00
3.243330955505371094e+00
3.737757682800292969e+00
1.192815780639648438e+01
1.775781440734863281e+01
1.884408569335937500e+01
1.388754844665527344e+01
1.893230438232421875e+01
1.880118751525878906e+01
1.329580020904541016e+01
1.484698581695556641e+01
1.488203144073486328e+01
2.167252502441406250e+02
2.286057128906250000e+02
2.231347045898437500e+02
2.396881256103515625e+02
2.652767944335937500e+02
2.600464477539062500e+02
2.502489776611328125e+02
2.839751892089843750e+02
2.842272949218750000e+02
4.874708175659179688e+00
9.556369781494140625e+00
1.056058692932128906e+01
5.975492954254150391e+00
1.060173130035400391e+01
1.185742092132568359e+01
6.003411293029785156e+00
8.151803016662597656e+00
1.077377796173095703e+01
1.360018825531005859e+01
1.417192077636718750e+01
1.381871891021728516e+01
1.595783233642578125e+01
1.788236236572265625e+01
1.574423789978027344e+01
1.358430957794189453e+01
1.404021930694580078e+01
1.182924175262451172e+01
3.517988586425781250e+01
2.960954856872558594e+01
2.661109733581542969e+01
3.618465805053710938e+01
3.527798461914062500e+01
2.840508651733398438e+01
3.608448410034179688e+01
3.857347488403320312e+01
3.394659423828125000e+01
1.057546520233154297e+01
1.431260585784912109e+01
1.058188056945800781e+01
1.046447086334228516e+01
1.550304603576660156e+01
9.351946830749511719e+00
1.104423046112060547e+01
1.610530471801757812e+01
9.925431251525878906e+00
1.735964536666870117e+00
3.057003974914550781e+00
2.816565275192260742e+00
2.765998125076293945e+00
3.742453098297119141e+00
4.063375473022460938e+00
2.240601539611816406e+00
3.057368993759155273e+00
3.679293632507324219e+00
1.199714756011962891e+01
1.396632099151611328e+01
1.460785865783691406e+01
1.094119167327880859e+01
1.268002033233642578e+01
1.577912044525146484e+01
1.116715049743652344e+01
1.294620323181152344e+01
1.603102111816406250e+01
3.740943908691406250e+01
3.502812576293945312e+01
3.937420654296875000e+01
4.266669082641601562e+01
4.144455718994140625e+01
4.494824600219726562e+01
4.713446426391601562e+01
4.623431015014648438e+01
4.878225326538085938e+01
5.792915344238281250e+00
3.678461074829101562e+00
6.371044158935546875e+00
7.971976280212402344e+00
6.152904510498046875e+00
7.161038875579833984e+00
1.034426498413085938e+01
9.150868415832519531e+00
9.018489837646484375e+00
2.006841599941253662e-01
9.711436629295349121e-01
6.686588525772094727e-01
-1.222251802682876587e-01
7.448892593383789062e-01
5.227866768836975098e-01
1.476961821317672729e-01
4.109772741794586182e-01
3.236591815948486328e-01
2.860911750793457031e+01
3.020196342468261719e+01
2.892876434326171875e+01
3.592927169799804688e+01
3.689963912963867188e+01
3.534471893310546875e+01
3.963999557495117188e+01
4.006985473632812500e+01
3.917598724365234375e+01
8.701639556884765625e+01
9.180863189697265625e+01
9.180594635009765625e+01
1.041061553955078125e+02
1.100024108886718750e+02
1.057391738891601562e+02
1.177041473388671875e+02
1.277897415161132812e+02
1.223272628784179688e+02
3.211626529693603516e+00
6.204084873199462891e+00
4.301827907562255859e+00
3.048935890197753906e+00
7.283160686492919922e+00
4.944610595703125000e+00
2.930534124374389648e+00
7.814301490783691406e+00
6.053132057189941406e+00
9.625581741333007812e+00
9.878497123718261719e+00
1.062125587463378906e+01
1.395236110687255859e+01
1.432887840270996094e+01
1.505760669708251953e+01
1.941485214233398438e+01
2.058696174621582031e+01
2.052005577087402344e+01
1.344278049468994141e+01
1.357848262786865234e+01
1.279039382934570312e+01
1.514518451690673828e+01
1.561495590209960938e+01
1.475555038452148438e+01
1.747259712219238281e+01
1.810503387451171875e+01
1.697187995910644531e+01
2.761623573303222656e+01
3.207281494140625000e+01
3.881661605834960938e+01
2.882859992980957031e+01
2.875004196166992188e+01
4.271920394897460938e+01
3.649774551391601562e+01
3.168897819519042969e+01
4.811644744873046875e+01
3.242473363876342773e+00
2.726912975311279297e+00
2.483082056045532227e+00
2.991119146347045898e+00
2.701756715774536133e+00
2.086453914642333984e+00
2.934667825698852539e+00
3.120391845703125000e+00
2.457339525222778320e+00
2.820327281951904297e-01
2.095267549157142639e-02
1.919389702379703522e-02
3.745123744010925293e-01
1.272297203540802002e-01
1.103114429861307144e-02
3.154388368129730225e-01
2.537968754768371582e-01
8.079780638217926025e-02
7.254472374916076660e-01
4.491017460823059082e-01
4.462578594684600830e-01
4.212112724781036377e-01
2.112175971269607544e-01
1.504883021116256714e-01
3.406652808189392090e-01
5.768293514847755432e-02
1.360351443290710449e-01
7.514888048171997070e-01
9.085056781768798828e-01
1.013202548027038574e+00
5.569299459457397461e-01
8.006873726844787598e-01
9.937912821769714355e-01
4.698052704334259033e-01
3.909033834934234619e-01
9.336638450622558594e-01
8.941389620304107666e-03
-8.311376720666885376e-02
-2.622021548449993134e-02
7.907512038946151733e-02
6.798557937145233154e-02
6.060405075550079346e-02
3.696374967694282532e-02
7.370489090681076050e-02
1.512805372476577759e-01
7.870656438171863556e-03
4.120290279388427734e-02
7.125291042029857635e-03
7.428513467311859131e-02
9.184469282627105713e-02
4.868591949343681335e-02
7.390002161264419556e-02
6.945856660604476929e-02
6.444930285215377808e-02
2.984094023704528809e-01
2.888603508472442627e-01
2.185809314250946045e-01
2.265384346246719360e-01
1.999110132455825806e-01
4.778650999069213867e-01
1.323861330747604370e-01
1.538462042808532715e-01
2.891338169574737549e-01
2.252022624015808105e-01
3.418403863906860352e-01
2.864675819873809814e-01
3.324981629848480225e-01
5.249584317207336426e-01
3.977199792861938477e-01
5.080907344818115234e-01
6.899346709251403809e-01
5.677446126937866211e-01
1.613441109657287598e-01
1.627408415079116821e-01
1.670743077993392944e-01
3.702916204929351807e-01
2.988797128200531006e-01
2.666394114494323730e-01
5.331507325172424316e-01
4.508947730064392090e-01
3.791099190711975098e-01
-3.801889251917600632e-03
-2.215532818809151649e-03
4.166921135038137436e-03
-5.917870905250310898e-03
4.115423653274774551e-03
1.391935627907514572e-02
3.009565547108650208e-02
5.877315532416105270e-03
5.449566058814525604e-03
1.046073317527770996e+00
9.610992074012756348e-01
1.037589430809020996e+00
1.379027366638183594e+00
1.369151234626770020e+00
1.282216429710388184e+00
1.340795516967773438e+00
1.211251139640808105e+00
1.230475902557373047e+00
2.258168697357177734e+00
1.768740057945251465e+00
1.871203899383544922e+00
2.399651050567626953e+00
2.017231941223144531e+00
2.305746555328369141e+00
2.595075607299804688e+00
2.239103078842163086e+00
2.484545946121215820e+00
1.679663658142089844e-01
2.160193398594856262e-02
5.890797451138496399e-02
1.024415120482444763e-01
-6.843554228544235229e-02
-2.548505552113056183e-02
1.467726379632949829e-01
-1.934448443353176117e-02
1.585973240435123444e-02
4.647583961486816406e-01
8.298691511154174805e-01
9.125502705574035645e-01
1.265503883361816406e+00
1.197306513786315918e+00
1.265148997306823730e+00
1.153101563453674316e+00
8.322674632072448730e-01
8.383852243423461914e-01
7.429371476173400879e-01
6.981317400932312012e-01
6.293812394142150879e-01
7.565863132476806641e-01
6.286633610725402832e-01
5.655159354209899902e-01
6.554188728332519531e-01
5.202149748802185059e-01
4.832960963249206543e-01
5.390184521675109863e-01
4.134103655815124512e-01
2.556649148464202881e-01
3.998862206935882568e-01
3.551843166351318359e-01
3.118840456008911133e-01
8.444820642471313477e-01
8.963772654533386230e-01
9.965819120407104492e-01
1.712351799011230469e+01
1.222274208068847656e+01
4.093023300170898438e+00
9.064484596252441406e+00
6.104403972625732422e+00
2.762796163558959961e+00
4.998699188232421875e+00
4.654459476470947266e+00
3.814756155014038086e+00
1.415166497230529785e+00
1.507522702217102051e+00
2.709460258483886719e-01
8.736634254455566406e-01
1.086758136749267578e+00
1.498621329665184021e-02
6.628589034080505371e-01
4.329997003078460693e-01
5.244318395853042603e-02
1.627651005983352661e-01
2.504423856735229492e-01
-5.952430963516235352e-01
-5.649220347404479980e-01
-7.542829513549804688e-01
-1.125189781188964844e+00
-2.290945529937744141e+00
-2.301897287368774414e+00
-2.492084503173828125e+00
-3.277387619018554688e-01
-1.249357342720031738e+00
-1.182164072990417480e+00
9.070776700973510742e-01
2.420382201671600342e-01
1.308784335851669312e-01
1.271211981773376465e+00
4.463011026382446289e-01
2.778159640729427338e-02
2.252019941806793213e-01
-1.733633577823638916e-01
-8.971912860870361328e-01
2.852407693862915039e-01
4.314517080783843994e-01
4.402043670415878296e-02
1.191550731658935547e+00
9.936610460281372070e-01
5.795441269874572754e-01
2.714505791664123535e-02
8.047592639923095703e-02
-8.849771320819854736e-02
-1.361743956804275513e-01
1.686771363019943237e-01
2.793074585497379303e-02
-4.915383458137512207e-01
-2.572006881237030029e-01
-1.167846173048019409e-01
3.860939025878906250e+00
2.967827320098876953e+00
1.883356690406799316e+00
3.005730152130126953e+00
2.954459428787231445e+00
1.030451536178588867e+00
3.968706130981445312e+00
1.603645920753479004e+00
-1.699047833681106567e-01
3.815489530563354492e+00
1.562996745109558105e+00
2.347501754760742188e+00
1.633502960205078125e+00
-6.346216797828674316e-01
8.651304244995117188e-01
2.541853904724121094e+00
1.018022894859313965e-01
1.878325462341308594e+00
-1.350457668304443359e+00
-1.039454102516174316e+00
-7.308015823364257812e-01
-1.908701062202453613e+00
-1.759479880332946777e+00
-1.440062046051025391e+00
-6.090722084045410156e-01
-3.767261803150177002e-01
-3.983284533023834229e-01
2.010865882039070129e-02
-1.668642908334732056e-01
1.049656048417091370e-01
-1.265283226966857910e-01
-1.351265609264373779e-02
1.450036279857158661e-02
1.309641003608703613e-01
2.104897648096084595e-01
-3.535518348217010498e-01
6.807825565338134766e+00
7.131927490234375000e+00
6.890874385833740234e+00
6.858038425445556641e+00
6.822590351104736328e+00
6.813467025756835938e+00
5.550598144531250000e+00
7.225007534027099609e+00
6.627044677734375000e+00
7.856780052185058594e+00
1.054421615600585938e+01
9.474456787109375000e+00
1.071105194091796875e+01
1.299297142028808594e+01
1.082088661193847656e+01
1.552464580535888672e+01
1.614641380310058594e+01
1.210546398162841797e+01
2.842531204223632812e-01
-4.405330866575241089e-02
7.054333686828613281e-01
1.326765775680541992e+00
6.211161017417907715e-01
9.518568515777587891e-01
6.226086020469665527e-01
2.128398269414901733e-01
1.692427694797515869e-01
-7.940748929977416992e-01
-1.582892179489135742e+00
-2.602542877197265625e+00
-1.579679727554321289e+00
-1.957854866981506348e+00
-1.450501680374145508e+00
1.195835590362548828e+00
4.272046387195587158e-01
7.632821202278137207e-01
2.659626603126525879e-01
3.710117340087890625e-01
1.231107413768768311e-01
7.888913750648498535e-01
1.380229592323303223e+00
1.115785241127014160e+00
1.103119492530822754e+00
1.629555225372314453e+00
1.343174457550048828e+00
1.408614540100097656e+01
1.394531917572021484e+01
1.778742027282714844e+01
1.808544731140136719e+01
1.778163528442382812e+01
1.661527633666992188e+01
1.541277217864990234e+01
9.201425552368164062e+00
1.020560932159423828e+01
9.390852928161621094e+00
6.667065620422363281e+00
5.766561985015869141e+00
1.441148090362548828e+01
1.226290702819824219e+01
1.129444885253906250e+01
1.554751491546630859e+01
1.437074089050292969e+01
1.295009899139404297e+01
2.276167422533035278e-01
1.103004142642021179e-01
2.640040814876556396e-01
2.670527398586273193e-01
6.137072443962097168e-01
6.018081307411193848e-01
3.191306889057159424e-01
6.056832075119018555e-01
3.406110703945159912e-01
1.281152606010437012e+00
8.252305388450622559e-01
9.524888396263122559e-01
1.350347757339477539e+00
1.114357709884643555e+00
8.957753181457519531e-01
3.048515021800994873e-01
3.058762550354003906e-01
1.256951242685317993e-01
1.137975215911865234e+00
4.914783537387847900e-01
5.442317128181457520e-01
1.084672331809997559e+00
1.195441186428070068e-02
8.190116882324218750e-01
1.033906936645507812e+00
4.704376757144927979e-01
8.589864969253540039e-01
-1.328292846679687500e+00
-8.600649237632751465e-01
-8.986715674400329590e-01
-7.964273095130920410e-01
7.447595149278640747e-02
4.834775626659393311e-02
-3.545378148555755615e-02
8.261173963546752930e-01
7.216703295707702637e-01
7.897789031267166138e-02
-2.138409763574600220e-04
-8.677522651851177216e-03
-1.179588884115219116e-01
-3.606650978326797485e-02
-4.587755724787712097e-02
-2.422198504209518433e-01
-4.728462547063827515e-02
-3.580735065042972565e-03
7.798720002174377441e-01
8.855588436126708984e-01
4.651305973529815674e-01
5.058186650276184082e-01
8.514810800552368164e-01
4.028832316398620605e-01
1.358298659324645996e+00
1.235560655593872070e+00
8.718525767326354980e-01
7.937685847282409668e-01
1.292412728071212769e-01
5.474945306777954102e-01
2.051162958145141602e+00
1.414106369018554688e+00
1.642660021781921387e+00
1.866268277168273926e+00
1.366627931594848633e+00
1.679561376571655273e+00
2.728288993239402771e-03
-3.068875074386596680e-01
-9.552095830440521240e-02
1.667858362197875977e-01
-3.397258520126342773e-01
-5.947320535778999329e-02
1.888889968395233154e-01
-1.845840066671371460e-01
-8.883802592754364014e-02
-9.493357501924037933e-03
6.852068006992340088e-02
3.305064886808395386e-02
1.543443463742733002e-02
-1.927481382153928280e-03
1.830149069428443909e-02
7.822303473949432373e-02
4.546001926064491272e-02
-6.410470232367515564e-03
2.681957185268402100e-01
5.897587537765502930e-01
7.218438386917114258e-01
1.048302888870239258e+00
1.290600419044494629e+00
1.218222022056579590e+00
1.119001984596252441e+00
1.232053995132446289e+00
1.344392299652099609e+00
1.813862204551696777e+00
1.328266143798828125e+00
1.148217678070068359e+00
4.341857433319091797e+00
3.650550842285156250e+00
3.673113346099853516e+00
5.978846549987792969e+00
4.843164920806884766e+00
4.651792526245117188e+00
-3.769225180149078369e-01
-5.759325250983238220e-02
9.918070584535598755e-02
-2.072621881961822510e-01
1.814748197793960571e-01
1.227262392640113831e-01
-7.718893885612487793e-02
2.320957630872726440e-01
2.950423955917358398e-02
-1.511233747005462646e-01
-1.604921817779541016e-01
1.027135178446769714e-02
-2.546020448207855225e-01
-6.128450110554695129e-02
-1.965334713459014893e-01
5.256025791168212891e-01
1.566759347915649414e-01
2.339421510696411133e-01
1.478291451930999756e-01
6.884383503347635269e-03
-4.749167338013648987e-02
3.947052955627441406e-01
4.012332260608673096e-01
2.962498664855957031e-01
6.709718108177185059e-01
6.759490966796875000e-01
5.526491999626159668e-01
-4.740507900714874268e-01
2.797109782695770264e-01
7.868757247924804688e-01
1.134923577308654785e+00
1.764210581779479980e+00
1.747283220291137695e+00
1.749545335769653320e+00
1.776575922966003418e+00
1.682278275489807129e+00
1.987480354309082031e+01
2.007918930053710938e+01
2.512456321716308594e+01
2.090084457397460938e+01
2.305986213684082031e+01
2.892830467224121094e+01
2.368731117248535156e+01
2.810209274291992188e+01
3.360844421386718750e+01
1.153252005577087402e+00
1.176575422286987305e+00
1.063227772712707520e+00
1.134390234947204590e+00
1.373780012130737305e+00
1.565553545951843262e+00
6.845759749412536621e-01
9.949029088020324707e-01
1.032815337181091309e+00
2.323564291000366211e+00
2.707442522048950195e+00
2.977003812789916992e+00
2.427393198013305664e+00
2.822606086730957031e+00
3.082120418548583984e+00
2.512143373489379883e+00
3.012551546096801758e+00
3.087310552597045898e+00
3.181829452514648438e+00
3.521106958389282227e+00
3.448086023330688477e+00
3.056947946548461914e+00
3.273840904235839844e+00
3.740533590316772461e+00
2.384641170501708984e+00
2.622464895248413086e+00
3.404797077178955078e+00
9.439429044723510742e-01
1.017433881759643555e+00
1.429636836051940918e+00
1.303982973098754883e+00
1.432580232620239258e+00
1.951745867729187012e+00
1.191022872924804688e+00
1.667678713798522949e+00
2.166308641433715820e+00
8.659785240888595581e-02
1.219108402729034424e-01
2.335059791803359985e-01
2.198692262172698975e-01
2.794119715690612793e-01
5.239217877388000488e-01
6.290404200553894043e-01
7.527227401733398438e-01
9.273464679718017578e-01
2.441798448562622070e+00
2.083653926849365234e+00
1.772234559059143066e+00
2.074223279953002930e+00
1.878432035446166992e+00
1.440391778945922852e+00
1.878814935684204102e+00
1.323492765426635742e+00
1.415339589118957520e+00
3.697006225585937500e+00
4.227272033691406250e+00
5.155875205993652344e+00
5.011346817016601562e+00
5.825262546539306641e+00
6.690013408660888672e+00
6.622343540191650391e+00
7.378389835357666016e+00
8.112479209899902344e+00
1.511593580245971680e+00
1.392516374588012695e+00
1.400675892829895020e+00
1.820502042770385742e+00
1.809061527252197266e+00
1.816057443618774414e+00
2.346906185150146484e+00
2.550166130065917969e+00
2.498548984527587891e+00
6.554034352302551270e-02
1.405689269304275513e-01
5.930970609188079834e-02
1.008854955434799194e-01
7.015818357467651367e-02
1.059049665927886963e-01
2.619923353195190430e-01
1.434730738401412964e-01
1.961383521556854248e-01
1.179636955261230469e+01
1.328645229339599609e+01
1.289564418792724609e+01
1.283908939361572266e+01
1.441079902648925781e+01
1.364789581298828125e+01
1.288267421722412109e+01
1.407687282562255859e+01
1.309064102172851562e+01
2.332808876037597656e+01
2.351295280456542969e+01
2.246908378601074219e+01
2.593864440917968750e+01
2.571047019958496094e+01
2.431849861145019531e+01
2.587293624877929688e+01
2.595527267456054688e+01
2.561382293701171875e+01
1.106203436851501465e+00
9.092035889625549316e-01
5.064007639884948730e-01
1.204973816871643066e+00
7.412516474723815918e-01
6.790904402732849121e-01
8.743796944618225098e-01
7.619087100028991699e-01
7.656013369560241699e-01
3.756609678268432617e+00
4.048729896545410156e+00
4.438018798828125000e+00
4.046989917755126953e+00
4.593310832977294922e+00
4.695787906646728516e+00
4.587170600891113281e+00
5.185318470001220703e+00
5.039531707763671875e+00
4.149648189544677734e+00
4.524866580963134766e+00
4.717748641967773438e+00
4.337886810302734375e+00
4.635290145874023438e+00
4.643132209777832031e+00
4.425053119659423828e+00
4.657689094543457031e+00
4.433729171752929688e+00
1.277134990692138672e+01
1.350987052917480469e+01
1.205920886993408203e+01
1.339689636230468750e+01
1.361218452453613281e+01
1.182663822174072266e+01
1.308476638793945312e+01
1.324640941619873047e+01
1.310753345489501953e+01
-3.834249877929687500e+01
-3.625385665893554688e+01
-3.409913635253906250e+01
-3.304869461059570312e+01
-3.176373481750488281e+01
-3.276180267333984375e+01
-2.917109298706054688e+01
-3.088378143310546875e+01
-3.405665588378906250e+01
-1.518751144409179688e+00
-1.467516660690307617e+00
-1.310165405273437500e+00
-1.341093778610229492e+00
-9.983897805213928223e-01
-1.097452998161315918e+00
-1.551939725875854492e+00
-1.411361575126647949e+00
-2.203999996185302734e+00
-9.004356861114501953e-01
-1.034448504447937012e+00
-9.690333008766174316e-01
1.990052014589309692e-01
-7.805328965187072754e-01
-1.032088875770568848e+00
-4.389350414276123047e-01
-1.268296480178833008e+00
-1.738095998764038086e+00
-5.000147819519042969e+00
-5.847066879272460938e+00
-5.320582866668701172e+00
-5.429785251617431641e+00
-5.560163974761962891e+00
-4.704727172851562500e+00
-4.956722736358642578e+00
-5.014053821563720703e+00
-4.507061004638671875e+00
-2.203914165496826172e+00
-2.368333578109741211e+00
-2.202875137329101562e+00
-2.644011497497558594e+00
-2.556182384490966797e+00
-2.553747892379760742e+00
-2.023242950439453125e+00
-1.798001646995544434e+00
-1.780017733573913574e+00
-8.184069395065307617e-02
-4.942134395241737366e-02
1.490404177457094193e-02
-2.979816198348999023e-01
-3.827531933784484863e-01
-4.796521067619323730e-01
-5.202274918556213379e-01
-7.838523387908935547e-01
-8.542652130126953125e-01
-3.838202476501464844e+00
-3.597326993942260742e+00
-2.917502403259277344e+00
-3.453891515731811523e+00
-3.039028167724609375e+00
-2.604366540908813477e+00
-3.090069055557250977e+00
-2.543225049972534180e+00
-2.720461368560791016e+00
-5.246382713317871094e+00
-5.538073539733886719e+00
-4.889803409576416016e+00
-5.450217247009277344e+00
-5.897678852081298828e+00
-5.575598716735839844e+00
-6.498948097229003906e+00
-7.047901630401611328e+00
-6.655802249908447266e+00
-4.351702332496643066e-01
-7.645557522773742676e-01
-3.146611154079437256e-01
-8.757818341255187988e-01
-1.290394067764282227e+00
-6.597989797592163086e-01
-1.462098121643066406e+00
-2.003991603851318359e+00
-1.630442142486572266e+00
-7.692123204469680786e-02
-1.081113144755363464e-01
-1.626561582088470459e-01
-2.261774092912673950e-01
-3.080286681652069092e-01
-2.728665769100189209e-01
-1.944096535444259644e-01
-2.521007359027862549e-01
-1.325745731592178345e-01
-4.809603214263916016e+00
-5.303890228271484375e+00
-5.921773910522460938e+00
-4.794947624206542969e+00
-5.072760105133056641e+00
-5.740367412567138672e+00
-4.975923061370849609e+00
-5.548528194427490234e+00
-6.249417304992675781e+00
-1.703422927856445312e+01
-1.730295372009277344e+01
-1.571082496643066406e+01
-1.882992172241210938e+01
-1.878581619262695312e+01
-1.645499610900878906e+01
-1.623310089111328125e+01
-1.664645767211914062e+01
-1.499995994567871094e+01
-1.933467268943786621e+00
-1.579648137092590332e+00
-9.483684897422790527e-01
-1.437926411628723145e+00
-1.220811247825622559e+00
-7.060798406600952148e-01
-9.922159910202026367e-01
-3.288349509239196777e-01
-5.744974017143249512e-01
-1.316029667854309082e+00
-1.223478436470031738e+00
-1.569233298301696777e+00
-2.218934774398803711e+00
-2.233266353607177734e+00
-1.976673960685729980e+00
-3.113007307052612305e+00
-3.795450210571289062e+00
-3.151798486709594727e+00
-1.751585960388183594e+00
-2.217564582824707031e+00
-2.619762897491455078e+00
-2.171226501464843750e+00
-2.689669609069824219e+00
-3.037375688552856445e+00
-2.101989507675170898e+00
-2.454503297805786133e+00
-2.659609794616699219e+00
-8.647276878356933594e+00
-9.151663780212402344e+00
-8.079290390014648438e+00
-8.791831016540527344e+00
-6.867234706878662109e+00
-5.706254959106445312e+00
-7.484883785247802734e+00
-4.528117656707763672e+00
-5.124339103698730469e+00
6.911257171630859375e+01
9.368851470947265625e+01
8.883078002929687500e+01
8.173174285888671875e+01
9.220252227783203125e+01
8.017429351806640625e+01
8.065254974365234375e+01
7.482460784912109375e+01
5.687234115600585938e+01
6.337977647781372070e-01
3.567511081695556641e+00
1.853104591369628906e+00
4.998624920845031738e-01
2.592100858688354492e+00
3.336708068847656250e+00
2.677307605743408203e+00
3.330370664596557617e+00
3.623687028884887695e+00
1.336982727050781250e+00
6.980398297309875488e-01
-1.804677486419677734e+00
5.983136892318725586e-01
-3.298319339752197266e+00
-5.082531452178955078e+00
1.315303564071655273e+00
-2.880483627319335938e+00
-2.505218982696533203e+00
-1.613811373710632324e+00
4.506883144378662109e+00
7.439442157745361328e+00
2.548572540283203125e+00
8.126914024353027344e+00
6.974904060363769531e+00
6.196645736694335938e+00
5.931970119476318359e+00
5.354015827178955078e+00
4.709932804107666016e-01
1.309824705123901367e+00
2.698847949504852295e-01
3.742563247680664062e+00
2.873212337493896484e+00
2.515918254852294922e+00
3.574746847152709961e+00
2.381684303283691406e+00
1.847680360078811646e-01
9.872250556945800781e-01
1.518294334411621094e+00
6.895180344581604004e-01
8.021386265754699707e-01
-5.512139946222305298e-02
-1.093773603439331055e+00
1.434672772884368896e-01
-2.697464227676391602e-01
-9.639455080032348633e-01
-5.307347774505615234e+00
-1.705919981002807617e+00
3.783486366271972656e+00
-3.768070459365844727e+00
-7.989124208688735962e-02
6.108940601348876953e+00
-1.190573692321777344e+00
2.549201011657714844e+00
6.190743446350097656e+00
1.290369701385498047e+01
1.726229476928710938e+01
1.205629253387451172e+01
1.465132522583007812e+01
1.770348358154296875e+01
1.151194667816162109e+01
1.224208354949951172e+01
1.368200874328613281e+01
6.986363887786865234e+00
1.469798445701599121e+00
2.434037208557128906e+00
8.378826975822448730e-01
5.903031826019287109e-01
1.719427227973937988e+00
1.125321835279464722e-01
-1.387064576148986816e+00
-8.147702217102050781e-01
-4.261243045330047607e-01
-1.393745839595794678e-01
-3.721734881401062012e-01
-5.471798032522201538e-02
2.872975543141365051e-02
-5.299121737480163574e-01
2.792472541332244873e-01
2.075561732053756714e-01
7.021095603704452515e-02
3.705368041992187500e-01
-7.518958091735839844e+00
-1.241720771789550781e+01
-1.097028064727783203e+01
-1.024631500244140625e+01
-1.680679512023925781e+01
-1.382400417327880859e+01
-1.135254001617431641e+01
-1.670897483825683594e+01
-1.388005924224853516e+01
6.222425937652587891e+00
6.192103862762451172e+00
7.381340980529785156e+00
1.629620075225830078e+00
7.221515178680419922e+00
7.355427265167236328e+00
-2.915770411491394043e-01
2.995188236236572266e+00
3.432453632354736328e+00
-2.684302628040313721e-01
-5.983529686927795410e-01
8.094025254249572754e-01
-1.043075203895568848e+00
4.109624922275543213e-01
1.405280232429504395e+00
-1.254063129425048828e+00
8.329675197601318359e-01
2.405932188034057617e+00
1.402356922626495361e-01
-6.583508253097534180e-01
-2.382256031036376953e+00
-3.097980260848999023e+00
-3.783826351165771484e+00
-5.373919486999511719e+00
-6.130537986755371094e+00
-7.236325740814208984e+00
-5.540668010711669922e+00
-1.323036074638366699e+00
-2.801022052764892578e+00
-3.367315292358398438e+00
-2.964008331298828125e+00
-4.909657478332519531e+00
-4.732872962951660156e+00
-4.071920394897460938e+00
-5.739101409912109375e+00
-4.627545833587646484e+00
-2.132305335998535156e+01
-1.623218917846679688e+01
-7.659157752990722656e+00
-2.045631980895996094e+01
-1.194455814361572266e+01
-1.461566239595413208e-01
-1.682701873779296875e+01
-6.010010719299316406e+00
-9.451125264167785645e-01
5.392129516601562500e+01
5.444668960571289062e+01
5.203919219970703125e+01
5.592852401733398438e+01
5.688925552368164062e+01
5.596692276000976562e+01
5.319753646850585938e+01
5.459469223022460938e+01
5.562636184692382812e+01
9.734893441200256348e-01
1.483887791633605957e+00
1.675358057022094727e+00
9.797821044921875000e-01
1.374048829078674316e+00
1.633419036865234375e+00
1.056394934654235840e+00
1.230694532394409180e+00
1.204701066017150879e+00
1.301556468009948730e+00
1.583784937858581543e+00
9.430838227272033691e-01
9.355657696723937988e-01
1.776936650276184082e+00
1.277158617973327637e+00
5.802085399627685547e-01
1.003060698509216309e+00
1.060672640800476074e+00
8.603438377380371094e+00
6.030796051025390625e+00
6.285042285919189453e+00
9.160013198852539062e+00
5.544022560119628906e+00
5.761246204376220703e+00
8.488665580749511719e+00
6.196808815002441406e+00
6.282742977142333984e+00
1.928378939628601074e+00
2.994241476058959961e+00
2.528112411499023438e+00
1.640526056289672852e+00
3.125679016113281250e+00
2.639219522476196289e+00
2.393823146820068359e+00
3.831266880035400391e+00
3.434077739715576172e+00
8.995512872934341431e-02
3.283863663673400879e-01
3.068948686122894287e-01
1.393110454082489014e-01
4.594647884368896484e-01
6.247314214706420898e-01
1.728694587945938110e-01
2.975845038890838623e-01
5.443179607391357422e-01
3.192827939987182617e+00
3.118754625320434570e+00
2.942722558975219727e+00
3.228554964065551758e+00
3.119863748550415039e+00
2.252995967864990234e+00
3.256544113159179688e+00
3.005415439605712891e+00
2.581521272659301758e+00
8.946772575378417969e+00
7.901702880859375000e+00
9.516658782958984375e+00
9.492643356323242188e+00
8.320230484008789062e+00
1.033827209472656250e+01
1.020382022857666016e+01
8.989070892333984375e+00
1.109539031982421875e+01
1.082687258720397949e+00
3.424540162086486816e-01
9.885061383247375488e-01
1.162110686302185059e+00
5.059641599655151367e-01
1.297225117683410645e+00
1.215091347694396973e+00
8.430557250976562500e-01
1.226045370101928711e+00
-1.292746141552925110e-02
4.599768817424774170e-01
1.032425910234451294e-01
6.840861588716506958e-02
3.001978993415832520e-01
2.417439594864845276e-02
1.530082225799560547e-01
1.259565949440002441e-01
8.811217546463012695e-02
2.180346488952636719e+00
4.567796707153320312e+00
5.163976192474365234e+00
2.380817413330078125e+00
5.127562999725341797e+00
5.573198318481445312e+00
2.807908773422241211e+00
5.080427646636962891e+00
5.784252643585205078e+00
1.578378868103027344e+01
2.143524360656738281e+01
1.880439186096191406e+01
1.905331611633300781e+01
2.410891151428222656e+01
2.183727455139160156e+01
1.961122322082519531e+01
2.409955787658691406e+01
2.227224349975585938e+01
1.164215505123138428e-01
1.857486963272094727e+00
1.204877734184265137e+00
3.550204038619995117e-01
1.803445696830749512e+00
1.122735381126403809e+00
1.263220906257629395e-01
1.541449904441833496e+00
5.500293374061584473e-01
1.141760587692260742e+00
9.820807576179504395e-01
7.510788440704345703e-01
1.042009592056274414e+00
1.592518925666809082e+00
2.132368564605712891e+00
1.678311824798583984e+00
2.126032829284667969e+00
2.290446996688842773e+00
1.001799583435058594e+00
1.631495356559753418e+00
1.753616809844970703e+00
1.320195436477661133e+00
2.112199783325195312e+00
2.069110870361328125e+00
1.790548920631408691e+00
2.579203128814697266e+00
2.401026248931884766e+00
4.034157276153564453e+00
5.588648319244384766e+00
8.276214599609375000e+00
3.654514789581298828e+00
4.156758308410644531e+00
6.340452671051025391e+00
4.405292987823486328e+00
4.211798191070556641e+00
7.040234565734863281e+00
3.114905929565429688e+01
3.848025512695312500e+01
4.065033721923828125e+01
2.913261985778808594e+01
3.903240203857421875e+01
4.139387893676757812e+01
2.693863868713378906e+01
3.736819076538085938e+01
4.027512359619140625e+01
7.428855895996093750e-01
1.364816427230834961e+00
1.364071607589721680e+00
3.347779214382171631e-01
8.668949604034423828e-01
9.019446969032287598e-01
4.010865092277526855e-01
4.965080022811889648e-01
5.400033593177795410e-01
3.557095527648925781e-01
3.055252134799957275e-01
6.452221274375915527e-01
-2.748696804046630859e-01
-2.320422530174255371e-01
9.725023806095123291e-02
1.294524312019348145e+00
7.661573886871337891e-01
8.111115097999572754e-01
2.580689668655395508e+00
1.648381471633911133e+00
2.037472724914550781e+00
2.387422084808349609e+00
2.173428058624267578e+00
2.509659528732299805e+00
2.168550014495849609e+00
2.818777799606323242e+00
3.774612426757812500e+00
8.195604324340820312e+00
9.587870597839355469e+00
8.119890213012695312e+00
9.491962432861328125e+00
1.097734069824218750e+01
9.098258018493652344e+00
9.707658767700195312e+00
1.124581146240234375e+01
9.560478210449218750e+00
-1.871240437030792236e-01
5.515455007553100586e-01
7.101055383682250977e-01
4.522163867950439453e-01
1.082507610321044922e+00
1.175942659378051758e+00
6.111846566200256348e-01
7.758007049560546875e-01
8.684478402137756348e-01
-1.865967512130737305e-01
-3.196647167205810547e-01
-4.744927883148193359e-01
-6.460140645503997803e-02
-5.851318836212158203e-01
-2.627228945493698120e-02
-1.224436521530151367e+00
-1.119185090065002441e+00
7.910687476396560669e-02
7.924931526184082031e+00
8.722611427307128906e+00
9.077365875244140625e+00
9.239899635314941406e+00
1.038225650787353516e+01
1.094744777679443359e+01
1.023012638092041016e+01
1.193467903137207031e+01
1.140436553955078125e+01
5.165793746709823608e-02
1.217264905571937561e-01
5.170057415962219238e-01
5.835599303245544434e-01
7.884244322776794434e-01
1.113889336585998535e+00
1.606470704078674316e+00
1.322033762931823730e+00
1.428522229194641113e+00
-4.128203541040420532e-02
-1.260524336248636246e-02
-3.020298480987548828e-02
1.774606853723526001e-02
-2.506236359477043152e-02
-5.320474505424499512e-03
-2.552832067012786865e-01
-2.082857638597488403e-01
8.912020921707153320e-02
9.208873748779296875e+00
5.568857669830322266e+00
3.723144292831420898e+00
8.892463684082031250e+00
5.008718490600585938e+00
3.237540960311889648e+00
8.590198516845703125e+00
4.974915504455566406e+00
2.245511293411254883e+00
2.195305442810058594e+01
1.716416549682617188e+01
1.742224502563476562e+01
2.061017990112304688e+01
1.637847709655761719e+01
1.840633392333984375e+01
1.575631141662597656e+01
1.170184326171875000e+01
1.414146995544433594e+01
8.726930618286132812e-01
9.317070841789245605e-01
8.273987174034118652e-01
3.895188271999359131e-01
4.362992644309997559e-01
2.124123126268386841e-01
5.040960907936096191e-01
3.152073323726654053e-01
4.746918082237243652e-01
2.447852373123168945e+00
2.629557132720947266e+00
2.698939085006713867e+00
2.811877727508544922e+00
2.953431129455566406e+00
3.397672176361083984e+00
3.409047603607177734e+00
2.681571006774902344e+00
2.409664154052734375e+00
2.610671520233154297e+00
2.202540874481201172e+00
1.763926148414611816e+00
2.728609323501586914e+00
2.041797637939453125e+00
1.247566938400268555e+00
2.337781906127929688e+00
1.492289662361145020e+00
8.749296069145202637e-01
9.297239303588867188e+00
6.657517433166503906e+00
4.313190460205078125e+00
6.934910297393798828e+00
4.270811557769775391e+00
3.668358087539672852e+00
6.310337066650390625e+00
5.600707530975341797e+00
5.485463619232177734e+00
6.744834899902343750e+01
6.464202880859375000e+01
5.609647750854492188e+01
6.831427764892578125e+01
6.668984222412109375e+01
5.534531021118164062e+01
6.665804290771484375e+01
6.587731933593750000e+01
5.433378982543945312e+01
1.953257992863655090e-02
8.616583347320556641e-01
1.887539863586425781e+00
1.177317261695861816e+00
2.186518430709838867e+00
1.824093103408813477e+00
7.574237585067749023e-01
1.076691150665283203e+00
1.219004273414611816e+00
7.977806925773620605e-01
1.799807548522949219e-01
-4.967268407344818115e-01
2.499722242355346680e-01
-1.426675915718078613e+00
-1.638378977775573730e+00
-1.315708518028259277e+00
-1.172915816307067871e+00
-1.653720736503601074e+00
1.062276840209960938e+01
7.268042564392089844e+00
3.315036535263061523e+00
1.380237388610839844e+01
8.173238754272460938e+00
6.173707485198974609e+00
1.257705783843994141e+01
6.594041824340820312e+00
5.692717552185058594e+00
2.937686443328857422e+00
4.736415863037109375e+00
5.893412113189697266e+00
4.482596397399902344e+00
6.881624698638916016e+00
6.494066238403320312e+00
7.515778064727783203e+00
1.102129173278808594e+01
7.961301803588867188e+00
3.662471473217010498e-01
2.859446108341217041e-01
5.660722255706787109e-01
-1.809911429882049561e-01
-2.241026759147644043e-01
2.185164541006088257e-01
-2.201510518789291382e-01
-1.335344314575195312e-01
4.133900701999664307e-01
6.976733207702636719e-01
2.722343444824218750e+00
3.120646238327026367e+00
1.026692986488342285e+00
3.023860216140747070e+00
3.683233737945556641e+00
1.781730294227600098e+00
3.245052337646484375e+00
4.080417156219482422e+00
1.167832374572753906e+01
1.037806987762451172e+01
8.143455505371093750e+00
1.164548587799072266e+01
1.003153800964355469e+01
7.502790451049804688e+00
1.297534751892089844e+01
1.045545768737792969e+01
8.938148498535156250e+00
8.065750598907470703e-01
-5.856543183326721191e-01
-4.729748070240020752e-01
1.134988665580749512e+00
-9.474195241928100586e-01
-6.949281692504882812e-01
1.125142097473144531e+00
-4.540373980998992920e-01
-1.065129637718200684e-01
6.800919026136398315e-02
9.995914995670318604e-02
3.203987479209899902e-01
-1.534903943538665771e-01
8.722359314560890198e-03
1.493136882781982422e-01
-1.004268825054168701e-01
-1.090200468897819519e-01
2.015912681818008423e-01
2.182419776916503906e+00
1.036412358283996582e+00
-1.203025460243225098e+00
3.489509105682373047e+00
1.876612067222595215e+00
-6.098298430442810059e-01
3.467756509780883789e+00
1.012920379638671875e+00
-2.325387857854366302e-02
1.650484848022460938e+01
1.267035770416259766e+01
9.569449424743652344e+00
1.788536834716796875e+01
1.509269142150878906e+01
1.109061336517333984e+01
2.095567512512207031e+01
1.595886802673339844e+01
1.121876239776611328e+01
3.673332035541534424e-01
-6.005826592445373535e-01
3.178266286849975586e-01
1.256817020475864410e-02
-2.009301632642745972e-01
6.522125601768493652e-01
4.507569223642349243e-02
1.055243968963623047e+00
1.384945392608642578e+00
-1.304024308919906616e-01
-5.295646190643310547e-01
-4.051965475082397461e-01
-3.422704637050628662e-01
-8.903349041938781738e-01
-3.119566738605499268e-01
-2.536071836948394775e-01
3.416759893298149109e-02
4.079919755458831787e-01
7.313220500946044922e-01
2.063717991113662720e-01
-4.475291669368743896e-01
9.693328738212585449e-01
5.756963491439819336e-01
-1.859444975852966309e-01
1.109795451164245605e+00
9.194185137748718262e-01
1.894470304250717163e-01
-1.364170551300048828e+00
-1.745411038398742676e+00
8.655567169189453125e-01
-2.247101545333862305e+00
1.291639447212219238e+00
4.605179309844970703e+00
7.126086354255676270e-01
4.044020175933837891e+00
5.661343097686767578e+00
2.136818695068359375e+01
2.751484489440917969e+01
3.193867683410644531e+01
1.629716300964355469e+01
2.237587928771972656e+01
2.818495368957519531e+01
1.115896987915039062e+01
1.765955352783203125e+01
2.464748191833496094e+01
5.973520502448081970e-02
2.182762026786804199e-01
6.023140549659729004e-01
1.820938438177108765e-01
8.616729080677032471e-02
1.118688210844993591e-01
3.937641531229019165e-02
-6.723973155021667480e-02
4.012612998485565186e-02
2.848700046539306641e+00
2.575710535049438477e+00
2.020556926727294922e+00
1.401074290275573730e+00
1.261571884155273438e+00
1.065817356109619141e+00
1.393341064453125000e+00
1.376834154129028320e+00
1.493225693702697754e+00
3.753674507141113281e+00
3.605430841445922852e+00
2.770650625228881836e+00
4.572754383087158203e+00
5.076299190521240234e+00
4.146318912506103516e+00
4.118923664093017578e+00
4.926649570465087891e+00
4.270930290222167969e+00
9.803916215896606445e-01
7.123878598213195801e-01
1.291180372238159180e+00
1.519272923469543457e+00
1.133106231689453125e+00
1.592447996139526367e+00
1.385212182998657227e+00
1.599376201629638672e+00
1.773261308670043945e+00
3.661983013153076172e-01
6.714257597923278809e-02
3.556635975837707520e-01
-3.201465820893645287e-03
-9.516189992427825928e-02
3.328849673271179199e-01
1.384827867150306702e-02
1.438997313380241394e-02
3.715333938598632812e-01
4.659840762615203857e-01
3.201529681682586670e-01
6.067854762077331543e-01
6.910793781280517578e-01
7.747485637664794922e-01
1.293530941009521484e+00
1.116530671715736389e-01
-7.075504213571548462e-02
4.222433567047119141e-01
4.002620220184326172e+00
5.587715625762939453e+00
5.870368957519531250e+00
3.548106670379638672e+00
5.056759834289550781e+00
5.655367851257324219e+00
2.431303501129150391e+00
4.137838840484619141e+00
4.734043598175048828e+00
9.356038570404052734e-01
1.168266654014587402e+00
7.147611379623413086e-01
1.246665716171264648e+00
1.395983576774597168e+00
1.096695780754089355e+00
1.571676731109619141e+00
1.515390276908874512e+00
1.051013350486755371e+00
6.028244644403457642e-02
-1.218867450952529907e-01
1.305676400661468506e-01
2.481523901224136353e-02
-2.987080067396163940e-02
-5.097202584147453308e-02
3.882846608757972717e-02
3.924266621470451355e-02
-9.774910286068916321e-04
7.337559700012207031e+00
7.364201545715332031e+00
6.778551578521728516e+00
7.085566997528076172e+00
7.742462158203125000e+00
7.149549007415771484e+00
6.515572071075439453e+00
7.375873565673828125e+00
6.799083232879638672e+00
1.833777236938476562e+01
1.803776168823242188e+01
1.781499481201171875e+01
1.694829750061035156e+01
1.680009269714355469e+01
1.614933776855468750e+01
1.436538410186767578e+01
1.431619358062744141e+01
1.286485862731933594e+01
1.020537614822387695e+00
7.827817797660827637e-01
9.012494683265686035e-01
5.694087147712707520e-01
6.053332686424255371e-01
6.351805329322814941e-01
7.463358640670776367e-01
5.595982074737548828e-01
4.064634144306182861e-01
2.021054029464721680e+00
1.921652555465698242e+00
1.926578998565673828e+00
2.790426015853881836e+00
2.545783519744873047e+00
2.151464462280273438e+00
2.468310356140136719e+00
2.040625095367431641e+00
1.700258731842041016e+00
2.804623603820800781e+00
2.895101785659790039e+00
2.690481901168823242e+00
2.849246263504028320e+00
2.949569225311279297e+00
2.787390232086181641e+00
2.558952569961547852e+00
2.647083044052124023e+00
2.618867397308349609e+00
5.577040672302246094e+00
7.126606464385986328e+00
7.475783348083496094e+00
6.199139118194580078e+00
7.753429889678955078e+00
7.380793094635009766e+00
5.154595375061035156e+00
6.438484668731689453e+00
5.433985710144042969e+00
4.688696670532226562e+01
4.067271804809570312e+01
3.592871856689453125e+01
4.783695602416992188e+01
4.116620254516601562e+01
3.603561019897460938e+01
4.563121414184570312e+01
3.894063186645507812e+01
3.534076690673828125e+01
3.200117826461791992e+00
3.258625507354736328e+00
2.798171281814575195e+00
3.448165178298950195e+00
2.542909622192382812e+00
2.720479726791381836e+00
1.677285194396972656e+00
1.095211386680603027e+00
1.309303879737854004e+00
1.740325450897216797e+00
1.036610960960388184e+00
1.145515203475952148e+00
1.108650088310241699e+00
8.794673085212707520e-01
1.033344745635986328e+00
7.629926204681396484e-01
1.137830495834350586e+00
1.595280647277832031e+00
7.052332878112792969e+00
6.586476325988769531e+00
5.564640522003173828e+00
7.042931556701660156e+00
5.869025230407714844e+00
5.855764865875244141e+00
6.467094898223876953e+00
5.097899436950683594e+00
5.282938003540039062e+00
-3.610115766525268555e+00
-3.492034912109375000e+00
-4.255087852478027344e+00
-2.843768358230590820e+00
-3.632819414138793945e+00
-4.421951770782470703e+00
-1.276134371757507324e+00
-3.081467866897583008e+00
-3.158947944641113281e+00
1.856547743082046509e-01
3.206284344196319580e-02
6.669238954782485962e-02
6.782832145690917969e-01
5.398941636085510254e-01
5.179635882377624512e-01
9.748948216438293457e-01
9.278572797775268555e-01
7.577070593833923340e-01
4.052929401397705078e+00
3.989153623580932617e+00
5.308950901031494141e+00
3.757966279983520508e+00
3.825475454330444336e+00
4.695696353912353516e+00
3.006136178970336914e+00
3.510236978530883789e+00
4.129305839538574219e+00
7.014829158782958984e+00
5.433327674865722656e+00
3.615245819091796875e+00
8.662168502807617188e+00
6.708919525146484375e+00
5.014517784118652344e+00
9.896199226379394531e+00
8.132284164428710938e+00
6.730398178100585938e+00
1.428344488143920898e+00
6.002291440963745117e-01
5.746344327926635742e-01
2.266940832138061523e+00
1.286486983299255371e+00
1.082149505615234375e+00
2.446733474731445312e+00
1.580166578292846680e+00
1.419281601905822754e+00
7.623161375522613525e-02
4.009119570255279541e-01
1.344602853059768677e-01
1.566749513149261475e-01
2.605969309806823730e-01
2.308315783739089966e-01
2.313587218523025513e-01
2.036027312278747559e-01
2.904430031776428223e-01
1.250619411468505859e+01
1.192307949066162109e+01
1.221058559417724609e+01
1.196794891357421875e+01
1.155091571807861328e+01
1.188830471038818359e+01
1.159847831726074219e+01
1.152274703979492188e+01
1.218143177032470703e+01
2.683147048950195312e+01
2.548667716979980469e+01
2.219487571716308594e+01
3.092662811279296875e+01
2.829809570312500000e+01
2.432666587829589844e+01
2.932637405395507812e+01
2.567088317871093750e+01
2.262628364562988281e+01
1.277298688888549805e+00
5.148955583572387695e-01
1.119569182395935059e+00
1.379125237464904785e+00
4.343033432960510254e-01
6.502817869186401367e-01
1.353921771049499512e+00
1.567575186491012573e-01
8.488304167985916138e-02
2.505756855010986328e+00
3.034718990325927734e+00
3.654562950134277344e+00
3.453302860260009766e+00
4.147157192230224609e+00
4.651483058929443359e+00
4.091678619384765625e+00
4.427824497222900391e+00
4.451909542083740234e+00
3.523374795913696289e+00
3.611940145492553711e+00
3.956869602203369141e+00
4.000457286834716797e+00
4.103164196014404297e+00
4.327408790588378906e+00
4.049851417541503906e+00
4.037601470947265625e+00
3.959193468093872070e+00
1.377600193023681641e+01
1.451602268218994141e+01
1.500536155700683594e+01
1.455411434173583984e+01
1.526475524902343750e+01
1.375494194030761719e+01
1.543624591827392578e+01
1.626521492004394531e+01
1.422111511230468750e+01
