4.597743988037109375e+01
1.078143386840820312e+02
7.972952270507812500e+01
5.101044082641601562e+01
7.441927337646484375e+01
4.964848041534423828e+00
3.996408700942993164e+00
6.868215942382812500e+01
3.969683456420898438e+01
2.110567016601562500e+02
3.460170364379882812e+01
1.600870513916015625e+01
1.314057922363281250e+01
1.565456628799438477e+00
2.320860147476196289e+00
1.583455801010131836e+00
1.697007752954959869e-02
1.941002273559570312e+01
6.458866882324218750e+01
1.636785888671875000e+01
2.289406013488769531e+01
2.254476547241210938e+00
1.266231250762939453e+01
8.220639038085937500e+01
2.459793329238891602e+00
1.271542663574218750e+02
9.286449432373046875e+00
2.009125900268554688e+01
1.276347994804382324e+00
2.932039642333984375e+01
1.901181030273437500e+01
1.472642421722412109e+01
3.513883972167968750e+01
3.791562271118164062e+01
1.575509548187255859e+01
4.750292205810546875e+01
1.529391784667968750e+02
3.631658935546875000e+01
1.021542205810546875e+02
7.110877990722656250e+01
1.878327751159667969e+01
2.658228683471679688e+01
1.112234783172607422e+01
1.334793548583984375e+02
5.785814285278320312e+00
6.875791931152343750e+01
4.900846958160400391e+00
1.882491760253906250e+02
1.055123748779296875e+02
1.635827422142028809e+00
1.141934051513671875e+02
5.740163922309875488e-01
1.022132158279418945e+00
4.836691284179687500e+01
4.708673095703125000e+01
1.436827659606933594e+00
8.094427490234375000e+01
4.746956825256347656e+00
1.123825359344482422e+01
2.462587356567382812e+01
1.454753417968750000e+02
1.797183685302734375e+02
2.995951461791992188e+01
7.116624712944030762e-02
-1.308197879791259766e+01
-3.130997467041015625e+01
-2.344695281982421875e+01
-1.474988365173339844e+01
-2.128219795227050781e+01
-1.353781700134277344e+00
-1.112493991851806641e+00
-1.954627609252929688e+01
-1.129355525970458984e+01
-6.039561462402343750e+01
-9.902914047241210938e+00
-4.580029010772705078e+00
-3.714545488357543945e+00
-4.580208659172058105e-01
-6.621558070182800293e-01
-4.418180286884307861e-01
-5.372425075620412827e-03
-5.471932411193847656e+00
-1.834190177917480469e+01
-4.594908237457275391e+00
-6.480400562286376953e+00
-6.281619071960449219e-01
-3.651961803436279297e+00
-2.360497474670410156e+01
-7.035811543464660645e-01
-3.599487686157226562e+01
-2.647184371948242188e+00
-5.827571392059326172e+00
-3.663773238658905029e-01
-8.254177093505859375e+00
-5.515122890472412109e+00
-4.309961318969726562e+00
-1.003121948242187500e+01
-1.089799785614013672e+01
-4.479972839355468750e+00
-1.362137126922607422e+01
-4.368373870849609375e+01
-1.065326023101806641e+01
-2.946225357055664062e+01
-2.043368721008300781e+01
-5.459259986877441406e+00
-7.638780117034912109e+00
-3.096567153930664062e+00
-3.862792968750000000e+01
-1.691238641738891602e+00
-1.970239639282226562e+01
-1.408273696899414062e+00
-5.329460144042968750e+01
-3.015729141235351562e+01
-4.744023382663726807e-01
-3.286426925659179688e+01
-1.728724837303161621e-01
-3.217086791992187500e-01
-1.373566341400146484e+01
-1.365071105957031250e+01
-4.012467265129089355e-01
-2.335121726989746094e+01
-1.388573646545410156e+00
-3.342139482498168945e+00
-7.057607173919677734e+00
-4.174882507324218750e+01
-5.192206573486328125e+01
-8.795408248901367188e+00
-2.046021819114685059e-02
7.372241497039794922e+00
1.679717063903808594e+01
1.223481845855712891e+01
8.008824348449707031e+00
1.181319904327392578e+01
8.303039073944091797e-01
6.581358909606933594e-01
1.095274829864501953e+01
6.356130599975585938e+00
3.348104095458984375e+01
5.470620632171630859e+00
2.546285867691040039e+00
2.112880945205688477e+00
2.413316071033477783e-01
3.739184439182281494e-01
2.576985359191894531e-01
2.283974783495068550e-03
3.122999668121337891e+00
1.033935260772705078e+01
2.642276763916015625e+00
3.668313741683959961e+00
3.688724339008331299e-01
1.996406674385070801e+00
1.302041149139404297e+01
3.944382071495056152e-01
2.037242698669433594e+01
1.479535222053527832e+00
3.134462118148803711e+00
2.014058083295822144e-01
4.745200157165527344e+00
2.967488288879394531e+00
2.312043905258178711e+00
5.601986885070800781e+00
5.986333847045898438e+00
2.504250526428222656e+00
7.539432048797607422e+00
2.431578445434570312e+01
5.604437828063964844e+00
1.607441902160644531e+01
1.120405960083007812e+01
2.882526397705078125e+00
4.201546192169189453e+00
1.815917849540710449e+00
2.095163726806640625e+01
8.962824940681457520e-01
1.084822845458984375e+01
7.735216617584228516e-01
3.021757698059082031e+01
1.676591300964355469e+01
2.540749311447143555e-01
1.802545738220214844e+01
8.538220822811126709e-02
1.420330107212066650e-01
7.703702926635742188e+00
7.376731872558593750e+00
2.353230118751525879e-01
1.273980045318603516e+01
7.425121665000915527e-01
1.714511871337890625e+00
3.868730783462524414e+00
2.297562599182128906e+01
2.814310646057128906e+01
4.642824649810791016e+00
1.128480210900306702e-02
8.463224792480468750e+01
1.985422973632812500e+02
1.469834747314453125e+02
9.401787567138671875e+01
1.368345794677734375e+02
9.089015960693359375e+00
7.334404945373535156e+00
1.262747039794921875e+02
7.297460937500000000e+01
3.880256347656250000e+02
6.366420364379882812e+01
2.943141555786132812e+01
2.415062522888183594e+01
2.897403240203857422e+00
4.274653911590576172e+00
2.904302120208740234e+00
3.164471685886383057e-02
3.564606475830078125e+01
1.186756668090820312e+02
3.001675224304199219e+01
4.203512191772460938e+01
4.139074802398681641e+00
2.332620620727539062e+01
1.512927856445312500e+02
4.527786731719970703e+00
2.335554046630859375e+02
1.708538055419921875e+01
3.701414489746093750e+01
2.348596096038818359e+00
5.388741302490234375e+01
3.500303268432617188e+01
2.720075798034667969e+01
6.466490936279296875e+01
6.975455474853515625e+01
2.896398353576660156e+01
8.738506317138671875e+01
2.813655700683593750e+02
6.702709197998046875e+01
1.881143798828125000e+02
1.309782867431640625e+02
3.460769271850585938e+01
4.892125701904296875e+01
2.039984893798828125e+01
2.459947662353515625e+02
1.069318675994873047e+01
1.265123672485351562e+02
9.018012046813964844e+00
3.456279602050781250e+02
1.941184539794921875e+02
3.010880947113037109e+00
2.102044982910156250e+02
1.061482906341552734e+00
1.898557305335998535e+00
8.884496307373046875e+01
8.679241943359375000e+01
2.633508920669555664e+00
1.490961608886718750e+02
8.777322769165039062e+00
2.079886436462402344e+01
4.531764602661132812e+01
2.676419067382812500e+02
3.307747802734375000e+02
5.531537246704101562e+01
1.309863477945327759e-01
9.938503265380859375e+01
2.333036346435546875e+02
1.726415405273437500e+02
1.103996505737304688e+02
1.608356170654296875e+02
1.069229984283447266e+01
8.618109703063964844e+00
1.483691253662109375e+02
8.573379516601562500e+01
4.560643005371093750e+02
7.481742858886718750e+01
3.459755706787109375e+01
2.838714790344238281e+01
3.398237943649291992e+00
5.014328002929687500e+00
3.414352416992187500e+00
3.729993104934692383e-02
4.191513824462890625e+01
1.394849548339843750e+02
3.530302429199218750e+01
4.942861557006835938e+01
4.861426830291748047e+00
2.739446449279785156e+01
1.777679901123046875e+02
5.318476676940917969e+00
2.746447143554687500e+02
2.005784034729003906e+01
4.347753524780273438e+01
2.759665250778198242e+00
6.330418395996093750e+01
4.111498641967773438e+01
3.190486907958984375e+01
7.595619201660156250e+01
8.197889709472656250e+01
3.405434036254882812e+01
1.026776351928710938e+02
3.305785522460937500e+02
7.870054626464843750e+01
2.209852294921875000e+02
1.538155212402343750e+02
4.064498519897460938e+01
5.747982406616210938e+01
2.398435211181640625e+01
2.888566894531250000e+02
1.254891777038574219e+01
1.486532440185546875e+02
1.059769153594970703e+01
4.064460144042968750e+02
2.280585327148437500e+02
3.541123867034912109e+00
2.469816894531250000e+02
1.252146601676940918e+00
2.229227781295776367e+00
1.044692077636718750e+02
1.019205703735351562e+02
3.096098423004150391e+00
1.750973968505859375e+02
1.029633617401123047e+01
2.438372611999511719e+01
5.322880935668945312e+01
3.145207519531250000e+02
3.887418518066406250e+02
6.492511749267578125e+01
1.539059430360794067e-01
5.835504150390625000e+01
1.366601562500000000e+02
1.011196670532226562e+02
6.473258209228515625e+01
9.427288055419921875e+01
6.275765895843505859e+00
5.060769557952880859e+00
8.700347900390625000e+01
5.029624938964843750e+01
2.672629394531250000e+02
4.384435272216796875e+01
2.027400016784667969e+01
1.664810371398925781e+01
1.992606520652770996e+00
2.946461915969848633e+00
2.001678943634033203e+00
2.169362269341945648e-02
2.456117630004882812e+01
8.179064178466796875e+01
2.065940475463867188e+01
2.896668052673339844e+01
2.855354070663452148e+00
1.607117652893066406e+01
1.042379455566406250e+02
3.120795965194702148e+00
1.609782409667968750e+02
1.177760982513427734e+01
2.549217033386230469e+01
1.617568254470825195e+00
3.716582489013671875e+01
2.411086082458496094e+01
1.875434875488281250e+01
4.456522369384765625e+01
4.805065536499023438e+01
1.995530700683593750e+01
6.023390960693359375e+01
1.939098510742187500e+02
4.612988662719726562e+01
1.295741577148437500e+02
9.019618225097656250e+01
2.379660606384277344e+01
3.365656280517578125e+01
1.407816219329833984e+01
1.694373474121093750e+02
7.362014293670654297e+00
8.711071014404296875e+01
6.210031986236572266e+00
2.381486968994140625e+02
1.337398071289062500e+02
2.072412729263305664e+00
1.448089752197265625e+02
7.296187281608581543e-01
1.303622484207153320e+00
6.117098999023437500e+01
5.976908874511718750e+01
1.814760446548461914e+00
1.026904907226562500e+02
6.052344799041748047e+00
1.431525421142578125e+01
3.120740890502929688e+01
1.843759613037109375e+02
2.276671752929687500e+02
3.808750915527343750e+01
9.027701616287231445e-02
9.502148628234863281e+00
2.177849388122558594e+01
1.589096546173095703e+01
1.027577877044677734e+01
1.525413608551025391e+01
1.060180664062500000e+00
8.425423502922058105e-01
1.413645935058593750e+01
8.190141677856445312e+00
4.323410034179687500e+01
7.061595916748046875e+00
3.288403511047363281e+00
2.730522155761718750e+00
3.129847347736358643e-01
4.772689640522003174e-01
3.301100432872772217e-01
3.074232721701264381e-03
4.032607078552246094e+00
1.337129974365234375e+01
3.395299434661865234e+00
4.750604629516601562e+00
4.749040603637695312e-01
2.585529088973999023e+00
1.688167190551757812e+01
5.080049633979797363e-01
2.634634208679199219e+01
1.916619300842285156e+00
4.069577693939208984e+00
2.599779069423675537e-01
6.114989757537841797e+00
3.841313838958740234e+00
3.006258964538574219e+00
7.238315582275390625e+00
7.768274784088134766e+00
3.251878261566162109e+00
9.767291069030761719e+00
3.138612365722656250e+01
7.252193927764892578e+00
2.079851913452148438e+01
1.447204208374023438e+01
3.769937276840209961e+00
5.385743618011474609e+00
2.346292495727539062e+00
2.712487220764160156e+01
1.179257392883300781e+00
1.400625133514404297e+01
9.972846508026123047e-01
3.897797775268554688e+01
2.172277450561523438e+01
3.290042579174041748e-01
2.331176567077636719e+01
1.146960780024528503e-01
1.911905556917190552e-01
9.937979698181152344e+00
9.544186592102050781e+00
3.012993931770324707e-01
1.647269058227539062e+01
9.670427441596984863e-01
2.217663288116455078e+00
4.997138023376464844e+00
2.975013351440429688e+01
3.633409881591796875e+01
6.046569824218750000e+00
1.455414202064275742e-02
7.262871551513671875e+01
1.704579162597656250e+02
1.262304153442382812e+02
8.080833435058593750e+01
1.174779815673828125e+02
7.804358005523681641e+00
6.293817043304443359e+00
1.084008102416992188e+02
6.265390396118164062e+01
3.331496276855468750e+02
5.464136123657226562e+01
2.525891113281250000e+01
2.071662712097167969e+01
2.481836795806884766e+00
3.675598859786987305e+00
2.494489431381225586e+00
2.699444070458412170e-02
3.057731246948242188e+01
1.018447952270507812e+02
2.577723503112792969e+01
3.606248092651367188e+01
3.553159475326538086e+00
2.001760292053222656e+01
1.297973937988281250e+02
3.885589122772216797e+00
2.004976806640625000e+02
1.464447689056396484e+01
3.176477813720703125e+01
2.016744613647460938e+00
4.623849487304687500e+01
3.007225990295410156e+01
2.332794570922851562e+01
5.548413467407226562e+01
5.985817718505859375e+01
2.484034156799316406e+01
7.500503540039062500e+01
2.415296936035156250e+02
5.757740402221679688e+01
1.614785308837890625e+02
1.123782806396484375e+02
2.965826797485351562e+01
4.199155426025390625e+01
1.750733184814453125e+01
2.111297302246093750e+02
9.146301269531250000e+00
1.085970916748046875e+02
7.744239330291748047e+00
2.967088012695312500e+02
1.665432739257812500e+02
2.586238145828247070e+00
1.804434967041015625e+02
9.066256284713745117e-01
1.624726891517639160e+00
7.628835296630859375e+01
7.449921417236328125e+01
2.262783527374267578e+00
1.279773101806640625e+02
7.527381896972656250e+00
1.786497879028320312e+01
3.887089538574218750e+01
2.296854858398437500e+02
2.840927429199218750e+02
4.741806411743164062e+01
1.125712916254997253e-01
3.795495986938476562e+01
8.873844146728515625e+01
6.560827636718750000e+01
4.206099700927734375e+01
6.128615570068359375e+01
4.094035148620605469e+00
3.296042442321777344e+00
5.660612106323242188e+01
3.271485137939453125e+01
1.737849121093750000e+02
2.848820114135742188e+01
1.317035198211669922e+01
1.082760906219482422e+01
1.289998412132263184e+00
1.920224428176879883e+00
1.304857492446899414e+00
1.383609324693679810e-02
1.597846412658691406e+01
5.320222091674804688e+01
1.346164608001708984e+01
1.883766174316406250e+01
1.859795808792114258e+00
1.043744182586669922e+01
6.770774078369140625e+01
2.028767347335815430e+00
1.047661819458007812e+02
7.636157512664794922e+00
1.654771804809570312e+01
1.051524281501770020e+00
2.419334793090820312e+01
1.567307949066162109e+01
1.216650772094726562e+01
2.897967720031738281e+01
3.121994400024414062e+01
1.296894359588623047e+01
3.914668273925781250e+01
1.260748825073242188e+02
2.996571350097656250e+01
8.415358734130859375e+01
5.858654785156250000e+01
1.541343212127685547e+01
2.186438179016113281e+01
9.176142692565917969e+00
1.100324249267578125e+02
4.764074325561523438e+00
5.661583709716796875e+01
4.036366462707519531e+00
1.549531555175781250e+02
8.692007446289062500e+01
1.344564080238342285e+00
9.408540344238281250e+01
4.685623049736022949e-01
8.357079625129699707e-01
3.982168579101562500e+01
3.881501388549804688e+01
1.185143351554870605e+00
6.672269439697265625e+01
3.924190044403076172e+00
9.285448074340820312e+00
2.025685882568359375e+01
1.197830352783203125e+02
1.479750976562500000e+02
2.466805076599121094e+01
5.873085930943489075e-02
-1.055522084236145020e+00
-3.185501337051391602e+00
-2.595290660858154297e+00
-1.505048394203186035e+00
-1.899575829505920410e+00
-7.557990401983261108e-02
-7.234180718660354614e-02
-1.677416205406188965e+00
-9.487858414649963379e-01
-5.466136455535888672e+00
-9.077473282814025879e-01
-4.036660194396972656e-01
-2.910005748271942139e-01
-4.693723469972610474e-02
-5.601268634200096130e-02
-3.368487581610679626e-02
-9.008343913592398167e-04
-4.334233701229095459e-01
-1.514180660247802734e+00
-3.884139657020568848e-01
-5.298721194267272949e-01
-4.372155666351318359e-02
-3.330945372581481934e-01
-2.089140415191650391e+00
-5.859446153044700623e-02
-2.942632913589477539e+00
-2.218324691057205200e-01
-5.723666548728942871e-01
-3.413152322173118591e-02
-5.980004072189331055e-01
-5.498911142349243164e-01
-3.925534188747406006e-01
-8.425861597061157227e-01
-9.938300848007202148e-01
-3.713220953941345215e-01
-1.191680908203125000e+00
-3.813731670379638672e+00
-1.126232504844665527e+00
-2.766337394714355469e+00
-1.912715435028076172e+00
-5.846655368804931641e-01
-7.508389949798583984e-01
-2.007458508014678955e-01
-3.651282548904418945e+00
-1.625035554170608521e-01
-1.839753746986389160e+00
-1.332598030567169189e-01
-4.421167850494384766e+00
-2.592134952545166016e+00
-5.005165189504623413e-02
-3.032289505004882812e+00
-1.995069347321987152e-02
-4.936539381742477417e-02
-1.216060757637023926e+00
-1.324923753738403320e+00
-3.148452192544937134e-02
-2.187396526336669922e+00
-1.290557384490966797e-01
-3.784924149513244629e-01
-6.772665381431579590e-01
-3.819105148315429688e+00
-5.160196781158447266e+00
-8.734006285667419434e-01
-1.840356620959937572e-03
