-1.140119873046875000e+03
-1.012891601562500000e+03
-7.626855468750000000e+02
-1.212174560546875000e+03
-1.067727783203125000e+03
-7.486380615234375000e+02
-1.007930603027343750e+03
-8.794688110351562500e+02
-6.089234008789062500e+02
-1.045991821289062500e+03
-9.509516601562500000e+02
-7.252815551757812500e+02
-1.124197143554687500e+03
-1.008486938476562500e+03
-7.137703857421875000e+02
-9.314449462890625000e+02
-8.309827270507812500e+02
-5.777576293945312500e+02
-1.022878479003906250e+03
-9.380075683593750000e+02
-7.252671508789062500e+02
-1.087140991210937500e+03
-9.922332763671875000e+02
-7.194239501953125000e+02
-9.072336425781250000e+02
-8.269324340820312500e+02
-5.923715209960937500e+02
-3.358007568359375000e+03
-3.656928222656250000e+03
-3.833052001953125000e+03
-3.787800537109375000e+03
-4.601296875000000000e+03
-4.864813964843750000e+03
-4.732123046875000000e+03
-5.946689941406250000e+03
-6.078493164062500000e+03
-3.543813232421875000e+03
-3.756686035156250000e+03
-3.853327880859375000e+03
-4.023707031250000000e+03
-4.716324218750000000e+03
-4.853416503906250000e+03
-4.840181640625000000e+03
-5.917562500000000000e+03
-5.944387695312500000e+03
-3.422089111328125000e+03
-3.600511474609375000e+03
-3.650917968750000000e+03
-3.898505126953125000e+03
-4.538701171875000000e+03
-4.625161621093750000e+03
-4.616339843750000000e+03
-5.654045898437500000e+03
-5.638359863281250000e+03
-6.086053466796875000e+02
-8.564652709960937500e+02
-1.075846191406250000e+03
-6.379648437500000000e+02
-9.970925903320312500e+02
-1.345310180664062500e+03
-5.539648437500000000e+02
-9.537355346679687500e+02
-1.257574951171875000e+03
-4.622077941894531250e+02
-6.171539306640625000e+02
-8.000533447265625000e+02
-4.801456909179687500e+02
-7.563286132812500000e+02
-1.067511230468750000e+03
-4.108389282226562500e+02
-7.341859130859375000e+02
-1.014624755859375000e+03
-2.664106445312500000e+02
-4.314192810058593750e+02
-6.170864257812500000e+02
-2.572994995117187500e+02
-5.342428588867187500e+02
-8.537233276367187500e+02
-1.798733825683593750e+02
-5.029177856445312500e+02
-8.002303466796875000e+02
-7.268182983398437500e+02
-7.867144775390625000e+02
-9.345448608398437500e+02
-1.160199584960937500e+03
-1.167027587890625000e+03
-1.136738769531250000e+03
-1.499339233398437500e+03
-1.471469726562500000e+03
-1.366313232421875000e+03
-4.362328491210937500e+02
-4.579000549316406250e+02
-5.878246459960937500e+02
-8.381102905273437500e+02
-8.214984741210937500e+02
-7.849962158203125000e+02
-1.175531494140625000e+03
-1.143357543945312500e+03
-1.013959228515625000e+03
-3.345288391113281250e+02
-3.507484741210937500e+02
-4.811466369628906250e+02
-7.083293457031250000e+02
-6.840946044921875000e+02
-6.576110839843750000e+02
-1.027784545898437500e+03
-9.908701171875000000e+02
-8.702822265625000000e+02
-3.052985107421875000e+03
-3.512258544921875000e+03
-4.020853027343750000e+03
-4.130489746093750000e+03
-4.822533203125000000e+03
-4.907354980468750000e+03
-3.630483886718750000e+03
-3.832492919921875000e+03
-3.546674804687500000e+03
-2.695287109375000000e+03
-3.117748046875000000e+03
-3.706045410156250000e+03
-3.658010253906250000e+03
-4.282585449218750000e+03
-4.439298339843750000e+03
-3.257132568359375000e+03
-3.414431152343750000e+03
-3.187245605468750000e+03
-3.254736083984375000e+03
-3.716429443359375000e+03
-4.249725585937500000e+03
-4.168248046875000000e+03
-4.883897949218750000e+03
-5.040061523437500000e+03
-3.735551513671875000e+03
-4.021549072265625000e+03
-3.834264648437500000e+03
2.153000946044921875e+02
2.364733886718750000e+02
1.870731048583984375e+02
5.347286376953125000e+02
3.713207092285156250e+02
2.251499176025390625e+02
4.315455322265625000e+02
2.260725250244140625e+02
1.125865707397460938e+02
1.480334777832031250e+02
1.890228424072265625e+02
1.498137969970703125e+02
4.981172180175781250e+02
3.610443115234375000e+02
2.223471221923828125e+02
4.212350769042968750e+02
2.306994628906250000e+02
1.036489639282226562e+02
5.038002395629882812e+01
1.006193084716796875e+02
7.052227020263671875e+01
4.111807556152343750e+02
2.811987915039062500e+02
1.485211029052734375e+02
3.260746459960937500e+02
1.392328033447265625e+02
1.513377761840820312e+01
2.175444580078125000e+03
2.220249755859375000e+03
1.701434082031250000e+03
1.978504150390625000e+03
2.024768554687500000e+03
1.705482055664062500e+03
1.808135009765625000e+03
2.083833984375000000e+03
2.106290771484375000e+03
2.822149169921875000e+03
2.929860595703125000e+03
2.400702636718750000e+03
2.603482421875000000e+03
2.659031494140625000e+03
2.290230224609375000e+03
2.377530761718750000e+03
2.612619628906250000e+03
2.566144287109375000e+03
3.294325927734375000e+03
3.426829101562500000e+03
2.903989257812500000e+03
3.075660644531250000e+03
3.161909179687500000e+03
2.780352783203125000e+03
2.860917480468750000e+03
3.128315429687500000e+03
3.051574951171875000e+03
-5.327976684570312500e+02
-8.303935546875000000e+02
-1.013354675292968750e+03
-8.950845947265625000e+02
-1.164840087890625000e+03
-1.258071899414062500e+03
-1.132881713867187500e+03
-1.258083740234375000e+03
-1.216076171875000000e+03
-7.319423217773437500e+02
-9.838200073242187500e+02
-1.155598144531250000e+03
-1.064430786132812500e+03
-1.302158203125000000e+03
-1.386624755859375000e+03
-1.271709716796875000e+03
-1.391469726562500000e+03
-1.350157226562500000e+03
-9.274796752929687500e+02
-1.176237426757812500e+03
-1.345037841796875000e+03
-1.257262573242187500e+03
-1.493941894531250000e+03
-1.585586303710937500e+03
-1.449056518554687500e+03
-1.572698974609375000e+03
-1.542705810546875000e+03
7.897260131835937500e+02
8.119395751953125000e+02
8.638484497070312500e+02
1.048570068359375000e+03
1.080745605468750000e+03
1.078433105468750000e+03
1.100406127929687500e+03
1.133099487304687500e+03
1.096723510742187500e+03
3.815885925292968750e+02
3.767709960937500000e+02
4.105438842773437500e+02
6.087331542968750000e+02
6.209940795898437500e+02
6.043162231445312500e+02
6.747318115234375000e+02
6.944656372070312500e+02
6.497737426757812500e+02
1.003520202636718750e+01
-9.856287002563476562e+00
2.998561096191406250e+01
2.188411560058593750e+02
2.142211761474609375e+02
2.037058410644531250e+02
2.713505249023437500e+02
2.747205810546875000e+02
2.366496429443359375e+02
1.753666839599609375e+02
1.367198028564453125e+02
1.263526153564453125e+02
1.923318176269531250e+02
2.350883636474609375e+02
2.834096679687500000e+02
3.181976928710937500e+02
4.385745544433593750e+02
5.099863586425781250e+02
2.506358795166015625e+02
1.794832458496093750e+02
1.387039642333984375e+02
2.265677490234375000e+02
2.334709014892578125e+02
2.542307434082031250e+02
3.297708129882812500e+02
4.101341857910156250e+02
4.634139709472656250e+02
2.621744384765625000e+02
1.836679229736328125e+02
1.379151916503906250e+02
2.214599761962890625e+02
2.220988311767578125e+02
2.380352172851562500e+02
3.300286560058593750e+02
4.140030517578125000e+02
4.628602905273437500e+02
3.088513183593750000e+03
2.955472656250000000e+03
1.541006225585937500e+03
2.918367187500000000e+03
2.799024414062500000e+03
1.489099243164062500e+03
1.861085937500000000e+03
2.202488525390625000e+03
1.608446655273437500e+03
1.821479736328125000e+03
1.774469848632812500e+03
4.221649169921875000e+02
1.779726318359375000e+03
1.717815307617187500e+03
3.940022583007812500e+02
9.459271240234375000e+02
1.270477050781250000e+03
6.411164550781250000e+02
8.942934570312500000e+02
8.418769531250000000e+02
-4.377650451660156250e+02
8.553920898437500000e+02
7.923502807617187500e+02
-4.609482116699218750e+02
1.044590377807617188e+02
4.286493835449218750e+02
-1.703148803710937500e+02
-1.343916015625000000e+03
-1.096693603515625000e+03
-8.868157958984375000e+02
-1.643834960937500000e+03
-1.206236083984375000e+03
-9.155303955078125000e+02
-1.657406616210937500e+03
-1.198518798828125000e+03
-8.757759399414062500e+02
-1.272745483398437500e+03
-9.943294067382812500e+02
-7.724913330078125000e+02
-1.544546875000000000e+03
-1.069202392578125000e+03
-7.713667602539062500e+02
-1.569256835937500000e+03
-1.085306030273437500e+03
-7.630822143554687500e+02
-1.315546630859375000e+03
-1.044762573242187500e+03
-8.337191162109375000e+02
-1.562095581054687500e+03
-1.097751464843750000e+03
-8.196049804687500000e+02
-1.598850463867187500e+03
-1.130562866210937500e+03
-8.340699462890625000e+02
7.913233642578125000e+02
7.823367309570312500e+02
3.553684997558593750e+02
1.130952148437500000e+03
1.214583496093750000e+03
7.861506347656250000e+02
1.228441650390625000e+03
1.288146972656250000e+03
8.858023681640625000e+02
1.114137451171875000e+03
1.150566772460937500e+03
7.183630981445312500e+02
1.470200927734375000e+03
1.603768432617187500e+03
1.169498901367187500e+03
1.559007080078125000e+03
1.664469116210937500e+03
1.252949096679687500e+03
1.215403076171875000e+03
1.242626098632812500e+03
8.001802978515625000e+02
1.595353759765625000e+03
1.724422119140625000e+03
1.280056396484375000e+03
1.693695800781250000e+03
1.798657836914062500e+03
1.375954589843750000e+03
-2.123246826171875000e+03
-1.978167724609375000e+03
-1.728374389648437500e+03
-1.931532226562500000e+03
-1.751663085937500000e+03
-1.535287475585937500e+03
-1.235780639648437500e+03
-1.371542968750000000e+03
-1.238527099609375000e+03
-1.671832031250000000e+03
-1.453948120117187500e+03
-1.247030883789062500e+03
-1.566450683593750000e+03
-1.306316772460937500e+03
-1.090782714843750000e+03
-9.709982299804687500e+02
-1.061690429687500000e+03
-9.073031005859375000e+02
-1.381580078125000000e+03
-1.203992797851562500e+03
-1.049261596679687500e+03
-1.266627319335937500e+03
-1.013408813476562500e+03
-8.488168334960937500e+02
-7.219520874023437500e+02
-8.045483398437500000e+02
-6.936787719726562500e+02
1.652065673828125000e+03
1.815957519531250000e+03
1.939936401367187500e+03
2.008221435546875000e+03
2.361821044921875000e+03
2.512116455078125000e+03
2.423316406250000000e+03
2.843793945312500000e+03
2.870562744140625000e+03
8.262179565429687500e+02
9.501064453125000000e+02
1.051893066406250000e+03
1.054865356445312500e+03
1.363538574218750000e+03
1.518377441406250000e+03
1.430658813476562500e+03
1.817571777343750000e+03
1.876623779296875000e+03
2.451390533447265625e+02
3.494488220214843750e+02
4.597231140136718750e+02
4.143680419921875000e+02
7.073214721679687500e+02
8.760337524414062500e+02
7.600857543945312500e+02
1.139986816406250000e+03
1.218630615234375000e+03
-6.470339965820312500e+02
-1.170773315429687500e+03
-1.305273559570312500e+03
-3.326660156250000000e+02
-9.095941772460937500e+02
-1.043361816406250000e+03
-2.977152709960937500e+02
-6.880780029296875000e+02
-7.826997070312500000e+02
-5.603790283203125000e+02
-1.068758789062500000e+03
-1.220515380859375000e+03
-2.071391754150390625e+02
-7.869132690429687500e+02
-9.470261840820312500e+02
-1.775981750488281250e+02
-5.858470458984375000e+02
-7.265092163085937500e+02
-6.695186767578125000e+02
-1.163505615234375000e+03
-1.291382812500000000e+03
-3.111514282226562500e+02
-8.802854614257812500e+02
-1.030377807617187500e+03
-3.058942871093750000e+02
-7.153669433593750000e+02
-8.629360961914062500e+02
