2.862513427734375000e+02
4.181911315917968750e+02
5.330047607421875000e+02
2.725795593261718750e+02
4.306653442382812500e+02
5.543288574218750000e+02
2.874230957031250000e+02
4.238179321289062500e+02
5.045918884277343750e+02
4.034328460693359375e+01
3.314374160766601562e+01
1.367747802734375000e+02
1.786435546875000000e+02
1.238861999511718750e+02
1.816431579589843750e+02
1.906956634521484375e+02
9.076699066162109375e+01
1.355645446777343750e+02
1.115546035766601562e+02
1.957019805908203125e+02
2.041290588378906250e+02
1.556469573974609375e+02
2.103246917724609375e+02
1.965990600585937500e+02
1.773290100097656250e+02
1.649887847900390625e+02
1.005349426269531250e+02
1.447117309570312500e+02
2.440612182617187500e+02
3.324933776855468750e+02
1.879916992187500000e+02
3.124226379394531250e+02
4.014825134277343750e+02
2.847705993652343750e+02
3.993540649414062500e+02
4.327819824218750000e+02
1.185980529785156250e+02
1.522486877441406250e+02
1.793300323486328125e+02
2.721936988830566406e+01
1.041321334838867188e+02
1.864140472412109375e+02
2.943354606628417969e+01
5.692797088623046875e+01
1.430979766845703125e+02
1.717684984207153320e+00
2.378788471221923828e+00
1.388729572296142578e+00
1.598162889480590820e+00
8.588411808013916016e-01
-6.248671561479568481e-02
6.051493287086486816e-01
-9.673537015914916992e-01
-1.512478828430175781e+00
-7.366065216064453125e+01
-3.228987884521484375e+01
-8.797190856933593750e+01
-7.467333984375000000e+01
-2.163866043090820312e+01
-7.178632354736328125e+01
-9.045883941650390625e+01
-3.967211914062500000e+01
-8.360366058349609375e+01
9.116213378906250000e+02
1.291625976562500000e+03
1.570344970703125000e+03
1.093653930664062500e+03
1.455291748046875000e+03
1.711081787109375000e+03
1.354436279296875000e+03
1.601850341796875000e+03
1.742558715820312500e+03
9.495153808593750000e+01
6.086803054809570312e+01
3.357125091552734375e+01
2.463786697387695312e+01
-2.514712142944335938e+01
-2.563012123107910156e+01
-6.013367462158203125e+01
-1.073668670654296875e+02
-1.042032241821289062e+02
4.511897277832031250e+01
3.446667861938476562e+01
1.999862289428710938e+01
6.784813880920410156e+00
1.904243278503417969e+01
2.738928794860839844e+01
-4.187309265136718750e+01
-2.162663078308105469e+01
-1.989326119422912598e+00
5.649412155151367188e+01
8.970026397705078125e+01
1.008266830444335938e+02
7.072019958496093750e+01
1.146043624877929688e+02
1.183917617797851562e+02
7.413834381103515625e+01
1.091369094848632812e+02
1.053593521118164062e+02
1.154427032470703125e+02
2.293870697021484375e+02
3.450676574707031250e+02
1.215612792968750000e+02
3.222421875000000000e+02
4.194465637207031250e+02
8.878244781494140625e+01
3.459295043945312500e+02
4.593032226562500000e+02
1.119789352416992188e+02
1.329806060791015625e+02
1.080420837402343750e+02
1.473084411621093750e+02
2.114668884277343750e+02
1.765841522216796875e+02
1.298824501037597656e+01
1.034679794311523438e+02
1.471647033691406250e+02
4.310789489746093750e+02
5.558950195312500000e+02
5.819223022460937500e+02
5.322821044921875000e+02
7.353510131835937500e+02
7.029445800781250000e+02
6.279338989257812500e+02
8.525670166015625000e+02
8.094143066406250000e+02
1.296608886718750000e+02
3.422519302368164062e+01
-3.161305809020996094e+01
-4.810974121093750000e+00
-5.839477920532226562e+01
-9.618084716796875000e+01
-1.825097808837890625e+02
-1.598351440429687500e+02
-1.569224853515625000e+02
3.620959472656250000e+02
4.351730041503906250e+02
5.625173339843750000e+02
4.590217285156250000e+02
4.409674682617187500e+02
5.824688110351562500e+02
4.857991943359375000e+02
3.600315856933593750e+02
4.437177124023437500e+02
2.522733917236328125e+02
2.819242553710937500e+02
2.824633789062500000e+02
2.969110412597656250e+02
3.307054138183593750e+02
3.215400085449218750e+02
3.243254394531250000e+02
3.476968688964843750e+02
3.287461242675781250e+02
1.608105316162109375e+02
2.045326080322265625e+02
2.269184722900390625e+02
1.838351287841796875e+02
2.104640197753906250e+02
2.330617523193359375e+02
2.149857025146484375e+02
2.005149841308593750e+02
2.057296752929687500e+02
7.277413177490234375e+01
9.961554718017578125e+01
8.201950836181640625e+01
6.896337127685546875e+01
1.400299530029296875e+02
9.331040954589843750e+01
6.154825973510742188e+01
1.338587493896484375e+02
9.095241546630859375e+01
1.206373443603515625e+02
1.308062133789062500e+02
1.214940872192382812e+02
1.316648254394531250e+02
1.354118957519531250e+02
1.311310729980468750e+02
1.327766571044921875e+02
1.239328842163085938e+02
1.319424896240234375e+02
1.484604644775390625e+02
1.443692779541015625e+02
1.330337066650390625e+02
1.931316528320312500e+02
2.045275726318359375e+02
1.728248291015625000e+02
1.942097167968750000e+02
2.186632995605468750e+02
1.786880340576171875e+02
7.046884894371032715e-01
1.161710619926452637e+00
5.877494812011718750e-01
6.677954196929931641e-01
9.121849536895751953e-01
6.686103343963623047e-01
4.982057511806488037e-01
7.421736717224121094e-01
8.938305377960205078e-01
3.434099960327148438e+01
3.038955307006835938e+01
1.183209705352783203e+01
5.198183059692382812e+01
4.931381225585937500e+01
8.820457458496093750e+00
6.628462219238281250e+01
5.910106658935546875e+01
1.001049232482910156e+01
5.939605102539062500e+02
6.762542724609375000e+02
6.429780883789062500e+02
6.722554321289062500e+02
7.512093505859375000e+02
7.273438110351562500e+02
6.270757446289062500e+02
6.807548828125000000e+02
6.622529296875000000e+02
5.356938171386718750e+01
3.864118576049804688e+01
3.423884201049804688e+01
6.179213333129882812e+01
4.933898544311523438e+01
5.055045700073242188e+01
6.317816543579101562e+01
6.636486053466796875e+01
8.239402770996093750e+01
2.103759193420410156e+01
6.611750602722167969e+00
7.865531921386718750e+00
2.371063232421875000e+01
1.312847423553466797e+01
1.590855503082275391e+01
3.363631057739257812e+01
4.376451110839843750e+01
2.184159469604492188e+01
3.665565109252929688e+01
3.618368530273437500e+01
3.322787475585937500e+01
4.426787185668945312e+01
4.130928421020507812e+01
3.194099235534667969e+01
5.109716796875000000e+01
4.876935958862304688e+01
3.263804626464843750e+01
1.150847930908203125e+02
1.137763748168945312e+02
1.554103240966796875e+02
1.647941589355468750e+02
1.588497619628906250e+02
1.663187408447265625e+02
1.934233245849609375e+02
1.668336181640625000e+02
1.471851501464843750e+02
2.045724639892578125e+02
2.022901611328125000e+02
1.363172607421875000e+02
2.306804351806640625e+02
2.126519470214843750e+02
1.398924407958984375e+02
2.652375183105468750e+02
2.532641754150390625e+02
1.526523895263671875e+02
2.252349548339843750e+02
1.804925384521484375e+02
2.008890686035156250e+02
2.449676818847656250e+02
1.776659698486328125e+02
1.774974975585937500e+02
2.600803222656250000e+02
1.657934417724609375e+02
1.397574768066406250e+02
5.191774749755859375e+01
1.882209014892578125e+01
2.954859733581542969e+01
7.125491333007812500e+01
3.137290763854980469e+01
4.221318054199218750e+01
9.317840576171875000e+01
5.502291488647460938e+01
4.570126342773437500e+01
2.648619689941406250e+02
3.363654785156250000e+02
3.643649597167968750e+02
2.979375915527343750e+02
3.876884460449218750e+02
4.468835144042968750e+02
3.008134765625000000e+02
3.907527465820312500e+02
4.676348571777343750e+02
1.700251617431640625e+02
1.704436798095703125e+02
2.158932800292968750e+02
9.520394134521484375e+01
5.405495834350585938e+01
1.182129135131835938e+02
9.798435211181640625e+01
9.190499877929687500e+01
1.024565734863281250e+02
1.244667053222656250e+02
9.871642303466796875e+01
1.396550598144531250e+02
8.438868713378906250e+01
9.741178894042968750e+01
1.447286834716796875e+02
7.913529968261718750e+01
4.844206619262695312e+01
1.406896209716796875e+02
2.887349891662597656e+01
-1.342164134979248047e+01
1.182357101440429688e+02
2.597517585754394531e+01
-6.918766975402832031e+00
1.439438781738281250e+02
2.058826446533203125e+01
2.239049911499023438e+01
1.044568710327148438e+02
3.908868026733398438e+01
1.116425704956054688e+01
3.823153305053710938e+01
1.179407405853271484e+01
-1.913204574584960938e+01
1.598523712158203125e+01
5.860465049743652344e+00
-2.168970870971679688e+01
1.825332450866699219e+01
1.808342132568359375e+02
1.658483734130859375e+02
1.635847015380859375e+02
8.998787689208984375e+01
8.539107513427734375e+01
1.361260986328125000e+02
1.473315887451171875e+02
1.156904983520507812e+02
1.763421630859375000e+02
3.121781349182128906e-01
1.306042075157165527e+00
2.672286510467529297e+00
6.295267343521118164e-01
1.378490686416625977e+00
4.869399368762969971e-01
5.940383672714233398e-01
5.954272150993347168e-01
4.243951141834259033e-01
5.625361251831054688e+01
6.619644927978515625e+01
6.350314331054687500e+01
3.568664932250976562e+01
8.823029327392578125e+01
8.175980377197265625e+01
-3.979882240295410156e+00
6.295895004272460938e+01
4.565476989746093750e+01
2.419170684814453125e+02
2.056889953613281250e+02
2.676021423339843750e+02
6.275708389282226562e+01
1.241075611114501953e+01
1.577665710449218750e+02
1.202801971435546875e+02
9.407976531982421875e+01
2.386787414550781250e+02
9.627305603027343750e+01
1.230939254760742188e+02
1.324459228515625000e+02
8.564797210693359375e+01
8.385356140136718750e+01
8.331819152832031250e+01
1.255574951171875000e+02
9.233614349365234375e+01
6.377667617797851562e+01
3.887472915649414062e+01
7.570742034912109375e+01
4.777694320678710938e+01
1.886399459838867188e+01
3.612031555175781250e+01
4.588447952270507812e+01
1.999295043945312500e+01
1.494073581695556641e+01
2.794167518615722656e+01
2.146678161621093750e+01
2.552113723754882812e+01
2.791520118713378906e+01
7.540685176849365234e+00
2.092192459106445312e+01
2.706795120239257812e+01
6.700828552246093750e+00
2.032189941406250000e+01
2.266039276123046875e+01
1.762572937011718750e+02
1.329699096679687500e+02
7.743542480468750000e+01
1.303106842041015625e+02
1.229946289062500000e+02
2.751916503906250000e+01
1.967150306701660156e+01
6.355670547485351562e+01
1.712652015686035156e+01
1.573968353271484375e+02
1.571351623535156250e+02
1.699529876708984375e+02
1.340401763916015625e+02
1.553845214843750000e+02
1.710113830566406250e+02
2.236630249023437500e+01
2.063084793090820312e+01
1.069794311523437500e+02
1.236153488159179688e+02
1.196138458251953125e+02
3.861676025390625000e+01
5.547766113281250000e+01
9.729534912109375000e+01
3.028909111022949219e+01
5.122127151489257812e+01
1.111759490966796875e+02
5.227210617065429688e+01
1.714122467041015625e+02
2.218490295410156250e+02
1.276200332641601562e+02
1.114862670898437500e+02
1.589136199951171875e+02
8.314255523681640625e+01
8.010620880126953125e+01
1.449268035888671875e+02
9.682727813720703125e+01
1.623191680908203125e+02
1.167585144042968750e+02
2.428491973876953125e+02
1.077756881713867188e+02
3.115821838378906250e+01
1.888556365966796875e+02
8.807807159423828125e+01
1.419070720672607422e+00
1.290122680664062500e+02
-4.808509765625000000e+03
-4.640728515625000000e+03
-4.338990722656250000e+03
-5.159256347656250000e+03
-5.060096679687500000e+03
-4.725625976562500000e+03
-4.839433105468750000e+03
-4.868527832031250000e+03
-4.379165039062500000e+03
-2.910139892578125000e+03
-2.734876220703125000e+03
-2.695194580078125000e+03
-2.815167724609375000e+03
-2.594307617187500000e+03
-2.345659179687500000e+03
-2.521825439453125000e+03
-2.547087646484375000e+03
-2.358969482421875000e+03
-5.978562622070312500e+02
-2.346180725097656250e+02
-2.005139617919921875e+02
-7.348892211914062500e+02
-2.868883972167968750e+02
-3.945227355957031250e+02
-7.798099975585937500e+02
-3.763517761230468750e+02
-4.167529907226562500e+02
-2.515026611328125000e+03
-2.336116699218750000e+03
-1.947128295898437500e+03
-2.473473144531250000e+03
-2.247740478515625000e+03
-1.836395141601562500e+03
-2.383449218750000000e+03
-2.089633300781250000e+03
-1.831737060546875000e+03
-8.562089233398437500e+02
-3.035502624511718750e+02
-4.864024658203125000e+02
-1.578856201171875000e+03
-9.072489624023437500e+02
-1.226538574218750000e+03
-1.149138183593750000e+03
-5.603850097656250000e+02
-9.351798706054687500e+02
-4.513763904571533203e+00
-5.885690212249755859e+00
-2.755671739578247070e+00
1.450972110033035278e-01
-2.899126291275024414e+00
-1.889570474624633789e+00
-2.330343484878540039e+00
-2.471309423446655273e+00
-1.424431562423706055e+00
-1.339082031250000000e+02
-2.275686645507812500e+01
-5.378709411621093750e+01
-7.730671691894531250e+01
9.013267517089843750e+01
1.240086746215820312e+01
-4.543262100219726562e+01
8.282840728759765625e+01
1.353209533691406250e+02
-1.224132031250000000e+04
-1.118671093750000000e+04
-9.460575195312500000e+03
-1.207407714843750000e+04
-1.119271972656250000e+04
-9.756504882812500000e+03
-1.111522265625000000e+04
-1.028563574218750000e+04
-9.195968750000000000e+03
2.262958679199218750e+02
2.102613220214843750e+02
2.007661743164062500e+02
1.946755371093750000e+02
3.201645812988281250e+02
2.990090026855468750e+02
9.746009826660156250e+01
3.798602905273437500e+02
2.946701660156250000e+02
-3.852549362182617188e+01
-4.326559448242187500e+01
-2.894371414184570312e+01
-1.718073730468750000e+02
-8.374980926513671875e+01
-4.305612945556640625e+01
-9.608506774902343750e+01
8.128431701660156250e+01
1.399015045166015625e+02
-6.469207153320312500e+02
-5.625719604492187500e+02
-5.038926086425781250e+02
-6.185159301757812500e+02
-5.777219848632812500e+02
-5.468918457031250000e+02
-5.197690429687500000e+02
-5.129526977539062500e+02
-4.869910278320312500e+02
-2.165618408203125000e+03
-2.619948486328125000e+03
-2.745920410156250000e+03
-2.192416015625000000e+03
-2.655087890625000000e+03
-2.738116210937500000e+03
-1.847005859375000000e+03
-2.478386962890625000e+03
-2.436435058593750000e+03
-3.227012939453125000e+03
-2.909374755859375000e+03
-3.034766357421875000e+03
-3.362925537109375000e+03
-3.054203613281250000e+03
-3.031358642578125000e+03
-3.097502929687500000e+03
-2.890488037109375000e+03
-2.855146484375000000e+03
-5.423140136718750000e+03
-5.033768554687500000e+03
-4.758710937500000000e+03
-5.579888183593750000e+03
-5.068957031250000000e+03
-4.707214843750000000e+03
-5.441885742187500000e+03
-5.059670898437500000e+03
-4.475898925781250000e+03
3.227400970458984375e+01
-1.504205322265625000e+02
-4.041191864013671875e+01
6.456717681884765625e+01
6.443437194824218750e+01
1.267160644531250000e+02
1.074886932373046875e+02
1.286101531982421875e+02
7.449411773681640625e+01
-4.669563476562500000e+03
-3.408786621093750000e+03
-2.657019775390625000e+03
-4.625187500000000000e+03
-3.312736816406250000e+03
-2.664841308593750000e+03
-4.599326660156250000e+03
-3.108399169921875000e+03
-2.836742675781250000e+03
5.450088500976562500e+02
5.657066040039062500e+02
6.207321777343750000e+02
5.706294555664062500e+02
5.698740844726562500e+02
6.343734130859375000e+02
5.426260986328125000e+02
5.408649291992187500e+02
6.236746215820312500e+02
7.719664306640625000e+02
8.074204101562500000e+02
8.546852416992187500e+02
7.724359741210937500e+02
8.302844238281250000e+02
8.768659057617187500e+02
8.504152832031250000e+02
9.217813110351562500e+02
9.855795288085937500e+02
4.554393768310546875e+01
5.680646896362304688e+01
4.918989181518554688e+01
4.352883148193359375e+01
4.913861465454101562e+01
6.223376464843750000e+01
3.488572311401367188e+01
1.978856086730957031e+01
5.078113174438476562e+01
8.624452209472656250e+01
9.848024749755859375e+01
8.744682312011718750e+01
7.714170074462890625e+01
9.403433990478515625e+01
8.082999420166015625e+01
8.799458312988281250e+01
1.080285186767578125e+02
9.649940490722656250e+01
1.104933013916015625e+02
1.566993103027343750e+02
1.278361358642578125e+02
1.445258789062500000e+02
2.186237640380859375e+02
1.912015686035156250e+02
9.132406616210937500e+01
1.543938140869140625e+02
1.096584777832031250e+02
-3.821716606616973877e-01
-6.247084140777587891e-01
-3.634214401245117188e-01
5.571006536483764648e-01
5.098150968551635742e-01
2.436664402484893799e-01
1.792643189430236816e+00
1.629114389419555664e+00
1.471222639083862305e+00
5.398657836914062500e+02
5.669835205078125000e+02
5.858099365234375000e+02
5.629443969726562500e+02
5.956361083984375000e+02
6.126250610351562500e+02
5.246909790039062500e+02
5.569141845703125000e+02
5.796090698242187500e+02
4.062606506347656250e+02
4.669812011718750000e+02
4.904899902343750000e+02
3.435950622558593750e+02
4.262180175781250000e+02
4.550493164062500000e+02
3.942459106445312500e+02
4.536254882812500000e+02
4.727802429199218750e+02
-2.077585220336914062e+01
1.323080158233642578e+01
3.329089355468750000e+01
2.899411201477050781e+00
3.687718963623046875e+01
5.265309143066406250e+01
7.996993064880371094e+00
3.571208190917968750e+01
4.390379333496093750e+01
-2.726765394210815430e+00
1.439786815643310547e+01
3.121206283569335938e+01
2.941319227218627930e+00
-2.963521480560302734e+00
2.087841606140136719e+01
-9.539983749389648438e+00
7.079281806945800781e+00
8.500790596008300781e+00
2.834085655212402344e+01
2.741622161865234375e+01
3.104486846923828125e+01
2.234597587585449219e+01
2.181974220275878906e+01
2.475535774230957031e+01
1.761008071899414062e+01
1.564138698577880859e+01
2.044903182983398438e+01
7.263211059570312500e+01
3.604417037963867188e+01
3.317467498779296875e+01
7.050795745849609375e+01
4.902536773681640625e+01
4.161756896972656250e+01
6.610940551757812500e+01
5.898695755004882812e+01
5.787389755249023438e+01
1.085737060546875000e+03
1.165622070312500000e+03
1.204746704101562500e+03
1.101924682617187500e+03
1.202964111328125000e+03
1.262487060546875000e+03
1.075366088867187500e+03
1.195392700195312500e+03
1.249841552734375000e+03
3.683551635742187500e+02
4.011533813476562500e+02
4.078150329589843750e+02
3.779670715332031250e+02
4.248846435546875000e+02
4.399657287597656250e+02
4.082671203613281250e+02
4.419073181152343750e+02
4.654769287109375000e+02
8.996222686767578125e+01
9.469269561767578125e+01
1.170720062255859375e+02
7.835488891601562500e+01
1.044902801513671875e+02
1.232995910644531250e+02
9.573431396484375000e+01
1.103293609619140625e+02
1.134481887817382812e+02
5.347182617187500000e+02
6.839989013671875000e+02
6.816831665039062500e+02
4.966863403320312500e+02
6.571128540039062500e+02
6.345107421875000000e+02
5.008886413574218750e+02
6.635402832031250000e+02
6.389549560546875000e+02
3.030600309371948242e+00
-1.509216308593750000e+01
-1.503810787200927734e+01
-1.067981529235839844e+01
-2.816234588623046875e+01
-3.186512184143066406e+01
-3.004063034057617188e+01
-4.828057479858398438e+01
-4.688191223144531250e+01
-4.481921005249023438e+01
-6.083924484252929688e+01
-4.067674255371093750e+01
-5.697299575805664062e+01
-7.049598693847656250e+01
-4.531074905395507812e+01
-2.134691047668457031e+01
-2.704894828796386719e+01
-1.014531421661376953e+01
-1.434260940551757812e+01
-3.957674407958984375e+01
-1.996122741699218750e+01
-2.041544723510742188e+01
-4.295765304565429688e+01
-2.080299949645996094e+01
-2.938613700866699219e+01
-4.479792404174804688e+01
-7.498417377471923828e+00
1.556962251663208008e+00
-3.566906213760375977e+00
-1.190276050567626953e+01
-8.078639984130859375e+00
-2.113711357116699219e+01
-3.148938369750976562e+01
-1.363897991180419922e+01
-2.334873771667480469e+01
-2.928087425231933594e+01
2.990249633789062500e+00
1.736792683601379395e+00
-2.655374765396118164e+00
-5.217934608459472656e+00
-6.669146060943603516e+00
-1.801593780517578125e+01
-2.243070030212402344e+01
-2.549696922302246094e+01
-2.303671646118164062e+01
-5.374964475631713867e-01
-7.225415110588073730e-01
-1.742357164621353149e-01
9.914883971214294434e-02
3.452909588813781738e-01
6.129286289215087891e-01
1.347055379301309586e-02
7.591563463211059570e-02
2.106691151857376099e-01
-1.532397365570068359e+01
-1.446204185485839844e+01
-1.178780364990234375e+01
-1.041565895080566406e+01
-4.955418109893798828e+00
-5.078659057617187500e+00
-1.275052452087402344e+01
-6.491977214813232422e+00
-5.546830892562866211e-01
-1.405526256561279297e+01
-5.437934875488281250e+01
-7.548289489746093750e+01
-5.408110046386718750e+01
-1.005839233398437500e+02
-1.247030181884765625e+02
-7.376800537109375000e+01
-1.032043075561523438e+02
-1.104396820068359375e+02
-1.333307075500488281e+01
-1.165439701080322266e+01
-4.952661514282226562e+00
-9.971289634704589844e+00
-4.859420299530029297e+00
-3.869470834732055664e+00
-5.938496112823486328e+00
4.855529069900512695e-01
-2.649853229522705078e+00
-4.385015487670898438e+00
-2.258705139160156250e+00
-1.546411991119384766e+00
2.286392927169799805e+00
-1.606445789337158203e+00
-4.008460521697998047e+00
3.495074272155761719e+00
4.744058609008789062e+00
-1.339021563529968262e+00
-1.752432584762573242e+00
-5.701457023620605469e+00
-6.707230091094970703e+00
-4.789596080780029297e+00
-8.275524139404296875e+00
-8.202902793884277344e+00
-6.919627189636230469e+00
-7.580447196960449219e+00
-5.035501956939697266e+00
1.998863816261291504e-01
5.129959583282470703e+00
-2.808528661727905273e+00
3.830975294113159180e+00
-6.297705173492431641e-01
-3.944129467010498047e+00
-1.180940985679626465e+00
-1.589731502532958984e+01
-2.302424049377441406e+01
-7.008664703369140625e+01
-6.869737243652343750e+01
-5.078650283813476562e+01
-4.115733718872070312e+01
-4.006461334228515625e+01
-2.191590118408203125e+01
-1.816579627990722656e+01
-1.301727294921875000e+01
-1.636740803718566895e+00
-3.074999809265136719e+00
-1.957849025726318359e+00
-1.833537292480468750e+01
-1.940575599670410156e+01
-2.286815643310546875e+01
-3.464821624755859375e+01
-2.224035072326660156e+01
-2.435666275024414062e+01
-2.860639572143554688e+01
-5.022874069213867188e+01
-2.619859504699707031e+01
-1.934010887145996094e+01
-9.126234054565429688e+00
2.099894046783447266e+00
-9.966033697128295898e-01
2.343980550765991211e+00
-2.084306001663208008e+00
-1.155364155769348145e+00
-9.765659332275390625e+00
-4.214302825927734375e+01
-4.603109359741210938e+01
-1.483880043029785156e+01
-4.797529220581054688e+01
-5.121689224243164062e+01
-3.271338272094726562e+01
-6.481933593750000000e+01
-5.583821105957031250e+01
5.155790405273437500e+02
4.665646362304687500e+02
4.093154296875000000e+02
3.849720153808593750e+02
3.346181640625000000e+02
2.982284851074218750e+02
1.977619018554687500e+02
1.784069824218750000e+02
1.856589355468750000e+02
2.287173004150390625e+02
1.168048019409179688e+02
1.711376647949218750e+02
1.819471130371093750e+02
9.878455352783203125e+01
1.013274307250976562e+02
1.216623306274414062e+02
1.213668441772460938e+02
1.372602996826171875e+02
1.178134841918945312e+02
5.303763961791992188e+01
5.003317642211914062e+01
6.483205413818359375e+01
-3.207418441772460938e+00
5.360000610351562500e+01
6.337742233276367188e+01
3.944593811035156250e+01
8.387905883789062500e+01
2.289938201904296875e+02
1.960249633789062500e+02
1.634120330810546875e+02
2.148736877441406250e+02
1.885323944091796875e+02
1.309974365234375000e+02
1.460400543212890625e+02
1.388726806640625000e+02
9.938098144531250000e+01
2.058828887939453125e+02
1.329039306640625000e+02
1.302170104980468750e+02
8.257379150390625000e+01
-5.634027481079101562e+01
-3.024570274353027344e+01
-2.823698730468750000e+02
-2.678475341796875000e+02
-1.596866149902343750e+02
-2.917378187179565430e+00
-1.060846090316772461e+00
-4.307098090648651123e-01
5.492134094238281250e-01
1.706634163856506348e+00
1.924878954887390137e+00
1.696870088577270508e+00
3.045823097229003906e+00
1.365809202194213867e+00
-1.341579151153564453e+01
2.976967811584472656e+01
5.049858093261718750e-01
-1.626394152641296387e+00
1.204383659362792969e+01
-2.518177986145019531e+01
-2.857713508605957031e+01
-1.643828034400939941e+00
-1.553444290161132812e+01
1.205993164062500000e+03
1.012772888183593750e+03
7.684951171875000000e+02
5.848614501953125000e+02
4.763628540039062500e+02
3.862019958496093750e+02
4.643908386230468750e+02
4.937511596679687500e+02
4.712360839843750000e+02
1.055171737670898438e+02
1.026630096435546875e+02
9.619258117675781250e+01
1.299107360839843750e+02
1.389099273681640625e+02
1.212768859863281250e+02
3.929811859130859375e+01
7.245547771453857422e+00
-4.969321060180664062e+01
2.076557540893554688e+01
2.644405364990234375e+01
2.836411857604980469e+01
8.492095184326171875e+01
8.215238189697265625e+01
7.260630798339843750e+01
7.366745758056640625e+01
1.619454193115234375e+01
3.461053085327148438e+01
6.071357345581054688e+01
5.235590362548828125e+01
3.116807556152343750e+01
1.543578338623046875e+01
1.769250679016113281e+01
1.462040424346923828e+01
-6.262050628662109375e+00
1.234259223937988281e+01
2.050940132141113281e+01
3.370288391113281250e+02
3.818876342773437500e+02
3.382450561523437500e+02
1.722584991455078125e+02
2.096564025878906250e+02
1.252395782470703125e+02
1.582405090332031250e+02
2.100709228515625000e+02
2.218233947753906250e+02
1.820208282470703125e+02
2.024518890380859375e+02
2.203951721191406250e+02
2.626188354492187500e+02
2.775599975585937500e+02
2.190169372558593750e+02
2.368824615478515625e+02
2.282727203369140625e+02
1.625077972412109375e+02
3.839498901367187500e+02
3.672863159179687500e+02
2.492978668212890625e+02
2.116747894287109375e+02
2.139050445556640625e+02
1.939524536132812500e+02
2.135332794189453125e+02
2.715805969238281250e+02
2.800486145019531250e+02
2.492888450622558594e+01
5.724382781982421875e+01
1.097705650329589844e+01
2.170932006835937500e+02
2.156786193847656250e+02
8.707463073730468750e+01
1.493298797607421875e+02
7.962785339355468750e+01
-5.846143341064453125e+01
6.416651611328125000e+02
3.974852600097656250e+02
3.476541748046875000e+02
4.771152648925781250e+02
1.858186035156250000e+02
1.660781402587890625e+02
3.089773559570312500e+02
1.243738021850585938e+02
1.388352508544921875e+02
2.181660003662109375e+02
2.598851318359375000e+02
2.234526977539062500e+02
2.145437316894531250e+02
2.675873718261718750e+02
1.984097747802734375e+02
2.107280273437500000e+02
2.340251312255859375e+02
1.743298950195312500e+02
1.481306915283203125e+02
2.267517700195312500e+02
2.036992645263671875e+02
1.390712280273437500e+02
2.163873138427734375e+02
1.614697265625000000e+02
1.103905105590820312e+02
1.717322540283203125e+02
1.154044494628906250e+02
-7.800718307495117188e+00
7.138130187988281250e+01
8.053390502929687500e+01
2.036861228942871094e+01
9.674033355712890625e+01
5.253900909423828125e+01
5.637082672119140625e+01
1.012739486694335938e+02
2.822789001464843750e+01
1.153391571044921875e+02
1.090131530761718750e+02
1.108304138183593750e+02
9.888094329833984375e+01
9.886933135986328125e+01
1.107149810791015625e+02
9.311740112304687500e+01
9.220885467529296875e+01
1.015267410278320312e+02
2.051960563659667969e+01
-4.215804576873779297e+00
1.959971809387207031e+01
9.523217773437500000e+01
7.531544494628906250e+01
8.374356842041015625e+01
2.785501861572265625e+01
-1.698401451110839844e+01
3.254160165786743164e+00
3.170523643493652344e-01
-8.034111559391021729e-02
-6.953986287117004395e-01
-2.322849482297897339e-01
-3.537078499794006348e-01
-5.133720636367797852e-01
4.149074554443359375e-01
3.495423495769500732e-01
-7.310391217470169067e-02
3.370219421386718750e+01
5.568584060668945312e+01
4.061251449584960938e+01
5.758033752441406250e+01
6.817834472656250000e+01
3.540125656127929688e+01
6.068051528930664062e+01
4.597275161743164062e+01
8.324570655822753906e+00
5.616770019531250000e+02
5.265859985351562500e+02
5.142974243164062500e+02
4.764089050292968750e+02
4.740246887207031250e+02
4.785249633789062500e+02
4.420053710937500000e+02
4.226250305175781250e+02
4.056290283203125000e+02
-2.717831802368164062e+01
-4.098835754394531250e+01
-4.476737594604492188e+01
-2.554859924316406250e+01
-3.650736999511718750e+01
-4.653444671630859375e+01
-8.571948051452636719e+00
-1.773636627197265625e+01
-2.529253005981445312e+01
-6.916701316833496094e+00
-1.254567146301269531e+01
-6.953717231750488281e+00
-9.561506271362304688e+00
-1.525103569030761719e+01
-8.162883758544921875e+00
-4.085318088531494141e+00
-4.062092304229736328e-01
-8.501540184020996094e+00
2.413702011108398438e+01
2.685934448242187500e+01
3.187555885314941406e+01
2.581306457519531250e+01
2.980101585388183594e+01
2.939714813232421875e+01
1.462766456604003906e+01
1.644897842407226562e+01
1.454909896850585938e+01
1.262801055908203125e+02
1.394096984863281250e+02
1.124065856933593750e+02
1.029884796142578125e+02
1.080985260009765625e+02
8.933343505859375000e+01
1.070642547607421875e+02
1.180429916381835938e+02
1.090183868408203125e+02
2.298783416748046875e+02
2.390089874267578125e+02
1.891354064941406250e+02
2.144433593750000000e+02
2.059896392822265625e+02
1.598039855957031250e+02
1.845691528320312500e+02
1.763487548828125000e+02
1.329913024902343750e+02
2.645737915039062500e+02
2.588291320800781250e+02
2.248738861083984375e+02
2.598710327148437500e+02
2.314222717285156250e+02
1.915819396972656250e+02
2.535131072998046875e+02
2.250487670898437500e+02
1.753273010253906250e+02
-1.007083892822265625e+01
-4.241939926147460938e+01
-5.324017715454101562e+01
-2.350392723083496094e+01
-6.148983001708984375e+01
-5.041515731811523438e+01
-1.782775688171386719e+01
-4.510190963745117188e+01
-2.991942596435546875e+01
2.323928985595703125e+02
1.944831237792968750e+02
2.444626770019531250e+02
1.914031829833984375e+02
1.795266571044921875e+02
2.008298492431640625e+02
1.956970367431640625e+02
2.021307678222656250e+02
2.018888397216796875e+02
-3.770328063964843750e+02
-4.249742736816406250e+02
-4.664587402343750000e+02
-3.427970275878906250e+02
-3.655743408203125000e+02
-4.174125366210937500e+02
-2.915946960449218750e+02
-2.973347167968750000e+02
-3.532597351074218750e+02
-1.114140701293945312e+02
-9.985674285888671875e+01
-1.175777893066406250e+02
-1.160782699584960938e+02
-9.300482940673828125e+01
-1.013500900268554688e+02
-1.403393554687500000e+02
-1.308183898925781250e+02
-1.305269775390625000e+02
-7.294632720947265625e+01
-7.990301513671875000e+01
-6.854946899414062500e+01
-7.904108428955078125e+01
-7.684543609619140625e+01
-8.824089050292968750e+01
-8.582410430908203125e+01
-6.704538726806640625e+01
-9.381208038330078125e+01
-4.671411132812500000e+01
-6.976464843750000000e+01
-8.680139160156250000e+01
-4.067638778686523438e+01
-6.441012573242187500e+01
-7.882939910888671875e+01
-4.330342102050781250e+01
-7.196681213378906250e+01
-8.509547424316406250e+01
-4.085052490234375000e+02
-4.069854431152343750e+02
-3.602976379394531250e+02
-3.733087768554687500e+02
-3.860491638183593750e+02
-3.586475219726562500e+02
-3.156919555664062500e+02
-3.296615905761718750e+02
-2.987929077148437500e+02
-8.393748998641967773e-01
-1.375073552131652832e+00
-1.851815462112426758e+00
-9.915907382965087891e-01
-1.540728569030761719e+00
-1.811481356620788574e+00
-1.576117634773254395e+00
-1.483026385307312012e+00
-1.149989366531372070e+00
-6.848012542724609375e+01
-6.685984802246093750e+01
-6.858431243896484375e+01
-6.599524688720703125e+01
-7.072853851318359375e+01
-5.743764495849609375e+01
-7.949553680419921875e+01
-7.929612731933593750e+01
-6.610314941406250000e+01
-3.624941711425781250e+02
-4.872717285156250000e+02
-5.383202514648437500e+02
-2.895344848632812500e+02
-4.110530700683593750e+02
-4.639384155273437500e+02
-3.277977294921875000e+02
-4.225962219238281250e+02
-4.736787414550781250e+02
-4.066589355468750000e+02
-4.097836914062500000e+02
-3.969435119628906250e+02
-3.594610900878906250e+02
-3.606534118652343750e+02
-3.616981506347656250e+02
-3.018010559082031250e+02
-3.033290405273437500e+02
-3.040650939941406250e+02
-1.059819641113281250e+02
-9.815317535400390625e+01
-9.016792297363281250e+01
-8.584654998779296875e+01
-1.059354782104492188e+02
-1.040713043212890625e+02
-6.724623870849609375e+01
-7.117160797119140625e+01
-8.508389282226562500e+01
-5.412410354614257812e+01
-5.815345001220703125e+01
-6.156618118286132812e+01
-4.885578155517578125e+01
-5.533053207397460938e+01
-5.962728500366210938e+01
-5.130927276611328125e+01
-5.516128540039062500e+01
-5.962832260131835938e+01
-8.148990631103515625e+01
-9.643160247802734375e+01
-1.403876190185546875e+02
-1.260020599365234375e+02
-1.414644622802734375e+02
-1.627534027099609375e+02
-1.590613861083984375e+02
-1.856882934570312500e+02
-2.063046569824218750e+02
-1.728179321289062500e+02
-1.589701690673828125e+02
-1.610803833007812500e+02
-2.010798339843750000e+02
-1.989215393066406250e+02
-1.880587615966796875e+02
-2.021386108398437500e+02
-2.267337188720703125e+02
-2.216455841064453125e+02
-5.928815078735351562e+01
-1.015138397216796875e+02
-1.415603790283203125e+02
-5.440580368041992188e+01
-9.454309082031250000e+01
-1.323516387939453125e+02
-8.585545349121093750e+01
-1.294973754882812500e+02
-1.649705047607421875e+02
-4.682165832519531250e+02
-4.562182006835937500e+02
-4.309611816406250000e+02
-5.017628173828125000e+02
-4.852738342285156250e+02
-4.550788269042968750e+02
-4.611498107910156250e+02
-4.603962402343750000e+02
-4.344701843261718750e+02
-4.625011901855468750e+02
-5.380919189453125000e+02
-4.955526428222656250e+02
-4.034699096679687500e+02
-4.530465698242187500e+02
-4.346026611328125000e+02
-3.564986267089843750e+02
-3.834771728515625000e+02
-3.580435180664062500e+02
-2.719921112060546875e+01
-2.196521186828613281e+01
-1.789225769042968750e+01
-2.744932746887207031e+01
-1.655231475830078125e+01
-1.175120925903320312e+01
-2.028101730346679688e+01
-1.089983749389648438e+01
-1.092761325836181641e+01
-7.090987682342529297e+00
-2.424766063690185547e+00
-1.109439945220947266e+01
-9.948202133178710938e+00
-2.141027212142944336e+00
-1.321223354339599609e+01
-1.522142219543457031e+01
-1.070052337646484375e+01
-2.051626586914062500e+01
5.933607816696166992e-01
-1.557554006576538086e+00
-2.359201431274414062e+00
-1.774102568626403809e+00
-1.354982137680053711e+00
-5.757974624633789062e+00
-2.452605009078979492e+00
-2.288168668746948242e-01
-2.479974269866943359e+00
-2.701354980468750000e+00
-6.718893051147460938e-01
-3.389941692352294922e+00
-1.306693911552429199e+00
1.467672705650329590e+00
6.669017076492309570e-01
-1.096086978912353516e+00
-7.763204574584960938e-01
5.667759776115417480e-01
-2.788443565368652344e+01
-3.017774963378906250e+01
-2.577008247375488281e+01
-2.296892547607421875e+01
-3.448005294799804688e+01
-2.890332412719726562e+01
-1.342356491088867188e+01
-2.518552589416503906e+01
-2.875473594665527344e+01
-3.335843235254287720e-02
-2.900278568267822266e-02
-9.927284717559814453e-02
-7.977309823036193848e-02
-4.019186645746231079e-02
8.519239723682403564e-03
-1.455940119922161102e-02
-1.949894055724143982e-02
-8.124743402004241943e-02
-5.904810428619384766e+00
-8.157394409179687500e+00
-1.665345954895019531e+01
-3.249459743499755859e+00
-6.779390811920166016e+00
-1.420403671264648438e+01
-2.741074562072753906e+00
-5.693826675415039062e+00
-1.243648147583007812e+01
-1.907040214538574219e+01
-5.977605342864990234e+00
-2.323436355590820312e+01
-1.043394660949707031e+01
-2.928313255310058594e+00
-1.619513130187988281e+01
-1.740282058715820312e+01
-5.303967475891113281e+00
-8.520490646362304688e+00
-1.346265888214111328e+01
-1.997890472412109375e+01
-1.967440032958984375e+01
-5.978623390197753906e+00
-1.050163078308105469e+01
-1.393817806243896484e+01
-1.774137973785400391e+00
-3.155856609344482422e+00
-5.345314502716064453e+00
-1.185046076774597168e+00
-6.071998596191406250e+00
-8.458166122436523438e+00
-7.076476812362670898e-01
-5.456531047821044922e+00
-1.146465587615966797e+01
-7.097033262252807617e-01
-1.998416066169738770e+00
-4.930502891540527344e+00
-3.893005609512329102e+00
-3.985882997512817383e+00
-2.812911033630371094e+00
-3.300108671188354492e+00
-3.805304050445556641e+00
-2.614874839782714844e+00
-3.250674962997436523e+00
-4.057767868041992188e+00
-2.700052022933959961e+00
-1.722014999389648438e+01
-2.833693313598632812e+01
-8.408774375915527344e+00
-3.059431457519531250e+01
-2.829700660705566406e+01
-1.192617416381835938e+01
-3.845037078857421875e+01
-3.475120925903320312e+01
-1.877859497070312500e+01
-1.242995738983154297e+01
-1.404248332977294922e+01
-3.071992492675781250e+01
-1.650805473327636719e+01
-1.818750000000000000e+01
-3.748567581176757812e+01
-1.632139205932617188e+01
-2.012741088867187500e+01
-4.033246231079101562e+01
-5.758075237274169922e+00
-7.791943550109863281e+00
2.911029815673828125e+00
-5.852440834045410156e+00
-8.943152427673339844e+00
1.145474791526794434e+00
-1.388735675811767578e+01
-1.581194019317626953e+01
-4.309946060180664062e+00
-2.076845169067382812e+01
-3.752000045776367188e+01
-4.016634368896484375e+01
-2.217348480224609375e+01
-3.696768569946289062e+01
-4.626001739501953125e+01
-1.130330848693847656e+01
-2.731879425048828125e+01
-3.752053070068359375e+01
-1.227003574371337891e+01
-2.022925186157226562e+01
-3.001879310607910156e+01
-6.358758926391601562e+00
-1.327065277099609375e+01
-2.019312858581542969e+01
-5.063101768493652344e+00
-1.309365367889404297e+01
-1.323969078063964844e+01
-6.734847412109375000e+02
-7.621465454101562500e+02
-6.482864379882812500e+02
-5.832196044921875000e+02
-6.398015136718750000e+02
-5.362008056640625000e+02
-5.032543945312500000e+02
-5.285927124023437500e+02
-4.560387573242187500e+02
-2.078353881835937500e+02
-2.084749603271484375e+02
-1.966119689941406250e+02
-1.270129547119140625e+02
-1.445927886962890625e+02
-1.209910659790039062e+02
-2.064473876953125000e+02
-2.499775848388671875e+02
-2.700003356933593750e+02
-1.374947662353515625e+02
-4.268489837646484375e+01
-1.298216056823730469e+01
-1.318791961669921875e+02
-4.162379455566406250e+01
-7.631815910339355469e+00
-6.463504028320312500e+01
-2.549775314331054688e+01
1.608059120178222656e+01
-6.698325347900390625e+01
-6.047306060791015625e+01
-5.365337753295898438e+01
-4.283609390258789062e+01
-2.409955215454101562e+01
-1.814631271362304688e+01
-3.739884567260742188e+01
-1.819666099548339844e+01
-8.846504211425781250e+00
-8.183417968750000000e+02
-6.547332763671875000e+02
-6.489929199218750000e+02
-7.934847412109375000e+02
-6.056165161132812500e+02
-6.233384399414062500e+02
-6.778590087890625000e+02
-5.052748413085937500e+02
-4.708699645996093750e+02
-1.130849599838256836e+00
-6.732687950134277344e-01
2.847211062908172607e-01
-4.008823931217193604e-01
-1.951216310262680054e-01
-1.579987049102783203e+00
-1.346335530281066895e+00
-1.726628661155700684e+00
-2.294294834136962891e+00
-1.847453460693359375e+02
-1.405977325439453125e+02
-9.666232299804687500e+01
-2.704357604980468750e+02
-1.722719421386718750e+02
-1.398161010742187500e+02
-2.200017089843750000e+02
-9.971994018554687500e+01
-1.062950668334960938e+02
-7.281912841796875000e+02
-7.630236816406250000e+02
-7.114355468750000000e+02
-4.991245727539062500e+02
-4.755578918457031250e+02
-4.088384094238281250e+02
-3.275627441406250000e+02
-3.043048095703125000e+02
-2.449561004638671875e+02
-6.256373291015625000e+02
-6.227503051757812500e+02
-6.067062377929687500e+02
-6.551677246093750000e+02
-7.003994140625000000e+02
-6.848623046875000000e+02
-6.135850219726562500e+02
-6.732811889648437500e+02
-6.458605346679687500e+02
-8.342982482910156250e+01
-1.284736633300781250e+02
-1.098295211791992188e+02
-1.630838623046875000e+02
-2.104895629882812500e+02
-1.773458709716796875e+02
-1.551015777587890625e+02
-2.008973083496093750e+02
-1.592219848632812500e+02
-9.658283996582031250e+01
-8.601103973388671875e+01
-7.932525634765625000e+01
-9.507149505615234375e+01
-7.194969940185546875e+01
-6.299559020996093750e+01
-8.843732452392578125e+01
-6.056628417968750000e+01
-5.606792449951171875e+01
-7.857727813720703125e+01
-1.935048065185546875e+02
-1.840319976806640625e+02
-1.223271560668945312e+02
-1.822231292724609375e+02
-1.279143829345703125e+02
-1.880778961181640625e+02
-1.770457763671875000e+02
-1.596155395507812500e+02
-2.742531127929687500e+02
-2.150598754882812500e+02
-2.846863098144531250e+02
-4.199097595214843750e+02
-3.714570312500000000e+02
-4.416710205078125000e+02
-5.492487182617187500e+02
-5.068574218750000000e+02
-5.738834228515625000e+02
-9.345063018798828125e+01
-9.479203796386718750e+01
-1.383542022705078125e+02
-4.392984771728515625e+01
-2.075296592712402344e+01
-2.152249526977539062e+01
-5.661236190795898438e+01
1.062624168395996094e+01
2.556068611145019531e+01
-6.628851318359375000e+02
-7.956793823242187500e+02
-8.159812622070312500e+02
-8.559981079101562500e+02
-9.771460571289062500e+02
-1.015358459472656250e+03
-9.730538940429687500e+02
-1.044268554687500000e+03
-1.021864746093750000e+03
-8.418969726562500000e+02
-7.254115600585937500e+02
-7.147987060546875000e+02
-7.258289184570312500e+02
-6.790376586914062500e+02
-5.929407348632812500e+02
-5.101743469238281250e+02
-5.483955078125000000e+02
-4.456064147949218750e+02
-1.123663024902343750e+02
-5.252048110961914062e+01
-4.596541595458984375e+01
-1.540664825439453125e+02
-1.254251785278320312e+02
-1.207385711669921875e+02
-2.233353271484375000e+02
-2.397621307373046875e+02
-2.145648193359375000e+02
1.893675537109375000e+02
1.020325622558593750e+02
1.972645874023437500e+02
1.052506484985351562e+02
-7.801126956939697266e+00
9.868321990966796875e+01
7.905595397949218750e+01
-5.807470321655273438e+01
9.952096939086914062e+00
4.524476242065429688e+01
7.052803802490234375e+01
-7.380554962158203125e+01
6.716759490966796875e+01
4.026334762573242188e+00
-1.562581939697265625e+02
5.740411376953125000e+01
-4.524647521972656250e+01
-1.954592285156250000e+02
-1.015325317382812500e+02
8.403118133544921875e+00
6.575161743164062500e+01
-1.424979705810546875e+02
-6.134707260131835938e+01
-2.098333930969238281e+01
-1.208139495849609375e+02
-5.314536666870117188e+01
-7.739862060546875000e+01
-2.817514953613281250e+02
-9.967268371582031250e+01
-1.055138626098632812e+02
-3.419091186523437500e+02
-1.240326385498046875e+02
-1.640051879882812500e+02
-3.290315246582031250e+02
-1.166881256103515625e+02
-1.299975280761718750e+02
-4.696605503559112549e-01
-8.862670063972473145e-01
-2.175921440124511719e+00
-2.866648435592651367e-01
-1.855023145675659180e+00
-1.998363375663757324e+00
-5.437574982643127441e-01
-2.659826040267944336e+00
-1.020447134971618652e+00
2.576856384277343750e+02
2.760704345703125000e+02
2.456062622070312500e+02
2.398483886718750000e+02
2.359460601806640625e+02
2.198438568115234375e+02
2.399091796875000000e+02
2.354719390869140625e+02
2.639504699707031250e+02
-7.554727172851562500e+02
-4.761942443847656250e+02
-1.815378112792968750e+02
-9.313990478515625000e+02
-7.655858154296875000e+02
-4.951443786621093750e+02
-8.860357055664062500e+02
-8.525781250000000000e+02
-7.172188110351562500e+02
-2.203565216064453125e+02
-2.585985717773437500e+02
-1.920203247070312500e+02
-3.313824157714843750e+02
-3.115255737304687500e+02
-2.609281005859375000e+02
-3.573955078125000000e+02
-3.024956054687500000e+02
-2.645099182128906250e+02
-7.456743621826171875e+01
-7.095546722412109375e+01
-7.848428344726562500e+01
-8.443906402587890625e+01
-6.057506561279296875e+01
-4.949080657958984375e+01
-7.628162384033203125e+01
-4.112034606933593750e+01
-3.522583389282226562e+01
-4.876202011108398438e+01
-1.422931671142578125e+01
-4.242431640625000000e+01
-6.540238952636718750e+01
-4.522988128662109375e+01
-7.098366546630859375e+01
-6.703642272949218750e+01
-5.793622589111328125e+01
-7.697759246826171875e+01
-3.348667907714843750e+02
-2.160142364501953125e+02
-3.165357971191406250e+02
-2.931807861328125000e+02
-1.990908966064453125e+02
-3.026874084472656250e+02
-2.701609497070312500e+02
-1.812825622558593750e+02
-2.574862976074218750e+02
2.290864410400390625e+02
3.158813781738281250e+02
3.581411437988281250e+02
2.093151245117187500e+02
3.100439758300781250e+02
4.006117248535156250e+02
1.656428222656250000e+02
2.554777984619140625e+02
3.620646057128906250e+02
-1.213793792724609375e+02
5.341149330139160156e+00
-4.778461837768554688e+01
-1.819853515625000000e+02
-4.873146057128906250e+01
-1.132396697998046875e+02
-1.071221618652343750e+02
-3.381963348388671875e+01
-1.168478775024414062e+02
-3.688455505371093750e+02
-3.548652038574218750e+02
-2.396665344238281250e+02
-4.550718078613281250e+02
-3.529150085449218750e+02
-2.197355041503906250e+02
-4.184950866699218750e+02
-2.545820617675781250e+02
-1.248762741088867188e+02
1.693598175048828125e+01
4.919279479980468750e+01
2.328543853759765625e+02
-1.536786956787109375e+02
-8.058221435546875000e+01
2.656637763977050781e+01
-2.704940185546875000e+02
-1.756788787841796875e+02
-1.836411743164062500e+02
-5.694694137573242188e+01
-6.061457443237304688e+01
-8.891914367675781250e+01
-6.187933731079101562e+01
-5.815916824340820312e+01
-8.971537780761718750e+01
-5.324626541137695312e+01
-4.977492904663085938e+01
-8.247135925292968750e+01
-2.423155784606933594e+01
-1.544505786895751953e+01
-3.207621765136718750e+01
-1.992132759094238281e+01
-9.033679962158203125e+00
-2.408197021484375000e+01
-2.370333862304687500e+01
-1.447093105316162109e+01
-4.217865753173828125e+01
-1.395865249633789062e+01
-2.292411613464355469e+01
-1.467083263397216797e+01
-7.834428310394287109e+00
-1.759099006652832031e+01
-1.910499954223632812e+01
-1.841812849044799805e+00
-1.781354141235351562e+01
-2.694113731384277344e+01
-2.843394041061401367e+00
-1.934379386901855469e+01
-1.878381156921386719e+01
-3.429611444473266602e+00
-1.778672027587890625e+01
-2.064598846435546875e+01
-3.180632114410400391e+00
-1.635817527770996094e+01
-1.953910827636718750e+01
-7.340399169921875000e+01
-1.061295013427734375e+02
-5.444853591918945312e+01
-8.690125274658203125e+01
-1.170055389404296875e+02
-5.716668701171875000e+01
-6.332513427734375000e+01
-9.784902191162109375e+01
-5.258334732055664062e+01
-1.809034682810306549e-02
-1.438469290733337402e-01
-2.068529129028320312e-01
2.507886663079261780e-02
-1.302280277013778687e-01
-4.277449846267700195e-01
-1.418631225824356079e-01
-3.886626958847045898e-01
-7.192580103874206543e-01
-6.960782527923583984e+00
-4.573176383972167969e+00
-9.891057968139648438e+00
-6.478766441345214844e+00
-9.008856773376464844e+00
-1.031535530090332031e+01
-3.115785837173461914e+00
-5.569406032562255859e+00
-7.877089023590087891e+00
-4.531744766235351562e+01
-1.254574050903320312e+02
-1.503369903564453125e+02
-4.087514877319335938e+01
-1.082768783569335938e+02
-1.390229949951171875e+02
-3.787054443359375000e+01
-8.723631286621093750e+01
-1.236357879638671875e+02
-4.057728195190429688e+01
-5.684510040283203125e+01
-4.919229125976562500e+01
-4.515245056152343750e+01
-6.536361694335937500e+01
-6.450510406494140625e+01
-4.077303314208984375e+01
-6.155805587768554688e+01
-6.233722686767578125e+01
-1.534830951690673828e+01
-1.551510047912597656e+01
-1.401352214813232422e+01
-2.118052673339843750e+01
-2.892407226562500000e+01
-2.434806823730468750e+01
-2.283963775634765625e+01
-3.040811729431152344e+01
-2.582721900939941406e+01
-1.071989440917968750e+01
-1.000855636596679688e+01
-1.045666408538818359e+01
-1.084403419494628906e+01
-9.152328491210937500e+00
-8.812796592712402344e+00
-6.682674407958984375e+00
-7.131185054779052734e+00
-7.612425327301025391e+00
-1.618685150146484375e+01
-1.108274650573730469e+01
-3.537973022460937500e+01
-3.028765106201171875e+01
-1.849585151672363281e+01
-2.783288002014160156e+01
-5.826514816284179688e+01
-2.923872566223144531e+01
-2.783928108215332031e+01
-1.396369934082031250e+01
-1.544926452636718750e+01
-2.520092964172363281e+01
-2.655909156799316406e+01
-3.667148590087890625e+01
-3.928133392333984375e+01
-5.075533294677734375e+01
-6.620532989501953125e+01
-6.895587158203125000e+01
6.831604957580566406e+00
-1.067188549041748047e+01
-4.416959762573242188e+01
2.088753461837768555e+00
-1.286081886291503906e+01
-3.591524505615234375e+01
-1.489169025421142578e+01
-2.926108932495117188e+01
-3.692633819580078125e+01
-6.028569412231445312e+01
-6.640773010253906250e+01
-6.569281005859375000e+01
-9.759188079833984375e+01
-1.070400695800781250e+02
-8.850331878662109375e+01
-1.108334579467773438e+02
-1.268494110107421875e+02
-9.624118041992187500e+01
-6.177845382690429688e+01
-1.404899902343750000e+02
-9.107227325439453125e+01
-5.846781539916992188e+01
-1.354530029296875000e+02
-9.610363006591796875e+01
-4.256577682495117188e+01
-1.164985046386718750e+02
-8.443334960937500000e+01
1.099737915039062500e+03
1.017426269531250000e+03
9.416894531250000000e+02
9.686355590820312500e+02
8.776165161132812500e+02
8.433168334960937500e+02
7.275557861328125000e+02
6.721475830078125000e+02
6.755795288085937500e+02
2.695395202636718750e+02
2.648447265625000000e+02
3.833742675781250000e+02
2.180071716308593750e+02
2.265484313964843750e+02
3.326982421875000000e+02
2.163598327636718750e+02
2.628092041015625000e+02
3.706262207031250000e+02
9.256633758544921875e+01
1.197736663818359375e+02
1.501200103759765625e+02
7.124531555175781250e+01
1.130679626464843750e+02
1.747757110595703125e+02
9.312509918212890625e+01
1.280401763916015625e+02
2.012617950439453125e+02
1.533626556396484375e+02
1.240965957641601562e+02
1.341294555664062500e+02
9.295298767089843750e+01
8.079527282714843750e+01
7.881778717041015625e+01
4.724490356445312500e+01
5.512798690795898438e+01
6.022612380981445312e+01
9.406054077148437500e+02
9.158230590820312500e+02
8.339708862304687500e+02
7.869330444335937500e+02
7.582933349609375000e+02
7.362315063476562500e+02
7.024456176757812500e+02
6.816636352539062500e+02
6.836289062500000000e+02
2.206574440002441406e+00
2.005723714828491211e+00
3.204810619354248047e+00
2.418850660324096680e+00
2.944425344467163086e+00
4.070523262023925781e+00
2.333626985549926758e+00
3.312485456466674805e+00
2.986687898635864258e+00
1.308546295166015625e+02
1.137109680175781250e+02
1.455150604248046875e+02
1.425543823242187500e+02
1.644060058593750000e+02
1.946671142578125000e+02
1.863313293457031250e+02
2.107395935058593750e+02
2.351671752929687500e+02
1.180617309570312500e+03
1.179762207031250000e+03
1.253944702148437500e+03
7.222038574218750000e+02
7.407518920898437500e+02
8.376793823242187500e+02
5.156539916992187500e+02
5.219630126953125000e+02
5.721815185546875000e+02
7.606201782226562500e+02
7.792912597656250000e+02
7.461192626953125000e+02
8.231251220703125000e+02
8.252385864257812500e+02
7.895764770507812500e+02
7.659591064453125000e+02
7.458260498046875000e+02
7.066839599609375000e+02
1.671864166259765625e+02
1.593864135742187500e+02
1.390476531982421875e+02
2.228878173828125000e+02
2.452743072509765625e+02
2.277682189941406250e+02
2.063365325927734375e+02
2.086416778564453125e+02
2.400610656738281250e+02
1.215036010742187500e+02
1.094246978759765625e+02
1.015727767944335938e+02
9.848925018310546875e+01
9.342240905761718750e+01
9.247867584228515625e+01
9.350077819824218750e+01
9.072095489501953125e+01
9.445302581787109375e+01
3.571502685546875000e+02
3.055999755859375000e+02
1.904342956542968750e+02
3.250504760742187500e+02
2.502209167480468750e+02
1.697182769775390625e+02
2.885146179199218750e+02
2.708716125488281250e+02
2.129169158935546875e+02
3.295638427734375000e+02
3.331876220703125000e+02
4.254853515625000000e+02
4.036326599121093750e+02
4.294883728027343750e+02
5.161741943359375000e+02
4.611559753417968750e+02
5.204771728515625000e+02
6.115527343750000000e+02
2.942118225097656250e+02
2.744463500976562500e+02
2.440641632080078125e+02
1.650910339355468750e+02
1.791888732910156250e+02
1.423219451904296875e+02
9.821251678466796875e+01
1.335235595703125000e+02
1.133796310424804688e+02
7.762025756835937500e+02
8.357006225585937500e+02
8.367214965820312500e+02
1.052033813476562500e+03
1.067437133789062500e+03
1.001732666015625000e+03
1.154145874023437500e+03
1.145582519531250000e+03
1.069918945312500000e+03
9.106889038085937500e+02
1.009904357910156250e+03
1.019955993652343750e+03
8.785287475585937500e+02
9.628372192382812500e+02
1.031183837890625000e+03
6.944166259765625000e+02
7.447910766601562500e+02
8.327014160156250000e+02
8.302216796875000000e+02
8.266377563476562500e+02
8.481783447265625000e+02
8.472761230468750000e+02
8.276798706054687500e+02
8.408505859375000000e+02
7.952467041015625000e+02
7.683216552734375000e+02
8.154589233398437500e+02
4.200327453613281250e+02
4.922311401367187500e+02
5.999827270507812500e+02
3.607567749023437500e+02
4.452250366210937500e+02
5.959927978515625000e+02
3.128637390136718750e+02
3.996514892578125000e+02
5.568468627929687500e+02
3.898799133300781250e+01
5.791048812866210938e+01
1.454304809570312500e+02
4.427616500854492188e+01
5.279808807373046875e+01
1.877928619384765625e+02
5.439427947998046875e+01
8.427536773681640625e+01
2.225932922363281250e+02
1.696163940429687500e+02
1.924515686035156250e+02
1.632837219238281250e+02
1.203222198486328125e+02
1.435731201171875000e+02
1.429983062744140625e+02
1.190023803710937500e+02
1.136796875000000000e+02
1.363325958251953125e+02
6.718164672851562500e+02
6.977280883789062500e+02
6.435927734375000000e+02
7.224752197265625000e+02
6.979027099609375000e+02
6.532178955078125000e+02
6.519655151367187500e+02
6.525797729492187500e+02
6.223273315429687500e+02
8.368129730224609375e-01
1.215242028236389160e+00
1.065067291259765625e+00
7.202149629592895508e-01
2.100927591323852539e+00
2.259596109390258789e+00
1.847646474838256836e+00
3.073836803436279297e+00
3.438243627548217773e+00
1.348802185058593750e+02
1.799339447021484375e+02
2.096658020019531250e+02
1.339813690185546875e+02
1.893828277587890625e+02
2.309159088134765625e+02
1.267381896972656250e+02
1.819856262207031250e+02
2.233975067138671875e+02
1.246107299804687500e+03
1.274313354492187500e+03
1.273330322265625000e+03
1.032791503906250000e+03
1.068552246093750000e+03
1.156475097656250000e+03
8.423060913085937500e+02
9.230114135742187500e+02
1.085842041015625000e+03
4.506538085937500000e+02
4.833801879882812500e+02
4.687604064941406250e+02
5.638977050781250000e+02
5.832796630859375000e+02
5.622323608398437500e+02
5.881943969726562500e+02
5.901705322265625000e+02
5.738580932617187500e+02
6.719773864746093750e+01
7.642116546630859375e+01
1.095204162597656250e+02
1.077441253662109375e+02
9.939450836181640625e+01
9.413593292236328125e+01
1.405611877441406250e+02
1.237582473754882812e+02
1.162227096557617188e+02
9.618708038330078125e+01
8.847216796875000000e+01
9.534199523925781250e+01
9.172316741943359375e+01
8.891159820556640625e+01
9.601234436035156250e+01
7.734946441650390625e+01
8.232283020019531250e+01
9.425258636474609375e+01
3.467516479492187500e+02
3.469898986816406250e+02
3.023611450195312500e+02
2.812400817871093750e+02
2.733796997070312500e+02
2.039188232421875000e+02
2.628568725585937500e+02
2.151332244873046875e+02
1.371866912841796875e+02
4.618090515136718750e+02
6.240194091796875000e+02
7.272601318359375000e+02
4.660193786621093750e+02
6.256324462890625000e+02
6.788986206054687500e+02
5.488722534179687500e+02
7.047934570312500000e+02
6.980360717773437500e+02
3.709972229003906250e+02
4.217683715820312500e+02
3.919562377929687500e+02
2.564343566894531250e+02
3.074354248046875000e+02
2.870895690917968750e+02
1.731299285888671875e+02
2.686502075195312500e+02
2.541098632812500000e+02
6.145661621093750000e+02
7.230380859375000000e+02
6.979522705078125000e+02
7.476920776367187500e+02
8.086964111328125000e+02
7.397916259765625000e+02
8.869595947265625000e+02
8.795916748046875000e+02
7.624725952148437500e+02
7.755313110351562500e+02
7.836942138671875000e+02
7.949549560546875000e+02
8.354750976562500000e+02
8.218517456054687500e+02
8.511157226562500000e+02
8.211197509765625000e+02
8.270042724609375000e+02
8.912647705078125000e+02
5.458303833007812500e+02
5.099299621582031250e+02
4.940916748046875000e+02
5.462930297851562500e+02
4.998676757812500000e+02
4.953270263671875000e+02
5.258561401367187500e+02
4.857741394042968750e+02
4.782374572753906250e+02
4.242256469726562500e+02
4.410635375976562500e+02
3.962308044433593750e+02
3.837844238281250000e+02
3.963223266601562500e+02
3.748241271972656250e+02
3.704124145507812500e+02
3.965502319335937500e+02
4.020716552734375000e+02
1.755411071777343750e+02
1.425801086425781250e+02
8.025544738769531250e+01
1.561952056884765625e+02
1.239861984252929688e+02
8.536325836181640625e+01
1.107818603515625000e+02
9.792037200927734375e+01
1.255028610229492188e+02
1.214145812988281250e+02
1.177139282226562500e+02
1.028212203979492188e+02
1.348965148925781250e+02
1.293995208740234375e+02
1.041692504882812500e+02
1.301275787353515625e+02
1.104387207031250000e+02
7.452549743652343750e+01
4.495716247558593750e+02
4.282867736816406250e+02
3.500895996093750000e+02
4.875896606445312500e+02
4.561969909667968750e+02
3.337668457031250000e+02
4.328220214843750000e+02
3.917857055664062500e+02
3.033636169433593750e+02
2.034301042556762695e+00
1.267631292343139648e+00
1.221750736236572266e+00
5.063307285308837891e-01
5.116483569145202637e-01
1.248971939086914062e+00
6.743783354759216309e-01
9.884668588638305664e-01
2.326872110366821289e+00
1.603914489746093750e+02
1.253180007934570312e+02
1.011650009155273438e+02
1.908383789062500000e+02
1.354084777832031250e+02
1.142779235839843750e+02
1.757099304199218750e+02
1.261595230102539062e+02
1.115902328491210938e+02
7.991868286132812500e+02
8.149142456054687500e+02
6.955142211914062500e+02
8.108166503906250000e+02
7.833763427734375000e+02
6.462380371093750000e+02
7.494180908203125000e+02
6.626210327148437500e+02
5.438438720703125000e+02
2.136055297851562500e+02
2.209673614501953125e+02
2.140859527587890625e+02
2.047644042968750000e+02
2.303339843750000000e+02
2.313052062988281250e+02
1.941949615478515625e+02
2.284361114501953125e+02
2.287917175292968750e+02
6.817702484130859375e+01
7.674188232421875000e+01
8.133626556396484375e+01
8.042547607421875000e+01
1.004836807250976562e+02
9.317576599121093750e+01
9.762721252441406250e+01
1.236275863647460938e+02
9.518793487548828125e+01
7.928364562988281250e+01
6.236771011352539062e+01
4.979872131347656250e+01
8.384954071044921875e+01
5.992642593383789062e+01
4.024059677124023438e+01
6.904212188720703125e+01
4.658688735961914062e+01
3.250603103637695312e+01
2.245740966796875000e+02
1.928293914794921875e+02
2.269205627441406250e+02
2.486155242919921875e+02
2.054550170898437500e+02
2.150589294433593750e+02
3.052046203613281250e+02
2.529307250976562500e+02
2.119977111816406250e+02
5.215342407226562500e+02
4.599472656250000000e+02
4.777432250976562500e+02
5.483173217773437500e+02
5.020527648925781250e+02
5.036659240722656250e+02
6.077156372070312500e+02
5.779663085937500000e+02
5.510253906250000000e+02
1.853117218017578125e+02
1.550995025634765625e+02
2.036052703857421875e+02
2.170632476806640625e+02
1.479704895019531250e+02
1.643959197998046875e+02
2.608601379394531250e+02
1.592138366699218750e+02
1.256772537231445312e+02
3.459989013671875000e+02
3.659948120117187500e+02
4.195556335449218750e+02
3.914726257324218750e+02
4.380706787109375000e+02
4.486342163085937500e+02
4.520814514160156250e+02
4.889069213867187500e+02
4.418841552734375000e+02
6.223201293945312500e+02
7.084871215820312500e+02
5.731477661132812500e+02
5.817982788085937500e+02
6.437391357421875000e+02
5.228195190429687500e+02
4.814014892578125000e+02
5.390893554687500000e+02
4.661179809570312500e+02
