7.295314788818359375e+00
2.936920776367187500e+02
5.220845794677734375e+01
4.894427490234375000e+01
4.100028686523437500e+02
6.527468872070312500e+01
3.486275482177734375e+01
1.639182586669921875e+02
3.611320877075195312e+01
3.941717529296875000e+02
2.032276458740234375e+02
4.621714782714843750e+01
8.557386779785156250e+01
1.656216144561767578e+00
6.194776535034179688e+00
5.757766723632812500e+01
3.689351975917816162e-01
2.790307235717773438e+01
1.144784164428710938e+01
5.754063034057617188e+01
6.837799835205078125e+01
5.840834617614746094e+00
1.002429885864257812e+02
1.596988868713378906e+01
1.208700714111328125e+02
4.203761596679687500e+02
3.315133285522460938e+01
8.691390991210937500e+00
1.710334167480468750e+02
6.565564727783203125e+01
3.882676696777343750e+01
3.055110549926757812e+01
1.820934143066406250e+02
4.230837707519531250e+02
9.636771392822265625e+01
7.021399688720703125e+01
1.115064849853515625e+02
2.504310607910156250e+01
4.726915359497070312e+01
2.393011932373046875e+02
5.174907684326171875e+01
3.821266555786132812e+01
8.892212867736816406e+00
5.284152984619140625e+01
1.700076484680175781e+01
2.899818725585937500e+02
2.958905639648437500e+02
2.876711120605468750e+02
1.696162109375000000e+02
1.306337642669677734e+01
1.138883819580078125e+02
1.350719690322875977e+00
1.456469058990478516e+00
1.353802490234375000e+02
1.434928059577941895e+00
1.068130397796630859e+01
1.896552734375000000e+02
4.953768253326416016e+00
9.833989143371582031e+00
2.000301742553710938e+01
1.406179199218750000e+02
3.491173400878906250e+02
8.142037963867187500e+01
1.170345764160156250e+02
2.161740660667419434e-01
8.702654838562011719e+00
1.547035813331604004e+00
1.450312018394470215e+00
1.214916610717773438e+01
1.934213399887084961e+00
1.033049821853637695e+00
4.857209682464599609e+00
1.070103168487548828e+00
1.168005847930908203e+01
6.022022247314453125e+00
1.369501948356628418e+00
2.535716533660888672e+00
4.907684028148651123e-02
1.835630238056182861e-01
1.706135988235473633e+00
1.093225367367267609e-02
8.268210887908935547e-01
3.392212986946105957e-01
1.705038547515869141e+00
2.026170253753662109e+00
1.730750501155853271e-01
2.970390796661376953e+00
4.732182323932647705e-01
3.581610202789306641e+00
1.245654582977294922e+01
9.823369979858398438e-01
2.575424313545227051e-01
5.068045616149902344e+00
1.945501685142517090e+00
1.150510907173156738e+00
9.052873849868774414e-01
5.395774364471435547e+00
1.253677749633789062e+01
2.855558872222900391e+00
2.080574274063110352e+00
3.304149150848388672e+00
7.420749068260192871e-01
1.400675058364868164e+00
7.090949535369873047e+00
1.533423662185668945e+00
1.132313966751098633e+00
2.634931802749633789e-01
1.565795063972473145e+00
5.037649273872375488e-01
8.592715263366699219e+00
8.767799377441406250e+00
8.524242401123046875e+00
5.026051044464111328e+00
3.870927095413208008e-01
3.374729394912719727e+00
4.002439603209495544e-02
4.315795004367828369e-02
4.011574268341064453e+00
4.251964762806892395e-02
3.165073394775390625e-01
5.619846820831298828e+00
1.467895805835723877e-01
2.913998365402221680e-01
5.927274823188781738e-01
4.166776180267333984e+00
1.034501171112060547e+01
2.412640810012817383e+00
3.467957496643066406e+00
6.755065917968750000e+00
2.719429626464843750e+02
4.834220123291015625e+01
4.531975173950195312e+01
3.796405029296875000e+02
6.044082641601562500e+01
3.228102111816406250e+01
1.517794189453125000e+02
3.343887329101562500e+01
3.649816894531250000e+02
1.881777954101562500e+02
4.279457092285156250e+01
7.923677062988281250e+01
1.533566474914550781e+00
5.736027717590332031e+00
5.331379699707031250e+01
3.416140377521514893e-01
2.583673286437988281e+01
1.060008049011230469e+01
5.327951049804687500e+01
6.331432723999023438e+01
5.408296585083007812e+00
9.281956481933593750e+01
1.478725242614746094e+01
1.119191436767578125e+02
3.892455749511718750e+02
3.069633674621582031e+01
8.047757148742675781e+00
1.583676910400390625e+02
6.079357147216796875e+01
3.595148086547851562e+01
2.828866958618164062e+01
1.686086273193359375e+02
3.917526550292968750e+02
8.923128509521484375e+01
6.501435852050781250e+01
1.032489624023437500e+02
2.318855857849121094e+01
4.376867675781250000e+01
2.215799255371093750e+02
4.791683959960937500e+01
3.538285827636718750e+01
8.233707427978515625e+00
4.892839813232421875e+01
1.574178504943847656e+01
2.685075073242187500e+02
2.739785766601562500e+02
2.663678588867187500e+02
1.570554199218750000e+02
1.209597873687744141e+01
1.054544677734375000e+02
1.250693321228027344e+00
1.348611354827880859e+00
1.253547668457031250e+02
1.328665614128112793e+00
9.890309333801269531e+00
1.756105194091796875e+02
4.586921215057373047e+00
9.105741500854492188e+00
1.852171134948730469e+01
1.302045745849609375e+02
3.232637634277343750e+02
7.539086151123046875e+01
1.083676757812500000e+02
8.683506965637207031e+00
3.495774536132812500e+02
6.214296722412109375e+01
5.825766754150390625e+01
4.880205688476562500e+02
7.769552612304687500e+01
4.149663162231445312e+01
1.951095275878906250e+02
4.298503494262695312e+01
4.691769104003906250e+02
2.418989410400390625e+02
5.501160049438476562e+01
1.018573455810546875e+02
1.971370220184326172e+00
7.373553276062011719e+00
6.853385925292968750e+01
4.391382932662963867e-01
3.321262359619140625e+01
1.362619972229003906e+01
6.848979187011718750e+01
8.138934326171875000e+01
6.952261924743652344e+00
1.193177795410156250e+02
1.900872993469238281e+01
1.438699035644531250e+02
5.003676757812500000e+02
3.945954895019531250e+01
1.034523677825927734e+01
2.035786132812500000e+02
7.814897155761718750e+01
4.621493530273437500e+01
3.636454010009765625e+01
2.167431640625000000e+02
5.035905151367187500e+02
1.147051086425781250e+02
8.357470703125000000e+01
1.327245635986328125e+02
2.980844879150390625e+01
5.626379013061523438e+01
2.848367614746093750e+02
6.159617614746093750e+01
4.548398208618164062e+01
1.058427238464355469e+01
6.289651489257812500e+01
2.023576354980468750e+01
3.451612548828125000e+02
3.521942443847656250e+02
3.424107666015625000e+02
2.018917236328125000e+02
1.554915046691894531e+01
1.355596923828125000e+02
1.607742190361022949e+00
1.733614087104797363e+00
1.611411590576171875e+02
1.707974195480346680e+00
1.271380138397216797e+01
2.257439575195312500e+02
5.896399021148681641e+00
1.170525646209716797e+01
2.380930328369140625e+01
1.673754577636718750e+02
4.155493469238281250e+02
9.691350555419921875e+01
1.393045654296875000e+02
9.190097808837890625e+00
3.699715881347656250e+02
6.576834869384765625e+01
6.165638732910156250e+01
5.164913940429687500e+02
8.222823333740234375e+01
4.391752624511718750e+01
2.064921264648437500e+02
4.549275970458984375e+01
4.965484619140625000e+02
2.560111999511718750e+02
5.822094726562500000e+01
1.077996520996093750e+02
2.086378812789916992e+00
7.803722381591796875e+00
7.253209686279296875e+01
4.647573530673980713e-01
3.515023040771484375e+01
1.442114543914794922e+01
7.248543548583984375e+01
8.613755798339843750e+01
7.357853412628173828e+00
1.262787170410156250e+02
2.011768722534179688e+01
1.522631988525390625e+02
5.295588378906250000e+02
4.176160049438476562e+01
1.094877147674560547e+01
2.154552764892578125e+02
8.270813751220703125e+01
4.891109466552734375e+01
3.848602676391601562e+01
2.293878326416015625e+02
5.329697265625000000e+02
1.213969421386718750e+02
8.845040893554687500e+01
1.404676361083984375e+02
3.154745864868164062e+01
5.954619216918945312e+01
3.014539794921875000e+02
6.518966674804687500e+01
4.813749694824218750e+01
1.120175266265869141e+01
6.656585693359375000e+01
2.141630554199218750e+01
3.652977600097656250e+02
3.727410888671875000e+02
3.623868103027343750e+02
2.136699676513671875e+02
1.645627593994140625e+01
1.434681701660156250e+02
1.701536893844604492e+00
1.834752202033996582e+00
1.705420227050781250e+02
1.807616353034973145e+00
1.345551681518554688e+01
2.389137268066406250e+02
6.240391254425048828e+00
1.238813400268554688e+01
2.519832611083984375e+01
1.771400604248046875e+02
4.397922668457031250e+02
1.025673904418945312e+02
1.474315185546875000e+02
5.919496536254882812e+00
2.383049163818359375e+02
4.236249923706054688e+01
3.971391677856445312e+01
3.326807861328125000e+02
5.296458435058593750e+01
2.828801536560058594e+01
1.330050354003906250e+02
2.930264663696289062e+01
3.198352050781250000e+02
1.649011077880859375e+02
3.750109100341796875e+01
6.943555450439453125e+01
1.343871593475341797e+00
5.026508331298828125e+00
4.671913909912109375e+01
2.993580102920532227e-01
2.264085388183593750e+01
9.288901329040527344e+00
4.668909072875976562e+01
5.548264694213867188e+01
4.739316940307617188e+00
8.133824157714843750e+01
1.295813941955566406e+01
9.807527160644531250e+01
3.410977478027343750e+02
2.689934730529785156e+01
7.052287578582763672e+00
1.387783508300781250e+02
5.327369689941406250e+01
3.150445556640625000e+01
2.478949737548828125e+01
1.477525482177734375e+02
3.432947387695312500e+02
7.819380187988281250e+01
5.697238922119140625e+01
9.047755432128906250e+01
2.032024574279785156e+01
3.835470199584960938e+01
1.941715545654296875e+02
4.198975753784179688e+01
3.100616836547851562e+01
7.215236663818359375e+00
4.287618637084960938e+01
1.379460144042968750e+01
2.352944030761718750e+02
2.400887756347656250e+02
2.334194030761718750e+02
1.376284179687500000e+02
1.059976387023925781e+01
9.241026306152343750e+01
1.095988512039184570e+00
1.181794643402099609e+00
1.098489837646484375e+02
1.164315938949584961e+00
8.666924476623535156e+00
1.538883361816406250e+02
4.019540786743164062e+00
7.979404449462890625e+00
1.623066329956054688e+01
1.140988922119140625e+02
2.832775878906250000e+02
6.606536865234375000e+01
9.496311187744140625e+01
4.060165405273437500e+00
1.634526367187500000e+02
2.905631256103515625e+01
2.723965644836425781e+01
2.281847534179687500e+02
3.632825469970703125e+01
1.940266418457031250e+01
9.122775268554687500e+01
2.009859848022460938e+01
2.193740081787109375e+02
1.131051788330078125e+02
2.572188758850097656e+01
4.762564086914062500e+01
9.217575788497924805e-01
3.447667121887207031e+00
3.204451751708984375e+01
2.053287625312805176e-01
1.552929401397705078e+01
6.371230125427246094e+00
3.202390670776367188e+01
3.805538177490234375e+01
3.250683307647705078e+00
5.578965759277343750e+01
8.887948989868164062e+00
6.726953887939453125e+01
2.339579315185546875e+02
1.845018196105957031e+01
4.837143898010253906e+00
9.518766021728515625e+01
3.654027557373046875e+01
2.160881423950195312e+01
1.700304222106933594e+01
1.013430404663085938e+02
2.354648437500000000e+02
5.363290023803710938e+01
3.907719421386718750e+01
6.205828857421875000e+01
1.393759632110595703e+01
2.630737686157226562e+01
1.331817016601562500e+02
2.880065155029296875e+01
2.126704025268554688e+01
4.948909759521484375e+00
2.940864944458007812e+01
9.461675643920898438e+00
1.613877258300781250e+02
1.646761932373046875e+02
1.601016998291015625e+02
9.439892578125000000e+01
7.270346641540527344e+00
6.338392639160156250e+01
7.517352700233459473e-01
8.105894327163696289e-01
7.534509277343750000e+01
7.986009120941162109e-01
5.944618225097656250e+00
1.055515518188476562e+02
2.756990909576416016e+00
5.473050117492675781e+00
1.113256359100341797e+01
7.826008605957031250e+01
1.942992553710937500e+02
4.531404495239257812e+01
6.513491821289062500e+01
5.166693687438964844e+00
2.079988708496093750e+02
3.697511672973632812e+01
3.466336059570312500e+01
2.903726196289062500e+02
4.622889709472656250e+01
2.469053077697753906e+01
1.160903320312500000e+02
2.557612991333007812e+01
2.791606445312500000e+02
1.439300689697265625e+02
3.273194885253906250e+01
6.060519409179687500e+01
1.172966837882995605e+00
4.387269973754882812e+00
4.077770614624023438e+01
2.612876296043395996e-01
1.976153564453125000e+01
8.107599258422851562e+00
4.075148010253906250e+01
4.842672729492187500e+01
4.136601448059082031e+00
7.099417877197265625e+01
1.131020927429199219e+01
8.560271453857421875e+01
2.977191772460937500e+02
2.347846603393554688e+01
6.155424118041992188e+00
1.211294403076171875e+02
4.649870300292968750e+01
2.749792480468750000e+01
2.163693237304687500e+01
1.289623565673828125e+02
2.996367797851562500e+02
6.824962615966796875e+01
4.972701644897460938e+01
7.897122192382812500e+01
1.773605155944824219e+01
3.347700500488281250e+01
1.694781188964843750e+02
3.664977645874023438e+01
2.706300735473632812e+01
6.297650814056396484e+00
3.742347717285156250e+01
1.204029560089111328e+01
2.053712158203125000e+02
2.095558624267578125e+02
2.037346649169921875e+02
1.201257400512695312e+02
9.251756668090820312e+00
8.065813446044921875e+01
9.566078782081604004e-01
1.031501770019531250e+00
9.587910461425781250e+01
1.016246080398559570e+00
7.564722537994384766e+00
1.343178405761718750e+02
3.508362293243408203e+00
6.964636802673339844e+00
1.416655349731445312e+01
9.958853912353515625e+01
2.472522125244140625e+02
5.766361618041992188e+01
8.288633728027343750e+01
1.039165687561035156e+01
4.183434753417968750e+02
7.436722564697265625e+01
6.971764373779296875e+01
5.840199584960937500e+02
9.297914886474609375e+01
4.965951156616210938e+01
2.334898834228515625e+02
5.144070053100585938e+01
5.614695434570312500e+02
2.894833374023437500e+02
6.583303833007812500e+01
1.218938827514648438e+02
2.359162092208862305e+00
8.824018478393554688e+00
8.201529693603515625e+01
5.255219936370849609e-01
3.974594116210937500e+01
1.630663490295410156e+01
8.196253967285156250e+01
9.739959716796875000e+01
8.319853782653808594e+00
1.427890014648437500e+02
2.274797248840332031e+01
1.721708068847656250e+02
5.987958984375000000e+02
4.722171020507812500e+01
1.238026809692382812e+01
2.436249389648437500e+02
9.352179718017578125e+01
5.530596542358398438e+01
4.351787948608398438e+01
2.593790893554687500e+02
6.026527099609375000e+02
1.372689666748046875e+02
1.000148468017578125e+02
1.588330535888671875e+02
3.567212677001953125e+01
6.733155059814453125e+01
3.408675231933593750e+02
7.371287536621093750e+01
5.443122100830078125e+01
1.266632461547851562e+01
7.526900482177734375e+01
2.421637725830078125e+01
4.130585327148437500e+02
4.214750061035156250e+02
4.097670288085937500e+02
2.416062316894531250e+02
1.860785293579101562e+01
1.622259063720703125e+02
1.924003958702087402e+00
2.074636459350585938e+00
1.928395233154296875e+02
2.043952941894531250e+00
1.521475696563720703e+01
2.701504516601562500e+02
7.056290626525878906e+00
1.400781917572021484e+01
2.849287414550781250e+01
2.003002319335937500e+02
4.972928466796875000e+02
1.159775390625000000e+02
1.667074279785156250e+02
7.335785865783691406e+00
2.953213500976562500e+02
5.249808502197265625e+01
4.921580123901367188e+01
4.122774658203125000e+02
6.563681030273437500e+01
3.505615615844726562e+01
1.648276062011718750e+02
3.631355285644531250e+01
3.963584594726562500e+02
2.043550720214843750e+02
4.647354125976562500e+01
8.604859161376953125e+01
1.665404200553894043e+00
6.229142665863037109e+00
5.789708709716796875e+01
3.709819316864013672e-01
2.805786514282226562e+01
1.151134872436523438e+01
5.785984802246093750e+01
6.875733947753906250e+01
5.873238086700439453e+00
1.007990951538085938e+02
1.605848312377929688e+01
1.215406036376953125e+02
4.227082519531250000e+02
3.333524322509765625e+01
8.739606857299804688e+00
1.719822540283203125e+02
6.601988220214843750e+01
3.904216003417968750e+01
3.072059059143066406e+01
1.831035919189453125e+02
4.254308776855468750e+02
9.690232849121093750e+01
7.060351562500000000e+01
1.121250762939453125e+02
2.518203735351562500e+01
4.753138732910156250e+01
2.406287231445312500e+02
5.203616333007812500e+01
3.842465591430664062e+01
8.941542625427246094e+00
5.313467788696289062e+01
1.709507560729980469e+01
2.915905761718750000e+02
2.975320434570312500e+02
2.892669982910156250e+02
1.705571746826171875e+02
1.313584709167480469e+01
1.145201873779296875e+02
1.358212947845458984e+00
1.464548826217651367e+00
1.361312713623046875e+02
1.442888379096984863e+00
1.074055862426757812e+01
1.907073974609375000e+02
4.981249809265136719e+00
9.888544082641601562e+00
2.011398696899414062e+01
1.413980102539062500e+02
3.510541381835937500e+02
8.187206268310546875e+01
1.176838378906250000e+02
