1.942451171875000000e+03
2.287807373046875000e+03
2.525106933593750000e+03
2.028725097656250000e+03
2.618776611328125000e+03
2.962728515625000000e+03
2.248330566406250000e+03
2.865231445312500000e+03
2.884850585937500000e+03
6.140973281860351562e+01
4.865195083618164062e+01
5.855152893066406250e+01
6.846961975097656250e+01
6.438935852050781250e+01
5.545119476318359375e+01
7.086480712890625000e+01
6.185969924926757812e+01
5.316498184204101562e+01
1.305689355468750000e+04
1.343962109375000000e+04
1.231763476562500000e+04
1.417461621093750000e+04
1.372794433593750000e+04
1.244126269531250000e+04
1.259110742187500000e+04
1.182147460937500000e+04
1.107622167968750000e+04
1.480734348297119141e-01
2.429965019226074219e+00
2.111473083496093750e+00
-1.228662356734275818e-01
-7.010133862495422363e-01
7.893452048301696777e-01
-1.542473211884498596e-02
1.485502243041992188e+00
-2.510894834995269775e-01
6.271441040039062500e+02
6.211069946289062500e+02
8.589591064453125000e+02
7.687767944335937500e+02
7.378571777343750000e+02
1.063458618164062500e+03
8.337161254882812500e+02
9.023874511718750000e+02
1.235567749023437500e+03
6.903423309326171875e+01
4.589614868164062500e+01
1.159820079803466797e+01
8.854538726806640625e+01
4.682337570190429688e+01
3.440719223022460938e+01
1.640129699707031250e+02
9.561760711669921875e+01
1.159272460937500000e+02
2.438939666748046875e+01
1.906687355041503906e+01
1.286520385742187500e+01
2.227517318725585938e+01
9.531452178955078125e+00
9.350936889648437500e+00
1.208216571807861328e+01
2.826580762863159180e+00
1.353300666809082031e+01
1.137833789062500000e+04
1.069192675781250000e+04
1.089396289062500000e+04
1.204614648437500000e+04
1.136095800781250000e+04
1.214618164062500000e+04
1.216022167968750000e+04
1.172801171875000000e+04
1.266756933593750000e+04
1.400519943237304688e+01
6.643337249755859375e+00
8.603425979614257812e+00
7.259013175964355469e+00
1.286300754547119141e+01
5.796557426452636719e+00
2.459187698364257812e+01
1.744193840026855469e+01
1.684790992736816406e+01
1.738154983520507812e+01
1.172504615783691406e+01
3.516049957275390625e+01
-4.566801548004150391e+00
-6.134272098541259766e+00
1.954989051818847656e+01
2.325089645385742188e+01
2.250776290893554688e+01
3.080482864379882812e+01
4.836347579956054688e+00
4.210377693176269531e+00
5.335054397583007812e+00
5.257671356201171875e+00
4.205256462097167969e+00
5.687736988067626953e+00
5.210553646087646484e+00
5.535629272460937500e+00
6.441366672515869141e+00
5.017768066406250000e+03
4.995579589843750000e+03
5.143910644531250000e+03
5.013861816406250000e+03
4.967720214843750000e+03
5.280287597656250000e+03
4.765619628906250000e+03
4.414814941406250000e+03
4.468945312500000000e+03
6.995164489746093750e+01
1.922532348632812500e+02
1.393546752929687500e+02
8.801639556884765625e+01
2.010446472167968750e+02
1.054694900512695312e+02
1.457840728759765625e+02
2.098385467529296875e+02
1.523444213867187500e+02
1.266287231445312500e+03
1.529480957031250000e+03
1.031389404296875000e+03
1.724827514648437500e+03
1.856523559570312500e+03
8.770585937500000000e+02
2.196940917968750000e+03
1.947349365234375000e+03
1.159027587890625000e+03
3.596720214843750000e+03
3.766671386718750000e+03
3.508182128906250000e+03
3.767309814453125000e+03
3.981542480468750000e+03
3.711389648437500000e+03
3.787197998046875000e+03
3.936374755859375000e+03
3.704849121093750000e+03
4.900141906738281250e+01
4.176971817016601562e+01
4.763716888427734375e+01
4.622415542602539062e+01
4.108676910400390625e+01
5.075522232055664062e+01
4.361648941040039062e+01
3.966986465454101562e+01
4.891197967529296875e+01
2.854441404342651367e-01
1.077297210693359375e+01
2.395793533325195312e+01
-4.925796508789062500e+00
3.481222152709960938e+01
5.006295013427734375e+01
-3.952849197387695312e+01
-5.477098941802978516e+00
5.408104324340820312e+01
-1.552870154380798340e+00
8.644934654235839844e+00
1.864082217216491699e+00
-8.507127761840820312e-01
5.981127738952636719e+00
1.771091520786285400e-01
-9.131800532341003418e-01
5.729976654052734375e+00
-1.026909470558166504e+00
-1.828657989501953125e+02
3.531308898925781250e+02
7.331200561523437500e+02
2.174698791503906250e+02
7.522123413085937500e+02
9.136774291992187500e+02
3.786011047363281250e+02
7.692081909179687500e+02
7.149619750976562500e+02
3.153017759323120117e-01
2.078595608472824097e-01
1.092413365840911865e-01
-1.228679865598678589e-01
-1.894079893827438354e-01
1.193860024213790894e-01
2.278233133256435394e-02
3.075164183974266052e-02
-1.050991937518119812e-01
-4.564691543579101562e+01
-2.431893539428710938e+01
-1.069235706329345703e+01
-7.737805175781250000e+01
-3.279378509521484375e+01
-3.440996551513671875e+01
-7.313281250000000000e+01
-2.372710418701171875e+01
-1.626935005187988281e+01
1.470098018646240234e+01
3.766380310058593750e+01
5.420396804809570312e+00
1.249969577789306641e+01
2.263180923461914062e+01
3.455701112747192383e+00
1.798531723022460938e+01
2.485556602478027344e+01
-3.825994729995727539e-01
-3.903505325317382812e+00
2.521196365356445312e+01
4.038218975067138672e+00
-3.595065593719482422e+00
2.712130355834960938e+01
3.644690036773681641e+00
-5.675307750701904297e+00
1.878151893615722656e+01
3.187761545181274414e+00
-1.163745727539062500e+02
-1.720876922607421875e+02
3.808237457275390625e+01
5.758255004882812500e+01
6.926255798339843750e+01
2.999869995117187500e+02
2.586991271972656250e+02
2.753363037109375000e+02
4.612492370605468750e+02
-5.260379314422607422e+00
3.901739835739135742e+00
-1.359313845634460449e+00
-5.448258876800537109e+00
6.311587810516357422e+00
-7.188878655433654785e-01
-3.915707826614379883e+00
4.380144596099853516e+00
6.215590834617614746e-01
1.826668739318847656e+00
-9.223912358283996582e-01
-7.847025394439697266e+00
-3.881424903869628906e+00
-2.736077547073364258e+00
-1.041558551788330078e+01
6.702585220336914062e-01
1.687842309474945068e-01
-1.179297542572021484e+01
4.164352715015411377e-01
-5.747549533843994141e-01
-1.161989718675613403e-01
-4.718833789229393005e-02
-9.823520779609680176e-01
-5.116248726844787598e-01
-4.407089576125144958e-02
-6.071606874465942383e-01
-3.012108504772186279e-01
1.360992584228515625e+02
2.251745796203613281e+01
2.470771179199218750e+02
1.488576202392578125e+02
8.674079132080078125e+01
2.740971679687500000e+02
1.965361175537109375e+02
1.407445068359375000e+02
2.738932189941406250e+02
-7.635676383972167969e+00
4.133785724639892578e+00
1.011041831970214844e+01
-2.135606193542480469e+01
-7.439386367797851562e+00
-1.007215499877929688e+01
-1.558557796478271484e+01
-4.064397335052490234e+00
-3.135336399078369141e+00
-1.362559204101562500e+02
-1.556387786865234375e+02
-1.467224731445312500e+02
-9.241349792480468750e+01
-1.288716888427734375e+02
-1.229680480957031250e+02
-9.598281860351562500e+01
-9.130122375488281250e+01
-1.233135910034179688e+02
2.873233795166015625e+00
2.061191368103027344e+01
7.767762756347656250e+01
6.769068241119384766e+00
5.312725830078125000e+01
1.046637954711914062e+02
3.333106231689453125e+01
6.937320709228515625e+01
9.815612792968750000e+01
7.854060530662536621e-01
9.109687805175781250e-01
7.376517057418823242e-01
-3.027932643890380859e-01
-6.289451122283935547e-01
-7.686973810195922852e-01
-4.277532100677490234e-01
-1.370971560478210449e+00
-3.564728796482086182e-01
1.569768238067626953e+01
3.186834716796875000e+01
6.798413085937500000e+01
7.429486083984375000e+01
9.889228820800781250e+01
1.391892852783203125e+02
7.912297058105468750e+01
1.113314208984375000e+02
1.476648254394531250e+02
-8.580588102340698242e-01
6.059449672698974609e+00
8.565701842308044434e-01
-1.339759230613708496e+00
8.017544746398925781e+00
-1.307962834835052490e-01
-3.810349106788635254e-01
6.231266498565673828e+00
-4.076118767261505127e-02
8.192703857421875000e+02
8.700953979492187500e+02
7.399771728515625000e+02
9.407142333984375000e+02
9.434706420898437500e+02
7.929409790039062500e+02
1.046622924804687500e+03
9.955191650390625000e+02
8.855563964843750000e+02
5.080160126090049744e-02
7.574839890003204346e-02
1.881381720304489136e-01
2.097700536251068115e-02
1.964563131332397461e-01
1.997606456279754639e-01
-9.562759846448898315e-02
8.617363125085830688e-02
2.399413436651229858e-01
8.385046005249023438e+00
1.148850917816162109e+01
5.635277557373046875e+01
2.180867004394531250e+01
1.927738761901855469e+01
6.810751342773437500e+01
5.598632812500000000e+01
2.409890556335449219e+01
9.081388092041015625e+01
3.700535774230957031e+00
9.795551300048828125e+00
-1.492758154869079590e+00
1.062594318389892578e+01
1.309359550476074219e+01
-2.765667915344238281e+00
4.129012584686279297e+00
8.009801864624023438e+00
4.083983421325683594e+00
-3.366290032863616943e-01
3.930978059768676758e+00
-3.132934570312500000e-01
-1.469863951206207275e-01
4.580811500549316406e+00
8.153529763221740723e-01
-9.257054328918457031e-01
1.596112370491027832e+00
-4.015657603740692139e-01
1.549052581787109375e+02
1.080960540771484375e+02
1.748497772216796875e+02
4.093932189941406250e+02
3.530429992675781250e+02
4.274259338378906250e+02
6.316558227539062500e+02
5.625229492187500000e+02
6.643892822265625000e+02
1.434810876846313477e+00
2.986695528030395508e+00
8.332590460777282715e-01
2.637121915817260742e+00
2.103204011917114258e+00
3.831754624843597412e-01
1.944278120994567871e+00
3.290780067443847656e+00
-5.220894142985343933e-02
1.743874430656433105e+00
-4.163044452667236328e+00
1.680435180664062500e+00
2.300201416015625000e+00
9.047135710716247559e-01
6.776292800903320312e+00
8.587640523910522461e-01
-1.655329346656799316e+00
3.381747722625732422e+00
-1.136254593729972839e-01
-1.420668661594390869e-01
1.999232918024063110e-01
-2.324912548065185547e-01
-2.894670069217681885e-01
1.644001901149749756e-01
-2.370596975088119507e-01
-2.646415531635284424e-01
9.710451215505599976e-02
2.051497650146484375e+01
4.480497741699218750e+01
5.623225402832031250e+01
1.026742172241210938e+02
1.107988662719726562e+02
1.360106048583984375e+02
1.791970672607421875e+02
1.766971740722656250e+02
2.222556457519531250e+02
3.963223934173583984e+00
6.458144664764404297e+00
9.946519851684570312e+00
1.255627059936523438e+01
1.628761482238769531e+01
1.553560161590576172e+01
5.452532768249511719e+00
1.002524280548095703e+01
1.175926017761230469e+01
-2.219301414489746094e+01
-2.108928680419921875e+01
-4.519956111907958984e+00
-9.010196685791015625e+00
1.779226112365722656e+01
9.616058349609375000e+00
3.438856887817382812e+01
5.890676498413085938e+01
4.490714645385742188e+01
1.308329162597656250e+02
1.435968322753906250e+02
1.429043884277343750e+02
2.261138305664062500e+02
2.437801208496093750e+02
2.372906646728515625e+02
1.965766754150390625e+02
2.053402709960937500e+02
2.010517120361328125e+02
1.432731747627258301e+00
1.147011756896972656e+00
1.274431824684143066e+00
2.582058906555175781e+00
2.284524202346801758e+00
2.517446041107177734e+00
1.816174149513244629e+00
1.308485269546508789e+00
1.816825270652770996e+00
3.140105712890625000e+03
8.047650878906250000e+03
8.863586914062500000e+03
5.602822265625000000e+03
1.101693359375000000e+04
1.025153417968750000e+04
6.814587890625000000e+03
9.672484375000000000e+03
7.257515136718750000e+03
1.602184143066406250e+02
1.618950500488281250e+02
-1.188465270996093750e+02
4.936837387084960938e+01
-1.081122055053710938e+02
-2.470082244873046875e+02
5.266154098510742188e+01
5.487796401977539062e+01
-1.364391937255859375e+02
5.731626953125000000e+04
4.936757812500000000e+04
2.730202343750000000e+04
4.197729296875000000e+04
2.699980273437500000e+04
5.121696777343750000e+03
1.912503515625000000e+04
1.016585058593750000e+04
-1.410292114257812500e+03
2.896453857421875000e+00
9.313269615173339844e+00
6.259920597076416016e+00
7.306138992309570312e+00
7.135837078094482422e+00
2.162427902221679688e+00
2.436362504959106445e-01
6.681766033172607422e+00
3.544147968292236328e+00
2.596861328125000000e+03
2.728182861328125000e+03
4.095622558593750000e+03
3.728222167968750000e+03
3.167233154296875000e+03
3.418986816406250000e+03
3.045904785156250000e+03
1.633978149414062500e+03
1.993569335937500000e+03
1.199520874023437500e+02
-3.798233795166015625e+01
-8.280369567871093750e+01
1.519649658203125000e+02
8.246833038330078125e+01
-4.574549865722656250e+01
1.647731170654296875e+02
-2.282825660705566406e+01
2.751209068298339844e+01
-1.647507019042968750e+02
-2.082203063964843750e+02
-3.420237350463867188e+01
-2.053530273437500000e+02
-1.845472717285156250e+02
-8.454742431640625000e+01
-2.304503479003906250e+02
-1.963342590332031250e+02
-1.889008712768554688e+01
2.590566992187500000e+04
2.283727148437500000e+04
2.393353710937500000e+04
3.390236718750000000e+04
3.120269140625000000e+04
3.127130859375000000e+04
3.053257617187500000e+04
2.812300585937500000e+04
2.947172070312500000e+04
-1.776244812011718750e+02
1.378813781738281250e+02
-1.106847381591796875e+01
-9.272035217285156250e+01
1.647173309326171875e+02
-3.207059097290039062e+01
-1.249157562255859375e+02
1.846581878662109375e+02
-3.127814483642578125e+01
1.046222839355468750e+02
2.271988830566406250e+02
4.075946350097656250e+02
-1.321212673187255859e+01
8.810213470458984375e+01
3.090514831542968750e+02
6.868925476074218750e+01
1.552393341064453125e+02
3.770585327148437500e+02
-9.371238708496093750e+00
-9.686717987060546875e+00
-1.245331478118896484e+01
-1.502305316925048828e+01
-4.271831512451171875e+00
-1.368668079376220703e+01
-1.391366577148437500e+01
2.778931379318237305e+00
-5.602145671844482422e+00
1.633835253906250000e+04
1.389508398437500000e+04
1.178032421875000000e+04
1.380674218750000000e+04
9.357655273437500000e+03
7.347261718750000000e+03
9.215743164062500000e+03
5.852136230468750000e+03
4.427189453125000000e+03
-1.232341232299804688e+02
3.823389282226562500e+02
2.317472381591796875e+02
-2.032575073242187500e+02
7.693385314941406250e+01
-3.106087036132812500e+02
4.813160705566406250e+02
7.802402954101562500e+02
3.187023544311523438e+01
4.773453613281250000e+03
4.843034179687500000e+03
3.367304199218750000e+03
7.596596191406250000e+03
4.613102050781250000e+03
1.475920654296875000e+03
6.539760253906250000e+03
4.917114746093750000e+03
3.957523193359375000e+03
1.060396191406250000e+04
1.162566406250000000e+04
1.021551464843750000e+04
1.121755664062500000e+04
1.162090332031250000e+04
9.773750000000000000e+03
9.235227539062500000e+03
8.868172851562500000e+03
7.406157714843750000e+03
1.119958038330078125e+02
5.447562408447265625e+01
7.281176757812500000e+01
7.664955902099609375e+01
4.624789428710937500e+01
8.700598144531250000e+01
7.613503265380859375e+01
5.461677932739257812e+01
1.055055847167968750e+02
4.667208251953125000e+02
5.428148193359375000e+02
5.737943725585937500e+02
5.190867919921875000e+02
5.524456787109375000e+02
5.644876708984375000e+02
4.970461120605468750e+02
5.116665649414062500e+02
5.050543823242187500e+02
3.280183029174804688e+01
3.760449600219726562e+01
2.656093788146972656e+01
3.286568832397460938e+01
3.989341354370117188e+01
2.962274360656738281e+01
3.516187286376953125e+01
4.454068756103515625e+01
3.302956390380859375e+01
3.406687744140625000e+03
3.448270751953125000e+03
3.500407226562500000e+03
3.327800781250000000e+03
3.462734130859375000e+03
3.671711914062500000e+03
3.401085205078125000e+03
3.659187988281250000e+03
3.991762695312500000e+03
8.234733343124389648e-02
1.021966189146041870e-01
1.519832313060760498e-01
2.278979122638702393e-01
3.316791951656341553e-01
5.212027430534362793e-01
-7.286488078534603119e-03
8.418584614992141724e-02
8.114722371101379395e-02
2.290535583496093750e+02
2.404515686035156250e+02
2.469038391113281250e+02
2.567778015136718750e+02
2.534670104980468750e+02
2.602027893066406250e+02
2.389633483886718750e+02
2.266924133300781250e+02
2.453560180664062500e+02
2.945201492309570312e+01
3.677726745605468750e+01
2.681368446350097656e+01
2.886582756042480469e+01
4.765909194946289062e+01
3.297362518310546875e+01
2.910378456115722656e+01
4.781140899658203125e+01
3.831241989135742188e+01
8.683203697204589844e+00
1.739959335327148438e+01
9.653737068176269531e+00
9.671013832092285156e+00
1.885316467285156250e+01
9.222785949707031250e+00
1.101925277709960938e+01
2.330925369262695312e+01
7.905871868133544922e+00
2.861965332031250000e+03
2.970484619140625000e+03
3.209134521484375000e+03
2.919306152343750000e+03
3.011458496093750000e+03
3.292474853515625000e+03
2.970194091796875000e+03
3.033161621093750000e+03
3.315444580078125000e+03
1.254205513000488281e+01
1.666483879089355469e+01
6.796750545501708984e+00
1.510651302337646484e+01
1.889775276184082031e+01
8.611516952514648438e+00
1.528307342529296875e+01
2.067581367492675781e+01
9.526851654052734375e+00
4.583097457885742188e+00
7.198036193847656250e+00
1.248917770385742188e+01
5.629341125488281250e+00
6.441881656646728516e+00
1.416318416595458984e+01
1.759884953498840332e+00
1.444435358047485352e+00
9.315796852111816406e+00
1.546913385391235352e+00
1.620197892189025879e+00
1.579515099525451660e+00
1.994524955749511719e+00
2.055978298187255859e+00
2.166982650756835938e+00
2.247324228286743164e+00
2.376236438751220703e+00
2.579868078231811523e+00
9.375176391601562500e+02
9.343469848632812500e+02
9.527664794921875000e+02
9.031679077148437500e+02
9.269906005859375000e+02
9.418848266601562500e+02
8.655277099609375000e+02
9.308149414062500000e+02
9.409505615234375000e+02
6.524478149414062500e+01
7.328010559082031250e+01
4.821095657348632812e+01
6.874124145507812500e+01
7.435556793212890625e+01
5.130604934692382812e+01
5.865444564819335938e+01
5.919244003295898438e+01
3.985219955444335938e+01
6.057492675781250000e+02
6.100496215820312500e+02
5.760123901367187500e+02
5.989940795898437500e+02
5.835789184570312500e+02
5.945957031250000000e+02
5.823165893554687500e+02
6.078117065429687500e+02
6.569031982421875000e+02
9.862220458984375000e+02
1.022337829589843750e+03
1.036803344726562500e+03
1.013627075195312500e+03
1.053472412109375000e+03
1.082670166015625000e+03
9.466649169921875000e+02
9.834969482421875000e+02
1.029187622070312500e+03
1.962097930908203125e+01
2.030315971374511719e+01
2.201628875732421875e+01
2.090906715393066406e+01
2.157229995727539062e+01
2.316324043273925781e+01
2.038748931884765625e+01
2.094927787780761719e+01
2.186796760559082031e+01
4.699730224609375000e+02
4.717072448730468750e+02
4.569634094238281250e+02
4.451164245605468750e+02
4.189284362792968750e+02
4.006239624023437500e+02
4.416049499511718750e+02
3.955422058105468750e+02
4.105094299316406250e+02
2.876369857788085938e+01
9.532967567443847656e+00
1.357337284088134766e+01
2.955795097351074219e+01
8.664922714233398438e+00
1.669845008850097656e+01
2.795875358581542969e+01
8.177851676940917969e+00
1.565139484405517578e+01
2.645737304687500000e+03
2.528772705078125000e+03
2.529726562500000000e+03
2.290800048828125000e+03
2.269041259765625000e+03
2.362229736328125000e+03
1.997764648437500000e+03
2.105298339843750000e+03
2.284456542968750000e+03
7.082553952932357788e-02
-5.270981416106224060e-02
-3.987645357847213745e-02
-1.252820044755935669e-01
2.366199940443038940e-01
1.148646548390388489e-01
1.147797480225563049e-01
5.409998446702957153e-02
3.213466331362724304e-02
2.000493927001953125e+02
1.683198394775390625e+02
1.288663482666015625e+02
2.188899688720703125e+02
2.016007080078125000e+02
1.414071960449218750e+02
2.084577484130859375e+02
1.854978179931640625e+02
1.208233261108398438e+02
4.025531005859375000e+01
2.264126586914062500e+01
1.706976509094238281e+01
3.995676422119140625e+01
3.497377777099609375e+01
1.942702102661132812e+01
4.494969177246093750e+01
3.380441284179687500e+01
2.834452438354492188e+01
9.064469337463378906e+00
2.791921615600585938e+00
1.179697275161743164e+00
9.443187713623046875e+00
5.920132994651794434e-01
1.557301878929138184e+00
9.866610527038574219e+00
1.126650929450988770e+00
1.029533624649047852e+00
2.483949951171875000e+03
2.613300048828125000e+03
2.511429687500000000e+03
2.499233642578125000e+03
2.630365478515625000e+03
2.499466552734375000e+03
2.252967285156250000e+03
2.385008300781250000e+03
2.255052978515625000e+03
1.066779899597167969e+01
3.131282091140747070e+00
2.992371082305908203e+00
8.357717514038085938e+00
3.022443771362304688e+00
3.712180614471435547e+00
9.056747436523437500e+00
3.073393106460571289e+00
3.491043806076049805e+00
4.024272441864013672e+00
4.716972827911376953e+00
6.405909061431884766e+00
2.449064493179321289e+00
3.929496765136718750e+00
3.396954059600830078e+00
-4.385918080806732178e-01
2.284999132156372070e+00
4.580091476440429688e+00
1.526667952537536621e+00
1.864367127418518066e+00
1.945557713508605957e+00
1.983759522438049316e+00
2.286420106887817383e+00
2.412821292877197266e+00
1.852372884750366211e+00
2.053400993347167969e+00
2.142738580703735352e+00
9.640026245117187500e+02
9.568381958007812500e+02
9.845476684570312500e+02
9.840704345703125000e+02
9.953555908203125000e+02
1.004575439453125000e+03
8.763252563476562500e+02
9.255820312500000000e+02
9.303137817382812500e+02
3.277066802978515625e+01
1.631102561950683594e+01
1.640300941467285156e+01
3.481578445434570312e+01
1.820008277893066406e+01
1.542856216430664062e+01
3.659170150756835938e+01
2.574481582641601562e+01
1.733672904968261719e+01
3.417246398925781250e+02
3.587971191406250000e+02
3.563850402832031250e+02
3.372981262207031250e+02
3.384002990722656250e+02
3.648520507812500000e+02
3.207127075195312500e+02
3.430364685058593750e+02
3.824197692871093750e+02
7.518690185546875000e+02
7.459270019531250000e+02
7.307884521484375000e+02
7.137807617187500000e+02
6.835684814453125000e+02
6.780392456054687500e+02
6.732827758789062500e+02
6.643729858398437500e+02
6.652877807617187500e+02
1.177957916259765625e+01
1.177118015289306641e+01
1.075237369537353516e+01
1.159905529022216797e+01
1.204535007476806641e+01
1.154234218597412109e+01
1.212021732330322266e+01
1.259912872314453125e+01
1.161814117431640625e+01
-2.243001861572265625e+02
-2.357738647460937500e+02
-2.834485778808593750e+02
-1.605413818359375000e+02
-1.436253509521484375e+02
-2.137445831298828125e+02
-9.078130340576171875e+01
-1.641785736083984375e+02
-2.861030883789062500e+02
-1.512577342987060547e+01
-1.352752208709716797e+01
-7.498349666595458984e+00
-2.192101669311523438e+01
-2.235774040222167969e+01
-1.191095066070556641e+01
-2.365794944763183594e+01
-2.082867431640625000e+01
-1.024922657012939453e+01
-2.104470703125000000e+03
-3.053700683593750000e+03
-4.006988769531250000e+03
-2.729145751953125000e+03
-3.800287597656250000e+03
-4.642129882812500000e+03
-3.372958984375000000e+03
-4.233204589843750000e+03
-4.891878417968750000e+03
3.499366343021392822e-02
1.262877881526947021e-01
-5.610466003417968750e-01
3.075088560581207275e-01
-2.282343953847885132e-01
-1.740339770913124084e-02
-3.594469726085662842e-01
1.619898229837417603e-01
6.546531915664672852e-01
-1.010246505737304688e+02
-2.696605110168457031e+01
-4.642469787597656250e+01
-1.398035888671875000e+02
-5.449190902709960938e+01
-9.438134765625000000e+01
-1.550104675292968750e+02
-3.923305511474609375e+01
-1.437512664794921875e+02
-6.001196670532226562e+01
-6.429421997070312500e+01
-2.803043556213378906e+01
-6.867669677734375000e+01
-6.635424041748046875e+01
-5.658083724975585938e+01
-5.407823181152343750e+01
-6.385129547119140625e+01
-3.923970794677734375e+01
-2.345136260986328125e+01
-3.433702468872070312e+01
-1.223052883148193359e+01
-2.315411758422851562e+01
-3.578973007202148438e+01
-1.073003292083740234e+01
-2.963035774230957031e+01
-3.605562591552734375e+01
-7.115894794464111328e+00
-1.779834594726562500e+03
-2.031418090820312500e+03
-2.435976806640625000e+03
-1.857673828125000000e+03
-2.136947265625000000e+03
-2.584761718750000000e+03
-2.030542358398437500e+03
-2.299914794921875000e+03
-2.673452148437500000e+03
-8.188273429870605469e+00
-1.094764804840087891e+01
-2.853712081909179688e+00
-5.285911560058593750e+00
-1.139921188354492188e+01
-4.913675308227539062e+00
-2.104037761688232422e+00
-1.065432643890380859e+01
-1.878449320793151855e+00
-9.369783103466033936e-02
1.394374847412109375e+01
-3.022859811782836914e+00
-6.296999454498291016e+00
7.113726615905761719e+00
-1.282702827453613281e+01
-5.607140064239501953e-01
1.544909858703613281e+01
-2.004852533340454102e+00
-1.926543831825256348e+00
-1.871975183486938477e+00
-1.736081361770629883e+00
-1.892144680023193359e+00
-2.440416574478149414e+00
-2.064484596252441406e+00
-2.179752111434936523e+00
-2.139948368072509766e+00
-1.687939763069152832e+00
-5.864108886718750000e+02
-7.084483032226562500e+02
-9.013175048828125000e+02
-7.464686889648437500e+02
-8.918988037109375000e+02
-1.106393188476562500e+03
-1.007782470703125000e+03
-1.173977294921875000e+03
-1.339608398437500000e+03
-2.691940498352050781e+01
-1.608981513977050781e+01
-1.795346832275390625e+01
-2.909811592102050781e+01
-2.841153907775878906e+01
-3.751364898681640625e+01
-3.043834567070007324e-01
-6.496004581451416016e+00
-1.045847320556640625e+01
-9.160624504089355469e+00
5.458624649047851562e+01
-6.048170089721679688e+01
-1.213563442230224609e+01
-3.312937927246093750e+01
-2.171036376953125000e+02
-2.596947860717773438e+01
1.205305004119873047e+01
-2.010034179687500000e+02
-5.312399291992187500e+02
-5.902047729492187500e+02
-7.154672241210937500e+02
-5.115143737792968750e+02
-5.948859252929687500e+02
-7.469361572265625000e+02
-4.753028869628906250e+02
-5.921642456054687500e+02
-7.396742553710937500e+02
-1.026003074645996094e+01
-1.015338325500488281e+01
-9.886354446411132812e+00
-1.098269844055175781e+01
-9.902549743652343750e+00
-9.737926483154296875e+00
-1.077451229095458984e+01
-9.450238227844238281e+00
-8.047962188720703125e+00
-3.420685577392578125e+01
-2.258084869384765625e+01
-2.701394271850585938e+01
-2.009479904174804688e+01
-5.459777355194091797e+00
-1.987799644470214844e+01
-3.410090208053588867e+00
1.101341533660888672e+01
1.225163102149963379e+00
-6.482130885124206543e-01
-4.160330295562744141e-01
-3.007852286100387573e-02
-2.703118920326232910e-01
1.731970012187957764e-01
1.481813043355941772e-01
-2.298648208379745483e-01
6.305660307407379150e-02
5.511131882667541504e-02
8.173093414306640625e+01
7.007801055908203125e+01
2.967698669433593750e+01
1.077950363159179688e+02
9.434259796142578125e+01
7.605501556396484375e+01
1.238666305541992188e+02
1.536395263671875000e+02
1.592442779541015625e+02
4.950155690312385559e-02
-1.075786873698234558e-01
-2.518127560615539551e-01
1.194032207131385803e-01
1.431769877672195435e-01
-1.194578781723976135e-01
-4.372094571590423584e-02
1.076768711209297180e-02
-8.444108068943023682e-02
-6.539309024810791016e-02
-5.772914886474609375e+00
-4.685062408447265625e+00
2.156684398651123047e+00
-8.805498123168945312e+00
-1.596161007881164551e+00
1.526227283477783203e+01
2.451915502548217773e+00
2.880322933197021484e+00
-3.359325408935546875e+00
-7.925439834594726562e+00
-1.945869565010070801e+00
-3.922529935836791992e+00
-5.674202919006347656e+00
-5.981812477111816406e-01
-1.294323801994323730e+00
-3.490366220474243164e+00
1.446069836616516113e+00
-1.770062088966369629e+00
-2.083460092544555664e+00
5.039321258664131165e-02
-1.982065320014953613e+00
-1.636191725730895996e+00
2.344709783792495728e-01
-1.066500782966613770e+00
-1.037640571594238281e+00
5.647035837173461914e-01
-4.227072906494140625e+01
-5.462191772460937500e+01
-3.570040512084960938e+01
-3.298849487304687500e+01
-5.446744537353515625e+01
-1.910255432128906250e+01
2.546201515197753906e+01
1.469613075256347656e+01
4.709249496459960938e+01
-5.984190106391906738e-01
2.842713892459869385e-01
9.726563841104507446e-02
-6.596733927726745605e-01
-6.292697973549365997e-03
1.415366530418395996e-01
3.746958822011947632e-02
5.319046378135681152e-01
8.699480295181274414e-01
1.144427880644798279e-01
-1.382241845130920410e+00
-6.186199188232421875e-01
2.994771003723144531e+00
2.155945777893066406e+00
4.017171382904052734e+00
3.117826581001281738e-01
1.004163742065429688e+00
1.634124666452407837e-02
-1.928251385688781738e-01
-3.975084424018859863e-02
-1.560784280300140381e-01
-1.305951774120330811e-01
-9.423463046550750732e-02
-1.653046607971191406e-01
-4.109780862927436829e-02
1.056503318250179291e-02
-9.832138568162918091e-02
-7.666862487792968750e+00
-2.738819885253906250e+01
-3.520097351074218750e+01
-1.673291206359863281e+01
-2.570500183105468750e+01
-3.250472259521484375e+01
-5.726821899414062500e+00
-2.140571784973144531e+01
-7.454140663146972656e+00
-1.644336342811584473e+00
-1.722134202718734741e-01
-2.937340974807739258e+00
4.173345088958740234e+00
5.407633304595947266e+00
5.905115127563476562e+00
3.756470680236816406e-01
2.671853303909301758e+00
-5.877938270568847656e-01
6.358953118324279785e-01
-7.527462005615234375e+00
-1.198285675048828125e+01
-7.661623358726501465e-01
-1.129015541076660156e+01
-1.845658874511718750e+01
-2.361381530761718750e+00
-2.067077064514160156e+01
-1.572910308837890625e+01
-1.442752242088317871e+00
-3.271576881408691406e+00
-3.885219097137451172e+00
2.287196922302246094e+01
2.519224929809570312e+01
2.573340225219726562e+01
2.636990928649902344e+01
2.910901451110839844e+01
3.163094902038574219e+01
-2.115310132503509521e-01
-3.754185438156127930e-01
1.903243735432624817e-02
3.862057924270629883e-01
2.284134477376937866e-01
4.127546250820159912e-01
1.733007282018661499e-01
2.068417519330978394e-01
1.889396458864212036e-01
4.487287902832031250e+02
6.186429443359375000e+02
6.411141357421875000e+02
4.895121765136718750e+02
7.034587402343750000e+02
7.378505249023437500e+02
5.245222778320312500e+02
6.921236572265625000e+02
7.007969970703125000e+02
3.250897979736328125e+01
4.101179122924804688e+01
3.603211593627929688e+01
3.581890487670898438e+01
4.523806762695312500e+01
3.735066986083984375e+01
3.956990432739257812e+01
5.149123764038085938e+01
4.372895812988281250e+01
5.026802246093750000e+03
5.273404296875000000e+03
5.195331542968750000e+03
5.274708984375000000e+03
5.526103027343750000e+03
5.507634765625000000e+03
5.277657714843750000e+03
5.663698242187500000e+03
5.817354492187500000e+03
4.415275752544403076e-01
3.777081966400146484e-01
2.816775143146514893e-01
9.537047147750854492e-02
4.830721616744995117e-01
5.027286410331726074e-01
2.809293568134307861e-02
2.314402163028717041e-01
-1.059821546077728271e-01
2.640004272460937500e+02
2.662774353027343750e+02
2.516025695800781250e+02
3.039618530273437500e+02
2.984429626464843750e+02
2.467993164062500000e+02
3.561927185058593750e+02
3.495003356933593750e+02
3.415368652343750000e+02
2.086386108398437500e+01
3.764426422119140625e+01
3.056656074523925781e+01
3.691362380981445312e+01
4.621530532836914062e+01
3.480014801025390625e+01
6.092890930175781250e+01
6.968678283691406250e+01
4.437177658081054688e+01
1.373831272125244141e+01
2.549689102172851562e+01
1.458426666259765625e+01
1.080671977996826172e+01
2.483932495117187500e+01
1.146449947357177734e+01
1.172866725921630859e+01
2.582559585571289062e+01
9.830050468444824219e+00
3.168826904296875000e+03
3.315879150390625000e+03
3.548722656250000000e+03
3.576038818359375000e+03
3.758251220703125000e+03
4.002619628906250000e+03
3.824179687500000000e+03
4.079432128906250000e+03
4.337113769531250000e+03
9.281439781188964844e+00
2.356435966491699219e+01
6.479489326477050781e+00
1.182305812835693359e+01
2.822662353515625000e+01
9.643961906433105469e+00
1.566764831542968750e+01
3.562377166748046875e+01
1.416862392425537109e+01
2.987015485763549805e+00
5.534845829010009766e+00
9.010465621948242188e+00
8.736261367797851562e+00
1.245999908447265625e+01
1.604449653625488281e+01
3.555822849273681641e+00
7.394530773162841797e+00
1.117137336730957031e+01
7.810961604118347168e-01
1.337220311164855957e+00
1.651546716690063477e+00
9.173031449317932129e-01
1.728283166885375977e+00
1.752723217010498047e+00
1.872163176536560059e+00
2.600304126739501953e+00
2.303700447082519531e+00
1.051978759765625000e+03
1.051035644531250000e+03
1.248374755859375000e+03
1.034320678710937500e+03
9.752478637695312500e+02
1.246728637695312500e+03
1.028991821289062500e+03
9.444082031250000000e+02
1.196469726562500000e+03
4.997076797485351562e+01
6.657801055908203125e+01
5.761707687377929688e+01
5.166666412353515625e+01
8.407276153564453125e+01
5.707792282104492188e+01
6.009845352172851562e+01
7.328489685058593750e+01
5.723947143554687500e+01
5.856340942382812500e+02
4.935341491699218750e+02
5.824066162109375000e+02
6.360157470703125000e+02
4.975791320800781250e+02
5.837742309570312500e+02
7.305098266601562500e+02
6.491829833984375000e+02
7.903584594726562500e+02
1.168939819335937500e+03
1.229498901367187500e+03
1.275691894531250000e+03
1.305237915039062500e+03
1.375083496093750000e+03
1.401284423828125000e+03
1.210429443359375000e+03
1.274650634765625000e+03
1.326139770507812500e+03
2.342401885986328125e+01
2.480861663818359375e+01
2.600197792053222656e+01
2.491987228393554688e+01
2.622025680541992188e+01
2.783761787414550781e+01
2.245958709716796875e+01
2.395558357238769531e+01
2.548881721496582031e+01
-7.479678344726562500e+02
-7.706541748046875000e+02
-7.549096069335937500e+02
-7.332802124023437500e+02
-7.031115112304687500e+02
-6.598893432617187500e+02
-6.762882080078125000e+02
-6.562595825195312500e+02
-5.875171508789062500e+02
-1.517199897766113281e+01
-1.754315567016601562e+01
-1.579115962982177734e+01
-9.864186286926269531e+00
-1.766116905212402344e+01
-1.646761703491210938e+01
-1.106268787384033203e+01
-2.193134689331054688e+01
-2.093692779541015625e+01
-5.309104980468750000e+03
-5.051423828125000000e+03
-5.011014648437500000e+03
-5.216897949218750000e+03
-5.081357910156250000e+03
-5.122103515625000000e+03
-5.254559570312500000e+03
-5.267857421875000000e+03
-5.332325195312500000e+03
7.434660941362380981e-02
-7.310501486063003540e-02
1.045346930623054504e-01
-1.024035811424255371e-01
-1.332384496927261353e-01
-8.042830228805541992e-01
3.748092427849769592e-02
-1.819882988929748535e-01
-1.769393831491470337e-01
-2.257472534179687500e+02
-2.513188781738281250e+02
-2.988102722167968750e+02
-2.516983795166015625e+02
-2.712218017578125000e+02
-3.373001098632812500e+02
-2.602837219238281250e+02
-2.618830261230468750e+02
-3.672053527832031250e+02
-2.375341033935546875e+01
-2.679475021362304688e+01
-3.706095504760742188e+01
-2.149585914611816406e+01
-4.167801284790039062e+01
-3.624815368652343750e+01
-1.870249748229980469e+01
-4.398912811279296875e+01
-4.351300811767578125e+01
-1.734480094909667969e+01
-2.412882423400878906e+01
-6.790077686309814453e+00
-2.068531417846679688e+01
-2.493000984191894531e+01
-6.912316799163818359e+00
-2.125689125061035156e+01
-2.983671188354492188e+01
-7.245461463928222656e+00
-3.890363769531250000e+03
-3.937370605468750000e+03
-4.018804687500000000e+03
-3.948994628906250000e+03
-3.948911865234375000e+03
-4.110088378906250000e+03
-4.020421875000000000e+03
-3.981675048828125000e+03
-4.134043945312500000e+03
-6.698538780212402344e+00
-7.522218704223632812e+00
-7.675621032714843750e+00
-5.627779483795166016e+00
-1.073223781585693359e+01
-7.830832958221435547e+00
-5.636819839477539062e+00
-1.226851177215576172e+01
-7.125012397766113281e+00
-7.882107496261596680e-01
-4.172368526458740234e+00
-1.034738540649414062e+01
-4.734888553619384766e+00
-6.328002929687500000e+00
-1.781427192687988281e+01
-6.678104400634765625e+00
-3.398684978485107422e+00
-1.603937530517578125e+01
-1.397783398628234863e+00
-1.761258244514465332e+00
-1.582222342491149902e+00
-1.778117060661315918e+00
-2.140741586685180664e+00
-1.941906571388244629e+00
-2.342788219451904297e+00
-2.519423246383666992e+00
-2.607853651046752930e+00
-1.450337280273437500e+03
-1.501360473632812500e+03
-1.354000854492187500e+03
-1.427328491210937500e+03
-1.469310913085937500e+03
-1.328711059570312500e+03
-1.453581298828125000e+03
-1.477781127929687500e+03
-1.386724121093750000e+03
-4.355798339843750000e+01
-6.117930603027343750e+01
-5.321829605102539062e+01
-4.573511505126953125e+01
-7.050382232666015625e+01
-5.504255676269531250e+01
-4.285439300537109375e+01
-5.802360153198242188e+01
-4.911576461791992188e+01
-5.758286743164062500e+02
-6.158642578125000000e+02
-5.730241699218750000e+02
-5.197878417968750000e+02
-5.724702148437500000e+02
-5.658623046875000000e+02
-5.137446289062500000e+02
-5.311139526367187500e+02
-6.426397094726562500e+02
-1.344677246093750000e+03
-1.337197631835937500e+03
-1.336399047851562500e+03
-1.361421997070312500e+03
-1.357903808593750000e+03
-1.353571533203125000e+03
-1.259849853515625000e+03
-1.265623168945312500e+03
-1.255267456054687500e+03
-1.634025764465332031e+01
-1.765806770324707031e+01
-1.992288780212402344e+01
-1.659559249877929688e+01
-1.851485443115234375e+01
-2.133103752136230469e+01
-1.562077045440673828e+01
-1.708336639404296875e+01
-1.972803115844726562e+01
4.318399902343750000e+03
4.339069824218750000e+03
5.727332519531250000e+03
3.265778564453125000e+03
3.777600341796875000e+03
5.287769042968750000e+03
2.331612060546875000e+03
3.634446044921875000e+03
4.889996582031250000e+03
3.106557006835937500e+02
2.051172180175781250e+02
1.807251586914062500e+02
3.253194885253906250e+02
2.501286315917968750e+02
2.009622802734375000e+02
3.257033691406250000e+02
2.320656890869140625e+02
2.030218353271484375e+02
4.030110546875000000e+04
5.157743359375000000e+04
5.778487890625000000e+04
4.271240234375000000e+04
5.401629687500000000e+04
5.639505078125000000e+04
4.664898828125000000e+04
5.433414062500000000e+04
5.250601953125000000e+04
-1.471336185932159424e-01
7.436754107475280762e-01
1.166483998298645020e+00
2.015772163867950439e-01
-2.630660772323608398e+00
7.081458091735839844e+00
-1.432869791984558105e+00
-1.339650273323059082e+00
3.803397178649902344e+00
1.590030639648437500e+03
7.325562744140625000e+02
8.269868164062500000e+02
1.855572875976562500e+03
1.252078125000000000e+03
1.443313354492187500e+03
1.404996093750000000e+03
1.051685058593750000e+03
1.781987670898437500e+03
7.470657958984375000e+02
5.430488891601562500e+02
1.192032699584960938e+02
8.343001098632812500e+02
7.449326782226562500e+02
3.119128723144531250e+02
6.819153442382812500e+02
6.378532714843750000e+02
3.170357666015625000e+02
3.421533508300781250e+02
2.365951232910156250e+02
6.899266052246093750e+01
3.560643920898437500e+02
2.275176086425781250e+02
4.125662994384765625e+01
3.285094299316406250e+02
1.826066131591796875e+02
2.389191389083862305e+00
3.057749804687500000e+04
3.085927539062500000e+04
3.212462695312500000e+04
2.839278906250000000e+04
2.925915429687500000e+04
3.003988476562500000e+04
2.601671484375000000e+04
2.804195507812500000e+04
2.858329296875000000e+04
5.523036575317382812e+01
1.511971282958984375e+02
8.013060760498046875e+01
3.635881423950195312e+01
1.434918212890625000e+02
3.005366516113281250e+01
2.311525154113769531e+01
1.092260055541992188e+02
3.946493625640869141e+00
-2.077796554565429688e+01
-5.617438507080078125e+01
-1.173127651214599609e+01
-2.101215553283691406e+01
-4.319043731689453125e+01
7.600628852844238281e+00
1.894955873489379883e+00
6.673807621002197266e+00
3.698055267333984375e+01
2.134496307373046875e+01
1.750618171691894531e+01
1.804280662536621094e+01
2.645031929016113281e+01
2.348313713073730469e+01
2.730296516418457031e+01
1.513065910339355469e+01
1.243148136138916016e+01
2.057952690124511719e+01
9.021595703125000000e+03
1.001154785156250000e+04
1.267211425781250000e+04
9.678988281250000000e+03
1.099692285156250000e+04
1.280495898437500000e+04
1.031833789062500000e+04
1.155930468750000000e+04
1.294976855468750000e+04
1.354803466796875000e+02
7.501473999023437500e+01
4.684143066406250000e+01
1.209164199829101562e+02
1.711667633056640625e+02
1.410925598144531250e+02
4.573978424072265625e+01
1.495624847412109375e+02
2.421148529052734375e+02
1.105833374023437500e+03
2.133943115234375000e+03
2.944929931640625000e+03
1.040930297851562500e+03
3.148405517578125000e+03
3.848479736328125000e+03
1.417212890625000000e+03
3.403162353515625000e+03
3.936093505859375000e+03
6.956117187500000000e+03
7.937724121093750000e+03
9.170779296875000000e+03
6.146002441406250000e+03
7.124147949218750000e+03
8.370052734375000000e+03
6.184941406250000000e+03
7.407020996093750000e+03
8.079837402343750000e+03
1.559157409667968750e+02
1.454183959960937500e+02
1.102792739868164062e+02
1.533317413330078125e+02
1.325377502441406250e+02
9.811133575439453125e+01
1.492022857666015625e+02
1.304872741699218750e+02
1.026915893554687500e+02
4.155106811523437500e+02
6.852135009765625000e+02
6.502178955078125000e+02
6.520763549804687500e+02
9.513009643554687500e+02
8.378067626953125000e+02
7.912770385742187500e+02
9.218693847656250000e+02
7.809681396484375000e+02
7.111621379852294922e+00
2.894198608398437500e+01
1.512604045867919922e+01
8.454432487487792969e+00
3.305756378173828125e+01
9.678122520446777344e+00
1.034476089477539062e+01
3.514831924438476562e+01
1.503266239166259766e+01
5.335947265625000000e+03
5.072635253906250000e+03
4.040680175781250000e+03
4.849515625000000000e+03
4.329221679687500000e+03
3.634071533203125000e+03
4.407035156250000000e+03
4.174375488281250000e+03
3.890555419921875000e+03
5.706473067402839661e-02
7.511942982673645020e-01
-2.172745391726493835e-02
2.162326276302337646e-01
8.057283163070678711e-01
2.021106958389282227e+00
-1.404291391372680664e-01
4.401060938835144043e-02
-3.220809996128082275e-02
3.033645629882812500e+02
3.080507812500000000e+02
3.960248413085937500e+02
3.479487304687500000e+02
3.689812316894531250e+02
4.776940002441406250e+02
3.478688659667968750e+02
3.243866882324218750e+02
4.173539428710937500e+02
-4.881541728973388672e+00
4.277929782867431641e+00
3.889102220535278320e+00
1.394870758056640625e+00
8.790948867797851562e+00
2.887387466430664062e+01
1.633243179321289062e+01
1.178008174896240234e+01
3.886926269531250000e+01
-2.038528442382812500e+01
1.713988685607910156e+01
8.094860076904296875e+00
-1.846462631225585938e+01
2.455603790283203125e+01
7.119271278381347656e+00
-1.364860820770263672e+01
2.569382476806640625e+01
7.050334453582763672e+00
3.171133056640625000e+03
3.090153808593750000e+03
3.634664550781250000e+03
3.677524169921875000e+03
3.491622314453125000e+03
4.120427246093750000e+03
4.100223632812500000e+03
3.875335205078125000e+03
4.495100585937500000e+03
3.152611255645751953e+00
3.462750244140625000e+01
5.158195972442626953e+00
9.717031478881835938e+00
4.142136383056640625e+01
4.995579242706298828e+00
1.161456680297851562e+01
4.111526489257812500e+01
7.329207897186279297e+00
9.063546180725097656e+00
1.091889476776123047e+01
1.966002845764160156e+01
8.516955375671386719e+00
1.412304115295410156e+01
3.060815429687500000e+01
8.771165609359741211e-01
4.353292942047119141e+00
2.264492607116699219e+01
1.411252170801162720e-01
5.408335924148559570e-01
5.596206188201904297e-01
-1.243599727749824524e-01
8.136177062988281250e-01
7.566462755203247070e-01
8.402548432350158691e-01
2.049437999725341797e+00
1.365527510643005371e+00
1.436713134765625000e+03
1.257750976562500000e+03
1.281447509765625000e+03
1.487291381835937500e+03
1.251758789062500000e+03
1.314306274414062500e+03
1.427221313476562500e+03
1.205985473632812500e+03
1.235393798828125000e+03
4.439545440673828125e+01
1.040532226562500000e+02
6.436265563964843750e+01
4.228663635253906250e+01
1.175749130249023438e+02
4.731897354125976562e+01
5.900618743896484375e+01
1.037132415771484375e+02
3.234749984741210938e+01
5.067516479492187500e+02
5.120261230468750000e+02
5.581950683593750000e+02
5.678892822265625000e+02
5.243895874023437500e+02
5.362167968750000000e+02
6.382454833984375000e+02
5.374948730468750000e+02
5.944599609375000000e+02
1.259666870117187500e+03
1.314251220703125000e+03
1.263804565429687500e+03
1.509699707031250000e+03
1.576139160156250000e+03
1.504634277343750000e+03
1.357791625976562500e+03
1.404071289062500000e+03
1.389391967773437500e+03
1.623315620422363281e+01
1.423412513732910156e+01
1.915139770507812500e+01
1.842150688171386719e+01
1.750005912780761719e+01
2.325205421447753906e+01
1.693148612976074219e+01
1.627763366699218750e+01
2.235981178283691406e+01
2.947122497558593750e+02
2.977338562011718750e+02
2.614940795898437500e+02
1.854632110595703125e+02
1.825768737792968750e+02
1.800113830566406250e+02
1.815223388671875000e+02
1.791588897705078125e+02
1.776028594970703125e+02
3.991361141204833984e+00
1.023289108276367188e+01
1.668636679649353027e+00
7.021184921264648438e+00
7.918086051940917969e+00
-8.900469541549682617e-01
5.378324508666992188e+00
3.962076187133789062e+00
5.101777911186218262e-01
1.443890014648437500e+03
1.652472778320312500e+03
1.944308837890625000e+03
1.385904663085937500e+03
1.685679809570312500e+03
1.915462524414062500e+03
1.455269287109375000e+03
1.765494506835937500e+03
1.908972534179687500e+03
1.179335117340087891e-01
1.760948151350021362e-01
2.600159645080566406e-01
-3.320951461791992188e-01
-1.560126543045043945e-01
-1.646022945642471313e-01
-1.467993296682834625e-02
-1.963223069906234741e-01
2.007172405719757080e-01
1.152258377075195312e+02
6.971405029296875000e+01
6.130464172363281250e+01
1.002087478637695312e+02
7.229936981201171875e+01
2.433737945556640625e+01
1.435642089843750000e+02
1.023533782958984375e+02
3.850188446044921875e+01
2.853676986694335938e+01
3.950164794921875000e+01
2.047052574157714844e+01
2.061565971374511719e+01
3.870458221435546875e+01
2.548711585998535156e+01
8.268635749816894531e+00
2.280494308471679688e+01
1.640316963195800781e+01
4.185596466064453125e+00
4.284593105316162109e+00
3.324743986129760742e+00
3.067458391189575195e+00
3.205546855926513672e+00
7.365921884775161743e-02
8.950472831726074219e+00
5.788092136383056641e+00
2.923178672790527344e+00
1.355136840820312500e+03
1.415132202148437500e+03
1.447901367187500000e+03
1.320643432617187500e+03
1.368103393554687500e+03
1.418735107421875000e+03
1.208420410156250000e+03
1.208585449218750000e+03
1.299901245117187500e+03
-6.409149646759033203e+00
7.174106597900390625e+00
1.589855790138244629e+00
-1.049529457092285156e+01
4.000684738159179688e+00
-1.580855250358581543e+00
-7.983451843261718750e+00
3.308105945587158203e+00
-2.871771574020385742e+00
2.373225450515747070e+00
5.804798379540443420e-02
-3.379882335662841797e+00
2.148289203643798828e+00
3.224257230758666992e+00
1.558029651641845703e+00
-1.052472829818725586e+00
7.247617840766906738e-01
-1.783277750015258789e+00
1.335000634193420410e+00
5.619951486587524414e-01
2.800887823104858398e-01
1.288356065750122070e+00
4.425579905509948730e-01
3.362946808338165283e-01
1.435861229896545410e+00
5.331941843032836914e-01
4.785978794097900391e-01
5.361057128906250000e+02
5.242766113281250000e+02
5.141055908203125000e+02
6.138001098632812500e+02
5.759840087890625000e+02
5.277512207031250000e+02
5.858399658203125000e+02
5.638519287109375000e+02
5.653743286132812500e+02
1.194593238830566406e+01
1.150559616088867188e+01
-1.134675621986389160e+00
9.814158439636230469e+00
9.583114624023437500e+00
-2.401481151580810547e+00
6.137341022491455078e+00
2.714182376861572266e+00
-8.674504280090332031e+00
1.346777496337890625e+02
1.081433563232421875e+02
1.403488006591796875e+02
1.083451004028320312e+02
1.138919067382812500e+02
1.758670043945312500e+02
1.101023864746093750e+02
1.221782150268554688e+02
1.962034149169921875e+02
4.122920227050781250e+02
4.261797180175781250e+02
4.232293090820312500e+02
3.595538024902343750e+02
3.672293701171875000e+02
3.808963928222656250e+02
3.359810791015625000e+02
3.480664978027343750e+02
3.808503723144531250e+02
4.849417209625244141e+00
4.846840381622314453e+00
4.682682514190673828e+00
5.949597358703613281e+00
5.445007801055908203e+00
4.896878242492675781e+00
6.098983287811279297e+00
5.412206172943115234e+00
4.920719146728515625e+00
3.401335144042968750e+01
2.308634948730468750e+02
3.234877319335937500e+02
7.698249053955078125e+01
2.827661132812500000e+02
3.790322265625000000e+02
1.510338439941406250e+02
3.263261718750000000e+02
3.988021545410156250e+02
3.466129302978515625e+00
8.311080932617187500e+00
-2.110521793365478516e+00
2.764742851257324219e+00
9.096375465393066406e+00
-3.825642108917236328e+00
4.642372131347656250e+00
1.044729614257812500e+01
-1.439034104347229004e+00
2.975912597656250000e+03
3.711311035156250000e+03
3.895764648437500000e+03
3.107452880859375000e+03
3.610645507812500000e+03
3.627368164062500000e+03
2.778091552734375000e+03
3.162222412109375000e+03
3.194071044921875000e+03
4.903326183557510376e-02
2.466092556715011597e-01
7.716862112283706665e-02
6.717048585414886475e-02
3.044781684875488281e-01
2.870918512344360352e-01
5.669308081269264221e-02
3.459702432155609131e-01
-1.019171774387359619e-01
5.192885208129882812e+01
4.102233505249023438e+01
5.869433593750000000e+01
1.065587615966796875e+02
9.765983581542968750e+01
9.766107177734375000e+01
8.157447814941406250e+01
8.672422027587890625e+01
1.231691513061523438e+02
2.672425270080566406e+01
3.782069396972656250e+01
1.791538047790527344e+01
4.280842590332031250e+01
4.991469573974609375e+01
2.284251022338867188e+01
5.436939620971679688e+01
5.643914794921875000e+01
2.006522750854492188e+01
1.145432853698730469e+01
2.521981430053710938e+01
4.889776229858398438e+00
1.218963432312011719e+01
2.644533157348632812e+01
3.345419406890869141e+00
1.036463165283203125e+01
2.422909736633300781e+01
2.888078391551971436e-01
1.291611816406250000e+03
1.415757934570312500e+03
1.606562622070312500e+03
1.547629394531250000e+03
1.656768188476562500e+03
1.883064697265625000e+03
1.665285156250000000e+03
1.736983032226562500e+03
1.981782348632812500e+03
-5.917637348175048828e+00
3.692632913589477539e+00
-1.693419218063354492e+00
-6.188073635101318359e+00
8.145265579223632812e+00
-2.745113372802734375e-01
-3.025193214416503906e+00
1.070367240905761719e+01
1.813306093215942383e+00
-1.831443071365356445e+00
-4.975857734680175781e+00
-3.516061305999755859e-01
3.833446502685546875e-01
4.068354368209838867e-01
4.080471515655517578e+00
-5.376444458961486816e-01
2.767239809036254883e+00
5.084604740142822266e+00
8.708125352859497070e-01
2.088099271059036255e-01
8.017131686210632324e-02
5.457390546798706055e-01
1.719022691249847412e-01
5.135272815823554993e-02
4.353882074356079102e-01
2.850487530231475830e-01
2.378772757947444916e-02
5.931802368164062500e+02
5.775018310546875000e+02
7.662172241210937500e+02
5.966350097656250000e+02
5.281320190429687500e+02
7.282252807617187500e+02
5.188963623046875000e+02
4.586333923339843750e+02
6.389845581054687500e+02
-1.660173034667968750e+01
-4.584544658660888672e+00
1.298289656639099121e+00
-1.735196495056152344e+01
-2.765825510025024414e+00
-4.833885669708251953e+00
-1.659881234169006348e+00
8.683012008666992188e+00
2.326367378234863281e+00
-7.192408752441406250e+01
-7.726200866699218750e+01
-1.939561843872070312e+01
-5.186567306518554688e+00
-1.177189350128173828e+01
3.032194137573242188e+01
2.234279632568359375e+01
5.987056255340576172e+00
6.368074417114257812e+01
3.562789001464843750e+02
4.658949890136718750e+02
5.200074462890625000e+02
4.299958801269531250e+02
5.305651855468750000e+02
5.650776977539062500e+02
3.966947021484375000e+02
4.836738586425781250e+02
5.285181884765625000e+02
5.594288349151611328e+00
3.447707414627075195e+00
2.234768867492675781e+00
4.773668766021728516e+00
2.472709178924560547e+00
1.921705365180969238e+00
3.109115600585937500e+00
1.442992091178894043e+00
1.520620822906494141e+00
-1.024307823181152344e+01
-1.590426635742187500e+01
-1.399290752410888672e+01
-2.434764671325683594e+01
-3.910690689086914062e+01
-3.631303024291992188e+01
-4.596154403686523438e+01
-5.127405929565429688e+01
-5.487790298461914062e+01
5.809285640716552734e-01
3.187353014945983887e-01
-2.196960523724555969e-02
7.047238349914550781e-01
-4.384956657886505127e-01
-7.084025442600250244e-02
1.294458985328674316e+00
3.555162549018859863e-01
1.590597629547119141e+00
-1.908728332519531250e+02
-2.001245117187500000e+02
-2.034684448242187500e+02
-2.091757202148437500e+02
-2.097732696533203125e+02
-2.173932189941406250e+02
-1.568111572265625000e+02
-1.999400482177734375e+02
-2.330082550048828125e+02
9.607305377721786499e-02
-1.171966642141342163e-02
8.070533722639083862e-02
-6.027034670114517212e-02
-1.211083903908729553e-01
-2.020307257771492004e-02
3.311721608042716980e-03
1.610262878239154816e-02
9.278092533349990845e-03
-3.032961654663085938e+01
-2.597077178955078125e+01
-1.734616279602050781e+01
-4.147406768798828125e+01
-1.183213424682617188e+01
-1.511997318267822266e+01
-3.281377029418945312e+01
-5.698476314544677734e+00
-7.064219474792480469e+00
-1.549487352371215820e+00
-1.508513450622558594e+00
-2.906109094619750977e+00
-1.298473834991455078e+00
-1.450240612030029297e+00
-4.544653892517089844e+00
-7.460845947265625000e+00
-5.781300544738769531e+00
5.575451254844665527e-01
-9.951323866844177246e-01
1.691161841154098511e-01
-3.362177610397338867e-01
-1.299724221229553223e+00
-3.084057569503784180e-01
-8.551102280616760254e-01
-6.905191540718078613e-01
-5.650705695152282715e-01
5.116046667098999023e-01
-1.232456054687500000e+02
-9.943824005126953125e+01
-1.254272994995117188e+02
-1.508903503417968750e+02
-1.299377441406250000e+02
-1.499962768554687500e+02
-2.244018402099609375e+02
-2.029377593994140625e+02
-2.048408355712890625e+02
2.728855013847351074e-01
2.352179139852523804e-01
-3.996223956346511841e-02
-3.982079923152923584e-01
-6.355983018875122070e-01
-3.741774857044219971e-01
-4.729424715042114258e-01
-9.857324361801147461e-01
-1.354237437248229980e+00
-3.589327037334442139e-01
1.210994362831115723e+00
-2.793642044067382812e+00
-3.461377620697021484e-01
-1.138134449720382690e-01
-2.699807643890380859e+00
-5.385355949401855469e-01
-1.332283169031143188e-01
-3.068203210830688477e+00
-5.557418242096900940e-02
-7.088608294725418091e-02
-2.684594318270683289e-02
4.584712535142898560e-02
-3.485132753849029541e-02
5.336266756057739258e-02
-1.066188793629407883e-02
-7.065097987651824951e-02
6.185365095734596252e-02
-4.283503341674804688e+01
-3.231846237182617188e+01
-5.086373519897460938e+01
-4.339975738525390625e+01
-3.348115158081054688e+01
-5.665937042236328125e+01
-4.864014816284179688e+01
-4.380449295043945312e+01
-7.715021514892578125e+01
4.808953285217285156e+00
-3.281909465789794922e+00
1.403999805450439453e+00
6.779843330383300781e+00
-1.161919116973876953e+00
1.437207221984863281e+00
-1.307386040687561035e+00
-2.199323177337646484e+00
-1.281322717666625977e+00
-6.219547271728515625e+00
-3.577646732330322266e+00
-6.027233600616455078e+00
-1.389301204681396484e+01
-3.516832828521728516e+00
-2.519236183166503906e+01
-6.606156349182128906e+00
8.695656061172485352e-01
-2.186118316650390625e+01
-3.361855316162109375e+01
-2.173957824707031250e+01
-2.715696716308593750e+01
-5.617738723754882812e+01
-4.852043533325195312e+01
-5.462864685058593750e+01
-5.437678146362304688e+01
-5.725065612792968750e+01
-6.430276489257812500e+01
-3.650354146957397461e-01
-7.869702577590942383e-02
-1.082695722579956055e-01
-6.645585894584655762e-01
-4.087679684162139893e-01
-3.202358782291412354e-01
-3.176769912242889404e-01
-7.696969807147979736e-02
-1.850244775414466858e-02
-5.059208984375000000e+02
-5.993750000000000000e+02
-6.891715698242187500e+02
-5.646794433593750000e+02
-6.500414428710937500e+02
-7.371790771484375000e+02
-7.283684692382812500e+02
-7.325365600585937500e+02
-7.017504882812500000e+02
-1.422526741027832031e+01
-2.612758255004882812e+01
-1.554652786254882812e+01
-1.515214729309082031e+01
-2.033475303649902344e+01
-8.613695144653320312e+00
-1.114888191223144531e+01
-2.112788200378417969e+01
-8.359953880310058594e+00
-3.000931396484375000e+03
-3.056707763671875000e+03
-3.044682373046875000e+03
-2.813744873046875000e+03
-2.708111328125000000e+03
-2.705040039062500000e+03
-2.513761230468750000e+03
-2.457293457031250000e+03
-2.623868652343750000e+03
-1.030857115983963013e-01
1.771006137132644653e-01
-5.877549648284912109e-01
4.411133378744125366e-02
5.611394643783569336e-01
-6.571953892707824707e-01
-1.956633031368255615e-01
-6.658259630203247070e-01
-5.014634132385253906e-01
-1.987033233642578125e+02
-2.110009613037109375e+02
-1.827638549804687500e+02
-1.989589080810546875e+02
-2.500921783447265625e+02
-1.823230590820312500e+02
-2.046183166503906250e+02
-2.475256652832031250e+02
-1.830893554687500000e+02
-8.908561706542968750e+00
-3.755478668212890625e+01
-3.027051734924316406e+01
7.702829360961914062e+00
-4.446322631835937500e+01
-3.267274856567382812e+01
6.187111854553222656e+00
-4.504994201660156250e+01
-4.760274124145507812e+01
-4.227242946624755859e+00
-2.954292297363281250e+01
-1.656783294677734375e+01
-8.855391502380371094e+00
-4.276760864257812500e+01
-1.509098720550537109e+01
-9.434051513671875000e+00
-4.557381057739257812e+01
-1.347299385070800781e+01
-2.578152099609375000e+03
-2.772255126953125000e+03
-2.896718261718750000e+03
-2.743428710937500000e+03
-2.877328369140625000e+03
-2.924985595703125000e+03
-2.842808349609375000e+03
-2.916492675781250000e+03
-2.967853515625000000e+03
-1.696030855178833008e+00
-2.505630731582641602e+00
-5.168038368225097656e+00
-1.673104405403137207e+00
-2.585518836975097656e+00
-4.332394123077392578e+00
-5.726910591125488281e+00
-5.735008716583251953e+00
-3.856331586837768555e+00
-5.234599113464355469e+00
-6.165895938873291016e+00
-1.996431159973144531e+01
-5.449908256530761719e+00
-6.589636325836181641e+00
-1.487736701965332031e+01
-4.440658569335937500e+00
-7.382891654968261719e+00
-1.770300483703613281e+01
-1.716223239898681641e+00
-1.186119675636291504e+00
-1.386525392532348633e+00
-2.209268808364868164e+00
-1.589646220207214355e+00
-1.718298673629760742e+00
-2.268530607223510742e+00
-1.638420104980468750e+00
-1.591851353645324707e+00
-1.279328369140625000e+03
-1.188198974609375000e+03
-1.171558227539062500e+03
-1.339596923828125000e+03
-1.210060913085937500e+03
-1.114015014648437500e+03
-1.219846679687500000e+03
-1.086046875000000000e+03
-1.038706298828125000e+03
-3.901221084594726562e+01
-3.071224212646484375e+01
-1.605180740356445312e+01
-3.630750656127929688e+01
-3.554238128662109375e+01
-1.764806938171386719e+01
-3.979974746704101562e+01
-3.349346160888671875e+01
-1.960879325866699219e+01
-3.531860961914062500e+02
-2.624743652343750000e+02
-3.754128723144531250e+02
-4.745888977050781250e+02
-2.770476684570312500e+02
-3.445217590332031250e+02
-4.572383117675781250e+02
-3.326591186523437500e+02
-4.399595947265625000e+02
-8.183906860351562500e+02
-8.667180175781250000e+02
-8.519988403320312500e+02
-9.078843383789062500e+02
-9.251626586914062500e+02
-9.239773559570312500e+02
-9.062917480468750000e+02
-8.927440795898437500e+02
-9.130373535156250000e+02
-1.112004280090332031e+01
-1.223892974853515625e+01
-1.259368419647216797e+01
-1.269863224029541016e+01
-1.401971149444580078e+01
-1.397130298614501953e+01
-1.255503749847412109e+01
-1.412496280670166016e+01
-1.298344802856445312e+01
