2.255656003952026367e+00
8.339020729064941406e+00
3.160765647888183594e+00
2.226283073425292969e+00
3.090803623199462891e+00
2.646408379077911377e-01
7.871281504631042480e-01
1.737980544567108154e-02
4.048233032226562500e+00
4.376059055328369141e+00
1.517853498458862305e+00
8.531292080879211426e-01
3.023885965347290039e+00
1.995473653078079224e-01
1.473758369684219360e-01
2.021375179290771484e+00
1.113400887697935104e-02
6.195484399795532227e-01
5.430560588836669922e+00
2.255651712417602539e+00
2.279345750808715820e+00
8.475491404533386230e-02
2.351418256759643555e+00
1.111624622344970703e+01
2.399548590183258057e-01
7.191166877746582031e+00
3.401608765125274658e-01
2.338426828384399414e+00
1.185021281242370605e+00
1.092854499816894531e+00
1.437906771898269653e-01
7.739873230457305908e-02
2.595337927341461182e-01
7.018363475799560547e+00
8.156250715255737305e-01
1.555552333593368530e-01
7.773420810699462891e+00
2.041630029678344727e+00
1.164591193199157715e+00
3.429189682006835938e+00
2.904589772224426270e-01
8.305903673171997070e-01
5.804893374443054199e-01
3.137935876846313477e+00
2.186079323291778564e-01
3.359058856964111328e+00
7.618035316467285156e+00
7.934726476669311523e-01
3.979045391082763672e+00
1.304897427558898926e+00
3.885853767395019531e+00
1.834092196077108383e-03
1.462597399950027466e-01
4.159195899963378906e+00
2.922746837139129639e-01
3.766000270843505859e-01
3.698096036911010742e+00
1.824425347149372101e-02
3.034290075302124023e+00
1.066159129142761230e+00
6.811259746551513672e+00
4.449716567993164062e+00
1.194027662277221680e+00
5.051940083503723145e-01
7.484521389007568359e+00
2.514554023742675781e+01
9.122615814208984375e+00
6.454901695251464844e+00
9.384949684143066406e+00
9.049224853515625000e-01
2.333095073699951172e+00
5.495943501591682434e-02
1.245022392272949219e+01
1.346053791046142578e+01
4.523191928863525391e+00
2.619570732116699219e+00
9.429863929748535156e+00
7.409090399742126465e-01
4.120329320430755615e-01
6.002082824707031250e+00
4.049577936530113220e-02
1.893034458160400391e+00
1.673057556152343750e+01
6.370724201202392578e+00
6.731003284454345703e+00
2.960802018642425537e-01
7.129858970642089844e+00
3.455474472045898438e+01
7.910763621330261230e-01
2.338717079162597656e+01
9.974019527435302734e-01
7.023670673370361328e+00
3.568886518478393555e+00
3.719518184661865234e+00
4.316786527633666992e-01
2.565387189388275146e-01
7.955125570297241211e-01
2.177581977844238281e+01
2.495362520217895508e+00
4.874593615531921387e-01
2.397587203979492188e+01
6.529989719390869141e+00
3.524713039398193359e+00
1.009670257568359375e+01
7.896341681480407715e-01
2.467728614807128906e+00
1.851049661636352539e+00
9.635591506958007812e+00
6.888557076454162598e-01
1.005978775024414062e+01
2.282829093933105469e+01
2.449266433715820312e+00
1.250270652770996094e+01
3.590646266937255859e+00
1.190799522399902344e+01
9.257657453417778015e-03
3.450440168380737305e-01
1.283282852172851562e+01
8.878000378608703613e-01
1.072900414466857910e+00
1.145262145996093750e+01
5.513149499893188477e-02
9.371648788452148438e+00
2.969306468963623047e+00
2.092915153503417969e+01
1.337770080566406250e+01
3.336824178695678711e+00
1.446359515190124512e+00
-4.028009891510009766e+00
-1.244840812683105469e+01
-4.331895828247070312e+00
-2.964748382568359375e+00
-4.671617031097412109e+00
-4.970895349979400635e-01
-1.111709475517272949e+00
-2.827656827867031097e-02
-6.379525661468505859e+00
-6.796137332916259766e+00
-2.153355121612548828e+00
-1.302178502082824707e+00
-4.780411243438720703e+00
-4.367677867412567139e-01
-1.861277222633361816e-01
-2.821489095687866211e+00
-2.222185395658016205e-02
-9.230332374572753906e-01
-8.445899009704589844e+00
-2.788179874420166016e+00
-3.290141820907592773e+00
-1.727972626686096191e-01
-3.542042016983032227e+00
-1.769290542602539062e+01
-4.234352409839630127e-01
-1.252681159973144531e+01
-4.958477914333343506e-01
-3.492817878723144531e+00
-1.737930417060852051e+00
-2.108935594558715820e+00
-2.173168063163757324e-01
-1.414560824632644653e-01
-3.939420878887176514e-01
-1.122175312042236328e+01
-1.243081688880920410e+00
-2.553835213184356689e-01
-1.204329395294189453e+01
-3.375438213348388672e+00
-1.728971004486083984e+00
-4.751516342163085938e+00
-3.452581167221069336e-01
-1.183612465858459473e+00
-9.574736356735229492e-01
-4.826467990875244141e+00
-3.778710365295410156e-01
-4.880318164825439453e+00
-1.101321125030517578e+01
-1.243242859840393066e+00
-6.483156681060791016e+00
-1.507676720619201660e+00
-6.010245800018310547e+00
-6.900232285261154175e-03
-1.029148027300834656e-01
-6.435465812683105469e+00
-4.357555508613586426e-01
-4.931498467922210693e-01
-5.778782367706298828e+00
-2.699751593172550201e-02
-4.646504402160644531e+00
-1.318722844123840332e+00
-1.063253879547119141e+01
-6.527166366577148438e+00
-1.452952504158020020e+00
-6.403690576553344727e-01
7.159990787506103516e+00
2.407215499877929688e+01
8.777979850769042969e+00
6.209627628326416016e+00
8.972968101501464844e+00
8.479989171028137207e-01
2.241576433181762695e+00
5.254713073372840881e-02
1.191310596466064453e+01
1.285672760009765625e+01
4.313838005065917969e+00
2.505103826522827148e+00
9.001710891723632812e+00
7.062777280807495117e-01
3.995836973190307617e-01
5.628775596618652344e+00
3.929692879319190979e-02
1.803712964057922363e+00
1.598264503479003906e+01
6.043179512023925781e+00
6.433495998382568359e+00
2.827301621437072754e-01
6.875224113464355469e+00
3.310378646850585938e+01
7.580575942993164062e-01
2.223920440673828125e+01
9.628211259841918945e-01
6.746381759643554688e+00
3.407388210296630859e+00
3.552784919738769531e+00
4.144777059555053711e-01
2.494842112064361572e-01
7.642509937286376953e-01
2.082168960571289062e+01
2.367988824844360352e+00
4.678522348403930664e-01
2.293226623535156250e+01
6.276134014129638672e+00
3.373816728591918945e+00
9.693717002868652344e+00
7.623003721237182617e-01
2.377282142639160156e+00
1.762219309806823730e+00
9.267111778259277344e+00
6.714694499969482422e-01
9.594271659851074219e+00
2.183140945434570312e+01
2.333032131195068359e+00
1.198996734619140625e+01
3.425183296203613281e+00
1.141167545318603516e+01
8.623220957815647125e-03
3.271660804748535156e-01
1.218551731109619141e+01
8.521130681037902832e-01
1.038799405097961426e+00
1.098872756958007812e+01
5.315575376152992249e-02
9.121498107910156250e+00
2.839421033859252930e+00
2.002371215820312500e+01
1.280569648742675781e+01
3.236683845520019531e+00
1.392629504203796387e+00
1.441054344177246094e+01
4.765010833740234375e+01
1.710953521728515625e+01
1.210032176971435547e+01
1.785307693481445312e+01
1.744618177413940430e+00
4.427014350891113281e+00
1.045026704668998718e-01
2.383882141113281250e+01
2.563737678527832031e+01
8.490630149841308594e+00
5.003532409667968750e+00
1.797396087646484375e+01
1.439079284667968750e+00
7.624222636222839355e-01
1.119835853576660156e+01
8.032503724098205566e-02
3.556340456008911133e+00
3.183312606811523438e+01
1.172248744964599609e+01
1.271729373931884766e+01
5.724675655364990234e-01
1.357759475708007812e+01
6.611647796630859375e+01
1.527070283889770508e+00
4.498795318603515625e+01
1.872176885604858398e+00
1.328857231140136719e+01
6.723968982696533203e+00
7.267950057983398438e+00
8.188773393630981445e-01
4.985665380954742432e-01
1.510617256164550781e+00
4.163374328613281250e+01
4.723975181579589844e+00
9.372444748878479004e-01
4.557966613769531250e+01
1.247026062011718750e+01
6.685740470886230469e+00
1.884813308715820312e+01
1.444149017333984375e+00
4.616698265075683594e+00
3.543285131454467773e+00
1.834246635437011719e+01
1.318095088005065918e+00
1.891180801391601562e+01
4.304088592529296875e+01
4.679701328277587891e+00
2.394900131225585938e+01
6.672197341918945312e+00
2.267201995849609375e+01
1.902524009346961975e-02
5.941461324691772461e-01
2.429208755493164062e+01
1.677847027778625488e+00
1.995780110359191895e+00
2.177879714965820312e+01
1.048139780759811401e-01
1.768317604064941406e+01
5.459764957427978516e+00
3.981004714965820312e+01
2.525437545776367188e+01
6.207032680511474609e+00
2.705871105194091797e+00
-9.547007560729980469e+00
-3.059823608398437500e+01
-1.079458332061767578e+01
-7.510897636413574219e+00
-1.144984531402587891e+01
-1.180977225303649902e+00
-2.779434204101562500e+00
-6.844229996204376221e-02
-1.540871334075927734e+01
-1.660166931152343750e+01
-5.368330001831054688e+00
-3.226697444915771484e+00
-1.160945415496826172e+01
-1.020465373992919922e+00
-4.723623394966125488e-01
-7.103543281555175781e+00
-5.175922065973281860e-02
-2.284808874130249023e+00
-2.055474281311035156e+01
-7.277669906616210938e+00
-8.066358566284179688e+00
-4.015938043594360352e-01
-8.641142845153808594e+00
-4.274415588378906250e+01
-1.018571496009826660e+00
-2.989173507690429688e+01
-1.189371705055236816e+00
-8.498908996582031250e+00
-4.292703151702880859e+00
-4.909508705139160156e+00
-5.248773097991943359e-01
-3.317994475364685059e-01
-9.638970494270324707e-01
-2.710453414916992188e+01
-3.047198295593261719e+00
-6.092701554298400879e-01
-2.932043647766113281e+01
-8.144686698913574219e+00
-4.257313251495361328e+00
-1.183190917968750000e+01
-8.822373747825622559e-01
-2.928826570510864258e+00
-2.302486419677734375e+00
-1.174954414367675781e+01
-8.601648211479187012e-01
-1.210991668701171875e+01
-2.741875267028808594e+01
-3.041213274002075195e+00
-1.564122486114501953e+01
-3.988880872726440430e+00
-1.460988998413085938e+01
-1.496692188084125519e-02
-3.071129918098449707e-01
-1.588168525695800781e+01
-1.070472240447998047e+00
-1.236176013946533203e+00
-1.410293197631835938e+01
-6.574154645204544067e-02
-1.132092857360839844e+01
-3.339386224746704102e+00
-2.578200912475585938e+01
-1.615971755981445312e+01
-3.724844932556152344e+00
-1.645904183387756348e+00
1.983046150207519531e+01
6.529689025878906250e+01
2.346230125427246094e+01
1.651329803466796875e+01
2.445522499084472656e+01
2.386897563934326172e+00
6.056620121002197266e+00
1.435241848230361938e-01
3.271751785278320312e+01
3.512039184570312500e+01
1.159938716888427734e+01
6.843129634857177734e+00
2.463632392883300781e+01
1.981367588043212891e+00
1.044176697731018066e+00
1.523357677459716797e+01
1.101000979542732239e-01
4.868811130523681641e+00
4.366598510742187500e+01
1.596026802062988281e+01
1.743006515502929688e+01
7.903911471366882324e-01
1.863623428344726562e+01
9.078946685791015625e+01
2.097885847091674805e+00
6.182203674316406250e+01
2.577297449111938477e+00
1.824831962585449219e+01
9.208580970764160156e+00
1.000922393798828125e+01
1.124772071838378906e+00
6.909412741661071777e-01
2.071782350540161133e+00
5.718639373779296875e+01
6.472213745117187500e+00
1.290456652641296387e+00
6.250738525390625000e+01
1.716136360168457031e+01
9.151403427124023438e+00
2.579763603210449219e+01
1.975937366485595703e+00
6.327145099639892578e+00
4.865449905395507812e+00
2.517774009704589844e+01
1.830267906188964844e+00
2.586145591735839844e+01
5.885420227050781250e+01
6.406873226165771484e+00
3.290807723999023438e+01
9.065569877624511719e+00
3.112248802185058594e+01
2.674987539649009705e-02
7.950947284698486328e-01
3.327222824096679688e+01
2.300324678421020508e+00
2.751734495162963867e+00
2.986891555786132812e+01
1.438425779342651367e-01
2.438789939880371094e+01
7.444051265716552734e+00
5.464524841308593750e+01
3.460573577880859375e+01
8.472830772399902344e+00
3.689424037933349609e+00
-2.892461299896240234e+00
-8.800766944885253906e+00
-3.058561325073242188e+00
-1.998219490051269531e+00
-3.319088220596313477e+00
-3.610998392105102539e-01
-7.823175787925720215e-01
-2.012454532086849213e-02
-4.547501087188720703e+00
-4.808260917663574219e+00
-1.525893688201904297e+00
-9.193543791770935059e-01
-3.457030773162841797e+00
-3.120543658733367920e-01
-1.299017518758773804e-01
-1.962514162063598633e+00
-1.563430391252040863e-02
-6.633557677268981934e-01
-6.044126510620117188e+00
-1.936908602714538574e+00
-2.365941047668457031e+00
-1.293973326683044434e-01
-2.491399288177490234e+00
-1.266941928863525391e+01
-2.988360524177551270e-01
-9.042859077453613281e+00
-3.576961457729339600e-01
-2.478472232818603516e+00
-1.232906460762023926e+00
-1.528731703758239746e+00
-1.537023633718490601e-01
-1.002312600612640381e-01
-2.787984311580657959e-01
-8.039591789245605469e+00
-9.078429937362670898e-01
-1.830026209354400635e-01
-8.541301727294921875e+00
-2.388955354690551758e+00
-1.206659555435180664e+00
-3.372052907943725586e+00
-2.437801808118820190e-01
-8.439936637878417969e-01
-6.996499896049499512e-01
-3.393836736679077148e+00
-2.901763319969177246e-01
-3.477218627929687500e+00
-7.734323501586914062e+00
-8.896582126617431641e-01
-4.622286319732666016e+00
-1.037599205970764160e+00
-4.266047954559326172e+00
-5.561114754527807236e-03
-5.955849215388298035e-02
-4.602567195892333984e+00
-3.058633506298065186e-01
-3.562249243259429932e-01
-4.068670749664306641e+00
-1.862787827849388123e-02
-3.267297983169555664e+00
-9.274470210075378418e-01
-7.626688957214355469e+00
-4.656370639801025391e+00
-1.007745981216430664e+00
-4.362843632698059082e-01
2.928392171859741211e+00
1.004799270629882812e+01
3.722795009613037109e+00
2.700436353683471680e+00
3.741825580596923828e+00
3.338556289672851562e-01
9.573284983634948730e-01
2.171377465128898621e-02
4.937983512878417969e+00
5.337211608886718750e+00
1.817628741264343262e+00
1.040068387985229492e+00
3.717891216278076172e+00
2.602078020572662354e-01
1.725230962038040161e-01
2.403372287750244141e+00
1.646313443779945374e-02
7.545554637908935547e-01
6.646144866943359375e+00
2.615271806716918945e+00
2.691427469253540039e+00
1.071454957127571106e-01
2.894131898880004883e+00
1.370923995971679688e+01
3.100796043872833252e-01
9.025486946105957031e+00
3.955509960651397705e-01
2.828229665756225586e+00
1.432691693305969238e+00
1.404513359069824219e+00
1.745585650205612183e-01
1.027786955237388611e-01
3.235954642295837402e-01
8.568776130676269531e+00
9.727818369865417480e-01
1.927426755428314209e-01
9.586038589477539062e+00
2.603984594345092773e+00
1.423743724822998047e+00
4.127431392669677734e+00
3.263961970806121826e-01
9.980614781379699707e-01
7.301956415176391602e-01
3.884263753890991211e+00
2.615008652210235596e-01
3.998244047164916992e+00
9.213676452636718750e+00
9.612792730331420898e-01
4.935079574584960938e+00
1.512896776199340820e+00
4.760212421417236328e+00
2.791423583403229713e-03
1.570943295955657959e-01
5.037245273590087891e+00
3.601768016815185547e-01
4.588412940502166748e-01
4.572444438934326172e+00
2.256975695490837097e-02
3.897863149642944336e+00
1.227044582366943359e+00
8.283520698547363281e+00
5.362712383270263672e+00
1.413418292999267578e+00
6.160130500793457031e-01
-6.033221721649169922e+00
-1.930496215820312500e+01
-6.819128990173339844e+00
-4.699077606201171875e+00
-7.224049568176269531e+00
-7.504433393478393555e-01
-1.737607955932617188e+00
-4.310608282685279846e-02
-9.772394180297851562e+00
-1.044643497467041016e+01
-3.377690076828002930e+00
-2.015949010848999023e+00
-7.320541858673095703e+00
-6.431738734245300293e-01
-2.999964654445648193e-01
-4.444787979125976562e+00
-3.205733746290206909e-02
-1.426833391189575195e+00
-1.295736408233642578e+01
-4.520809173583984375e+00
-5.110786437988281250e+00
-2.598352134227752686e-01
-5.444186210632324219e+00
-2.701171875000000000e+01
-6.388472914695739746e-01
-1.890091896057128906e+01
-7.685562372207641602e-01
-5.396700382232666016e+00
-2.698654651641845703e+00
-3.122926712036132812e+00
-3.337434530258178711e-01
-2.099612653255462646e-01
-6.044611334800720215e-01
-1.714925384521484375e+01
-1.914076685905456543e+00
-3.870720267295837402e-01
-1.850094604492187500e+01
-5.129272460937500000e+00
-2.675283193588256836e+00
-7.441131114959716797e+00
-5.583479404449462891e-01
-1.842558264732360840e+00
-1.452767610549926758e+00
-7.398601531982421875e+00
-5.605274438858032227e-01
-7.645645618438720703e+00
-1.722533988952636719e+01
-1.916333198547363281e+00
-9.843831062316894531e+00
-2.470732688903808594e+00
-9.233568191528320312e+00
-9.770615957677364349e-03
-1.851368546485900879e-01
-9.961593627929687500e+00
-6.731723546981811523e-01
-7.800031304359436035e-01
-8.873188972473144531e+00
-4.137766733765602112e-02
-7.144694328308105469e+00
-2.127602577209472656e+00
-1.635037231445312500e+01
-1.016698265075683594e+01
-2.316306352615356445e+00
-1.015437245368957520e+00
