1.083854370117187500e+03
9.914470825195312500e+02
8.504746704101562500e+02
1.200569824218750000e+03
1.066544067382812500e+03
8.471652832031250000e+02
1.280977905273437500e+03
1.127478271484375000e+03
9.024067382812500000e+02
4.415111541748046875e+01
6.689691162109375000e+01
5.518811416625976562e+01
4.035033416748046875e+01
4.893048095703125000e+01
3.804577636718750000e+01
6.729150390625000000e+01
5.660195922851562500e+01
5.503694534301757812e+01
7.615560913085937500e+01
7.188934326171875000e+01
5.135898971557617188e+01
6.323400115966796875e+01
4.305784988403320312e+01
3.475370788574218750e+01
4.213661193847656250e+01
3.727184295654296875e+01
3.946456909179687500e+01
1.502256927490234375e+02
1.248929138183593750e+02
9.241371154785156250e+01
1.487412261962890625e+02
9.909363555908203125e+01
8.380930328369140625e+01
1.373692932128906250e+02
8.922270202636718750e+01
9.120708465576171875e+01
2.772777404785156250e+02
2.800734558105468750e+02
2.696451110839843750e+02
2.639778442382812500e+02
2.689747619628906250e+02
2.633033447265625000e+02
2.868467102050781250e+02
2.697985229492187500e+02
2.598239135742187500e+02
2.486080551147460938e+01
2.619034767150878906e+01
1.777175521850585938e+01
1.719738388061523438e+01
2.269307708740234375e+01
1.802999305725097656e+01
7.877045631408691406e+00
1.609219932556152344e+01
1.664452552795410156e+01
9.094484710693359375e+01
9.875750732421875000e+01
9.855694580078125000e+01
7.819797515869140625e+01
9.493267822265625000e+01
9.652745819091796875e+01
1.137925949096679688e+02
1.079004821777343750e+02
1.019919204711914062e+02
2.394451904296875000e+02
2.491766967773437500e+02
2.321822967529296875e+02
2.308509674072265625e+02
2.318515625000000000e+02
1.987214355468750000e+02
2.463851470947265625e+02
2.292532043457031250e+02
2.110561218261718750e+02
6.541436195373535156e+00
1.432445240020751953e+01
1.629074668884277344e+01
1.289938926696777344e+01
1.657835006713867188e+01
1.409224700927734375e+01
1.822680282592773438e+01
2.015102767944335938e+01
1.386062335968017578e+01
4.804930686950683594e+00
1.043255043029785156e+01
7.885119915008544922e+00
3.490241467952728271e-01
5.654218673706054688e+00
6.523768424987792969e+00
5.160258769989013672e+00
4.285765647888183594e+00
8.541394233703613281e+00
1.659266204833984375e+02
1.449745941162109375e+02
1.439302062988281250e+02
2.125201873779296875e+02
1.869678802490234375e+02
1.871043090820312500e+02
2.182818603515625000e+02
1.856015014648437500e+02
2.027499237060546875e+02
3.955842590332031250e+02
3.795409545898437500e+02
4.156434326171875000e+02
4.746431579589843750e+02
4.622452087402343750e+02
4.468524475097656250e+02
6.366519775390625000e+02
5.931517944335937500e+02
5.459952392578125000e+02
1.814603233337402344e+01
1.141627120971679688e+01
2.208350181579589844e+01
2.941454696655273438e+01
3.266878509521484375e+01
2.593894195556640625e+01
5.407084655761718750e+01
4.692016983032226562e+01
2.027941703796386719e+01
4.594579219818115234e+00
2.500786590576171875e+01
4.670343017578125000e+01
2.811125946044921875e+01
4.545329666137695312e+01
6.382836151123046875e+01
4.762205123901367188e+01
6.575296783447265625e+01
9.309179687500000000e+01
5.152848434448242188e+01
3.729281616210937500e+01
4.287281417846679688e+01
5.513815689086914062e+01
4.954940032958984375e+01
6.088996505737304688e+01
7.291394805908203125e+01
7.212464904785156250e+01
8.011122894287109375e+01
1.875742187500000000e+02
2.214293060302734375e+02
2.745117797851562500e+02
2.549221496582031250e+02
3.261789550781250000e+02
3.303363647460937500e+02
3.038374633789062500e+02
3.448775024414062500e+02
2.802708129882812500e+02
-5.467797363281250000e+03
-4.585160156250000000e+03
-3.731827636718750000e+03
-5.333243164062500000e+03
-4.630753417968750000e+03
-4.230053710937500000e+03
-5.459102539062500000e+03
-5.038305175781250000e+03
-5.001995117187500000e+03
-2.931551208496093750e+02
-1.966942749023437500e+02
-1.684866180419921875e+02
-2.345007934570312500e+02
-1.684247131347656250e+02
-2.393165588378906250e+02
-2.067225646972656250e+02
-1.312344055175781250e+02
-2.085852966308593750e+02
-1.437333984375000000e+02
-1.481865692138671875e+02
-1.897969055175781250e+02
-1.875219421386718750e+02
-2.659600830078125000e+02
-3.362103881835937500e+02
-2.299843597412109375e+02
-2.776922912597656250e+02
-2.925677490234375000e+02
-6.483825073242187500e+02
-8.329680786132812500e+02
-4.208293762207031250e+02
-5.568257446289062500e+02
-7.663487548828125000e+02
-3.396685791015625000e+02
-5.121515502929687500e+02
-6.402592773437500000e+02
-3.777932434082031250e+02
-1.998958587646484375e+02
2.010380401611328125e+02
-2.839671707153320312e+01
-3.219566040039062500e+02
1.738135070800781250e+02
-1.533815002441406250e+02
-3.261021804809570312e+01
5.070410156250000000e+02
6.665515899658203125e+01
-6.025600051879882812e+01
-2.902476501464843750e+01
-1.743931388854980469e+01
-9.376264190673828125e+01
-8.366803741455078125e+01
-9.792075347900390625e+01
-1.156375122070312500e+02
-1.125382995605468750e+02
-1.168021087646484375e+02
-3.246319885253906250e+02
-3.497157592773437500e+02
-4.962346801757812500e+02
-2.357675476074218750e+02
-3.305546569824218750e+02
-3.704321594238281250e+02
-1.924435882568359375e+02
-2.614211120605468750e+02
-3.692532043457031250e+02
-8.661416625976562500e+02
-8.735776977539062500e+02
-4.723702697753906250e+02
-9.378256225585937500e+02
-1.049706298828125000e+03
-6.680377197265625000e+02
-8.598036499023437500e+02
-1.056134155273437500e+03
-7.219423217773437500e+02
-1.660947723388671875e+02
-2.387510833740234375e+02
-3.343320846557617188e+01
-2.092528076171875000e+02
-2.792581176757812500e+02
-6.589699554443359375e+01
-1.704357452392578125e+02
-1.992211456298828125e+02
-3.623205947875976562e+01
-2.569533729553222656e+01
3.121599674224853516e+00
-7.936506271362304688e-01
-2.792600440979003906e+01
-5.823968648910522461e-01
2.323730230331420898e+00
-1.491655540466308594e+01
-7.507778167724609375e+00
-1.360763168334960938e+01
-9.674895629882812500e+02
-9.221568603515625000e+02
-7.416110839843750000e+02
-9.837928466796875000e+02
-8.886419067382812500e+02
-7.003544921875000000e+02
-8.791217651367187500e+02
-8.442658691406250000e+02
-6.083840332031250000e+02
-2.973643066406250000e+03
-2.431654052734375000e+03
-2.157287109375000000e+03
-2.805198242187500000e+03
-2.261267578125000000e+03
-1.891925415039062500e+03
-2.452603759765625000e+03
-2.095855712890625000e+03
-1.742822631835937500e+03
-3.546413574218750000e+02
6.614341735839843750e+01
-2.748277664184570312e+01
-3.736376647949218750e+02
5.572927093505859375e+01
-1.377004528045654297e+01
-3.094494934082031250e+02
1.653064880371093750e+02
2.715474319458007812e+01
-3.742402343750000000e+02
-4.096205749511718750e+02
-4.313249206542968750e+02
-4.407839965820312500e+02
-4.373405761718750000e+02
-4.910872497558593750e+02
-3.526104125976562500e+02
-3.070816650390625000e+02
-3.432652282714843750e+02
-3.642335815429687500e+02
-3.783178710937500000e+02
-3.935385131835937500e+02
-4.067094421386718750e+02
-3.983656005859375000e+02
-3.793033142089843750e+02
-3.881807861328125000e+02
-3.511826782226562500e+02
-3.054148559570312500e+02
-1.202150390625000000e+03
-1.185077758789062500e+03
-9.987966918945312500e+02
-1.187775878906250000e+03
-1.128206542968750000e+03
-8.791977539062500000e+02
-9.718993530273437500e+02
-7.083183593750000000e+02
-6.006510620117187500e+02
4.959496582031250000e+03
4.797670898437500000e+03
4.198407226562500000e+03
5.136824218750000000e+03
4.954403320312500000e+03
4.339639160156250000e+03
4.803747558593750000e+03
4.676003906250000000e+03
4.119618652343750000e+03
1.710934448242187500e+02
2.022135772705078125e+02
1.660490722656250000e+02
1.443819122314453125e+02
1.755516815185546875e+02
1.630981445312500000e+02
1.425726623535156250e+02
1.759062500000000000e+02
1.618224792480468750e+02
1.281425933837890625e+02
9.469371795654296875e+01
5.258938217163085938e+01
5.420631408691406250e+01
1.833178901672363281e+01
1.585710644721984863e+00
4.335852146148681641e+00
1.302088165283203125e+01
4.788101196289062500e+00
5.269323120117187500e+02
5.007633056640625000e+02
5.266199951171875000e+02
5.784172973632812500e+02
5.626760864257812500e+02
5.229716796875000000e+02
6.223306274414062500e+02
5.480936889648437500e+02
5.000491027832031250e+02
3.550627899169921875e+01
9.190270233154296875e+01
3.486747741699218750e+01
1.604716339111328125e+02
2.343766021728515625e+02
1.516761474609375000e+02
2.828704833984375000e+02
3.446979980468750000e+02
2.405954589843750000e+02
4.063617324829101562e+01
3.216338348388671875e+01
2.108528518676757812e+01
1.398706817626953125e+01
2.207285690307617188e+01
2.089130401611328125e+01
2.055124855041503906e+01
3.833403778076171875e+01
3.413718032836914062e+01
2.312360687255859375e+02
3.017658691406250000e+02
3.291268310546875000e+02
2.594180603027343750e+02
3.338783874511718750e+02
3.611539001464843750e+02
2.690689392089843750e+02
3.247955322265625000e+02
3.178733520507812500e+02
8.054039306640625000e+02
7.055014038085937500e+02
6.450687866210937500e+02
8.435772705078125000e+02
7.496799926757812500e+02
6.980130615234375000e+02
8.508238525390625000e+02
7.824664306640625000e+02
7.560139160156250000e+02
6.577120208740234375e+01
4.045215606689453125e+01
5.190241241455078125e+01
5.924551773071289062e+01
4.365672302246093750e+01
5.808610916137695312e+01
5.369894027709960938e+01
4.296266174316406250e+01
7.186795806884765625e+01
7.985735416412353516e+00
1.120893478393554688e+01
1.079633235931396484e+00
9.561263084411621094e+00
1.923381233215332031e+01
1.577534389495849609e+01
1.260987567901611328e+01
1.830509376525878906e+01
1.412239551544189453e+01
2.129361114501953125e+02
2.038472290039062500e+02
2.390616149902343750e+02
2.557843322753906250e+02
2.439000244140625000e+02
2.605117187500000000e+02
2.193024902343750000e+02
1.990782928466796875e+02
2.207396240234375000e+02
1.311883300781250000e+03
1.350945312500000000e+03
1.220479492187500000e+03
1.569601928710937500e+03
1.599393676757812500e+03
1.424629882812500000e+03
1.620567626953125000e+03
1.627883422851562500e+03
1.453515625000000000e+03
1.689421081542968750e+01
5.437231063842773438e+01
2.981212043762207031e+01
5.963130569458007812e+01
9.391333770751953125e+01
5.364118576049804688e+01
5.294139099121093750e+01
8.893408966064453125e+01
4.002936553955078125e+01
6.235634994506835938e+01
7.890804290771484375e+01
7.308782196044921875e+01
9.181079864501953125e+01
1.183664855957031250e+02
1.205446548461914062e+02
1.094116439819335938e+02
1.468778228759765625e+02
1.789287567138671875e+02
8.461415100097656250e+01
9.262975311279296875e+01
9.176048278808593750e+01
1.093158721923828125e+02
1.167330627441406250e+02
1.198576202392578125e+02
1.378488464355468750e+02
1.366092681884765625e+02
1.289394683837890625e+02
2.535548095703125000e+02
3.031605834960937500e+02
4.103217773437500000e+02
4.548685302734375000e+02
4.957013854980468750e+02
5.735180664062500000e+02
4.258164062500000000e+02
3.780990295410156250e+02
4.312505798339843750e+02
7.455380859375000000e+02
6.136715698242187500e+02
5.207125244140625000e+02
5.098098144531250000e+02
3.270858154296875000e+02
3.052153625488281250e+02
2.777785949707031250e+02
2.494699554443359375e+02
4.098343200683593750e+02
4.802564239501953125e+01
8.217150878906250000e+01
2.141658401489257812e+01
1.660960006713867188e+01
6.130979537963867188e+01
-3.012551784515380859e+00
7.950049400329589844e+00
4.316369628906250000e+01
3.907389068603515625e+01
5.934439086914062500e+01
8.205712127685546875e+01
4.983910369873046875e+01
1.661692810058593750e+01
2.674036407470703125e+01
1.792515945434570312e+01
-9.590566635131835938e+00
1.190322494506835938e+01
2.657285881042480469e+01
3.052702713012695312e+01
-6.219727993011474609e+00
3.481076431274414062e+01
7.389872741699218750e+01
5.039164352416992188e+01
1.918656539916992188e+01
9.779320526123046875e+01
3.561410140991210938e+01
3.728704452514648438e+00
1.462029571533203125e+02
9.938768768310546875e+01
1.353220367431640625e+02
1.744624328613281250e+02
1.317610626220703125e+02
1.721680755615234375e+02
2.055560455322265625e+02
1.553962860107421875e+02
2.020417175292968750e+02
3.406731796264648438e+01
7.076393127441406250e+00
7.225906848907470703e+00
2.700705528259277344e+00
-4.431307315826416016e+00
-6.222396373748779297e+00
-8.317440986633300781e+00
4.042219161987304688e+00
1.869977378845214844e+01
8.573247528076171875e+01
7.365524291992187500e+01
7.303253173828125000e+01
1.198266448974609375e+02
6.880540466308593750e+01
7.933576202392578125e+01
1.278847427368164062e+02
4.380572128295898438e+01
4.621265411376953125e+01
1.939522247314453125e+02
1.784847259521484375e+02
1.972380676269531250e+02
1.334472351074218750e+02
1.034939651489257812e+02
1.509309997558593750e+02
1.519078216552734375e+02
1.392426605224609375e+02
2.164205474853515625e+02
3.148871898651123047e+00
1.324291133880615234e+01
1.101869964599609375e+01
1.368879318237304688e+01
2.951059818267822266e+00
3.041099071502685547e+00
2.072746467590332031e+01
3.070729637145996094e+01
4.044170379638671875e+01
2.649950027465820312e+01
1.221018886566162109e+01
4.595305919647216797e+00
1.253354644775390625e+01
1.241641330718994141e+01
7.171205282211303711e-01
1.302974033355712891e+01
1.522270107269287109e+01
-1.883281230926513672e+00
3.715147094726562500e+02
4.781534423828125000e+02
5.046821899414062500e+02
3.956435546875000000e+02
4.873955688476562500e+02
5.258862915039062500e+02
3.763041992187500000e+02
4.882133789062500000e+02
5.145738525390625000e+02
6.630079956054687500e+02
8.108389282226562500e+02
7.723447875976562500e+02
7.704751586914062500e+02
9.052666625976562500e+02
7.932876586914062500e+02
8.467229003906250000e+02
9.757412109375000000e+02
8.203789672851562500e+02
7.061169433593750000e+01
6.713090515136718750e+01
4.622444152832031250e+01
1.066181488037109375e+02
9.345699310302734375e+01
6.884096527099609375e+01
9.398027801513671875e+01
7.075051116943359375e+01
4.445313262939453125e+01
2.205474472045898438e+01
-7.598149776458740234e+00
1.979891967773437500e+01
3.560558700561523438e+01
1.462101459503173828e+01
2.418976593017578125e+01
7.760890197753906250e+01
9.106806945800781250e+01
7.059117889404296875e+01
7.579224395751953125e+01
9.580408477783203125e+01
1.056150436401367188e+02
7.345693969726562500e+01
1.148188171386718750e+02
1.334610595703125000e+02
8.682892608642578125e+01
1.302619476318359375e+02
1.488431549072265625e+02
5.488575439453125000e+02
7.817536010742187500e+02
7.908454589843750000e+02
6.361176757812500000e+02
8.032033691406250000e+02
7.597186279296875000e+02
5.363851318359375000e+02
5.578096313476562500e+02
5.631727294921875000e+02
9.688887695312500000e+03
1.059052734375000000e+04
1.023477734375000000e+04
1.059806250000000000e+04
1.205282617187500000e+04
1.180018261718750000e+04
1.094863476562500000e+04
1.273281347656250000e+04
1.261824511718750000e+04
1.690177764892578125e+02
5.291994628906250000e+02
5.207490844726562500e+02
1.995407257080078125e+02
5.218060302734375000e+02
5.497222290039062500e+02
2.218283691406250000e+02
4.154989624023437500e+02
5.079974365234375000e+02
6.042381591796875000e+02
6.678417968750000000e+02
6.622028808593750000e+02
7.261091918945312500e+02
7.897965087890625000e+02
7.440649414062500000e+02
5.973854980468750000e+02
6.386345825195312500e+02
5.461997070312500000e+02
1.637811035156250000e+03
1.409566162109375000e+03
1.284104980468750000e+03
1.682228759765625000e+03
1.665308227539062500e+03
1.406981323242187500e+03
1.655629028320312500e+03
1.775206054687500000e+03
1.650173339843750000e+03
5.274804687500000000e+02
7.083359985351562500e+02
4.856203918457031250e+02
4.886946105957031250e+02
7.419142456054687500e+02
4.185123901367187500e+02
5.104599304199218750e+02
7.661895751953125000e+02
4.506101074218750000e+02
9.235916900634765625e+01
1.406916656494140625e+02
1.566461639404296875e+02
1.330788726806640625e+02
1.883322296142578125e+02
2.066899108886718750e+02
1.113557281494140625e+02
1.534210968017578125e+02
1.799320220947265625e+02
5.018204040527343750e+02
6.348614501953125000e+02
6.800454101562500000e+02
4.390633239746093750e+02
5.506070556640625000e+02
7.260549316406250000e+02
4.414459228515625000e+02
5.755095214843750000e+02
7.547597656250000000e+02
1.722442016601562500e+03
1.597778930664062500e+03
1.862020629882812500e+03
1.903455200195312500e+03
1.856155883789062500e+03
2.065147705078125000e+03
2.046827880859375000e+03
1.984269165039062500e+03
2.167016601562500000e+03
2.743085937500000000e+02
2.064505310058593750e+02
3.398180541992187500e+02
3.586122436523437500e+02
3.024052124023437500e+02
4.005364379882812500e+02
4.577405395507812500e+02
4.125230712890625000e+02
4.597841796875000000e+02
2.520525741577148438e+01
3.525339126586914062e+01
3.911349105834960938e+01
6.410549640655517578e+00
3.476371002197265625e+01
2.166472625732421875e+01
7.482642173767089844e+00
3.813095474243164062e+01
2.620754623413085938e+01
1.278042846679687500e+03
1.419100097656250000e+03
1.339312866210937500e+03
1.563930297851562500e+03
1.641956787109375000e+03
1.549997070312500000e+03
1.674827270507812500e+03
1.723200927734375000e+03
1.678875732421875000e+03
3.965211914062500000e+03
4.236189453125000000e+03
4.137816406250000000e+03
4.599712402343750000e+03
4.921838378906250000e+03
4.654886230468750000e+03
5.017321289062500000e+03
5.524631347656250000e+03
5.195833496093750000e+03
1.644588012695312500e+02
3.737657775878906250e+02
2.098184967041015625e+02
1.476400299072265625e+02
4.171177062988281250e+02
2.207019958496093750e+02
1.438835906982421875e+02
4.770820922851562500e+02
2.950230102539062500e+02
4.571168212890625000e+02
5.080375061035156250e+02
5.277124023437500000e+02
6.440031127929687500e+02
6.496358642578125000e+02
7.289079589843750000e+02
8.099425048828125000e+02
8.562675781250000000e+02
9.214352416992187500e+02
5.987100830078125000e+02
6.215002441406250000e+02
5.849063720703125000e+02
6.800355224609375000e+02
7.020355224609375000e+02
6.495316772460937500e+02
7.650201416015625000e+02
7.871795654296875000e+02
7.141772460937500000e+02
1.276914916992187500e+03
1.431832763671875000e+03
1.751286621093750000e+03
1.272019042968750000e+03
1.291630981445312500e+03
2.011902954101562500e+03
1.446207763671875000e+03
1.316221801757812500e+03
2.199171630859375000e+03
1.551019439697265625e+02
1.285361938476562500e+02
1.322887420654296875e+02
1.303205261230468750e+02
1.147326278686523438e+02
1.123088760375976562e+02
1.200067825317382812e+02
1.171521987915039062e+02
1.077918548583984375e+02
1.544065189361572266e+01
3.021547794342041016e+00
6.527654170989990234e+00
1.830523300170898438e+01
6.864668846130371094e+00
5.007025718688964844e+00
1.403478431701660156e+01
6.302104473114013672e+00
4.943580150604248047e+00
3.412012481689453125e+01
2.125556182861328125e+01
2.074427032470703125e+01
2.336119651794433594e+01
1.114439296722412109e+01
1.153253746032714844e+01
2.269163703918457031e+01
7.040998935699462891e+00
1.060976886749267578e+01
3.832263946533203125e+01
3.904524612426757812e+01
3.877624893188476562e+01
2.687096023559570312e+01
3.314746475219726562e+01
4.429804992675781250e+01
1.888863372802734375e+01
1.569487190246582031e+01
3.685784912109375000e+01
3.487097740173339844e+00
1.881348609924316406e+00
5.561999797821044922e+00
5.981901645660400391e+00
2.693531990051269531e+00
2.091782569885253906e+00
3.958100318908691406e+00
5.873404741287231445e-01
5.063891410827636719e+00
-9.300618171691894531e-01
2.137012004852294922e+00
6.469675302505493164e-01
1.810954809188842773e+00
3.329429626464843750e+00
2.279088973999023438e+00
3.915676593780517578e+00
3.783987760543823242e+00
2.152188062667846680e+00
1.333392906188964844e+01
1.283728408813476562e+01
1.008172035217285156e+01
1.092408180236816406e+01
9.033535957336425781e+00
1.868939399719238281e+01
7.894590854644775391e+00
6.831754207611083984e+00
1.024407196044921875e+01
1.021350669860839844e+01
1.879236793518066406e+01
1.386339187622070312e+01
1.424442863464355469e+01
2.532582664489746094e+01
1.794751739501953125e+01
2.147758483886718750e+01
2.942710304260253906e+01
2.249033737182617188e+01
1.270760250091552734e+01
1.073568916320800781e+01
1.027743625640869141e+01
2.635781478881835938e+01
2.108961868286132812e+01
2.036158370971679688e+01
3.024397850036621094e+01
2.456948661804199219e+01
2.384426307678222656e+01
1.013278737664222717e-01
-3.391493111848831177e-02
-8.715339004993438721e-03
8.897346258163452148e-02
3.493342101573944092e-01
4.853966832160949707e-01
1.930273532867431641e+00
3.388414084911346436e-01
4.802271127700805664e-01
6.534495544433593750e+01
5.819441986083984375e+01
6.047662734985351562e+01
7.850396728515625000e+01
7.307392883300781250e+01
6.971917724609375000e+01
8.008475494384765625e+01
6.808474731445312500e+01
6.659444427490234375e+01
1.361098327636718750e+02
1.153021392822265625e+02
1.178396530151367188e+02
1.359207458496093750e+02
1.169983596801757812e+02
1.304746093750000000e+02
1.347960052490234375e+02
1.172053298950195312e+02
1.328968048095703125e+02
8.599655151367187500e+00
-9.287071228027343750e-01
2.671158313751220703e+00
4.119170665740966797e+00
-4.954646110534667969e+00
1.138401478528976440e-01
5.067344665527343750e+00
-1.848568201065063477e+00
4.044692993164062500e+00
4.370535659790039062e+01
5.394826507568359375e+01
5.593138885498046875e+01
8.234957122802734375e+01
7.352901458740234375e+01
7.100352478027343750e+01
6.229702377319335938e+01
5.154330062866210938e+01
5.308951950073242188e+01
4.181553268432617188e+01
3.783169174194335938e+01
3.504571151733398438e+01
4.107627487182617188e+01
3.378523254394531250e+01
3.150442504882812500e+01
3.583880615234375000e+01
2.891318702697753906e+01
2.826701354980468750e+01
2.695695686340332031e+01
2.442624092102050781e+01
2.225233078002929688e+01
2.327382087707519531e+01
2.749621963500976562e+01
1.971329498291015625e+01
4.455805206298828125e+01
4.266526794433593750e+01
4.232723617553710938e+01
7.799306030273437500e+02
5.430607910156250000e+02
2.001223449707031250e+02
4.276785888671875000e+02
2.731450805664062500e+02
8.030789184570312500e+01
2.919443664550781250e+02
2.585293884277343750e+02
1.547245330810546875e+02
7.250192260742187500e+01
6.598474884033203125e+01
5.770522117614746094e+00
7.227077484130859375e+01
5.815465927124023438e+01
-7.085385799407958984e+00
5.144419860839843750e+01
3.724754333496093750e+01
2.484681367874145508e+00
-9.116642951965332031e+00
5.111972332000732422e+00
-3.813978195190429688e+01
-2.801814460754394531e+01
-3.487711715698242188e+01
-5.616321945190429688e+01
-6.992076873779296875e+01
-5.454456329345703125e+01
-7.145388031005859375e+01
2.162482261657714844e+01
-3.542227554321289062e+01
-2.955138778686523438e+01
7.874992370605468750e+01
1.699015426635742188e+01
1.174295806884765625e+01
9.630561828613281250e+01
3.204674911499023438e+01
2.010040092468261719e+01
-1.966455268859863281e+01
-2.363449668884277344e+01
-2.299546051025390625e+01
2.563158035278320312e+00
1.148598670959472656e+01
2.933713912963867188e+00
2.750633621215820312e+01
1.123821640014648438e+01
2.156923484802246094e+01
5.029396533966064453e+00
1.206025218963623047e+01
-4.446730613708496094e+00
-5.875991344451904297e+00
4.177962303161621094e+00
-4.255284368991851807e-01
-1.425322246551513672e+01
-3.018653392791748047e+00
9.428459405899047852e-01
1.725939788818359375e+02
1.251882629394531250e+02
7.522001647949218750e+01
1.653882446289062500e+02
1.444227600097656250e+02
5.904602432250976562e+01
1.934775390625000000e+02
9.750360870361328125e+01
1.074678707122802734e+01
1.626821136474609375e+02
8.581719207763671875e+01
1.127462844848632812e+02
8.864334869384765625e+01
2.653548955917358398e+00
5.416012573242187500e+01
1.135549545288085938e+02
3.118264961242675781e+01
9.598150634765625000e+01
-4.415919113159179688e+01
-3.500443649291992188e+01
-1.844709396362304688e+01
-7.327607727050781250e+01
-7.072999572753906250e+01
-4.940189743041992188e+01
-3.591176605224609375e+01
-2.357280349731445312e+01
-2.929664993286132812e+01
4.915422916412353516e+00
2.381212949752807617e+00
9.264298677444458008e-01
1.109736919403076172e+00
1.407557725906372070e-02
-1.600374102592468262e+00
1.147789192199707031e+01
-2.552071809768676758e-01
-2.080925750732421875e+01
2.703399963378906250e+02
2.660378112792968750e+02
2.561541137695312500e+02
3.062010803222656250e+02
2.743986816406250000e+02
2.576245117187500000e+02
2.550702972412109375e+02
2.617847900390625000e+02
2.564397583007812500e+02
3.802305603027343750e+02
4.738658752441406250e+02
4.850411682128906250e+02
4.850658874511718750e+02
5.213234252929687500e+02
4.717742309570312500e+02
6.357523803710937500e+02
5.823948974609375000e+02
4.733143005371093750e+02
-3.988489151000976562e+00
-1.407442569732666016e+01
2.398996162414550781e+01
3.693258666992187500e+01
1.071724987030029297e+01
3.297913742065429688e+01
1.670805549621582031e+01
8.616883277893066406e+00
-1.939259719848632812e+01
-1.502718257904052734e+01
-3.401173782348632812e+01
-6.447988128662109375e+01
-4.743601608276367188e+01
-5.517618179321289062e+01
-3.234832382202148438e+01
6.705537414550781250e+01
5.919844055175781250e+01
6.230498504638671875e+01
2.619953155517578125e+01
2.265179252624511719e+01
1.588134384155273438e+01
5.077674484252929688e+01
6.363158035278320312e+01
5.260778427124023438e+01
5.856184005737304688e+01
7.391555786132812500e+01
6.094536209106445312e+01
5.649367065429687500e+02
5.850283813476562500e+02
6.861313476562500000e+02
7.714442138671875000e+02
7.571011352539062500e+02
6.569226074218750000e+02
5.819255371093750000e+02
3.740781860351562500e+02
3.281321716308593750e+02
9.446583557128906250e+01
-2.818486404418945312e+01
-9.903245544433593750e+01
3.656734619140625000e+02
2.595592346191406250e+02
1.770621948242187500e+02
4.472396240234375000e+02
3.738166198730468750e+02
2.996295776367187500e+02
1.262177181243896484e+01
2.041493892669677734e+00
9.559653282165527344e+00
1.073523044586181641e+01
1.897981262207031250e+01
1.951079368591308594e+01
-1.549816966056823730e+00
2.191497421264648438e+01
1.285337638854980469e+01
5.277624130249023438e+01
4.687520599365234375e+01
4.452684402465820312e+01
4.205805206298828125e+01
4.210727310180664062e+01
3.832343673706054688e+01
-3.530081272125244141e+00
4.982029914855957031e+00
4.709046363830566406e+00
-2.896721839904785156e+01
-6.849494934082031250e+01
-4.718585205078125000e+01
-1.113768458366394043e+00
-4.391439819335937500e+01
-6.830471515655517578e+00
1.427567768096923828e+01
-6.062383651733398438e+00
1.185255432128906250e+01
-5.966940689086914062e+01
-3.499011611938476562e+01
-3.037424468994140625e+01
-3.239503860473632812e+01
3.693963289260864258e+00
7.979977607727050781e+00
-1.208963298797607422e+01
3.202469635009765625e+01
3.452672576904296875e+01
9.270928382873535156e+00
5.964328289031982422e+00
3.058742523193359375e+00
-2.510672569274902344e+00
-5.070876479148864746e-01
-3.257432460784912109e+00
-1.041690063476562500e+01
-2.641900300979614258e+00
-5.955268144607543945e-01
1.527238750457763672e+01
2.783825111389160156e+01
1.255926132202148438e+01
1.269699573516845703e+01
2.984639930725097656e+01
1.013261127471923828e+01
5.137576293945312500e+01
5.017184829711914062e+01
2.927409172058105469e+01
-7.866365909576416016e+00
-3.098858642578125000e+01
-1.766884613037109375e+01
5.351531600952148438e+01
2.316144752502441406e+01
2.881598281860351562e+01
4.413205337524414062e+01
1.971291923522949219e+01
2.901011657714843750e+01
-8.472895622253417969e+00
-1.796010017395019531e+01
-4.345767974853515625e+00
-4.794092655181884766e+00
-2.125302696228027344e+01
-3.525301218032836914e+00
-7.774217605590820312e+00
-1.897601509094238281e+01
-7.406789302825927734e+00
1.730519384145736694e-01
1.090216040611267090e+00
1.031331777572631836e+00
2.502343058586120605e-01
-5.081135630607604980e-01
7.612485289573669434e-01
-8.511133193969726562e-01
-9.877865761518478394e-02
-9.439134001731872559e-01
4.387479782104492188e+00
2.591150856018066406e+01
2.608164596557617188e+01
3.578746032714843750e+01
5.320684051513671875e+01
4.215362167358398438e+01
3.822527313232421875e+01
4.617125701904296875e+01
4.452116775512695312e+01
-4.189351654052734375e+01
-5.740715026855468750e+01
-6.025926589965820312e+01
7.219446563720703125e+01
5.350330352783203125e+01
4.853445053100585938e+01
1.477944641113281250e+02
1.083650970458984375e+02
8.623548889160156250e+01
-3.126028442382812500e+01
-6.767022132873535156e+00
-5.435846805572509766e+00
-2.230514144897460938e+01
1.751364827156066895e+00
7.662096023559570312e-01
-4.645211219787597656e+00
7.239799499511718750e+00
8.184703588485717773e-01
-6.585636615753173828e+00
-6.005210399627685547e+00
-4.386856079101562500e+00
-1.476754665374755859e+01
-5.905864238739013672e+00
-1.161385822296142578e+01
1.614998102188110352e+00
-1.108663654327392578e+01
-6.725382328033447266e+00
-4.228887081146240234e+00
-9.025954246520996094e+00
-8.547670364379882812e+00
5.484745025634765625e+00
5.689831733703613281e+00
2.542080402374267578e+00
1.584766578674316406e+01
1.721192169189453125e+01
1.125955390930175781e+01
-1.526606750488281250e+01
1.866261863708496094e+01
2.510627937316894531e+01
5.576251602172851562e+01
8.531764221191406250e+01
6.817266082763671875e+01
8.373097991943359375e+01
8.072404479980468750e+01
5.558493041992187500e+01
8.622726440429687500e+02
8.839594726562500000e+02
1.081525390625000000e+03
9.011597290039062500e+02
1.001001770019531250e+03
1.253302001953125000e+03
1.044120483398437500e+03
1.221228515625000000e+03
1.476578369140625000e+03
4.916143798828125000e+01
5.734984207153320312e+01
5.075255203247070312e+01
4.690378952026367188e+01
6.356505584716796875e+01
7.213466644287109375e+01
2.488854217529296875e+01
3.931444931030273438e+01
4.658617782592773438e+01
9.988834381103515625e+01
1.268568725585937500e+02
1.372292022705078125e+02
1.131724243164062500e+02
1.348927612304687500e+02
1.477466125488281250e+02
1.225044708251953125e+02
1.444616394042968750e+02
1.418134918212890625e+02
1.483506774902343750e+02
1.627696075439453125e+02
1.623530578613281250e+02
1.372222595214843750e+02
1.458882293701171875e+02
1.634998626708984375e+02
1.001384277343750000e+02
1.164003906250000000e+02
1.523192291259765625e+02
4.408638763427734375e+01
3.913189697265625000e+01
5.380492782592773438e+01
5.579203414916992188e+01
5.708329772949218750e+01
7.724964141845703125e+01
5.591259384155273438e+01
7.401090240478515625e+01
9.166776275634765625e+01
4.979479312896728516e+00
7.796948432922363281e+00
1.275803375244140625e+01
1.133835124969482422e+01
1.608267402648925781e+01
2.497894668579101562e+01
2.975371932983398438e+01
3.684083938598632812e+01
4.327624130249023438e+01
1.015059738159179688e+02
8.243802642822265625e+01
7.891075134277343750e+01
8.684486389160156250e+01
7.589057922363281250e+01
6.814643096923828125e+01
8.259548187255859375e+01
5.686476898193359375e+01
6.507513427734375000e+01
1.567330017089843750e+02
1.776589202880859375e+02
2.220394592285156250e+02
2.129597167968750000e+02
2.466541748046875000e+02
2.844442138671875000e+02
2.783875122070312500e+02
3.110332641601562500e+02
3.406623840332031250e+02
7.029956054687500000e+01
6.766974639892578125e+01
6.704081726074218750e+01
8.490145111083984375e+01
8.962619781494140625e+01
8.893472290039062500e+01
1.073920974731445312e+02
1.189245605468750000e+02
1.159940948486328125e+02
2.130176067352294922e+00
4.668180465698242188e+00
3.087653398513793945e+00
5.189252853393554688e+00
4.767705917358398438e+00
5.144532203674316406e+00
9.720497131347656250e+00
8.715953826904296875e+00
1.107923316955566406e+01
5.014134826660156250e+02
5.598150634765625000e+02
5.498637084960937500e+02
5.410191650390625000e+02
6.007471313476562500e+02
5.788684692382812500e+02
5.327333984375000000e+02
5.722561035156250000e+02
5.430070800781250000e+02
9.818218383789062500e+02
1.005085266113281250e+03
9.579570922851562500e+02
1.084176757812500000e+03
1.094545654296875000e+03
1.027743530273437500e+03
1.083811523437500000e+03
1.115136596679687500e+03
1.084903198242187500e+03
5.281085968017578125e+01
4.460389328002929688e+01
2.522924041748046875e+01
5.700967025756835938e+01
3.890665435791015625e+01
3.110251235961914062e+01
4.372768402099609375e+01
3.939422988891601562e+01
3.731678009033203125e+01
1.840124053955078125e+02
1.951667938232421875e+02
2.019690246582031250e+02
1.952304229736328125e+02
2.127796630859375000e+02
2.142614898681640625e+02
2.039385528564453125e+02
2.251657409667968750e+02
2.292883758544921875e+02
1.814398803710937500e+02
1.975144500732421875e+02
2.050614013671875000e+02
1.881814880371093750e+02
2.011022949218750000e+02
2.022919311523437500e+02
1.896429443359375000e+02
1.995727691650390625e+02
1.923591766357421875e+02
5.374530639648437500e+02
5.593191528320312500e+02
5.031694641113281250e+02
5.559985961914062500e+02
5.611508789062500000e+02
4.948169555664062500e+02
5.417376098632812500e+02
5.364644165039062500e+02
5.482538452148437500e+02
-2.013896118164062500e+03
-1.952156372070312500e+03
-1.858314819335937500e+03
-1.763999267578125000e+03
-1.776416137695312500e+03
-1.845636352539062500e+03
-1.646677612304687500e+03
-1.777238891601562500e+03
-1.942538330078125000e+03
-7.542625427246093750e+01
-8.213446044921875000e+01
-7.374676513671875000e+01
-6.677631378173828125e+01
-5.941983032226562500e+01
-6.446331787109375000e+01
-7.685572814941406250e+01
-7.402769470214843750e+01
-9.028803253173828125e+01
-4.408647918701171875e+01
-5.686763381958007812e+01
-7.269988250732421875e+01
-6.966860294342041016e+00
-4.641738128662109375e+01
-5.947763442993164062e+01
-2.628024101257324219e+01
-6.538604736328125000e+01
-8.639826202392578125e+01
-2.627195739746093750e+02
-2.775019531250000000e+02
-2.529975433349609375e+02
-2.684082336425781250e+02
-2.902122802734375000e+02
-2.539707641601562500e+02
-2.298946838378906250e+02
-2.562442626953125000e+02
-2.459644165039062500e+02
-1.287792205810546875e+02
-1.340962677001953125e+02
-1.221720962524414062e+02
-1.401193847656250000e+02
-1.414299621582031250e+02
-1.342987060546875000e+02
-1.068642425537109375e+02
-1.045562438964843750e+02
-1.014171295166015625e+02
-9.186845779418945312e+00
-1.354984664916992188e+01
-1.467935752868652344e+01
-1.714768028259277344e+01
-2.616938018798828125e+01
-3.201694488525390625e+01
-2.993016433715820312e+01
-4.445565795898437500e+01
-5.346112060546875000e+01
-1.852649536132812500e+02
-1.632003936767578125e+02
-1.340970764160156250e+02
-1.599411315917968750e+02
-1.395494995117187500e+02
-1.264532928466796875e+02
-1.504245910644531250e+02
-1.276837310791015625e+02
-1.334742431640625000e+02
-2.935188903808593750e+02
-3.156690979003906250e+02
-3.040914306640625000e+02
-3.003301391601562500e+02
-3.369497070312500000e+02
-3.295380554199218750e+02
-3.545892944335937500e+02
-3.977641601562500000e+02
-3.791930236816406250e+02
-2.891410255432128906e+01
-4.559849929809570312e+01
-2.868858718872070312e+01
-4.377301406860351562e+01
-7.028063964843750000e+01
-4.374617767333984375e+01
-7.420899200439453125e+01
-1.066096496582031250e+02
-9.176171875000000000e+01
-8.134864807128906250e+00
-4.986563682556152344e+00
-8.775379180908203125e+00
-1.140749168395996094e+01
-1.157270622253417969e+01
-7.511219501495361328e+00
-1.028375053405761719e+01
-8.773494720458984375e+00
-3.885841846466064453e+00
-2.346665649414062500e+02
-2.628730163574218750e+02
-2.800090026855468750e+02
-2.454511260986328125e+02
-2.599512939453125000e+02
-2.735241699218750000e+02
-2.589601135253906250e+02
-2.777733459472656250e+02
-2.906274108886718750e+02
-8.738578491210937500e+02
-8.980254516601562500e+02
-8.245649414062500000e+02
-9.449832763671875000e+02
-9.401013183593750000e+02
-8.550621948242187500e+02
-8.293344726562500000e+02
-8.685725708007812500e+02
-8.058668212890625000e+02
-9.371747589111328125e+01
-7.712019348144531250e+01
-3.530386734008789062e+01
-7.626745605468750000e+01
-6.291198348999023438e+01
-3.358494949340820312e+01
-5.413591384887695312e+01
-2.898912811279296875e+01
-4.205924224853515625e+01
-7.321506500244140625e+01
-7.185877990722656250e+01
-1.006622695922851562e+02
-1.181387100219726562e+02
-1.295264739990234375e+02
-1.172193069458007812e+02
-1.546216888427734375e+02
-1.790780792236328125e+02
-1.491456298828125000e+02
-8.916030883789062500e+01
-1.138885803222656250e+02
-1.281195068359375000e+02
-1.109247436523437500e+02
-1.354626770019531250e+02
-1.451511840820312500e+02
-1.065703353881835938e+02
-1.204127655029296875e+02
-1.265607604980468750e+02
-4.259764099121093750e+02
-4.294624938964843750e+02
-3.694424133300781250e+02
-4.252559814453125000e+02
-3.309897460937500000e+02
-2.817194213867187500e+02
-3.589656982421875000e+02
-2.394610137939453125e+02
-2.604433288574218750e+02
4.890793457031250000e+03
6.137761718750000000e+03
5.811838867187500000e+03
5.541057617187500000e+03
6.155600097656250000e+03
5.461185546875000000e+03
5.391994628906250000e+03
5.317745605468750000e+03
4.356293457031250000e+03
3.845595932006835938e+01
2.228395690917968750e+02
1.258446197509765625e+02
7.535735321044921875e+01
1.582110290527343750e+02
1.793704071044921875e+02
1.703756103515625000e+02
1.527925720214843750e+02
1.655507659912109375e+02
2.155214996337890625e+02
1.389841461181640625e+02
-6.929770469665527344e+00
1.375432891845703125e+02
-5.936629486083984375e+01
-1.921964569091796875e+02
9.304406738281250000e+01
-8.717196655273437500e+01
-1.055844039916992188e+02
1.626496124267578125e+02
4.622699279785156250e+02
6.019409790039062500e+02
4.242309570312500000e+02
6.586166381835937500e+02
6.013635253906250000e+02
6.202341308593750000e+02
6.113912353515625000e+02
5.367556762695312500e+02
7.252507019042968750e+01
7.969904327392578125e+01
-4.315499496459960938e+01
1.994086914062500000e+02
1.369449157714843750e+02
2.954995727539062500e+01
2.685576171875000000e+02
1.479774475097656250e+02
-2.222145080566406250e+01
7.274828338623046875e+01
9.818640899658203125e+01
2.890836143493652344e+01
4.875083923339843750e+01
2.497802352905273438e+01
-4.274626541137695312e+01
-3.278757810592651367e+00
-8.053537368774414062e+00
-4.434417724609375000e+01
-1.663156127929687500e+02
-1.650759315490722656e+01
2.321000671386718750e+02
-9.382254791259765625e+01
9.734341430664062500e+01
3.906099243164062500e+02
3.828730773925781250e+01
2.101223449707031250e+02
3.913360900878906250e+02
8.686140136718750000e+02
1.105500000000000000e+03
8.598793334960937500e+02
9.559040527343750000e+02
1.126982910156250000e+03
8.411546020507812500e+02
8.433515014648437500e+02
8.971150512695312500e+02
6.316285400390625000e+02
1.224305496215820312e+02
1.732817382812500000e+02
8.063253784179687500e+01
9.876133728027343750e+01
1.379903259277343750e+02
5.225886917114257812e+01
-9.966579437255859375e+00
1.314772033691406250e+01
-1.657499694824218750e+01
-9.867261886596679688e+00
-1.353195190429687500e+01
-4.067586898803710938e+00
6.925612688064575195e-01
5.050055980682373047e+00
1.451474475860595703e+01
-5.692440032958984375e+00
1.707455253601074219e+01
2.170741081237792969e+01
-2.024133605957031250e+02
-5.001086120605468750e+02
-3.553850097656250000e+02
-2.489921875000000000e+02
-5.910820922851562500e+02
-4.094414367675781250e+02
-3.260936279296875000e+02
-6.076307983398437500e+02
-4.131915588378906250e+02
8.775608520507812500e+02
9.650393066406250000e+02
1.002129516601562500e+03
8.208468627929687500e+02
1.123710937500000000e+03
1.117034790039062500e+03
8.064004516601562500e+02
9.787192993164062500e+02
9.870981445312500000e+02
4.203046417236328125e+01
-1.499651050567626953e+01
4.188087463378906250e+01
6.887189865112304688e+00
7.293781280517578125e+01
8.806251525878906250e+01
3.460865783691406250e+01
1.316739196777343750e+02
1.069848327636718750e+02
6.783563995361328125e+01
1.940437507629394531e+01
-5.407904815673828125e+01
-7.576484680175781250e+01
-1.262522964477539062e+02
-1.677176055908203125e+02
-2.333609924316406250e+02
-2.594529418945312500e+02
-1.972448577880859375e+02
1.227843189239501953e+01
-6.450813293457031250e+01
-9.006590270996093750e+01
-4.799894332885742188e+01
-1.431199035644531250e+02
-1.257662048339843750e+02
-8.920325469970703125e+01
-1.703458251953125000e+02
-1.044430999755859375e+02
-8.510276489257812500e+02
-6.126217651367187500e+02
-1.071164779663085938e+02
-7.599691162109375000e+02
-2.710023498535156250e+02
3.516389160156250000e+02
-4.241819763183593750e+02
8.755757904052734375e+01
3.627777404785156250e+02
2.540663574218750000e+03
2.514197265625000000e+03
2.375610595703125000e+03
2.620784423828125000e+03
2.623249511718750000e+03
2.539498779296875000e+03
2.489508056640625000e+03
2.527277832031250000e+03
2.555126220703125000e+03
4.785222625732421875e+01
6.960643768310546875e+01
7.673918914794921875e+01
3.893500518798828125e+01
5.612950897216796875e+01
7.483321380615234375e+01
3.709836196899414062e+01
5.325670242309570312e+01
5.919909286499023438e+01
5.843400955200195312e+01
6.272670364379882812e+01
5.027373886108398438e+01
3.765761184692382812e+01
7.886932373046875000e+01
6.613506317138671875e+01
3.433840179443359375e+01
5.320436859130859375e+01
5.903005599975585938e+01
4.080871276855468750e+02
2.888524169921875000e+02
2.921777954101562500e+02
4.138811645507812500e+02
2.584586486816406250e+02
2.833488769531250000e+02
3.908384094238281250e+02
2.948986511230468750e+02
3.080248107910156250e+02
7.723696136474609375e+01
1.512674560546875000e+02
1.333850860595703125e+02
7.935530090332031250e+01
1.588778533935546875e+02
1.480773773193359375e+02
1.100449371337890625e+02
1.980245819091796875e+02
1.731537475585937500e+02
1.472857475280761719e+01
1.521146678924560547e+01
1.726840400695800781e+01
8.019334793090820312e+00
2.281824874877929688e+01
2.834876060485839844e+01
7.075535774230957031e+00
1.248953151702880859e+01
2.939134979248046875e+01
1.654133148193359375e+02
1.645860290527343750e+02
1.525731964111328125e+02
1.559720153808593750e+02
1.461776885986328125e+02
1.109519119262695312e+02
1.582539978027343750e+02
1.350794525146484375e+02
1.245356445312500000e+02
4.351453247070312500e+02
3.684272155761718750e+02
4.511662597656250000e+02
4.554259033203125000e+02
3.740792541503906250e+02
4.846354980468750000e+02
4.718359069824218750e+02
4.057826843261718750e+02
5.147299804687500000e+02
4.685219955444335938e+01
1.431348323822021484e+01
5.252630996704101562e+01
5.047625350952148438e+01
1.785687255859375000e+01
6.451989746093750000e+01
5.370770645141601562e+01
3.163731765747070312e+01
6.464156341552734375e+01
3.211959123611450195e+00
1.932032775878906250e+01
9.100198745727539062e+00
5.919365406036376953e+00
1.395761966705322266e+01
6.646496772766113281e+00
8.802209854125976562e+00
5.141238689422607422e+00
6.866189956665039062e+00
8.513772583007812500e+01
2.074439392089843750e+02
2.379339599609375000e+02
9.161106872558593750e+01
2.242489624023437500e+02
2.448615417480468750e+02
1.043987884521484375e+02
2.191939697265625000e+02
2.529671936035156250e+02
7.615558471679687500e+02
9.938006591796875000e+02
8.682710571289062500e+02
8.828067626953125000e+02
1.099711669921875000e+03
9.845244140625000000e+02
8.930277099609375000e+02
1.097464843750000000e+03
9.972027587890625000e+02
-3.608269453048706055e+00
1.035649795532226562e+02
4.926281738281250000e+01
4.557818412780761719e+00
1.010513687133789062e+02
5.122495651245117188e+01
-6.912962436676025391e+00
8.010195159912109375e+01
2.819985389709472656e+01
4.668603134155273438e+01
4.679519653320312500e+01
3.730205535888671875e+01
4.195301437377929688e+01
7.160036468505859375e+01
9.167900848388671875e+01
5.938548660278320312e+01
8.205181121826171875e+01
1.033698043823242188e+02
4.669364929199218750e+01
7.455767059326171875e+01
8.236006927490234375e+01
6.164686584472656250e+01
9.672502136230468750e+01
9.706837463378906250e+01
7.967335510253906250e+01
1.156093444824218750e+02
1.080245285034179688e+02
2.034317016601562500e+02
2.799188537597656250e+02
3.944049072265625000e+02
1.978331146240234375e+02
2.231561431884765625e+02
2.958253173828125000e+02
1.917974243164062500e+02
1.843976898193359375e+02
2.958981323242187500e+02
1.335918212890625000e+03
1.672225585937500000e+03
1.762633300781250000e+03
1.222987792968750000e+03
1.702901123046875000e+03
1.795889038085937500e+03
1.171917236328125000e+03
1.665138671875000000e+03
1.746812744140625000e+03
2.937996101379394531e+01
4.962831115722656250e+01
6.155274200439453125e+01
1.704295349121093750e+01
4.955304718017578125e+01
4.696129226684570312e+01
1.457036972045898438e+01
4.335774230957031250e+01
4.434811401367187500e+01
1.727172088623046875e+01
1.920561027526855469e+01
4.075975036621093750e+01
-2.829451084136962891e+00
1.994143486022949219e+01
2.688964843750000000e+01
5.150886917114257812e+01
5.901281738281250000e+01
4.732453536987304688e+01
1.014575881958007812e+02
8.146629333496093750e+01
1.024807510375976562e+02
9.557345581054687500e+01
1.088859939575195312e+02
1.375077667236328125e+02
9.379190826416015625e+01
1.336276092529296875e+02
1.699562225341796875e+02
3.971654968261718750e+02
4.660629882812500000e+02
3.988476867675781250e+02
4.287906799316406250e+02
5.018382263183593750e+02
4.128553771972656250e+02
4.338794860839843750e+02
5.091250305175781250e+02
4.127560729980468750e+02
8.145728111267089844e-01
3.233631134033203125e+01
4.290456390380859375e+01
2.898393440246582031e+01
5.028681945800781250e+01
5.521997451782226562e+01
4.059093856811523438e+01
4.751470184326171875e+01
4.480236816406250000e+01
-5.833746910095214844e+00
-5.560179710388183594e+00
-6.665798187255859375e+00
-2.411264610290527344e+01
-2.189551353454589844e+01
9.360884666442871094e+00
-6.116374588012695312e+01
-3.401270294189453125e+01
1.883773422241210938e+01
3.432765502929687500e+02
3.786133422851562500e+02
4.054899597167968750e+02
3.957988891601562500e+02
4.390699462890625000e+02
4.646483764648437500e+02
4.541648559570312500e+02
5.068848571777343750e+02
4.938442687988281250e+02
2.417653083801269531e+01
1.630334472656250000e+01
2.937562751770019531e+01
4.895347976684570312e+01
3.749155044555664062e+01
4.839429473876953125e+01
8.438957977294921875e+01
6.120447921752929688e+01
5.645929718017578125e+01
-7.583704948425292969e+00
-4.704735279083251953e+00
-1.606293439865112305e+00
-1.660173416137695312e+00
-6.804130077362060547e+00
-9.273139238357543945e-01
-4.815731525421142578e+00
-3.711068630218505859e+00
3.925659894943237305e+00
3.778344421386718750e+02
2.286055603027343750e+02
1.489228515625000000e+02
3.697005004882812500e+02
2.127792816162109375e+02
1.218657989501953125e+02
3.751691284179687500e+02
2.330309448242187500e+02
1.033209838867187500e+02
8.992312011718750000e+02
7.274356079101562500e+02
7.241566772460937500e+02
8.428425292968750000e+02
7.111405639648437500e+02
7.884177246093750000e+02
6.473006591796875000e+02
5.207016601562500000e+02
6.075311279296875000e+02
6.033907699584960938e+01
5.082896423339843750e+01
3.835719299316406250e+01
1.786949539184570312e+01
2.283361244201660156e+01
1.703615188598632812e+01
1.368238449096679688e+01
1.646234703063964844e+01
3.856856155395507812e+01
1.126916961669921875e+02
1.086349334716796875e+02
1.107100601196289062e+02
1.065048599243164062e+02
1.188294677734375000e+02
1.375848388671875000e+02
1.211033172607421875e+02
1.086213302612304688e+02
9.321297454833984375e+01
1.143437576293945312e+02
1.006316146850585938e+02
7.682334136962890625e+01
1.187795486450195312e+02
9.218000030517578125e+01
5.394686889648437500e+01
9.984478759765625000e+01
6.781230926513671875e+01
3.351545333862304688e+01
3.994333801269531250e+02
2.820215148925781250e+02
2.011678009033203125e+02
2.616732177734375000e+02
1.438079376220703125e+02
1.520087738037109375e+02
2.571508178710937500e+02
2.534849548339843750e+02
2.980562438964843750e+02
3.721399658203125000e+03
3.653849853515625000e+03
3.161299072265625000e+03
3.673988281250000000e+03
3.667444335937500000e+03
3.065674072265625000e+03
3.606924316406250000e+03
3.583498291015625000e+03
2.980669433593750000e+03
-3.529681682586669922e+00
6.158333206176757812e+01
6.823371887207031250e+01
4.803727340698242188e+01
1.003299255371093750e+02
9.058209228515625000e+01
2.270242118835449219e+01
5.355587768554687500e+01
4.453349304199218750e+01
5.581630325317382812e+01
3.530001449584960938e+01
-2.374198722839355469e+01
2.147033691406250000e+01
-4.483399581909179688e+01
-5.368943023681640625e+01
-3.581486129760742188e+01
-4.460612869262695312e+01
-3.365199661254882812e+01
5.742897338867187500e+02
3.240053100585937500e+02
2.195421752929687500e+02
7.130804443359375000e+02
4.068218383789062500e+02
3.951392822265625000e+02
6.855465698242187500e+02
3.683046569824218750e+02
3.355355834960937500e+02
1.253220367431640625e+02
2.732660217285156250e+02
2.775462646484375000e+02
2.010873565673828125e+02
3.635893249511718750e+02
3.095713806152343750e+02
3.142381896972656250e+02
4.849389038085937500e+02
3.553471069335937500e+02
2.438238525390625000e+01
4.457424163818359375e+01
4.941292190551757812e+01
-8.248177528381347656e+00
7.392820358276367188e+00
2.510031127929687500e+01
-1.236725616455078125e+01
4.334458827972412109e+00
2.272834014892578125e+01
1.231601638793945312e+02
1.763531188964843750e+02
1.870800476074218750e+02
1.067197570800781250e+02
1.804773101806640625e+02
2.022865905761718750e+02
1.135378646850585938e+02
1.672468719482421875e+02
1.952192687988281250e+02
6.012520141601562500e+02
5.432462158203125000e+02
4.891841125488281250e+02
6.157352294921875000e+02
5.357698364257812500e+02
4.586119689941406250e+02
6.391499023437500000e+02
5.214642944335937500e+02
4.696755371093750000e+02
1.883045196533203125e+01
-3.206327438354492188e+01
-1.538258171081542969e+01
4.526209640502929688e+01
-3.214258575439453125e+01
-1.363234710693359375e+01
3.834377288818359375e+01
-3.481482315063476562e+01
-9.272474288940429688e+00
-8.558102697134017944e-02
-1.333383560180664062e+00
1.556064224243164062e+01
-1.390407323837280273e+00
-1.479791402816772461e-01
1.397335910797119141e+01
-2.630876541137695312e+00
-1.181177854537963867e+00
1.169880485534667969e+01
8.533305358886718750e+01
2.457455062866210938e+01
-6.892121124267578125e+01
1.272966384887695312e+02
7.462364196777343750e+01
-5.161647415161132812e+01
1.192550582885742188e+02
2.463577842712402344e+01
-3.426401519775390625e+01
8.569926147460937500e+02
6.521779174804687500e+02
5.525698852539062500e+02
9.090535278320312500e+02
7.244640502929687500e+02
5.988819580078125000e+02
1.026430786132812500e+03
7.880324096679687500e+02
6.009646606445312500e+02
-1.647544288635253906e+01
2.076177597045898438e+00
3.579333114624023438e+01
-3.300218963623046875e+01
5.070981979370117188e+01
5.573780822753906250e+01
-2.870075607299804688e+01
7.706854248046875000e+01
6.391437530517578125e+01
-2.274175733327865601e-02
-1.553029918670654297e+01
-2.323257446289062500e+01
1.079170989990234375e+01
-1.341644477844238281e+01
-1.823120689392089844e+01
-7.265932083129882812e+00
-1.628611564636230469e+01
1.279739284515380859e+01
4.882735824584960938e+01
1.636329841613769531e+01
-1.736950302124023438e+01
5.672942352294921875e+01
2.923842620849609375e+01
-5.727108955383300781e+00
6.154748916625976562e+01
4.942107391357421875e+01
1.546491527557373047e+01
-9.744802856445312500e+01
-6.489455413818359375e+01
7.668569946289062500e+01
-1.297546386718750000e+02
6.540198516845703125e+01
2.323606109619140625e+02
-4.077600955963134766e+00
1.863271789550781250e+02
2.452639312744140625e+02
8.104934692382812500e+02
1.067155761718750000e+03
1.230674072265625000e+03
5.649069824218750000e+02
8.445299072265625000e+02
1.046619750976562500e+03
3.441800537109375000e+02
6.371221923828125000e+02
9.116913452148437500e+02
8.608076095581054688e+00
1.493589115142822266e+01
2.162961196899414062e+01
6.252001762390136719e+00
4.187237262725830078e+00
9.193619728088378906e+00
-4.725745201110839844e+00
-7.387712955474853516e+00
-3.269650220870971680e+00
1.115582656860351562e+02
9.475451660156250000e+01
8.092603302001953125e+01
5.742250442504882812e+01
5.759122467041015625e+01
5.916599655151367188e+01
5.533156585693359375e+01
6.864318847656250000e+01
7.548661804199218750e+01
1.552850494384765625e+02
1.439651947021484375e+02
1.206429443359375000e+02
1.708182983398437500e+02
1.912322235107421875e+02
1.597954864501953125e+02
1.494227142333984375e+02
1.832825775146484375e+02
1.609879608154296875e+02
3.000493049621582031e+01
2.886776924133300781e+01
5.910633087158203125e+01
5.527351379394531250e+01
4.775990676879882812e+01
7.358280944824218750e+01
4.434109497070312500e+01
4.910163497924804688e+01
6.573830413818359375e+01
1.036311817169189453e+01
7.517051100730895996e-01
1.370617198944091797e+01
7.988965511322021484e-02
-5.639317512512207031e+00
1.570999908447265625e+01
6.408465385437011719e+00
5.335902690887451172e+00
1.814629745483398438e+01
9.986140251159667969e+00
4.779518604278564453e+00
2.693361663818359375e+01
2.669456672668457031e+01
2.663957977294921875e+01
4.847347640991210938e+01
-4.898040294647216797e+00
-8.235534667968750000e+00
1.516544532775878906e+01
1.433209533691406250e+02
1.996221160888671875e+02
2.210119628906250000e+02
1.310392150878906250e+02
1.820185089111328125e+02
2.161789093017578125e+02
8.960749816894531250e+01
1.511037139892578125e+02
1.839545898437500000e+02
4.421685791015625000e+01
5.708047103881835938e+01
3.931709671020507812e+01
5.687051773071289062e+01
6.201422882080078125e+01
4.754156875610351562e+01
7.633158874511718750e+01
7.225207519531250000e+01
5.289809417724609375e+01
1.382662653923034668e+00
-3.897651910781860352e+00
2.531973361968994141e+00
2.961023807525634766e+00
-2.044120550155639648e+00
-2.429671049118041992e+00
2.832750082015991211e+00
1.806178092956542969e+00
-2.710561037063598633e+00
3.126670532226562500e+02
3.210267944335937500e+02
2.910216979980468750e+02
3.098532104492187500e+02
3.324228820800781250e+02
2.952932128906250000e+02
2.906390686035156250e+02
3.334008789062500000e+02
2.858060607910156250e+02
7.565700683593750000e+02
7.430202636718750000e+02
7.226398315429687500e+02
7.014486083984375000e+02
6.769475097656250000e+02
6.475504760742187500e+02
5.788499145507812500e+02
5.553656616210937500e+02
4.971825866699218750e+02
3.922622680664062500e+01
4.168135833740234375e+01
3.395914840698242188e+01
2.762605476379394531e+01
3.490221023559570312e+01
2.703381156921386719e+01
2.240578460693359375e+01
2.235362815856933594e+01
1.323476505279541016e+01
1.135425262451171875e+02
1.096272430419921875e+02
1.046629867553710938e+02
1.274550628662109375e+02
1.188309707641601562e+02
9.901203918457031250e+01
1.298149871826171875e+02
1.208389511108398438e+02
8.461635589599609375e+01
1.281512908935546875e+02
1.287740020751953125e+02
1.182444839477539062e+02
1.286942901611328125e+02
1.301890563964843750e+02
1.210375137329101562e+02
1.152182769775390625e+02
1.185501174926757812e+02
1.129899215698242188e+02
2.189464416503906250e+02
2.990114135742187500e+02
3.157257080078125000e+02
2.215059661865234375e+02
2.852576599121093750e+02
2.850169982910156250e+02
1.960883483886718750e+02
2.469719543457031250e+02
2.210204925537109375e+02
1.801206542968750000e+03
1.549053100585937500e+03
1.389153198242187500e+03
1.812128906250000000e+03
1.542497070312500000e+03
1.425201782226562500e+03
1.720623413085937500e+03
1.475795288085937500e+03
1.395955444335937500e+03
1.168864364624023438e+02
1.221167907714843750e+02
1.206243133544921875e+02
1.209766616821289062e+02
9.331416320800781250e+01
1.191229629516601562e+02
6.473213958740234375e+01
4.271929168701171875e+01
6.244068908691406250e+01
9.695951843261718750e+01
7.153237915039062500e+01
7.109316253662109375e+01
6.324800491333007812e+01
4.873733520507812500e+01
6.519881439208984375e+01
4.245343780517578125e+01
5.783307266235351562e+01
8.814559936523437500e+01
2.930843811035156250e+02
2.257538757324218750e+02
2.064083862304687500e+02
2.843521118164062500e+02
2.116944122314453125e+02
2.215404968261718750e+02
2.427446594238281250e+02
1.612007751464843750e+02
1.949720916748046875e+02
-1.832630004882812500e+02
-1.893423919677734375e+02
-1.979710235595703125e+02
-1.499119873046875000e+02
-1.916700439453125000e+02
-2.060140838623046875e+02
-9.038160705566406250e+01
-1.544931640625000000e+02
-1.426275177001953125e+02
7.888051509857177734e+00
3.358384609222412109e+00
3.105360031127929688e+00
2.360692977905273438e+01
2.394136810302734375e+01
1.911873435974121094e+01
3.314633178710937500e+01
4.011980438232421875e+01
3.342073059082031250e+01
1.769912872314453125e+02
1.516120147705078125e+02
1.974247741699218750e+02
1.526431274414062500e+02
1.431241455078125000e+02
1.821274566650390625e+02
1.248478698730468750e+02
1.299610137939453125e+02
1.529407043457031250e+02
2.599426879882812500e+02
1.878760528564453125e+02
1.268851013183593750e+02
3.098838195800781250e+02
2.346493530273437500e+02
1.746796875000000000e+02
3.610452880859375000e+02
2.912292480468750000e+02
2.472823486328125000e+02
6.638249969482421875e+01
3.530926132202148438e+01
3.906342697143554688e+01
1.016782836914062500e+02
5.834534454345703125e+01
5.644546890258789062e+01
1.205719375610351562e+02
7.798744964599609375e+01
7.480069732666015625e+01
4.724989414215087891e+00
1.298108005523681641e+01
1.580483198165893555e+00
1.048717117309570312e+01
8.322521209716796875e+00
6.104389667510986328e+00
1.244826316833496094e+01
8.266432762145996094e+00
9.798249244689941406e+00
5.402698974609375000e+02
5.268347167968750000e+02
5.425544433593750000e+02
5.190850830078125000e+02
5.178611450195312500e+02
5.254975585937500000e+02
4.980758666992187500e+02
5.016418457031250000e+02
5.210445556640625000e+02
1.130944091796875000e+03
1.032718017578125000e+03
9.189760131835937500e+02
1.275979248046875000e+03
1.138713378906250000e+03
1.007497192382812500e+03
1.204015625000000000e+03
1.045463745117187500e+03
9.354597778320312500e+02
5.652892684936523438e+01
1.495623016357421875e+01
3.918347930908203125e+01
4.897448730468750000e+01
1.866627883911132812e+01
2.076347732543945312e+01
4.374613952636718750e+01
5.181585311889648438e+00
6.683070659637451172e+00
1.388904418945312500e+02
1.707009887695312500e+02
2.147554016113281250e+02
1.851646118164062500e+02
2.108402557373046875e+02
2.352237243652343750e+02
2.059592132568359375e+02
1.992976837158203125e+02
2.003697662353515625e+02
1.700135498046875000e+02
1.782484130859375000e+02
1.870778961181640625e+02
1.883595123291015625e+02
1.927608642578125000e+02
1.960161285400390625e+02
1.848311157226562500e+02
1.836820831298828125e+02
1.752288970947265625e+02
5.833499755859375000e+02
6.148673706054687500e+02
5.942365722656250000e+02
5.853170776367187500e+02
6.426410522460937500e+02
5.601623535156250000e+02
6.067123413085937500e+02
6.538394165039062500e+02
5.561290893554687500e+02
