3.778688232421875000e+03
3.647762451171875000e+03
3.408537841796875000e+03
3.781626220703125000e+03
3.603244140625000000e+03
3.373047851562500000e+03
3.598268554687500000e+03
3.419538574218750000e+03
3.212170410156250000e+03
1.627301269531250000e+03
1.496763305664062500e+03
1.350612426757812500e+03
1.355513549804687500e+03
1.350093139648437500e+03
1.359240356445312500e+03
1.420326416015625000e+03
1.475625610351562500e+03
1.528183349609375000e+03
1.835720092773437500e+03
1.708145385742187500e+03
1.538248657226562500e+03
1.944356079101562500e+03
1.835727661132812500e+03
1.696860595703125000e+03
2.027470458984375000e+03
1.994327636718750000e+03
1.907869384765625000e+03
1.327460449218750000e+03
1.427417480468750000e+03
1.460938842773437500e+03
1.540061279296875000e+03
1.531878784179687500e+03
1.484253051757812500e+03
1.463949584960937500e+03
1.366224121093750000e+03
1.243000854492187500e+03
2.244000976562500000e+03
2.086059082031250000e+03
1.966953613281250000e+03
2.098781005859375000e+03
1.889273803710937500e+03
1.816948242187500000e+03
1.981308715820312500e+03
1.793332885742187500e+03
1.695244506835937500e+03
6.117278289794921875e+01
4.495696258544921875e+01
5.614038848876953125e+01
7.243508911132812500e+01
6.945974731445312500e+01
8.246432495117187500e+01
4.846091079711914062e+01
5.650405502319335938e+01
6.323122787475585938e+01
1.871364501953125000e+03
1.863254394531250000e+03
1.907410522460937500e+03
1.935534301757812500e+03
1.829948486328125000e+03
1.842236816406250000e+03
1.579424682617187500e+03
1.509580810546875000e+03
1.573654541015625000e+03
3.226922363281250000e+03
3.285142822265625000e+03
2.902030761718750000e+03
3.048107910156250000e+03
3.063248291015625000e+03
2.696837402343750000e+03
2.703037841796875000e+03
2.778116943359375000e+03
2.533718017578125000e+03
4.548858642578125000e+02
4.884442138671875000e+02
4.941972351074218750e+02
5.269571533203125000e+02
5.596647949218750000e+02
5.466981811523437500e+02
5.067123107910156250e+02
5.280803833007812500e+02
5.167210083007812500e+02
2.641510925292968750e+02
2.538457183837890625e+02
2.587846984863281250e+02
3.644210510253906250e+02
3.383497619628906250e+02
3.129387512207031250e+02
3.699828491210937500e+02
3.602146301269531250e+02
3.231526794433593750e+02
2.766628906250000000e+03
2.529031005859375000e+03
2.352399414062500000e+03
2.819884277343750000e+03
2.508523193359375000e+03
2.413702880859375000e+03
2.843623779296875000e+03
2.583604003906250000e+03
2.555857910156250000e+03
1.357316284179687500e+03
1.378853515625000000e+03
1.254405639648437500e+03
1.624124389648437500e+03
1.536943969726562500e+03
1.297583984375000000e+03
1.683038208007812500e+03
1.500551879882812500e+03
1.307735229492187500e+03
4.896194152832031250e+02
5.117966308593750000e+02
5.324731445312500000e+02
6.440630493164062500e+02
6.824623413085937500e+02
6.896700439453125000e+02
7.755684814453125000e+02
8.402139282226562500e+02
7.861711425781250000e+02
1.164454345703125000e+03
1.045678100585937500e+03
9.673950195312500000e+02
1.072120483398437500e+03
8.872097778320312500e+02
7.763659057617187500e+02
1.101414916992187500e+03
8.556104125976562500e+02
7.132935791015625000e+02
5.254594726562500000e+03
5.251477539062500000e+03
5.414403808593750000e+03
5.522937500000000000e+03
5.382518066406250000e+03
5.344603515625000000e+03
5.688714355468750000e+03
5.482868652343750000e+03
5.153701660156250000e+03
2.600682128906250000e+03
2.665619628906250000e+03
2.204776855468750000e+03
2.786814208984375000e+03
2.895047851562500000e+03
2.562032958984375000e+03
2.517654296875000000e+03
2.666178222656250000e+03
2.554635742187500000e+03
-6.083015136718750000e+02
-6.820291137695312500e+02
-6.577108764648437500e+02
-5.634215087890625000e+02
-6.668472900390625000e+02
-6.316945800781250000e+02
-5.613038940429687500e+02
-6.700038452148437500e+02
-6.526985473632812500e+02
-1.428160858154296875e+02
-1.848574066162109375e+02
-2.562962341308593750e+02
-1.365498046875000000e+02
-1.803771209716796875e+02
-1.975204620361328125e+02
-1.647255706787109375e+02
-1.946955108642578125e+02
-1.909824218750000000e+02
-2.794380493164062500e+02
-3.012019348144531250e+02
-2.994456787109375000e+02
-2.594890136718750000e+02
-2.954972534179687500e+02
-3.099096069335937500e+02
-2.770299682617187500e+02
-2.888704528808593750e+02
-3.099417724609375000e+02
-5.213973388671875000e+02
-4.942638244628906250e+02
-4.496517333984375000e+02
-5.302692260742187500e+02
-4.806948547363281250e+02
-4.524306640625000000e+02
-5.073840637207031250e+02
-4.866167602539062500e+02
-4.388962402343750000e+02
-3.716792907714843750e+02
-3.444340820312500000e+02
-3.962463989257812500e+02
-3.214738159179687500e+02
-2.804855041503906250e+02
-3.118951416015625000e+02
-3.518253784179687500e+02
-3.302711181640625000e+02
-3.428318786621093750e+02
-1.591359519958496094e+01
-1.730754089355468750e+01
-1.832731056213378906e+01
-2.010191726684570312e+01
-2.571881484985351562e+01
-2.018026924133300781e+01
-1.543993759155273438e+01
-2.091075515747070312e+01
-8.690031051635742188e+00
-6.589458007812500000e+02
-6.773358764648437500e+02
-6.254784545898437500e+02
-6.061094970703125000e+02
-6.592031860351562500e+02
-6.224907226562500000e+02
-6.051854858398437500e+02
-6.423346557617187500e+02
-5.766935424804687500e+02
-9.055883789062500000e+01
-1.726505584716796875e+02
-2.128995513916015625e+02
-4.173577117919921875e+01
-9.739135742187500000e+01
-1.260407562255859375e+02
-1.165369873046875000e+02
-1.501031494140625000e+02
-1.562040100097656250e+02
-1.874444274902343750e+02
-1.846559295654296875e+02
-1.713236236572265625e+02
-1.905430755615234375e+02
-1.884263000488281250e+02
-1.747572631835937500e+02
-1.798141021728515625e+02
-1.791058807373046875e+02
-1.745728454589843750e+02
-5.515693664550781250e+01
-6.709715270996093750e+01
-4.388293457031250000e+01
-6.129258728027343750e+01
-6.796882629394531250e+01
-5.765509033203125000e+01
-4.405807495117187500e+01
-5.224599456787109375e+01
-6.446079254150390625e+01
-3.974936828613281250e+02
-4.113278808593750000e+02
-4.085652160644531250e+02
-4.008544311523437500e+02
-4.149356689453125000e+02
-4.001155395507812500e+02
-4.379809570312500000e+02
-4.548745422363281250e+02
-4.439891052246093750e+02
-1.105020980834960938e+02
-7.944232177734375000e+01
-7.131159973144531250e+01
-9.764947509765625000e+01
-3.833503341674804688e+01
-7.012076568603515625e+01
-7.616590881347656250e+01
-1.858446884155273438e+01
-7.954146575927734375e+01
-8.424720001220703125e+01
-9.072565460205078125e+01
-8.060133361816406250e+01
-1.248410949707031250e+02
-1.080367050170898438e+02
-8.571260070800781250e+01
-1.197606735229492188e+02
-1.094395828247070312e+02
-1.044704132080078125e+02
-5.411092376708984375e+01
-5.680607986450195312e+01
-3.223703002929687500e+01
-3.557405853271484375e+01
-4.375022125244140625e+01
-3.164079666137695312e+01
-7.154534912109375000e+01
-7.631026458740234375e+01
-6.764389038085937500e+01
-1.225941040039062500e+03
-1.259654174804687500e+03
-1.211170043945312500e+03
-1.175005859375000000e+03
-1.182291503906250000e+03
-1.123396728515625000e+03
-1.127094482421875000e+03
-1.080406127929687500e+03
-1.063410400390625000e+03
-2.059402160644531250e+02
-2.863409423828125000e+02
-3.492631225585937500e+02
-1.602564544677734375e+02
-2.479384613037109375e+02
-3.257969360351562500e+02
-1.804859924316406250e+02
-2.350126342773437500e+02
-3.063214111328125000e+02
-4.065408935546875000e+02
-4.144714660644531250e+02
-4.145274658203125000e+02
-3.437540893554687500e+02
-3.283900146484375000e+02
-3.367063903808593750e+02
-2.994606933593750000e+02
-2.959315795898437500e+02
-3.109222412109375000e+02
-1.895824890136718750e+02
-2.052164459228515625e+02
-2.399378509521484375e+02
-1.381664428710937500e+02
-1.905986328125000000e+02
-2.421594238281250000e+02
-1.118844909667968750e+02
-2.123133087158203125e+02
-2.505438690185546875e+02
-2.016355285644531250e+02
-2.099590759277343750e+02
-1.926730346679687500e+02
-1.727086639404296875e+02
-1.823382720947265625e+02
-1.728100280761718750e+02
-1.441868133544921875e+02
-1.780448608398437500e+02
-1.796119842529296875e+02
-2.373758544921875000e+02
-2.473447723388671875e+02
-2.505377044677734375e+02
-2.354938354492187500e+02
-2.422652587890625000e+02
-2.209792022705078125e+02
-2.323217315673828125e+02
-2.242460021972656250e+02
-2.094198455810546875e+02
-1.383568725585937500e+02
-1.576651611328125000e+02
-1.787223358154296875e+02
-7.391230773925781250e+01
-1.228362045288085938e+02
-1.660071563720703125e+02
-3.717842102050781250e+01
-6.270688629150390625e+01
-1.053200683593750000e+02
-4.009652137756347656e+00
-6.437551975250244141e+00
-6.464078903198242188e+00
-6.616196155548095703e+00
-5.631189346313476562e+00
-9.032230377197265625e+00
-1.025313377380371094e+01
-1.035865402221679688e+01
-1.026151561737060547e+01
-2.774475097656250000e+02
-2.889580383300781250e+02
-2.949670715332031250e+02
-3.257047729492187500e+02
-3.282394409179687500e+02
-2.971766052246093750e+02
-2.576911315917968750e+02
-2.469084777832031250e+02
-2.356661224365234375e+02
-1.102866668701171875e+02
-1.641133270263671875e+02
-1.046480560302734375e+02
7.322252655029296875e+01
4.897534942626953125e+01
6.156085205078125000e+01
6.472627258300781250e+01
3.958630561828613281e-02
-4.351825332641601562e+01
-5.856044769287109375e+01
-6.362903213500976562e+01
-6.585923004150390625e+01
-7.781638336181640625e+01
-7.605179595947265625e+01
-7.537252044677734375e+01
-7.463076019287109375e+01
-7.087325286865234375e+01
-6.904008483886718750e+01
-3.922693252563476562e+01
-3.385863494873046875e+01
-3.973805999755859375e+01
-4.009356689453125000e+01
-3.527354812622070312e+01
-3.964130401611328125e+01
-4.206324386596679688e+01
-2.676672172546386719e+01
-3.148448753356933594e+01
-2.932990112304687500e+02
-2.568450012207031250e+02
-2.674740295410156250e+02
-2.114182281494140625e+02
-1.891781768798828125e+02
-2.159273986816406250e+02
-1.480952301025390625e+02
-1.615214385986328125e+02
-2.098663177490234375e+02
-1.309693450927734375e+02
-9.135433959960937500e+01
-6.565938568115234375e+01
-1.335915832519531250e+02
-1.164945831298828125e+02
-4.465740585327148438e+01
-1.219828338623046875e+02
-7.454722595214843750e+01
2.084262657165527344e+01
-7.318048095703125000e+01
-1.148471679687500000e+02
-1.255803375244140625e+02
-8.467777252197265625e+01
-1.212748413085937500e+02
-1.264366683959960938e+02
-1.103421554565429688e+02
-1.410206756591796875e+02
-1.227998657226562500e+02
-1.558772277832031250e+02
-1.340345001220703125e+02
-1.143749618530273438e+02
-9.315772247314453125e+01
-4.455830383300781250e+01
-2.692976188659667969e+01
-3.179224014282226562e+00
1.745183944702148438e+01
1.382132625579833984e+01
-6.705817260742187500e+02
-7.517205810546875000e+02
-7.378618774414062500e+02
-6.070750122070312500e+02
-6.214099121093750000e+02
-6.489734497070312500e+02
-5.294631958007812500e+02
-5.603302612304687500e+02
-6.040333862304687500e+02
-1.559101562500000000e+02
-1.603523712158203125e+02
-1.711116943359375000e+02
-1.230486602783203125e+02
-1.158485260009765625e+02
-1.357399444580078125e+02
-1.040255889892578125e+02
-1.251006774902343750e+02
-1.694458618164062500e+02
8.824650645256042480e-01
1.349182844161987305e+00
7.190492749214172363e-01
1.463259220123291016e+00
1.368536949157714844e+00
1.053868055343627930e+00
3.354358077049255371e-01
6.877723336219787598e-01
2.315359264612197876e-01
7.327527403831481934e-01
4.439918100833892822e-01
2.348982095718383789e-01
1.302822351455688477e+00
1.099612951278686523e+00
1.008835196495056152e+00
2.200796008110046387e-01
5.187674239277839661e-02
-7.471237331628799438e-03
1.049731016159057617e+00
7.171688079833984375e-01
3.503504693508148193e-01
1.027126789093017578e+00
6.681350469589233398e-01
2.981246113777160645e-01
4.025495946407318115e-01
3.137552142143249512e-01
7.074027508497238159e-02
4.503598809242248535e-01
5.769754052162170410e-01
4.003228843212127686e-01
3.746949732303619385e-01
8.846056461334228516e-02
1.292680948972702026e-01
1.420581936836242676e-01
1.475750505924224854e-01
3.309344053268432617e-01
3.853031396865844727e-01
6.685405373573303223e-01
1.774797737598419189e-01
2.176923036575317383e+00
1.995444297790527344e+00
2.172595739364624023e+00
5.379729866981506348e-01
3.458110690116882324e-01
1.747738420963287354e-01
1.631361804902553558e-02
1.797806471586227417e-03
6.559866946190595627e-03
3.955064341425895691e-03
1.085125934332609177e-02
-2.345389872789382935e-02
1.372184883803129196e-02
1.105328905396163464e-03
5.419283639639616013e-03
2.458550482988357544e-01
5.364069342613220215e-01
4.287164807319641113e-01
1.238924860954284668e-01
1.661655157804489136e-01
3.164331316947937012e-01
5.277853012084960938e-01
9.814435243606567383e-01
6.768316030502319336e-01
2.632232666015625000e+00
2.296240091323852539e+00
1.689770579338073730e+00
2.822722673416137695e+00
2.228461742401123047e+00
2.014814615249633789e+00
1.031595945358276367e+00
3.172770738601684570e-01
-1.503671258687973022e-01
3.132470184937119484e-03
1.765498518943786621e-02
3.348951926454901695e-03
3.584887087345123291e-02
5.078666657209396362e-02
2.088916674256324768e-02
2.012266218662261963e-02
1.013548299670219421e-01
1.089428514242172241e-01
3.037797808647155762e-01
1.080277934670448303e-01
1.315263193100690842e-02
1.952640563249588013e-01
1.646631211042404175e-01
1.290776133537292480e-01
9.202297031879425049e-02
1.050882637500762939e-01
5.093284696340560913e-02
8.619995117187500000e-01
5.172206163406372070e-01
2.166649252176284790e-01
1.110904574394226074e+00
6.944165825843811035e-01
6.173018217086791992e-01
4.439411461353302002e-01
2.957458198070526123e-01
2.888676226139068604e-01
9.710239768028259277e-01
1.339915633201599121e+00
1.352944374084472656e+00
1.181966423988342285e+00
1.305747628211975098e+00
8.252533674240112305e-01
1.538205444812774658e-01
6.021108031272888184e-01
-3.350004553794860840e-01
2.134404480457305908e-01
1.284607946872711182e-01
4.254073649644851685e-02
3.721574246883392334e-01
2.927778959274291992e-01
2.495103329420089722e-01
1.492957305163145065e-02
-2.589280530810356140e-02
2.224490419030189514e-02
5.495006442070007324e-01
1.033158898353576660e+00
1.013159990310668945e+00
2.768495678901672363e-01
5.969181656837463379e-01
2.566061019897460938e-01
6.607741713523864746e-01
5.356100797653198242e-01
3.123706281185150146e-01
4.755365550518035889e-01
2.981266379356384277e-01
7.064083814620971680e-01
4.476863145828247070e-01
7.517953217029571533e-02
4.575694203376770020e-01
8.670846223831176758e-01
4.204881787300109863e-01
3.325083553791046143e-01
2.039443016052246094e+00
1.505921363830566406e+00
9.224418401718139648e-01
1.190028786659240723e+00
1.003643274307250977e+00
8.513616919517517090e-01
5.910006761550903320e-01
3.737184405326843262e-01
3.517942130565643311e-01
2.425359687500000000e+05
2.373930000000000000e+05
1.845774531250000000e+05
2.378001718750000000e+05
2.177156250000000000e+05
1.783380781250000000e+05
2.385066406250000000e+05
1.984890156250000000e+05
1.557828437500000000e+05
3.887000000000000000e+04
3.141313476562500000e+04
4.453787500000000000e+04
1.057718457031250000e+04
1.815892773437500000e+04
4.875035937500000000e+04
-4.140618652343750000e+03
1.490352050781250000e+04
6.511184765625000000e+04
1.085584921875000000e+05
9.377446093750000000e+04
6.669548437500000000e+04
1.091828359375000000e+05
9.027421875000000000e+04
6.228747656250000000e+04
1.001088828125000000e+05
8.639328125000000000e+04
6.462950781250000000e+04
1.091815078125000000e+05
1.521006718750000000e+05
1.400052812500000000e+05
1.237814765625000000e+05
1.628983437500000000e+05
1.418613750000000000e+05
1.369237187500000000e+05
1.673642968750000000e+05
1.475791250000000000e+05
1.331548125000000000e+05
9.258020312500000000e+04
4.331698437500000000e+04
1.008042500000000000e+05
6.740042968750000000e+04
5.109282421875000000e+04
8.179356250000000000e+04
5.706931250000000000e+04
3.127191210937500000e+04
2.700653564453125000e+03
2.843701904296875000e+03
4.452063476562500000e+03
2.457310791015625000e+03
1.725213134765625000e+03
5.657961425781250000e+03
1.924456054687500000e+03
3.174805908203125000e+03
7.256322753906250000e+03
1.642523281250000000e+05
1.942165156250000000e+05
1.741887812500000000e+05
1.693579531250000000e+05
1.984189687500000000e+05
1.835408750000000000e+05
1.861507500000000000e+05
2.013859687500000000e+05
1.799791875000000000e+05
1.332566718750000000e+05
8.142901562500000000e+04
2.330981250000000000e+04
1.240960468750000000e+05
6.620217187500000000e+04
8.326498046875000000e+03
9.589716406250000000e+04
4.601602734375000000e+04
-1.150051879882812500e+02
3.365550390625000000e+04
4.297795312500000000e+04
4.654717187500000000e+04
3.593339453125000000e+04
4.680723437500000000e+04
5.074811718750000000e+04
3.926683984375000000e+04
4.842828125000000000e+04
5.005839453125000000e+04
3.115645263671875000e+03
1.037117578125000000e+04
1.798284960937500000e+04
2.434683349609375000e+03
1.183525195312500000e+04
2.138416406250000000e+04
5.068313476562500000e+03
1.630513769531250000e+04
1.850190429687500000e+04
1.715364375000000000e+05
1.241079687500000000e+05
8.190547656250000000e+04
1.591092187500000000e+05
1.072749375000000000e+05
7.084053906250000000e+04
1.399116718750000000e+05
9.177033593750000000e+04
6.747425781250000000e+04
1.212270703125000000e+05
9.513759375000000000e+04
5.752028125000000000e+04
1.411677500000000000e+05
1.001371171875000000e+05
4.731066015625000000e+04
1.169874531250000000e+05
7.591982812500000000e+04
3.828638671875000000e+04
2.809206054687500000e+04
3.594262500000000000e+04
5.243361328125000000e+04
2.798395703125000000e+04
4.129852734375000000e+04
6.096423046875000000e+04
2.971407226562500000e+04
4.896384765625000000e+04
7.115038281250000000e+04
9.462603906250000000e+04
6.807610937500000000e+04
4.203516406250000000e+04
8.322925781250000000e+04
5.322332031250000000e+04
2.179711523437500000e+04
7.899157812500000000e+04
4.887377734375000000e+04
1.772604101562500000e+04
3.512793437500000000e+05
3.380438125000000000e+05
3.101176250000000000e+05
3.641938125000000000e+05
3.525861562500000000e+05
3.205888437500000000e+05
3.823843750000000000e+05
3.827759687500000000e+05
3.467124062500000000e+05
7.317625781250000000e+04
7.807200781250000000e+04
5.588059765625000000e+04
7.294931250000000000e+04
7.830288281250000000e+04
5.341730078125000000e+04
7.081271875000000000e+04
7.759400000000000000e+04
5.218260156250000000e+04
7.777704715728759766e+00
1.149012470245361328e+01
1.257433605194091797e+01
8.073447227478027344e+00
1.359267425537109375e+01
4.464372634887695312e+00
9.940457344055175781e+00
6.214924335479736328e+00
-2.514080524444580078e+00
1.563205623626708984e+01
1.646357345581054688e+01
2.290672492980957031e+01
1.675814437866210938e+01
1.475194454193115234e+01
4.383980274200439453e+00
1.275814342498779297e+01
6.810694217681884766e+00
-1.429230499267578125e+01
1.207324123382568359e+01
1.104706382751464844e+01
1.199186611175537109e+01
7.407156944274902344e+00
1.124136161804199219e+01
1.122359657287597656e+01
6.462821006774902344e+00
4.775047779083251953e+00
-1.370383948087692261e-01
2.282246112823486328e+00
-9.046585083007812500e+00
-5.622013568878173828e+00
-9.819265007972717285e-01
-8.229593276977539062e+00
-4.386074066162109375e+00
-7.287575006484985352e-01
-2.965265274047851562e+00
-2.447589874267578125e+00
-2.242540359497070312e+00
-8.455344438552856445e-01
6.322443485260009766e+00
3.426636934280395508e+00
-1.600349426269531250e+00
-8.337810635566711426e-01
9.900662899017333984e-01
-9.429411888122558594e+00
-3.050108909606933594e+00
5.350739359855651855e-01
-6.259881258010864258e-01
5.105960965156555176e-01
9.605439007282257080e-02
2.610101997852325439e-01
-3.940714001655578613e-01
5.883037447929382324e-01
-5.684182047843933105e-03
-5.843725204467773438e-01
1.187903523445129395e+00
-3.069832324981689453e+00
-6.827068328857421875e+00
7.863527774810791016e+00
7.014907836914062500e+00
3.486669301986694336e+00
4.568792343139648438e+00
4.520378708839416504e-01
-2.133740425109863281e+00
1.972839832305908203e+00
7.230442762374877930e-01
6.230317592620849609e+00
-9.712871313095092773e-01
1.588408231735229492e+00
2.029508829116821289e+00
-1.288058757781982422e+00
-3.677851557731628418e-01
-3.137642860412597656e+00
1.353234052658081055e+00
-8.400411605834960938e-01
-2.166068077087402344e+00
5.915185213088989258e-01
-5.843624472618103027e-01
-9.359608888626098633e-01
-1.832862645387649536e-01
-6.565619707107543945e-01
-1.055960774421691895e+00
2.766541957855224609e+00
1.942918300628662109e+00
-1.515310168266296387e+00
-2.197957277297973633e+00
8.213617205619812012e-01
9.976155161857604980e-01
-8.788574934005737305e-01
-1.285346746444702148e+00
7.398487329483032227e-01
7.401150703430175781e+00
5.141628265380859375e+00
3.210099697113037109e+00
8.177945137023925781e+00
1.021148300170898438e+01
4.308518409729003906e+00
1.452770352363586426e+00
2.074376344680786133e+00
-6.957743644714355469e+00
4.400882720947265625e+00
-3.330996036529541016e+00
-9.537685513496398926e-01
4.886769294738769531e+00
6.646902561187744141e-01
5.274477005004882812e-01
9.799948334693908691e-01
-3.469536066055297852e+00
2.368907332420349121e-01
9.223589897155761719e+00
4.991440296173095703e+00
-1.564385056495666504e+00
8.001023292541503906e+00
5.024383068084716797e+00
-3.965506553649902344e-01
7.021977424621582031e+00
6.705995082855224609e+00
5.333117485046386719e+00
5.597303390502929688e+00
2.679421901702880859e+00
7.564243316650390625e+00
5.793731689453125000e+00
1.121041107177734375e+01
6.752671718597412109e+00
-3.462958931922912598e-01
1.102443099021911621e+00
-5.866904735565185547e+00
3.097808074951171875e+01
2.041646242141723633e+00
-1.092126274108886719e+01
1.429708290100097656e+01
-1.025399398803710938e+01
-6.760375499725341797e+00
1.172505760192871094e+01
4.851085662841796875e+00
-8.584121704101562500e+00
1.260985660552978516e+01
1.111349105834960938e+01
2.526456069946289062e+01
2.653748750686645508e+00
-1.339803457260131836e+00
1.040262794494628906e+01
-5.016799926757812500e+00
-3.327728271484375000e+00
-7.759619712829589844e+00
-1.750856399536132812e+00
-1.249941635131835938e+01
-5.675028610229492188e+01
-2.057355165481567383e+00
-1.220044231414794922e+01
-5.444655227661132812e+01
-2.420156717300415039e+00
-1.387296104431152344e+01
-5.408422088623046875e+01
-1.009865760803222656e+01
-4.392340469360351562e+01
-5.297518920898437500e+01
-1.065200614929199219e+01
-4.350419616699218750e+01
-5.138750076293945312e+01
-1.297757816314697266e+01
-4.352936172485351562e+01
-5.145872116088867188e+01
-5.283232212066650391e+00
-2.768578147888183594e+01
-3.240691375732421875e+01
-4.883121967315673828e+00
-2.674306678771972656e+01
-3.362059402465820312e+01
-5.695679187774658203e+00
-2.723255538940429688e+01
-3.341231918334960938e+01
-8.466944694519042969e+00
-3.258322525024414062e+01
-1.303059005737304688e+01
-1.038711833953857422e+01
-3.032664299011230469e+01
-1.061426353454589844e+01
-1.086620616912841797e+01
-2.817253112792968750e+01
-9.173337936401367188e+00
-1.253714847564697266e+01
-3.238940429687500000e+01
-1.904451751708984375e+01
-1.195151615142822266e+01
-2.882140922546386719e+01
-1.810866355895996094e+01
-1.386610794067382812e+01
-2.996229553222656250e+01
-2.192462730407714844e+01
3.897512704133987427e-02
-2.948311269283294678e-01
-3.094369769096374512e-01
-2.677623033523559570e-01
-2.877188324928283691e-01
-1.737359613180160522e-01
-2.143980115652084351e-01
1.092535108327865601e-01
-6.611401438713073730e-01
8.291563391685485840e-02
4.111561179161071777e-01
5.912983417510986328e-02
-1.208686590194702148e+00
2.624491974711418152e-02
4.422767162322998047e-01
9.734524488449096680e-01
6.175655126571655273e-01
-4.330532848834991455e-01
-1.600825691223144531e+01
-4.706711578369140625e+01
-8.633795166015625000e+01
-1.567664813995361328e+01
-5.037145614624023438e+01
-8.606194305419921875e+01
-2.059385871887207031e+01
-5.387614822387695312e+01
-8.634807586669921875e+01
-7.271735370159149170e-02
-6.172031760215759277e-01
-9.176506400108337402e-01
-2.476896159350872040e-02
-4.027560353279113770e-01
-9.228441119194030762e-01
4.178857430815696716e-03
-4.843278229236602783e-01
-8.552805781364440918e-01
-6.124400138854980469e+00
-2.442094421386718750e+01
-1.167808151245117188e+01
-6.710753440856933594e+00
-2.348445129394531250e+01
-1.180981063842773438e+01
-6.503088474273681641e+00
-2.270223808288574219e+01
-1.002318477630615234e+01
-4.849009037017822266e+00
-3.938338088989257812e+01
-6.636081695556640625e+01
-7.079913139343261719e+00
-4.095743942260742188e+01
-6.767388916015625000e+01
-9.392197608947753906e+00
-4.215275955200195312e+01
-6.360552597045898438e+01
-3.513812303543090820e+00
-2.787263298034667969e+01
-4.443382263183593750e+01
-3.279069423675537109e+00
-3.167651557922363281e+01
-4.740838241577148438e+01
-4.683287620544433594e+00
-2.976831245422363281e+01
-4.251402282714843750e+01
4.963487386703491211e-03
-3.285631656646728516e+00
-5.636871337890625000e+00
-3.544690608978271484e-01
-1.846601843833923340e+00
-4.223315715789794922e+00
-4.343859553337097168e-01
-2.500914335250854492e+00
-4.425023078918457031e+00
-5.551846623420715332e-01
-1.384323692321777344e+01
-3.688920974731445312e+01
1.090095490217208862e-01
-1.707253265380859375e+01
-3.690823364257812500e+01
-1.295382261276245117e+00
-1.416324996948242188e+01
-3.001180839538574219e+01
-8.322689056396484375e+00
-4.450320816040039062e+01
-7.729125976562500000e+01
-6.733224391937255859e+00
-3.794688796997070312e+01
-7.769821929931640625e+01
-5.050996303558349609e+00
-3.551854324340820312e+01
-7.486555480957031250e+01
-1.626796722412109375e+01
-6.060981750488281250e+01
-3.791204452514648438e+01
-1.922075080871582031e+01
-6.241405105590820312e+01
-3.679266357421875000e+01
-1.833666038513183594e+01
-5.562530517578125000e+01
-3.275321960449218750e+01
1.881432250976562500e+03
1.964890014648437500e+03
1.976209594726562500e+03
1.789527954101562500e+03
1.858084472656250000e+03
1.877294067382812500e+03
1.596264404296875000e+03
1.694583740234375000e+03
1.731137207031250000e+03
1.292697509765625000e+03
1.176749023437500000e+03
1.030059692382812500e+03
1.229076049804687500e+03
1.120822143554687500e+03
9.717371215820312500e+02
1.208932739257812500e+03
1.144810058593750000e+03
1.018974487304687500e+03
1.092575683593750000e+03
1.063132690429687500e+03
1.029087890625000000e+03
1.129893554687500000e+03
1.121982666015625000e+03
1.094905151367187500e+03
1.076687011718750000e+03
1.072886108398437500e+03
1.064508544921875000e+03
5.580577392578125000e+02
5.044575805664062500e+02
5.045629272460937500e+02
5.966797485351562500e+02
5.123116455078125000e+02
4.666847534179687500e+02
5.839268188476562500e+02
4.819171447753906250e+02
4.259203491210937500e+02
1.077634399414062500e+03
9.080338134765625000e+02
8.775629272460937500e+02
9.528575439453125000e+02
8.193304443359375000e+02
7.965810546875000000e+02
7.653464965820312500e+02
6.729945068359375000e+02
6.256253051757812500e+02
7.654416561126708984e+00
6.498671531677246094e+00
6.235698699951171875e+00
6.264754772186279297e+00
7.271276473999023438e+00
7.137275695800781250e+00
1.058357048034667969e+01
1.460998725891113281e+01
2.016195297241210938e+01
5.960988769531250000e+02
6.190791015625000000e+02
6.336226196289062500e+02
6.756508789062500000e+02
6.856500244140625000e+02
6.756536865234375000e+02
5.751255493164062500e+02
6.007022705078125000e+02
5.802686767578125000e+02
2.405805419921875000e+03
2.284449707031250000e+03
2.193740722656250000e+03
1.730785278320312500e+03
1.558839355468750000e+03
1.512809936523437500e+03
1.277802001953125000e+03
1.207313354492187500e+03
1.250371093750000000e+03
1.126116561889648438e+02
1.191153793334960938e+02
1.188422927856445312e+02
1.248832244873046875e+02
1.300677947998046875e+02
1.274540863037109375e+02
1.408983306884765625e+02
1.444552764892578125e+02
1.353468475341796875e+02
1.352444305419921875e+02
1.419795074462890625e+02
1.006751708984375000e+02
1.519421997070312500e+02
1.393191833496093750e+02
1.031896591186523438e+02
1.893165283203125000e+02
1.554315643310546875e+02
1.158563461303710938e+02
1.547046020507812500e+03
1.565164672851562500e+03
1.449681640625000000e+03
1.446473022460937500e+03
1.438855834960937500e+03
1.338071166992187500e+03
1.189154052734375000e+03
1.219946777343750000e+03
1.167134521484375000e+03
8.274645996093750000e+02
8.870177612304687500e+02
8.005988159179687500e+02
7.404566650390625000e+02
7.984403076171875000e+02
7.031457519531250000e+02
7.404770507812500000e+02
7.712182006835937500e+02
7.113609619140625000e+02
4.254168701171875000e+02
4.095064392089843750e+02
3.936342468261718750e+02
4.571980285644531250e+02
4.719166259765625000e+02
4.479588012695312500e+02
5.268815917968750000e+02
5.388766479492187500e+02
5.175159912109375000e+02
7.880063476562500000e+02
8.502240600585937500e+02
7.666796264648437500e+02
7.562484130859375000e+02
8.003648681640625000e+02
6.587586059570312500e+02
5.924962768554687500e+02
6.881724853515625000e+02
5.492081909179687500e+02
3.037299560546875000e+03
2.923865234375000000e+03
2.774942871093750000e+03
2.912790283203125000e+03
2.849260253906250000e+03
2.571328125000000000e+03
2.780625244140625000e+03
2.700238525390625000e+03
2.373605957031250000e+03
1.797058715820312500e+03
1.740055175781250000e+03
1.733145385742187500e+03
1.375589599609375000e+03
1.283729736328125000e+03
1.336335449218750000e+03
1.168330444335937500e+03
1.120143920898437500e+03
1.217862915039062500e+03
-3.316310119628906250e+01
-2.967801094055175781e+01
-6.772577285766601562e+00
-2.840090942382812500e+01
-2.969472122192382812e+01
-9.199823379516601562e+00
-1.998811721801757812e+01
-1.841324615478515625e+01
-1.109061145782470703e+01
-1.152670574188232422e+01
-1.118593883514404297e+01
-1.851308345794677734e+00
-7.182282924652099609e+00
-6.266398906707763672e+00
4.011410713195800781e+00
-4.030224800109863281e+00
7.735687494277954102e-01
8.097311019897460938e+00
-1.128335571289062500e+01
-5.255756378173828125e+00
-6.282274246215820312e+00
-1.246790122985839844e+01
-4.927106380462646484e+00
-8.082351684570312500e+00
-1.539788246154785156e+01
-6.913862705230712891e+00
-1.078849887847900391e+01
-2.278997611999511719e+01
-1.041889095306396484e+01
-2.382799530029296875e+01
-1.947104072570800781e+01
-7.186570167541503906e+00
-2.258210563659667969e+01
-1.684790229797363281e+01
-4.722422599792480469e+00
-1.238380527496337891e+01
-1.812621307373046875e+01
-9.014943122863769531e+00
-1.755847358703613281e+01
-1.266980743408203125e+01
5.923370838165283203e+00
-2.887783527374267578e+00
-1.574643421173095703e+01
3.374387025833129883e+00
-1.850659132003784180e+00
-2.603090524673461914e+00
-1.647231101989746094e+00
-1.314469933509826660e+00
-2.432281017303466797e+00
-2.127117156982421875e+00
-2.211496353149414062e+00
-3.312101960182189941e-01
-1.009934544563293457e+00
-4.220481514930725098e-01
-3.777131652832031250e+01
-3.142663955688476562e+01
-4.304250717163085938e+01
-3.524177551269531250e+01
-3.316724777221679688e+01
-3.485859680175781250e+01
-2.479411315917968750e+01
-1.671421623229980469e+01
-1.248658180236816406e+01
1.648552775382995605e+00
5.228513479232788086e-01
-8.136026382446289062e+00
6.432600498199462891e+00
1.075323224067687988e+00
-2.126489162445068359e+00
-4.999159812927246094e+00
1.496420502662658691e+00
-5.895997524261474609e+00
-9.903842926025390625e+00
-9.015028953552246094e+00
-6.862557411193847656e+00
-9.796885490417480469e+00
-9.309343338012695312e+00
-7.057950496673583984e+00
-6.880066394805908203e+00
-7.031271457672119141e+00
-6.261132717132568359e+00
-5.721246242523193359e+00
-4.864799678325653076e-01
-6.398410797119140625e-01
-5.165235519409179688e+00
7.495764493942260742e-01
-4.407939612865447998e-01
-5.980402946472167969e+00
-2.564065456390380859e+00
-2.154263019561767578e+00
-1.952070999145507812e+01
-1.129904174804687500e+01
-1.571645832061767578e+01
-2.267530059814453125e+01
-1.326633930206298828e+01
-1.346194934844970703e+01
-2.260613632202148438e+01
-1.227913951873779297e+01
-1.037329578399658203e+01
-6.162922859191894531e+00
9.030531883239746094e+00
-4.721772968769073486e-01
-8.657810211181640625e+00
6.813850879669189453e+00
-2.764861583709716797e+00
-9.368165016174316406e+00
-3.544946312904357910e-01
-2.663328886032104492e+00
-4.943951129913330078e+00
1.768552303314208984e+00
-9.122045636177062988e-01
-5.207827091217041016e+00
1.520614981651306152e+00
-2.835945844650268555e+00
-8.582861900329589844e+00
-2.977357625961303711e+00
-6.650692462921142578e+00
-2.524642705917358398e+00
4.086748123168945312e+00
1.089968967437744141e+01
1.841744482517242432e-01
2.292390823364257812e+00
7.659273624420166016e+00
-1.990555286407470703e+00
6.415431499481201172e-01
6.324295043945312500e+00
-5.322401428222656250e+01
-2.850314140319824219e+01
-3.328602981567382812e+01
-3.292874526977539062e+01
-6.260688304901123047e+00
-2.285135078430175781e+01
-3.874571609497070312e+01
-1.343899917602539062e+01
-1.273434448242187500e+01
-8.257735252380371094e+00
-2.572017192840576172e+00
-7.358111858367919922e+00
-8.697514533996582031e+00
-5.530732154846191406e+00
-5.792387485504150391e+00
-3.832222938537597656e+00
-6.049752712249755859e+00
-5.577349662780761719e+00
1.776978874206542969e+01
1.312611389160156250e+01
1.840011119842529297e+00
3.178256034851074219e+01
2.822084808349609375e+01
1.928540992736816406e+01
3.388046646118164062e+01
2.937817764282226562e+01
2.666229057312011719e+01
2.306836605072021484e+00
9.612323045730590820e-01
7.567930817604064941e-01
8.798820495605468750e+00
7.934070587158203125e+00
7.938307762145996094e+00
2.442400932312011719e+01
2.067273712158203125e+01
2.170407485961914062e+01
8.381982803344726562e+00
6.612541198730468750e+00
2.654130220413208008e+00
1.225978279113769531e+01
1.058967685699462891e+01
8.203002929687500000e+00
2.103083229064941406e+01
1.975799179077148438e+01
1.868510055541992188e+01
-8.466886878013610840e-01
-1.713861346244812012e+00
-2.209709733724594116e-01
2.266459465026855469e+01
2.405101203918457031e+01
2.341723442077636719e+01
9.681225776672363281e+00
9.626174926757812500e+00
7.635103225708007812e+00
-1.675699949264526367e-01
-5.657269954681396484e+00
-8.060558319091796875e+00
4.578203201293945312e+01
3.895181274414062500e+01
3.375904846191406250e+01
3.946429824829101562e+01
3.926913070678710938e+01
3.370311737060546875e+01
-1.138943433761596680e-01
-7.936742901802062988e-02
-1.546853184700012207e-01
4.349828958511352539e-01
1.073420345783233643e-01
3.723622262477874756e-01
5.770552158355712891e-02
5.035033449530601501e-02
3.840908408164978027e-03
5.777545452117919922e+00
3.598950624465942383e+00
9.714686870574951172e-01
1.805937647819519043e+00
3.159881830215454102e+00
-2.767413854598999023e-02
-1.099859595298767090e+00
1.863072276115417480e+00
3.794063925743103027e-01
-2.747043132781982422e+00
-5.126136302947998047e+00
-1.307554626464843750e+01
1.115443267822265625e+02
1.087108078002929688e+02
1.006963348388671875e+02
9.013640594482421875e+01
8.125537872314453125e+01
7.760337066650390625e+01
4.843078553676605225e-01
7.023864388465881348e-01
2.167373597621917725e-01
1.454917430877685547e+00
1.540666699409484863e+00
1.167008519172668457e+00
4.790644049644470215e-01
3.541127443313598633e-01
-4.757380485534667969e-02
5.892946124076843262e-01
5.675243735313415527e-01
7.804809212684631348e-01
6.474726200103759766e-01
1.379291534423828125e+00
3.333248496055603027e-01
4.950078964233398438e+00
5.408515930175781250e+00
3.492349147796630859e+00
7.716929912567138672e+00
7.382070422172546387e-01
-2.268625259399414062e+00
2.204409217834472656e+01
1.619541931152343750e+01
1.236843395233154297e+01
3.652779006958007812e+01
3.289178848266601562e+01
3.012256240844726562e+01
1.274856376647949219e+01
8.857956886291503906e+00
-3.779209375381469727e+00
3.466334533691406250e+01
3.163231468200683594e+01
1.938635063171386719e+01
4.529252624511718750e+01
4.516311645507812500e+01
3.328570556640625000e+01
2.303541898727416992e+00
2.135856628417968750e+00
2.144315719604492188e+00
5.481583595275878906e+00
4.184152126312255859e+00
3.282479286193847656e+00
1.198775196075439453e+01
1.186376285552978516e+01
1.072828197479248047e+01
1.392959976196289062e+01
1.051638984680175781e+01
1.643302202224731445e+00
1.448252105712890625e+01
8.034702301025390625e+00
5.290368199348449707e-01
1.810846328735351562e+01
1.216611480712890625e+01
5.355194568634033203e+00
1.875285530090332031e+01
1.011698150634765625e+01
5.267360687255859375e+00
4.218007659912109375e+01
3.297719573974609375e+01
2.221396827697753906e+01
5.737060546875000000e+01
4.652333831787109375e+01
3.786850357055664062e+01
9.498620986938476562e+00
8.179564476013183594e+00
-8.228379487991333008e-02
3.176711845397949219e+01
3.056853485107421875e+01
2.640742111206054688e+01
6.029339981079101562e+01
5.596409606933593750e+01
5.513058853149414062e+01
5.118249130249023438e+01
3.572825241088867188e+01
4.156783676147460938e+01
5.471422958374023438e+01
4.598898315429687500e+01
5.101649856567382812e+01
4.102256011962890625e+01
3.833698654174804688e+01
2.646845436096191406e+01
6.674524688720703125e+01
6.024131774902343750e+01
5.714843750000000000e+01
8.363886260986328125e+01
6.879691314697265625e+01
6.497348785400390625e+01
2.277929878234863281e+01
1.137248802185058594e+01
1.270798397064208984e+01
6.912017822265625000e+01
6.254098510742187500e+01
5.516201400756835938e+01
4.077280044555664062e+01
4.102660369873046875e+01
3.922285079956054688e+01
2.673790359497070312e+01
2.040978240966796875e+01
1.776678848266601562e+01
7.552456378936767578e+00
2.894797325134277344e+00
-3.846802711486816406e+00
1.269569683074951172e+01
1.265743827819824219e+01
5.310111999511718750e+00
1.434105587005615234e+01
1.545217895507812500e+01
1.353639984130859375e+01
1.427904415130615234e+01
1.732868576049804688e+01
6.794583797454833984e-02
2.290122985839843750e+01
1.452609825134277344e+01
1.046577072143554688e+01
2.470375061035156250e+01
1.418767833709716797e+01
1.005778980255126953e+01
-1.369481235742568970e-01
9.869470000267028809e-01
1.226641535758972168e+00
2.713732421398162842e-01
1.185935020446777344e+00
2.003850460052490234e+00
-1.432062864303588867e+00
-5.536170005798339844e-01
6.368235349655151367e-01
7.980768203735351562e+00
1.032047271728515625e-01
-1.777428627014160156e+00
1.301091480255126953e+01
5.951148986816406250e+00
-1.512029647827148438e+00
7.103569030761718750e+00
2.963353157043457031e+00
8.653964996337890625e+00
2.243515491485595703e+00
5.196459770202636719e+00
9.156238555908203125e+00
-8.646381497383117676e-01
1.451409244537353516e+01
9.423329353332519531e+00
1.712048530578613281e+01
2.868239212036132812e+01
8.942159652709960938e+00
1.287050485610961914e+00
9.583042860031127930e-01
1.317280054092407227e+00
-7.954280376434326172e-01
-1.259753227233886719e+00
-1.925127267837524414e+00
1.057031393051147461e+00
9.566717743873596191e-01
-1.147367358207702637e+00
3.911836147308349609e+00
5.103940963745117188e+00
2.884955406188964844e+00
-7.445020198822021484e+00
-2.243757247924804688e+00
-8.035059928894042969e+00
2.066294908523559570e+00
1.737082004547119141e+00
3.594721794128417969e+00
3.366046905517578125e+01
2.161113739013671875e+01
1.080438613891601562e+01
2.134242057800292969e+01
1.730351638793945312e+01
5.554674148559570312e+00
2.592696571350097656e+01
2.022183036804199219e+01
5.242982864379882812e+00
5.048621654510498047e+00
8.334171295166015625e+00
1.766648483276367188e+01
1.239108562469482422e+01
1.429972839355468750e+01
2.380098533630371094e+01
-4.200335979461669922e+00
1.819629192352294922e+00
1.873973464965820312e+01
4.967893218994140625e+01
4.507743072509765625e+01
4.527189636230468750e+01
3.334051513671875000e+01
2.903335571289062500e+01
2.518349456787109375e+01
1.471349906921386719e+01
1.115494441986083984e+01
1.244494819641113281e+01
1.967579460144042969e+01
8.341531753540039062e-01
1.790343284606933594e+01
1.775234222412109375e+01
1.610396194458007812e+01
2.231216239929199219e+01
8.460774421691894531e+00
8.261722564697265625e+00
2.554164886474609375e+01
1.042285690307617188e+02
1.058470382690429688e+02
8.311348724365234375e+01
4.930967712402343750e+01
5.415767288208007812e+01
1.650464820861816406e+01
7.168071746826171875e+01
7.889016723632812500e+01
4.367108154296875000e+01
2.119423484802246094e+01
3.785512542724609375e+01
2.231828880310058594e+01
2.936191558837890625e+01
4.874227905273437500e+01
1.593184280395507812e+01
4.751454162597656250e+01
5.991659545898437500e+01
1.924612808227539062e+01
-5.019754943847656250e+02
-5.387540893554687500e+02
-7.952979736328125000e+02
-6.082565917968750000e+02
-6.483364257812500000e+02
-8.996207885742187500e+02
-6.789774169921875000e+02
-7.118276977539062500e+02
-9.204350585937500000e+02
-5.496096191406250000e+02
-6.550253295898437500e+02
-6.452173461914062500e+02
-6.901582031250000000e+02
-7.697241210937500000e+02
-6.895283203125000000e+02
-6.987321777343750000e+02
-7.685440673828125000e+02
-6.935287475585937500e+02
-4.284765319824218750e+02
-5.445765380859375000e+02
-5.687223510742187500e+02
-4.547538452148437500e+02
-5.778853759765625000e+02
-6.017429199218750000e+02
-4.470469360351562500e+02
-5.895100708007812500e+02
-6.130621948242187500e+02
9.922429656982421875e+01
2.352144432067871094e+01
4.315146636962890625e+01
1.378902893066406250e+02
4.431002044677734375e+01
7.863308715820312500e+01
1.588845062255859375e+02
7.668479919433593750e+01
1.144496231079101562e+02
-5.299645996093750000e+02
-7.322186889648437500e+02
-7.010811157226562500e+02
-5.354622192382812500e+02
-7.433428344726562500e+02
-6.987520141601562500e+02
-5.171820068359375000e+02
-6.960962524414062500e+02
-6.863854370117187500e+02
-4.451458930969238281e+00
-2.225421905517578125e+00
-2.909775018692016602e+00
1.455626130104064941e+00
3.186890184879302979e-01
-6.892490863800048828e+00
-2.567410707473754883e+00
-3.161614894866943359e+00
-3.941206634044647217e-02
2.221247711181640625e+02
2.266934814453125000e+02
1.562902832031250000e+02
2.924375610351562500e+02
2.794745178222656250e+02
2.048591766357421875e+02
2.653256835937500000e+02
2.644403076171875000e+02
1.853179931640625000e+02
-1.204917480468750000e+03
-1.467731445312500000e+03
-1.653141113281250000e+03
-1.535690307617187500e+03
-1.723332885742187500e+03
-1.786171752929687500e+03
-1.479546020507812500e+03
-1.572154907226562500e+03
-1.579730102539062500e+03
1.606356430053710938e+01
1.870147514343261719e+01
1.998096656799316406e+01
2.341311454772949219e+01
2.188993453979492188e+01
1.867526054382324219e+01
3.752187347412109375e+01
3.750687026977539062e+01
3.014689064025878906e+01
-7.517088317871093750e+01
-1.095459823608398438e+02
-8.688063049316406250e+01
-7.796623229980468750e+01
-1.213056869506835938e+02
-9.763096618652343750e+01
-7.836351013183593750e+01
-1.356043395996093750e+02
-1.161640090942382812e+02
-6.421660766601562500e+02
-7.896690063476562500e+02
-9.275174560546875000e+02
-7.758333740234375000e+02
-9.342421875000000000e+02
-1.031587768554687500e+03
-7.929174804687500000e+02
-9.506538085937500000e+02
-1.038524291992187500e+03
-3.613040161132812500e+02
-4.404354858398437500e+02
-5.807366943359375000e+02
-4.284695739746093750e+02
-5.389370727539062500e+02
-6.700727539062500000e+02
-4.283222045898437500e+02
-5.895438232421875000e+02
-6.884580688476562500e+02
-8.208521270751953125e+01
-1.082581329345703125e+02
-6.885362243652343750e+01
-7.324676513671875000e+01
-9.604260253906250000e+01
-5.924983978271484375e+01
-5.426407623291015625e+01
-1.088237304687500000e+02
-6.165702056884765625e+01
-2.687195129394531250e+02
-3.110351257324218750e+02
-4.724842529296875000e+02
-4.815903930664062500e+02
-5.370332641601562500e+02
-6.614725341796875000e+02
-5.677194213867187500e+02
-6.059423828125000000e+02
-7.291854858398437500e+02
-7.420571289062500000e+02
-9.555845947265625000e+02
-9.592037353515625000e+02
-9.656535644531250000e+02
-1.131585205078125000e+03
-1.157385742187500000e+03
-9.813678588867187500e+02
-1.196367553710937500e+03
-1.250947998046875000e+03
-6.425324707031250000e+02
-9.169715576171875000e+02
-9.114882812500000000e+02
-8.419922485351562500e+02
-1.090019409179687500e+03
-1.055216552734375000e+03
-7.851241455078125000e+02
-9.889268798828125000e+02
-9.295693359375000000e+02
7.373226165771484375e+01
7.739011383056640625e+01
7.638676452636718750e+01
7.864614105224609375e+01
8.140393829345703125e+01
7.485430145263671875e+01
7.382608032226562500e+01
7.326323699951171875e+01
6.297466278076171875e+01
1.298275375366210938e+01
1.677057838439941406e+01
2.027150535583496094e+01
1.150049686431884766e+01
1.730665016174316406e+01
2.259412956237792969e+01
1.735146522521972656e+01
2.030919265747070312e+01
3.175827217102050781e+01
3.602455139160156250e+01
3.206804275512695312e+01
2.821663665771484375e+01
3.381136322021484375e+01
3.255970001220703125e+01
3.141306877136230469e+01
3.328659057617187500e+01
3.495759963989257812e+01
3.768729400634765625e+01
4.643814849853515625e+01
5.596704864501953125e+01
5.914471054077148438e+01
4.397241592407226562e+01
5.433248901367187500e+01
5.782675933837890625e+01
3.760581207275390625e+01
3.990362930297851562e+01
4.692958068847656250e+01
5.174613952636718750e+01
4.581431961059570312e+01
4.070443344116210938e+01
5.142124938964843750e+01
4.251986312866210938e+01
4.557760620117187500e+01
4.241398620605468750e+01
4.279356765747070312e+01
5.019700622558593750e+01
1.009949922561645508e+00
1.419968724250793457e+00
2.022950172424316406e+00
1.571110248565673828e+00
1.003315806388854980e+00
1.681428432464599609e+00
2.171087026596069336e+00
3.020285367965698242e+00
2.906518220901489258e+00
5.250712966918945312e+01
6.364720535278320312e+01
6.595265960693359375e+01
4.891067886352539062e+01
5.860213851928710938e+01
6.240905380249023438e+01
4.858851623535156250e+01
5.341559982299804688e+01
6.114202499389648438e+01
3.583868026733398438e+01
3.626665878295898438e+01
4.362177658081054688e+01
4.242712783813476562e+01
4.137149047851562500e+01
4.283491516113281250e+01
4.288709259033203125e+01
3.421182250976562500e+01
3.665383148193359375e+01
1.438933181762695312e+01
1.579978656768798828e+01
1.653742980957031250e+01
1.445366191864013672e+01
1.534594917297363281e+01
1.617911720275878906e+01
1.398116016387939453e+01
1.547857666015625000e+01
1.675013542175292969e+01
3.299341440200805664e+00
5.829240322113037109e+00
5.837930202484130859e+00
4.547537326812744141e+00
7.782245635986328125e+00
8.369659423828125000e+00
6.481853008270263672e+00
6.371180057525634766e+00
6.538486003875732422e+00
5.232313156127929688e+01
5.170647430419921875e+01
4.244358062744140625e+01
5.276941299438476562e+01
5.192095184326171875e+01
4.403577041625976562e+01
5.481369018554687500e+01
5.334242630004882812e+01
5.111602020263671875e+01
3.598230743408203125e+01
3.108580780029296875e+01
1.924442672729492188e+01
5.457134628295898438e+01
4.172841644287109375e+01
2.732310295104980469e+01
6.000577163696289062e+01
3.985002899169921875e+01
3.372612762451171875e+01
6.658122539520263672e+00
8.270637512207031250e+00
1.444050025939941406e+01
8.558886528015136719e+00
1.113411808013916016e+01
1.653649902343750000e+01
1.133825874328613281e+01
1.352171039581298828e+01
1.946320915222167969e+01
2.317278289794921875e+01
2.009344100952148438e+01
1.295477962493896484e+01
1.861216163635253906e+01
1.397720527648925781e+01
9.243912696838378906e+00
2.182142639160156250e+01
1.550232696533203125e+01
1.011907482147216797e+01
1.168243103027343750e+02
1.460796356201171875e+02
1.457874145507812500e+02
1.119417877197265625e+02
1.281458740234375000e+02
1.301548156738281250e+02
1.100805587768554688e+02
1.181792144775390625e+02
1.230098800659179688e+02
2.411799430847167969e+01
2.751373100280761719e+01
3.228394317626953125e+01
2.556916618347167969e+01
3.283345794677734375e+01
3.624501037597656250e+01
2.852069664001464844e+01
3.688795852661132812e+01
3.228495025634765625e+01
7.304699096679687500e+02
8.952453002929687500e+02
8.580976562500000000e+02
6.905186157226562500e+02
8.234852905273437500e+02
7.432745971679687500e+02
6.323084106445312500e+02
7.159748535156250000e+02
6.415476074218750000e+02
3.838632202148437500e+02
3.688569641113281250e+02
3.154023132324218750e+02
3.777096252441406250e+02
3.203811035156250000e+02
2.679602966308593750e+02
3.131429748535156250e+02
2.724221801757812500e+02
2.671033630371093750e+02
3.694326477050781250e+02
3.980445251464843750e+02
3.624917297363281250e+02
3.994488220214843750e+02
4.248587036132812500e+02
4.036421203613281250e+02
3.938267517089843750e+02
4.069641418457031250e+02
3.921180419921875000e+02
5.151682128906250000e+02
5.051611022949218750e+02
5.045655822753906250e+02
4.954291992187500000e+02
4.975294189453125000e+02
5.032546997070312500e+02
4.755181274414062500e+02
4.911465759277343750e+02
4.788401794433593750e+02
4.237069091796875000e+02
3.776152038574218750e+02
3.324426574707031250e+02
3.156363830566406250e+02
2.738412475585937500e+02
2.471070251464843750e+02
3.172201232910156250e+02
3.006813049316406250e+02
2.838510131835937500e+02
1.797466278076171875e+01
1.986999320983886719e+01
1.236735343933105469e+01
1.048572635650634766e+01
1.147844314575195312e+01
1.095379447937011719e+01
1.127827644348144531e+01
1.660256958007812500e+01
1.577288627624511719e+01
5.816649169921875000e+02
6.261710815429687500e+02
5.932470092773437500e+02
6.250280151367187500e+02
6.785217895507812500e+02
6.320180664062500000e+02
6.194205932617187500e+02
6.284132690429687500e+02
5.430219726562500000e+02
2.867636108398437500e+02
3.236076965332031250e+02
3.328192749023437500e+02
1.800797271728515625e+02
1.789109191894531250e+02
1.662905883789062500e+02
1.737319183349609375e+02
1.407660827636718750e+02
9.267716979980468750e+01
1.641287078857421875e+02
1.681690673828125000e+02
1.727164306640625000e+02
1.385618133544921875e+02
1.464356536865234375e+02
1.563403778076171875e+02
1.472480468750000000e+02
1.582367858886718750e+02
1.646820678710937500e+02
4.691234588623046875e+01
4.014333343505859375e+01
3.557101821899414062e+01
4.146877288818359375e+01
4.320555496215820312e+01
6.314529037475585938e+01
3.942610931396484375e+01
4.672571563720703125e+01
6.266079711914062500e+01
5.145370483398437500e+02
5.531142578125000000e+02
4.950499877929687500e+02
5.337497558593750000e+02
5.431276245117187500e+02
4.732946777343750000e+02
4.931841125488281250e+02
4.759342956542968750e+02
4.170422668457031250e+02
1.561543426513671875e+02
1.732329711914062500e+02
1.475500793457031250e+02
1.596028289794921875e+02
1.606458587646484375e+02
1.475651092529296875e+02
1.059658660888671875e+02
1.135643615722656250e+02
1.032293777465820312e+02
2.423213653564453125e+02
2.123178100585937500e+02
2.065450439453125000e+02
2.508906707763671875e+02
2.280994873046875000e+02
2.351870727539062500e+02
2.456558227539062500e+02
2.451138763427734375e+02
2.647981567382812500e+02
5.565300369262695312e+01
9.512847137451171875e+01
6.538940429687500000e+01
7.922763824462890625e+01
1.040224227905273438e+02
6.396013259887695312e+01
6.716912841796875000e+01
9.650975036621093750e+01
4.538174057006835938e+01
1.498681030273437500e+03
1.497069946289062500e+03
1.432082031250000000e+03
1.332581542968750000e+03
1.355911743164062500e+03
1.281936035156250000e+03
1.299507324218750000e+03
1.355371215820312500e+03
1.311640869140625000e+03
3.880828552246093750e+02
4.827693481445312500e+02
5.043733215332031250e+02
2.613121032714843750e+02
3.425135498046875000e+02
3.699120178222656250e+02
2.090852508544921875e+02
2.464597320556640625e+02
2.491281280517578125e+02
3.980918884277343750e+02
4.959066467285156250e+02
4.697093811035156250e+02
6.432563476562500000e+02
6.649822998046875000e+02
7.378244018554687500e+02
5.334130859375000000e+02
5.838968505859375000e+02
6.198529663085937500e+02
-4.313088989257812500e+01
-1.435487937927246094e+01
-2.653349161148071289e+00
1.005111694335937500e+02
1.754178314208984375e+02
1.435474243164062500e+02
8.902234649658203125e+01
2.241814575195312500e+02
2.535335388183593750e+02
-3.421903610229492188e+01
6.253689575195312500e+01
2.097345924377441406e+01
5.518604278564453125e+01
1.783418884277343750e+02
1.363268890380859375e+02
1.926287689208984375e+02
3.259444274902343750e+02
2.916761474609375000e+02
5.048221740722656250e+02
5.872037353515625000e+02
5.484678955078125000e+02
5.948781127929687500e+02
6.572064208984375000e+02
6.429071044921875000e+02
5.403963623046875000e+02
5.799914550781250000e+02
5.585761718750000000e+02
2.877380981445312500e+02
2.930003051757812500e+02
1.109405441284179688e+02
2.529311676025390625e+02
3.905553894042968750e+02
3.069317626953125000e+02
-4.976704025268554688e+01
1.251325454711914062e+02
6.600168609619140625e+01
1.067475318908691406e+01
1.285973453521728516e+01
1.346212196350097656e+01
8.266377449035644531e+00
9.330544471740722656e+00
1.700741577148437500e+01
8.011302947998046875e+00
8.769734382629394531e+00
1.535534381866455078e+01
5.026781005859375000e+02
6.057867431640625000e+02
5.407322387695312500e+02
7.373619384765625000e+02
7.660863037109375000e+02
7.464780883789062500e+02
6.931635131835937500e+02
6.644581298828125000e+02
6.342880859375000000e+02
3.495676269531250000e+02
4.436332092285156250e+02
8.891845703125000000e+01
6.185137329101562500e+02
6.241430664062500000e+02
2.267364044189453125e+02
8.810046386718750000e+01
1.653213958740234375e+02
-6.933795166015625000e+01
1.139231033325195312e+02
1.185721969604492188e+02
1.267998657226562500e+02
1.339366912841796875e+02
1.494791412353515625e+02
1.541014556884765625e+02
1.361871490478515625e+02
1.376844329833984375e+02
1.392732238769531250e+02
-3.831579589843750000e+01
-4.456995010375976562e+01
9.640990257263183594e+00
-2.104868316650390625e+01
-2.115297317504882812e+01
2.618942642211914062e+01
3.190617370605468750e+01
2.840814208984375000e+01
4.584752655029296875e+01
2.056595458984375000e+02
1.307117462158203125e+02
3.771849822998046875e+01
3.238686828613281250e+02
2.245825347900390625e+02
1.550891265869140625e+02
2.391077880859375000e+02
1.480572509765625000e+02
1.325095214843750000e+02
1.542871093750000000e+01
9.219400024414062500e+01
7.382588195800781250e+01
3.098416442871093750e+02
3.723576965332031250e+02
2.752158203125000000e+02
1.758270111083984375e+02
2.239420471191406250e+02
1.346359558105468750e+02
7.251611328125000000e+01
1.651075134277343750e+02
1.651995697021484375e+02
1.851009521484375000e+02
3.163107910156250000e+02
3.221078796386718750e+02
2.882839965820312500e+02
4.163175354003906250e+02
4.228684387207031250e+02
1.515250244140625000e+02
1.015682907104492188e+02
8.396620941162109375e+01
1.608861999511718750e+02
1.215258331298828125e+02
4.631473922729492188e+01
1.220349044799804688e+02
-1.598799514770507812e+01
-4.412683868408203125e+01
8.834030761718750000e+02
9.662521362304687500e+02
6.565797729492187500e+02
1.319286743164062500e+03
1.430996459960937500e+03
1.243669433593750000e+03
1.244383056640625000e+03
1.439166992187500000e+03
1.376277709960937500e+03
-7.684288024902343750e+01
1.540918121337890625e+02
9.576618957519531250e+01
2.015673522949218750e+02
3.944321899414062500e+02
3.225531005859375000e+02
-3.373826599121093750e+01
1.913871765136718750e+02
2.068094024658203125e+02
4.376654296875000000e+03
4.297968261718750000e+03
4.514543945312500000e+03
4.038062011718750000e+03
4.004242187500000000e+03
4.281306640625000000e+03
3.825625000000000000e+03
3.878101318359375000e+03
4.169627929687500000e+03
2.242732666015625000e+03
2.383391845703125000e+03
2.540572509765625000e+03
2.203376464843750000e+03
2.355078369140625000e+03
2.539528320312500000e+03
2.272909667968750000e+03
2.411623535156250000e+03
2.552443603515625000e+03
2.213739501953125000e+03
2.288573974609375000e+03
2.385967285156250000e+03
2.238690185546875000e+03
2.331973144531250000e+03
2.432528564453125000e+03
2.266018798828125000e+03
2.395117187500000000e+03
2.507234130859375000e+03
2.693693115234375000e+03
2.669263916015625000e+03
2.590709228515625000e+03
2.580523437500000000e+03
2.552241699218750000e+03
2.455358154296875000e+03
2.422145996093750000e+03
2.364142822265625000e+03
2.347788574218750000e+03
2.581385498046875000e+03
2.566291992187500000e+03
2.756728271484375000e+03
2.529018798828125000e+03
2.501436523437500000e+03
2.704340332031250000e+03
2.453013671875000000e+03
2.285862548828125000e+03
2.506779296875000000e+03
1.007257614135742188e+02
1.003845825195312500e+02
9.735829162597656250e+01
1.119960632324218750e+02
1.020021972656250000e+02
9.823516082763671875e+01
1.070883407592773438e+02
9.869586181640625000e+01
8.586074829101562500e+01
3.256572021484375000e+03
3.144177246093750000e+03
3.159513183593750000e+03
3.291416503906250000e+03
3.207465087890625000e+03
3.198551269531250000e+03
2.901739013671875000e+03
2.921151123046875000e+03
2.988655517578125000e+03
2.487528076171875000e+03
2.712359130859375000e+03
3.264571289062500000e+03
2.061060302734375000e+03
2.323239990234375000e+03
2.904048828125000000e+03
2.381675292968750000e+03
2.550571044921875000e+03
2.920770263671875000e+03
8.520197753906250000e+02
8.671603393554687500e+02
8.501373291015625000e+02
8.461252441406250000e+02
8.515344848632812500e+02
8.304943237304687500e+02
8.265713500976562500e+02
8.396000976562500000e+02
8.234465332031250000e+02
4.197019958496093750e+02
4.406631164550781250e+02
3.870650634765625000e+02
4.312774963378906250e+02
4.285856323242187500e+02
3.726461181640625000e+02
4.619342346191406250e+02
4.449200439453125000e+02
3.726358947753906250e+02
3.306554199218750000e+03
3.437911376953125000e+03
3.526773193359375000e+03
3.228362304687500000e+03
3.437834716796875000e+03
3.553975830078125000e+03
3.297334960937500000e+03
3.511371093750000000e+03
3.573790527343750000e+03
1.051468261718750000e+03
1.317595458984375000e+03
1.208878540039062500e+03
1.053494750976562500e+03
1.272022949218750000e+03
1.192344604492187500e+03
1.133143432617187500e+03
1.275055419921875000e+03
1.171471801757812500e+03
1.155559936523437500e+03
1.209630737304687500e+03
1.271128173828125000e+03
1.157546875000000000e+03
1.202638549804687500e+03
1.234324218750000000e+03
1.168793579101562500e+03
1.191716308593750000e+03
1.181409301757812500e+03
6.653185424804687500e+02
7.572797241210937500e+02
8.896055297851562500e+02
5.487755126953125000e+02
5.436622924804687500e+02
6.633954467773437500e+02
5.850096435546875000e+02
6.391796264648437500e+02
7.729847412109375000e+02
8.029949218750000000e+03
8.315230468750000000e+03
8.672841796875000000e+03
7.600938964843750000e+03
7.914189453125000000e+03
8.259029296875000000e+03
7.323755371093750000e+03
7.675196777343750000e+03
7.862806152343750000e+03
2.517044433593750000e+03
2.581897705078125000e+03
2.773559326171875000e+03
2.465645263671875000e+03
2.488259521484375000e+03
2.693699218750000000e+03
2.503718261718750000e+03
2.535683349609375000e+03
2.656800537109375000e+03
