5.250745296478271484e+00
4.694579696655273438e+01
2.261986255645751953e+00
1.156454181671142578e+01
2.569598388671875000e+02
4.370713043212890625e+01
8.465522003173828125e+01
1.598317871093750000e+02
5.103603210449218750e+02
4.724318695068359375e+01
1.120427894592285156e+01
2.980891227722167969e+01
1.639835052490234375e+02
2.499462585449218750e+02
5.040035247802734375e+01
3.759835052490234375e+01
-5.820072937011718750e+01
-3.111251220703125000e+02
-1.633985137939453125e+02
-1.334310913085937500e+02
-2.747699707031250000e+03
-5.693538818359375000e+02
-1.101009033203125000e+03
-1.080462768554687500e+03
-4.825817382812500000e+03
-5.001465454101562500e+02
-6.335382080078125000e+01
-3.936890563964843750e+02
-2.149450439453125000e+03
-1.538283203125000000e+03
-9.182363891601562500e+02
-2.130528564453125000e+02
3.948705196380615234e+00
4.790795326232910156e+00
1.224214649200439453e+01
1.221446752548217773e+00
1.974915885925292969e+01
7.329888820648193359e+00
1.225778865814208984e+01
-1.055115604400634766e+01
6.798502349853515625e+01
-4.880366802215576172e+00
-1.228582262992858887e+00
1.024398207664489746e+00
2.083712577819824219e+01
1.576352119445800781e-02
3.515304803848266602e+00
-1.303302764892578125e+00
4.292738723754882812e+01
2.795186767578125000e+02
1.376527709960937500e+02
8.910925292968750000e+01
1.393078613281250000e+03
4.635529174804687500e+02
5.937727050781250000e+02
9.340704345703125000e+02
2.667144775390625000e+03
5.061152648925781250e+02
4.349835586547851562e+01
3.472016601562500000e+02
1.630785156250000000e+03
1.264844726562500000e+03
4.076377563476562500e+02
1.996690979003906250e+02
1.145231628417968750e+01
8.156676483154296875e+01
2.551288414001464844e+01
4.069324111938476562e+01
9.934616088867187500e+02
2.420974121093750000e+02
3.204227905273437500e+02
5.620059204101562500e+02
1.515740844726562500e+03
2.229508209228515625e+02
2.291719436645507812e+01
1.514401550292968750e+02
6.386903686523437500e+02
5.886643676757812500e+02
2.296594848632812500e+02
9.362757110595703125e+01
8.101668357849121094e+00
4.399401855468750000e+01
1.711507987976074219e+01
2.739582252502441406e+01
6.317536010742187500e+02
1.047127532958984375e+02
1.801159973144531250e+02
3.821442871093750000e+02
1.115585693359375000e+03
1.284678955078125000e+02
1.406302070617675781e+01
8.217112731933593750e+01
4.908672485351562500e+02
4.166448364257812500e+02
2.544939727783203125e+02
5.206298828125000000e+01
1.907007694244384766e-01
2.143200683593750000e+01
5.742201805114746094e+00
2.163105607032775879e-01
8.937254333496093750e+01
1.240847587585449219e+01
1.483150959014892578e+00
1.327514648437500000e+00
-3.063182067871093750e+01
7.803599357604980469e+00
-2.535720169544219971e-01
1.244320869445800781e-01
2.566462326049804688e+01
-3.846729278564453125e+00
-5.434297561645507812e+00
6.492708206176757812e+00
3.313300848007202148e+00
3.700580596923828125e+01
6.435117244720458984e+00
1.048750686645507812e+01
2.185587768554687500e+02
7.850723266601562500e+01
9.451804351806640625e+01
3.496360473632812500e+02
2.724398498535156250e+02
4.175228500366210938e+01
9.903400421142578125e+00
4.731855773925781250e+01
1.488108673095703125e+02
1.623288421630859375e+02
4.641624450683593750e+01
1.011524505615234375e+02
7.666446685791015625e+01
4.012057189941406250e+02
1.553381042480468750e+02
2.018722534179687500e+02
5.286454589843750000e+03
6.289075317382812500e+02
1.879213867187500000e+03
2.808056152343750000e+03
7.799699218750000000e+03
5.672854003906250000e+02
8.060843658447265625e+01
6.890809936523437500e+02
2.993715087890625000e+03
2.514203125000000000e+03
1.555481323242187500e+03
3.087107543945312500e+02
4.717383861541748047e+00
5.901629638671875000e+01
2.298721885681152344e+01
8.502717018127441406e+00
1.748913269042968750e+02
6.019206237792968750e+01
3.489286422729492188e+01
1.259780731201171875e+02
2.536852416992187500e+02
7.739297485351562500e+01
8.975296020507812500e+00
3.176279449462890625e+01
2.453000640869140625e+02
1.861479949951171875e+02
2.739504623413085938e+01
2.025477600097656250e+01
4.230065822601318359e+00
3.541654968261718750e+01
1.608462715148925781e+01
2.162667083740234375e+01
5.238516845703125000e+02
6.180987930297851562e+01
1.783560638427734375e+02
1.410943450927734375e+02
9.047316284179687500e+02
9.644944763183593750e+01
8.053218841552734375e+00
4.237704086303710938e+01
3.897681274414062500e+02
1.967118377685546875e+02
2.032820129394531250e+02
1.168742847442626953e+01
6.632274150848388672e+00
4.899102783203125000e+01
1.817418479919433594e+01
4.036422252655029297e+00
6.339115524291992188e+01
4.500938034057617188e+01
2.828961372375488281e+01
4.777911758422851562e+01
4.793016052246093750e+01
1.749566841125488281e+01
3.337161064147949219e+00
1.657641029357910156e+01
9.994639587402343750e+01
6.768881988525390625e+01
1.284568977355957031e+01
3.044013977050781250e+01
4.159074276685714722e-02
1.646905064582824707e+00
9.887748360633850098e-01
1.667022258043289185e-01
2.235212707519531250e+01
-1.132197976112365723e+00
1.386015176773071289e+00
4.107245922088623047e+00
9.872988700866699219e+00
4.275424003601074219e+00
1.678983122110366821e-01
3.557046413421630859e+00
4.882891654968261719e+00
7.510999679565429688e+00
2.969852447509765625e+00
-1.184949994087219238e+00
-7.651572227478027344e+00
3.945707702636718750e+01
-3.380076599121093750e+01
-1.742508697509765625e+01
-9.295672607421875000e+01
-4.933589935302734375e+01
-1.794168395996093750e+02
2.806379699707031250e+02
-5.853736572265625000e+02
-2.923159027099609375e+01
4.593130111694335938e+00
-8.334784507751464844e+00
-1.918558654785156250e+02
4.351948165893554688e+01
-2.486572875976562500e+02
2.301593971252441406e+01
2.835319757461547852e+00
2.319382667541503906e+01
7.613369464874267578e+00
4.472383975982666016e+00
1.868321228027343750e+02
2.819847297668457031e+01
2.486954498291015625e+01
2.143809509277343750e+02
2.154357757568359375e+02
2.255020713806152344e+01
7.173663616180419922e+00
1.209949398040771484e+01
7.617530822753906250e+01
1.593463439941406250e+02
2.100542831420898438e+01
2.424298095703125000e+01
4.496414566040039062e+01
2.309067535400390625e+02
1.391927032470703125e+02
6.510853576660156250e+01
9.693342285156250000e+02
3.604906311035156250e+02
5.252465820312500000e+02
8.162963256835937500e+02
1.774549804687500000e+03
2.914801330566406250e+02
3.218608856201171875e+01
3.113956909179687500e+02
1.022534973144531250e+03
9.509202270507812500e+02
2.274995269775390625e+02
2.044756622314453125e+02
6.899427622556686401e-03
2.698784694075584412e-03
9.999716421589255333e-04
1.125119859352707863e-03
-5.911063402891159058e-02
-8.542896248400211334e-03
-1.722049433737993240e-03
1.438356097787618637e-02
9.056390821933746338e-02
4.635362699627876282e-02
4.296194761991500854e-03
1.954060047864913940e-03
9.371717274188995361e-02
8.351133018732070923e-02
2.617024630308151245e-02
2.772607142105698586e-03
3.979701232910156250e+01
2.298609313964843750e+02
1.118271179199218750e+02
1.062737045288085938e+02
2.332233642578125000e+03
4.245832824707031250e+02
8.800322875976562500e+02
1.127017700195312500e+03
3.935369140625000000e+03
3.961952514648437500e+02
5.718190002441406250e+01
3.050897521972656250e+02
1.621997070312500000e+03
1.445607421875000000e+03
7.393595581054687500e+02
1.993260650634765625e+02
-4.715689468383789062e+01
-3.979537963867187500e+02
-1.662460174560546875e+02
-6.362416458129882812e+01
-1.024133789062500000e+03
-4.937401733398437500e+02
-2.914948120117187500e+02
-1.046885498046875000e+03
-1.345017822265625000e+03
-3.966004638671875000e+02
-5.368679046630859375e+01
-2.745563659667968750e+02
-1.406304443359375000e+03
-1.320157836914062500e+03
-2.154160614013671875e+02
-2.719993896484375000e+02
2.685090065002441406e+00
1.912590599060058594e+01
5.013654708862304688e+00
3.326696634292602539e+00
4.079821014404296875e+01
2.144425201416015625e+01
2.531233596801757812e+01
2.642600631713867188e+01
1.225776443481445312e+02
3.592191314697265625e+01
4.010947227478027344e+00
9.612081527709960938e+00
5.496974563598632812e+01
2.363814163208007812e+01
1.764760780334472656e+01
1.444654178619384766e+01
4.644411087036132812e+01
2.193972320556640625e+02
1.357136230468750000e+02
7.220602416992187500e+01
1.080498535156250000e+03
4.125736694335937500e+02
6.293878784179687500e+02
2.037648315429687500e+02
1.711395019531250000e+03
2.252846832275390625e+02
1.407699966430664062e+01
2.355561370849609375e+02
1.185131713867187500e+03
6.554548339843750000e+02
4.767541198730468750e+02
1.549849395751953125e+02
5.598915100097656250e+00
4.804306411743164062e+01
9.596240043640136719e+00
9.491991996765136719e+00
1.966958007812500000e+02
4.739030075073242188e+01
6.309823226928710938e+01
1.374125976562500000e+02
2.985108642578125000e+02
4.291127395629882812e+01
4.979148864746093750e+00
2.794619369506835938e+01
2.377738647460937500e+02
1.714302520751953125e+02
7.748261260986328125e+01
2.729508972167968750e+01
3.218434333801269531e+00
2.573305511474609375e+01
-1.338534545898437500e+01
2.328814697265625000e+01
3.135210876464843750e+02
8.629559326171875000e+01
1.316398315429687500e+02
1.972925567626953125e+02
6.900872802734375000e+02
1.097219543457031250e+02
1.464156055450439453e+01
6.551890563964843750e+01
2.544895935058593750e+02
4.797142944335937500e+02
9.335823822021484375e+01
5.877968597412109375e+01
-1.138426113128662109e+01
-9.760334968566894531e+00
-6.684661388397216797e+00
-9.088811874389648438e+00
-1.114808044433593750e+02
-6.466085815429687500e+01
-9.349471282958984375e+01
-7.935810852050781250e+01
-1.869196929931640625e+02
-9.480392932891845703e-01
1.556583285331726074e+00
-3.322292709350585938e+01
-7.999150085449218750e+01
-8.703670501708984375e+01
-6.274736022949218750e+01
-3.413721084594726562e+01
-1.942098289728164673e-01
-3.825349092483520508e+00
4.168695926666259766e+00
-2.685971260070800781e-01
-2.803105545043945312e+01
-3.624505996704101562e-01
-1.037968540191650391e+01
-1.488220062255859375e+02
-5.213970565795898438e+01
-7.801092267036437988e-01
-1.684912204742431641e+00
-1.233630371093750000e+01
-3.979122400283813477e+00
-2.288288307189941406e+01
-1.068806743621826172e+01
-6.641581058502197266e+00
-1.026790380477905273e+00
-1.604882240295410156e+00
-7.463425159454345703e+00
-2.989575624465942383e+00
4.527475357055664062e+00
-8.023396492004394531e+00
-2.179419517517089844e+01
-2.313953971862792969e+01
-7.745885467529296875e+01
-1.713395690917968750e+01
-6.643701791763305664e-01
-1.850768280029296875e+01
-2.854122924804687500e+01
-4.995658874511718750e+01
1.347795009613037109e+00
2.969550192356109619e-01
1.809874624013900757e-01
4.925037384033203125e+00
2.847917795181274414e+00
1.155836820602416992e+00
5.898276901245117188e+01
1.135465621948242188e+00
1.459719085693359375e+01
1.708428497314453125e+02
8.895555877685546875e+01
8.798510551452636719e+00
1.058338165283203125e+00
1.044950771331787109e+01
3.411023712158203125e+01
9.994387626647949219e+00
4.706699371337890625e+00
9.883247375488281250e+00
9.784450531005859375e-01
5.106044387817382812e+01
4.748041534423828125e+01
-7.105860233306884766e+00
9.044748306274414062e+00
4.848109817504882812e+01
7.869980812072753906e+00
1.048419189453125000e+02
-3.232095336914062500e+02
4.003715991973876953e+00
-4.545275211334228516e+00
-4.811214828491210938e+01
2.236589202880859375e+02
-2.069250488281250000e+02
-1.719723892211914062e+01
4.318160247802734375e+01
-2.912536621093750000e+00
-1.125128078460693359e+01
1.272133231163024902e+00
2.637724399566650391e+00
1.207492065429687500e+02
-6.795685768127441406e+00
4.540834808349609375e+01
1.216720962524414062e+02
1.554980621337890625e+02
1.170949935913085938e+01
2.386961698532104492e+00
1.521710109710693359e+01
2.958137512207031250e+01
7.954946517944335938e+00
3.246716308593750000e+01
7.464292049407958984e+00
-2.907422065734863281e+00
-7.367039680480957031e+00
-1.186281681060791016e+01
-5.233032703399658203e+00
-2.033872833251953125e+02
-1.713329315185546875e+01
-5.666752624511718750e+01
-2.427106018066406250e+02
-3.250975036621093750e+02
-1.699558258056640625e+01
-2.775938987731933594e+00
-3.724961090087890625e+01
-9.895721435546875000e+01
-9.087860870361328125e+01
-4.271095657348632812e+01
-1.093813610076904297e+01
1.181352050781250000e+03
7.213044921875000000e+03
3.306422851562500000e+03
2.255554199218750000e+03
4.627611328125000000e+04
9.546323242187500000e+03
1.745037304687500000e+04
2.512455859375000000e+04
7.681035156250000000e+04
1.093978808593750000e+04
1.196910034179687500e+03
8.699873046875000000e+03
3.928810546875000000e+04
3.290519140625000000e+04
1.254346582031250000e+04
3.994243408203125000e+03
6.747330665588378906e+00
-1.238885974884033203e+01
4.733138084411621094e+00
1.180374860763549805e+00
-3.948201370239257812e+01
-5.002974033355712891e+00
4.737900543212890625e+01
-1.633206024169921875e+02
-1.227093353271484375e+02
-7.376876068115234375e+01
-3.596898555755615234e+00
2.293906211853027344e+01
-1.817403106689453125e+02
-6.936929321289062500e+01
2.672958374023437500e+01
1.414895343780517578e+01
