1.817755889892578125e+02
1.836920013427734375e+02
1.671245117187500000e+02
1.931233978271484375e+02
1.889050292968750000e+02
1.706972808837890625e+02
1.853095092773437500e+02
1.784167327880859375e+02
1.616114501953125000e+02
3.060398559570312500e+02
2.866394958496093750e+02
2.447900085449218750e+02
2.732597656250000000e+02
2.757430725097656250e+02
2.641351013183593750e+02
2.775158081054687500e+02
2.892598266601562500e+02
3.054805908203125000e+02
7.220056762695312500e+02
6.866337890625000000e+02
6.173053588867187500e+02
7.748881225585937500e+02
7.362686157226562500e+02
6.732088012695312500e+02
8.188217773437500000e+02
7.797326660156250000e+02
7.452883300781250000e+02
1.237120437622070312e+01
1.306041717529296875e+01
1.450907325744628906e+01
1.553602600097656250e+01
1.532014846801757812e+01
1.474892234802246094e+01
1.528448772430419922e+01
1.415905857086181641e+01
1.213337326049804688e+01
7.045106201171875000e+02
6.516614990234375000e+02
5.984096679687500000e+02
7.127714843750000000e+02
6.541361083984375000e+02
6.059473266601562500e+02
6.381898193359375000e+02
5.993037109375000000e+02
5.564561157226562500e+02
2.498096847534179688e+01
2.209753036499023438e+01
2.087077713012695312e+01
2.860573005676269531e+01
2.614769554138183594e+01
3.224656295776367188e+01
2.602246475219726562e+01
2.514698600769042969e+01
2.864153671264648438e+01
2.341152801513671875e+02
2.349967498779296875e+02
2.354555511474609375e+02
2.637181396484375000e+02
2.410990447998046875e+02
2.271246795654296875e+02
2.368963317871093750e+02
2.153374786376953125e+02
2.033095703125000000e+02
1.063295166015625000e+03
1.054625976562500000e+03
9.640325927734375000e+02
1.017814331054687500e+03
1.028009643554687500e+03
9.279424438476562500e+02
8.911099853515625000e+02
9.169272460937500000e+02
8.517421264648437500e+02
6.950198974609375000e+02
7.783535766601562500e+02
7.988645019531250000e+02
8.449931640625000000e+02
9.159938964843750000e+02
9.064826049804687500e+02
8.261520996093750000e+02
8.992962646484375000e+02
8.714812622070312500e+02
1.162783813476562500e+02
1.087542572021484375e+02
1.110691070556640625e+02
1.411026763916015625e+02
1.290633544921875000e+02
1.337474365234375000e+02
1.569670104980468750e+02
1.520223846435546875e+02
1.294007720947265625e+02
1.239661254882812500e+02
1.164095458984375000e+02
1.056294250488281250e+02
1.298755340576171875e+02
1.162280044555664062e+02
1.093338851928710938e+02
1.317831878662109375e+02
1.162068405151367188e+02
1.138231277465820312e+02
1.398916015625000000e+02
1.411006927490234375e+02
1.428563995361328125e+02
1.703402252197265625e+02
1.588340759277343750e+02
1.514688110351562500e+02
1.879601440429687500e+02
1.586449584960937500e+02
1.523550567626953125e+02
4.104125671386718750e+02
3.913512878417968750e+02
4.322365722656250000e+02
5.116948547363281250e+02
5.051852722167968750e+02
5.571231079101562500e+02
6.100873413085937500e+02
6.072493896484375000e+02
6.239528198242187500e+02
2.434094543457031250e+02
2.186791381835937500e+02
1.965922698974609375e+02
2.263400878906250000e+02
1.940842132568359375e+02
1.815926818847656250e+02
2.133698730468750000e+02
1.744476776123046875e+02
1.670198669433593750e+02
1.465773803710937500e+03
1.519940307617187500e+03
1.588562744140625000e+03
1.609079467773437500e+03
1.634273803710937500e+03
1.620798339843750000e+03
1.694488769531250000e+03
1.633320068359375000e+03
1.582118652343750000e+03
4.223260498046875000e+02
4.816631469726562500e+02
3.811505126953125000e+02
4.787837524414062500e+02
5.352791137695312500e+02
4.453607482910156250e+02
4.434579467773437500e+02
4.876042175292968750e+02
4.381745300292968750e+02
-4.748981857299804688e+01
-4.817577743530273438e+01
-5.393022537231445312e+01
-4.468159103393554688e+01
-5.074362945556640625e+01
-5.720557022094726562e+01
-4.701164245605468750e+01
-5.497531890869140625e+01
-5.940091705322265625e+01
-5.633401489257812500e+01
-6.278243637084960938e+01
-9.451066589355468750e+01
-4.713080215454101562e+01
-6.362107849121093750e+01
-8.083207702636718750e+01
-5.936069869995117188e+01
-7.607656860351562500e+01
-8.838816833496093750e+01
-1.959716491699218750e+02
-2.077567443847656250e+02
-2.062652130126953125e+02
-1.832355346679687500e+02
-2.221179809570312500e+02
-2.151026916503906250e+02
-1.803190307617187500e+02
-2.265452117919921875e+02
-2.299518890380859375e+02
-8.241305351257324219e+00
-7.526179790496826172e+00
-5.647026062011718750e+00
-8.167077064514160156e+00
-7.732878684997558594e+00
-5.962514877319335938e+00
-8.055607795715332031e+00
-7.938014507293701172e+00
-6.266304016113281250e+00
-2.161580810546875000e+02
-1.798249969482421875e+02
-2.270561218261718750e+02
-2.163310241699218750e+02
-1.726362609863281250e+02
-2.225556030273437500e+02
-2.248425903320312500e+02
-2.209443054199218750e+02
-2.362958526611328125e+02
-1.347969627380371094e+01
-1.222228431701660156e+01
-1.448975658416748047e+01
-1.793911743164062500e+01
-1.071710681915283203e+01
-1.313411617279052734e+01
-1.542539787292480469e+01
-1.221103858947753906e+01
-7.210403919219970703e+00
-1.423658905029296875e+02
-1.351368713378906250e+02
-1.261814880371093750e+02
-1.266900711059570312e+02
-1.204313888549804688e+02
-1.155126495361328125e+02
-1.301946868896484375e+02
-1.332200317382812500e+02
-1.221269302368164062e+02
-5.792992019653320312e+01
-1.292660522460937500e+02
-1.848155212402343750e+02
-4.216387939453125000e+01
-1.031956405639648438e+02
-1.528439331054687500e+02
-6.522288513183593750e+01
-1.237327270507812500e+02
-1.796793365478515625e+02
-5.457396850585937500e+02
-5.419335327148437500e+02
-4.904687194824218750e+02
-5.556271972656250000e+02
-5.339781494140625000e+02
-4.813497924804687500e+02
-5.055624694824218750e+02
-4.984216003417968750e+02
-4.593860168457031250e+02
-5.297323226928710938e+01
-6.871072387695312500e+01
-5.408807373046875000e+01
-3.867284774780273438e+01
-5.278295516967773438e+01
-4.970683670043945312e+01
-3.148945426940917969e+01
-4.283961105346679688e+01
-5.196725082397460938e+01
-3.229647445678710938e+01
-3.388658905029296875e+01
-3.336038970947265625e+01
-2.970501327514648438e+01
-3.303246307373046875e+01
-3.326057815551757812e+01
-3.351129150390625000e+01
-3.828291702270507812e+01
-3.867855834960937500e+01
-2.483376693725585938e+01
-2.306902313232421875e+01
-1.847195053100585938e+01
-2.038984680175781250e+01
-2.197191238403320312e+01
-1.416709899902343750e+01
-2.475686264038085938e+01
-2.442760658264160156e+01
-1.988718223571777344e+01
-1.211432189941406250e+02
-1.545362396240234375e+02
-1.213971481323242188e+02
-1.603023071289062500e+02
-1.798935394287109375e+02
-1.445868988037109375e+02
-1.392424163818359375e+02
-1.557754516601562500e+02
-1.284354553222656250e+02
-2.914296150207519531e+01
-2.894771575927734375e+01
-2.278632926940917969e+01
-1.135670089721679688e+01
-2.062631607055664062e+01
-1.234229373931884766e+01
-2.482842826843261719e+01
-3.327404785156250000e+01
-2.442343711853027344e+01
-5.996874389648437500e+02
-6.286661376953125000e+02
-5.963294067382812500e+02
-6.121671142578125000e+02
-5.980650634765625000e+02
-5.019745483398437500e+02
-5.750480957031250000e+02
-5.920281372070312500e+02
-5.154561767578125000e+02
-7.551836395263671875e+01
-8.236833190917968750e+01
-1.345372924804687500e+02
-4.991145324707031250e+01
-7.902577209472656250e+01
-1.434253540039062500e+02
-6.247209548950195312e+01
-1.003138427734375000e+02
-1.463139648437500000e+02
-3.729642105102539062e+01
-3.745987701416015625e+01
-4.089622879028320312e+01
-3.270497894287109375e+01
-3.045969963073730469e+01
-3.040756797790527344e+01
-2.343992805480957031e+01
-2.418363952636718750e+01
-2.645106315612792969e+01
-7.191514587402343750e+01
-5.968202209472656250e+01
-7.294998168945312500e+01
-5.764444351196289062e+01
-6.560201263427734375e+01
-8.196362304687500000e+01
-4.666880035400390625e+01
-7.054534912109375000e+01
-8.946212005615234375e+01
-1.392112274169921875e+02
-1.478704681396484375e+02
-1.455936431884765625e+02
-1.118335876464843750e+02
-1.287606506347656250e+02
-1.277521438598632812e+02
-9.401277923583984375e+01
-1.235404968261718750e+02
-1.332473449707031250e+02
-3.301384449005126953e+00
-3.772555351257324219e+00
-3.663576364517211914e+00
-3.255007028579711914e+00
-3.524363756179809570e+00
-3.164271593093872070e+00
-3.711346864700317383e+00
-3.508303642272949219e+00
-3.179501771926879883e+00
-9.805716705322265625e+01
-1.184027709960937500e+02
-1.458374633789062500e+02
-7.976444244384765625e+01
-8.335170745849609375e+01
-1.184471359252929688e+02
-2.150139808654785156e+01
-4.382058334350585938e+01
-8.601219940185546875e+01
-2.972087860107421875e+00
-2.869993448257446289e+00
-6.876775741577148438e+00
-6.259500026702880859e+00
-5.837002277374267578e+00
-9.742424964904785156e+00
-7.992260932922363281e+00
-8.797238349914550781e+00
-1.292137622833251953e+01
-5.627202987670898438e+01
-6.222541046142578125e+01
-6.551594543457031250e+01
-6.192438507080078125e+01
-6.200146102905273438e+01
-5.762461090087890625e+01
-4.816901016235351562e+01
-4.715775299072265625e+01
-4.961400222778320312e+01
-1.385817108154296875e+02
-1.391713409423828125e+02
-1.003452224731445312e+02
6.841250658035278320e-01
3.707973718643188477e+00
-1.772837829589843750e+01
1.708089828491210938e+01
-3.228532409667968750e+01
-7.653668975830078125e+01
-1.627728881835937500e+02
-1.754245300292968750e+02
-1.923888244628906250e+02
-2.079437103271484375e+02
-2.083343048095703125e+02
-2.103786468505859375e+02
-2.210585327148437500e+02
-2.068705902099609375e+02
-1.960081481933593750e+02
-3.071927452087402344e+01
-2.823931121826171875e+01
-3.689889526367187500e+01
-3.107084274291992188e+01
-3.261811065673828125e+01
-3.389436340332031250e+01
-4.243363189697265625e+01
-2.794993972778320312e+01
-2.305455398559570312e+01
-2.435556221008300781e+01
-2.233181571960449219e+01
-2.221889877319335938e+01
-1.637507629394531250e+01
-1.591345024108886719e+01
-1.847027587890625000e+01
-1.083799266815185547e+01
-1.362421226501464844e+01
-1.951392555236816406e+01
-3.148295211791992188e+01
-3.530264282226562500e+01
-3.008564376831054688e+01
-1.940382766723632812e+01
-2.353540420532226562e+01
-1.509759998321533203e+01
-1.609625625610351562e+01
-1.312314796447753906e+01
9.168867468833923340e-01
-8.380152130126953125e+01
-1.389749298095703125e+02
-1.432064971923828125e+02
-8.982047271728515625e+01
-1.476386871337890625e+02
-1.478552551269531250e+02
-1.105219802856445312e+02
-1.538068847656250000e+02
-1.310822448730468750e+02
-6.312443542480468750e+01
-6.049436569213867188e+01
-5.659859466552734375e+01
-3.296575546264648438e+01
-2.675989723205566406e+01
-1.329773426055908203e+01
-9.256600379943847656e+00
-9.275278091430664062e+00
-1.314277267456054688e+01
-3.681287536621093750e+02
-4.170834960937500000e+02
-4.182483825683593750e+02
-3.083904418945312500e+02
-3.327578430175781250e+02
-3.624599914550781250e+02
-2.611467895507812500e+02
-2.853148803710937500e+02
-3.161309204101562500e+02
-7.110420989990234375e+01
-5.944933700561523438e+01
-7.315444946289062500e+01
-5.266951370239257812e+01
-4.029824066162109375e+01
-5.999632644653320312e+01
-4.837984466552734375e+01
-4.385304641723632812e+01
-7.146058654785156250e+01
2.768732048571109772e-02
6.831205636262893677e-02
6.387138366699218750e-02
1.835646033287048340e-01
2.171117514371871948e-01
1.096573546528816223e-01
1.724587231874465942e-01
2.052880227565765381e-01
6.139026582241058350e-02
5.246355757117271423e-02
4.055287688970565796e-02
5.582793056964874268e-02
4.331996142864227295e-01
2.526253163814544678e-01
1.074576750397682190e-01
1.628791242837905884e-01
1.221897378563880920e-01
-3.220676630735397339e-02
4.276485145092010498e-01
1.696292012929916382e-01
8.403382450342178345e-02
5.982700586318969727e-01
2.920354902744293213e-01
1.611687093973159790e-01
6.578943729400634766e-01
5.507495999336242676e-01
3.167487680912017822e-01
1.094425655901432037e-02
6.822147872298955917e-03
4.458436276763677597e-03
9.377369657158851624e-03
1.374384108930826187e-02
1.507892087101936340e-02
3.771339775994420052e-03
1.885093376040458679e-02
2.162827923893928528e-02
2.964732050895690918e-01
6.460198163986206055e-01
1.396477073431015015e-01
6.853334307670593262e-01
1.270378828048706055e+00
6.991875767707824707e-01
2.671084702014923096e-01
2.944726943969726562e-01
5.261055231094360352e-01
3.621296957135200500e-03
-3.775281365960836411e-04
4.909877199679613113e-03
-4.722461104393005371e-03
7.395313680171966553e-02
1.631487719714641571e-02
8.085107430815696716e-03
8.686523884534835815e-03
-6.817223504185676575e-03
5.266977474093437195e-02
1.524974405765533447e-01
9.491917677223682404e-03
2.134031355381011963e-01
3.540818989276885986e-01
1.277194172143936157e-01
4.824035167694091797e-01
5.383391976356506348e-01
3.746770918369293213e-01
1.079327344894409180e+00
1.180413603782653809e+00
3.934499025344848633e-01
2.260630846023559570e+00
1.495336651802062988e+00
1.283444404602050781e+00
1.734921336174011230e+00
1.861279904842376709e-01
1.076153516769409180e+00
3.501195460557937622e-02
1.691571176052093506e-01
1.218959838151931763e-01
3.757689893245697021e-01
2.241026759147644043e-01
6.922647953033447266e-01
5.971875786781311035e-01
9.363775253295898438e-01
1.361367225646972656e+00
-7.823253050446510315e-03
2.563108317553997040e-02
1.162989065051078796e-02
-3.000122681260108948e-02
-4.085428640246391296e-02
1.715280562639236450e-01
2.799021266400814056e-02
2.814190983772277832e-01
2.785874605178833008e-01
2.577457949519157410e-02
3.814097121357917786e-02
2.490052394568920135e-02
1.326038241386413574e-01
9.937473386526107788e-02
4.023028537631034851e-02
1.302602291107177734e-01
9.446275979280471802e-02
8.447463065385818481e-02
-2.490961179137229919e-02
-2.554127573966979980e-02
1.446376442909240723e-01
3.968909978866577148e-01
1.583426892757415771e-01
1.970512121915817261e-01
3.228344619274139404e-01
2.739470005035400391e-01
1.012638881802558899e-01
1.688805371522903442e-01
-4.301673173904418945e-02
8.784779161214828491e-02
5.147002339363098145e-01
2.245487831532955170e-02
-5.241040140390396118e-02
5.883196592330932617e-01
1.262858957052230835e-01
6.618728041648864746e-01
2.871651947498321533e-02
3.308133035898208618e-02
3.504021465778350830e-02
5.117615461349487305e-01
-6.536639481782913208e-02
9.260170161724090576e-02
1.489586383104324341e-01
1.677004843950271606e-01
5.054622888565063477e-02
1.360165178775787354e-01
7.239915430545806885e-03
2.498115599155426025e-01
1.584119915962219238e+00
1.328127503395080566e+00
1.185737729072570801e+00
1.939322471618652344e+00
1.304983139038085938e+00
6.174079179763793945e-01
2.059045433998107910e-02
4.000670611858367920e-01
3.926992043852806091e-02
4.181715846061706543e-01
7.290179133415222168e-01
4.095230251550674438e-02
2.061128169298171997e-01
4.706661403179168701e-01
1.624657809734344482e-01
3.625851440429687500e+01
3.454593276977539062e+01
2.823693084716796875e+01
3.508218765258789062e+01
3.145340347290039062e+01
2.809326934814453125e+01
3.477302169799804688e+01
2.867460441589355469e+01
2.412968063354492188e+01
2.708920097351074219e+01
2.565926170349121094e+01
3.670912170410156250e+01
1.784604835510253906e+01
2.276198577880859375e+01
4.254367446899414062e+01
6.260533809661865234e+00
2.206801033020019531e+01
4.511561584472656250e+01
1.278518066406250000e+02
1.109582672119140625e+02
9.006925964355468750e+01
1.284067535400390625e+02
1.073703079223632812e+02
8.771282196044921875e+01
1.173286437988281250e+02
1.021428298950195312e+02
8.626272583007812500e+01
2.992005825042724609e+00
3.935552835464477539e+00
3.958670377731323242e+00
3.534427642822265625e+00
4.440001010894775391e+00
4.104636192321777344e+00
4.093752384185791016e+00
4.686113357543945312e+00
4.019459247589111328e+00
1.306625823974609375e+02
9.470403289794921875e+01
7.517951202392578125e+01
1.056619796752929688e+02
8.977185058593750000e+01
6.825695800781250000e+01
9.976756286621093750e+01
6.929296112060546875e+01
4.850188446044921875e+01
4.177307128906250000e+00
4.229881763458251953e+00
8.238730430603027344e+00
3.473431348800659180e+00
4.759306907653808594e+00
7.752139568328857422e+00
3.529371738433837891e+00
5.518628120422363281e+00
8.102228164672851562e+00
6.348475646972656250e+01
7.171797180175781250e+01
6.636953735351562500e+01
7.053695678710937500e+01
7.858743286132812500e+01
7.163500976562500000e+01
7.523799133300781250e+01
7.571416473388671875e+01
6.230973815917968750e+01
1.615312652587890625e+02
1.221413269042968750e+02
7.648398590087890625e+01
1.446975860595703125e+02
9.444090270996093750e+01
4.977338409423828125e+01
1.020771636962890625e+02
6.022848510742187500e+01
3.101749992370605469e+01
1.557043914794921875e+02
2.156804046630859375e+02
2.368470306396484375e+02
1.759727630615234375e+02
2.418099822998046875e+02
2.553827819824218750e+02
1.999143981933593750e+02
2.463978576660156250e+02
2.460320129394531250e+02
9.538430213928222656e+00
1.705704116821289062e+01
2.483042144775390625e+01
1.004861068725585938e+01
1.885614013671875000e+01
2.659581565856933594e+01
1.593203449249267578e+01
2.568418121337890625e+01
3.056957054138183594e+01
2.405689430236816406e+01
1.804457473754882812e+01
1.416463088989257812e+01
2.217681121826171875e+01
1.589891624450683594e+01
1.268321514129638672e+01
1.921665763854980469e+01
1.340353202819824219e+01
1.165746307373046875e+01
3.705256652832031250e+01
3.134914398193359375e+01
2.128672790527343750e+01
4.073085403442382812e+01
2.978620719909667969e+01
1.950589752197265625e+01
3.761752700805664062e+01
2.872342109680175781e+01
1.438576030731201172e+01
6.159529495239257812e+01
7.800069427490234375e+01
1.117750015258789062e+02
5.801016616821289062e+01
8.973059844970703125e+01
1.186643829345703125e+02
6.605220794677734375e+01
1.068852386474609375e+02
1.447870330810546875e+02
4.985704040527343750e+01
3.852777862548828125e+01
2.617308235168457031e+01
4.710461807250976562e+01
3.369132995605468750e+01
2.216354560852050781e+01
4.471644973754882812e+01
3.162214088439941406e+01
1.238561058044433594e+01
2.983287048339843750e+02
3.116077270507812500e+02
3.076892395019531250e+02
3.130080871582031250e+02
3.269033813476562500e+02
3.181414489746093750e+02
3.196388854980468750e+02
3.402493286132812500e+02
3.287838745117187500e+02
4.871223831176757812e+01
5.446374893188476562e+01
4.475908279418945312e+01
4.570199584960937500e+01
5.165174865722656250e+01
4.262565231323242188e+01
4.224422073364257812e+01
4.778251647949218750e+01
3.635160446166992188e+01
1.495303809642791748e-01
2.317385822534561157e-01
3.421492278575897217e-01
-2.304024547338485718e-01
9.102156758308410645e-02
6.039674952626228333e-02
-1.227348204702138901e-02
3.502639532089233398e-01
-2.326546236872673035e-02
3.595828771591186523e+00
4.003732681274414062e+00
2.658976554870605469e+00
3.966616868972778320e+00
4.031020641326904297e+00
-9.282299280166625977e-01
2.043302297592163086e+00
1.825895786285400391e+00
-3.587157726287841797e+00
3.694943428039550781e+00
1.126648187637329102e+00
4.741307258605957031e+00
2.930313110351562500e+00
1.118182659149169922e+00
2.194354057312011719e+00
1.942139029502868652e+00
-1.685746163129806519e-01
-1.862867951393127441e+00
5.836267769336700439e-02
-1.934636235237121582e-01
-1.887203156948089600e-01
1.431273855268955231e-02
-2.077864408493041992e-01
-2.177246809005737305e-01
6.072432175278663635e-02
-2.329345792531967163e-01
-1.957743465900421143e-01
9.472177028656005859e-01
-2.073387622833251953e+00
-2.218882441520690918e-01
1.332404613494873047e+00
-2.829953193664550781e+00
2.683086633682250977e+00
-5.793240666389465332e-01
-5.729806900024414062e+00
-3.150301873683929443e-01
-1.806696206331253052e-01
-1.337590664625167847e-01
-8.550348877906799316e-01
6.229628920555114746e-01
2.416249513626098633e-01
-7.842055559158325195e-01
-4.245455563068389893e-01
-3.541697189211845398e-02
-1.222887635231018066e+00
-3.900158107280731201e-01
-1.222715497016906738e+00
-2.525461435317993164e+00
-1.392464935779571533e-01
-6.097483038902282715e-01
-1.728589296340942383e+00
-9.780307114124298096e-02
-4.363854527473449707e-01
-2.239789247512817383e+00
2.159832715988159180e-01
1.708610057830810547e+00
-1.658532738685607910e+00
-1.049072504043579102e+00
-3.645784258842468262e-01
-3.844241857528686523e+00
-9.224953055381774902e-01
-1.221760630607604980e+00
9.099264740943908691e-01
4.559591293334960938e+00
-3.368905782699584961e+00
-9.667931556701660156e+00
5.745096802711486816e-01
-6.472154617309570312e+00
-9.672694206237792969e+00
-1.944878220558166504e+00
-7.394308090209960938e+00
-1.090010929107666016e+01
5.498843789100646973e-01
3.019895553588867188e-01
-1.380789875984191895e+00
7.053899168968200684e-01
2.161461412906646729e-01
-1.493131518363952637e+00
7.635803818702697754e-01
-4.763242006301879883e-01
-1.712769269943237305e+00
2.437145262956619263e-01
-3.158887615427374840e-03
-1.373426318168640137e-01
1.386248171329498291e-01
1.952305585145950317e-01
-1.978415995836257935e-01
-7.661001384258270264e-02
-1.915091425180435181e-01
-6.277103424072265625e-01
-4.458555579185485840e-01
-1.152784109115600586e+00
-6.130652427673339844e-01
-8.236417174339294434e-01
-5.575866699218750000e-01
-2.156211286783218384e-01
-1.716025918722152710e-02
-1.079892039299011230e+00
-2.393501549959182739e-01
7.174883842468261719e+00
3.300149440765380859e+00
-2.733383655548095703e+00
6.517646789550781250e+00
1.519417762756347656e+00
-4.327313899993896484e+00
5.789086818695068359e+00
2.193871974945068359e+00
-1.778569102287292480e+00
1.209204047918319702e-01
-7.598703503608703613e-01
-1.808892846107482910e+00
6.103065609931945801e-01
1.785089254379272461e+00
-1.329896211624145508e+00
-7.288541197776794434e-01
-1.153253555297851562e+00
-1.437728881835937500e+00
1.416606044769287109e+01
-4.163942813873291016e+00
-6.329958438873291016e+00
3.867684602737426758e+00
-8.653236389160156250e+00
-1.153836059570312500e+01
4.396956920623779297e+00
-4.758989334106445312e+00
-1.045466423034667969e+01
1.356585502624511719e+00
2.564576864242553711e-01
2.850378751754760742e+00
2.399397194385528564e-01
-1.278443813323974609e+00
7.852880954742431641e-01
1.982060968875885010e-01
-8.605512976646423340e-01
-9.018402099609375000e-01
7.794842123985290527e-02
-1.436069846153259277e+00
-4.117211341857910156e+00
-1.677882075309753418e-01
-1.653968214988708496e+00
-4.356775283813476562e+00
-3.442074656486511230e-01
-1.893469214439392090e+00
-4.547605514526367188e+00
-4.377883434295654297e+00
-1.322573852539062500e+01
-1.584618282318115234e+01
-5.531291961669921875e+00
-1.409434795379638672e+01
-1.723361396789550781e+01
-6.954817771911621094e+00
-1.365435695648193359e+01
-1.641703033447265625e+01
-8.038290023803710938e+00
-1.721110343933105469e+01
-2.220278358459472656e+01
-9.462469100952148438e+00
-1.789098930358886719e+01
-2.090061569213867188e+01
-1.200923061370849609e+01
-1.954051017761230469e+01
-1.998376083374023438e+01
-2.961340546607971191e-01
-4.614091813564300537e-01
-1.906514614820480347e-01
-2.851909697055816650e-01
-4.406184554100036621e-01
-1.286581754684448242e-01
-2.638315558433532715e-01
-4.393564760684967041e-01
-1.083394214510917664e-01
-6.907445907592773438e+00
-1.547675704956054688e+01
-1.520710754394531250e+01
-1.057068061828613281e+01
-1.666838264465332031e+01
-1.697089576721191406e+01
-7.555172443389892578e+00
-1.227392196655273438e+01
-1.377171993255615234e+01
-3.049885630607604980e-01
-6.082831621170043945e-01
5.598386377096176147e-02
1.707246899604797363e-01
-5.290192961692810059e-01
-3.550905361771583557e-02
-2.958905398845672607e-01
-6.587986648082733154e-02
-5.738471746444702148e-01
-6.835507154464721680e-01
-8.587900400161743164e-01
-8.974782228469848633e-01
-3.269096016883850098e-01
-4.998466968536376953e-01
-1.281358450651168823e-01
2.220301330089569092e-02
-4.230816960334777832e-01
-1.394266784191131592e-01
-9.344427108764648438e+00
-2.386725807189941406e+01
-4.253718948364257812e+01
-9.525940895080566406e+00
-2.723247718811035156e+01
-3.911157226562500000e+01
-1.285326004028320312e+01
-3.282511138916015625e+01
-3.962231445312500000e+01
-3.652184724807739258e+00
-3.696939706802368164e+00
-1.811848998069763184e+00
-2.279358386993408203e+00
-2.478939294815063477e+00
-1.922773241996765137e+00
-3.157506465911865234e+00
-2.980074405670166016e+00
-4.025906085968017578e+00
-4.357749938964843750e+00
-1.120686435699462891e+01
-6.061077594757080078e+00
-5.302215576171875000e+00
-1.083825111389160156e+01
-5.670504093170166016e+00
-6.093532085418701172e+00
-1.091126441955566406e+01
-4.332782268524169922e+00
-6.254947781562805176e-01
-2.619880199432373047e+00
-4.104452610015869141e+00
-8.679893016815185547e-01
-2.906524658203125000e+00
-4.308681964874267578e+00
-1.142126441001892090e+00
-3.086591243743896484e+00
-4.229589939117431641e+00
-1.419808506965637207e+00
-4.081248760223388672e+00
-5.574326515197753906e+00
-1.468941330909729004e+00
-3.820366144180297852e+00
-6.111474037170410156e+00
-1.465214133262634277e+00
-4.335675716400146484e+00
-6.158634662628173828e+00
-5.769846916198730469e+00
-9.999745368957519531e+00
-1.131690216064453125e+01
-5.912468433380126953e+00
-1.018203353881835938e+01
-1.049779319763183594e+01
-5.035456180572509766e+00
-4.659582614898681641e+00
-5.820839881896972656e+00
3.765203356742858887e-01
-3.791507244110107422e+00
-8.391421318054199219e+00
-3.031020611524581909e-02
-5.468764781951904297e+00
-1.123876190185546875e+01
-3.466368317604064941e-01
-6.056375026702880859e+00
-1.229727268218994141e+01
-1.553022861480712891e+01
-2.243884086608886719e+01
-3.509354782104492188e+01
-1.239099597930908203e+01
-2.344207000732421875e+01
-3.761614227294921875e+01
-1.042860984802246094e+01
-1.987882995605468750e+01
-3.670606231689453125e+01
-6.624362468719482422e+00
-1.358296203613281250e+01
-1.324183559417724609e+01
-7.900264739990234375e+00
-1.458594989776611328e+01
-1.281413745880126953e+01
-9.467552185058593750e+00
-1.572945308685302734e+01
-1.214593505859375000e+01
1.318542022705078125e+02
1.426543731689453125e+02
1.445805664062500000e+02
1.264785537719726562e+02
1.357808990478515625e+02
1.371909332275390625e+02
1.067056045532226562e+02
1.182141876220703125e+02
1.233082885742187500e+02
3.255094604492187500e+02
2.963778686523437500e+02
2.682680969238281250e+02
2.876791076660156250e+02
2.688956298828125000e+02
2.496698150634765625e+02
2.740848999023437500e+02
2.770161743164062500e+02
2.690623779296875000e+02
6.122582397460937500e+02
5.707029418945312500e+02
5.458702392578125000e+02
6.142540283203125000e+02
5.921079711914062500e+02
5.735416870117187500e+02
5.731134033203125000e+02
5.868576049804687500e+02
5.723474731445312500e+02
8.321208953857421875e+00
7.136771202087402344e+00
6.662794589996337891e+00
9.110075950622558594e+00
7.291774749755859375e+00
5.827826023101806641e+00
9.248421669006347656e+00
7.187304973602294922e+00
5.061025619506835938e+00
5.427105712890625000e+02
4.369757690429687500e+02
4.112778320312500000e+02
4.464391479492187500e+02
3.519872741699218750e+02
3.562818603515625000e+02
3.241137390136718750e+02
2.785119323730468750e+02
2.839977111816406250e+02
1.516057729721069336e+00
6.238208770751953125e+00
4.840522289276123047e+00
-1.326008558273315430e+00
6.231748580932617188e+00
1.074838042259216309e+00
6.376461029052734375e+00
1.031570911407470703e+01
1.046184062957763672e+01
1.017506408691406250e+02
1.113779602050781250e+02
1.272865295410156250e+02
1.253898773193359375e+02
1.271139373779296875e+02
1.365025939941406250e+02
9.288369750976562500e+01
9.340178680419921875e+01
1.050411987304687500e+02
1.099328735351562500e+03
1.046473022460937500e+03
9.329473266601562500e+02
7.590115966796875000e+02
6.843076782226562500e+02
5.908958740234375000e+02
5.348160400390625000e+02
4.984356079101562500e+02
4.725780944824218750e+02
2.381112823486328125e+02
2.649065246582031250e+02
2.639276428222656250e+02
2.803346862792968750e+02
3.118875732421875000e+02
3.093062133789062500e+02
3.232238769531250000e+02
3.440653686523437500e+02
3.419248046875000000e+02
8.037319946289062500e+01
7.215698242187500000e+01
5.335044097900390625e+01
1.019991302490234375e+02
9.802365112304687500e+01
7.004673767089843750e+01
1.267902908325195312e+02
1.124783172607421875e+02
7.551383972167968750e+01
9.902361297607421875e+01
9.739763641357421875e+01
8.846179962158203125e+01
8.972367858886718750e+01
8.607935333251953125e+01
7.922799682617187500e+01
7.052973937988281250e+01
6.944225311279296875e+01
6.794023895263671875e+01
1.366201782226562500e+02
1.395221710205078125e+02
1.334789581298828125e+02
1.328523712158203125e+02
1.306239013671875000e+02
1.159935150146484375e+02
1.114108810424804688e+02
1.084427490234375000e+02
9.433068847656250000e+01
4.077705078125000000e+02
4.017126464843750000e+02
3.832818603515625000e+02
4.516660461425781250e+02
4.846494750976562500e+02
4.653715209960937500e+02
5.380511474609375000e+02
5.735136718750000000e+02
5.387329101562500000e+02
2.259632873535156250e+02
2.408490905761718750e+02
2.280541381835937500e+02
2.086389923095703125e+02
2.147040557861328125e+02
1.860658111572265625e+02
1.599866943359375000e+02
1.691744537353515625e+02
1.462277832031250000e+02
1.221571411132812500e+03
1.137607910156250000e+03
1.104025878906250000e+03
1.210553833007812500e+03
1.160227050781250000e+03
9.662030639648437500e+02
1.166198364257812500e+03
1.115532836914062500e+03
8.963670654296875000e+02
4.182574462890625000e+02
4.198613891601562500e+02
3.829730529785156250e+02
3.218305969238281250e+02
3.194832763671875000e+02
3.003862609863281250e+02
2.620706787109375000e+02
2.756095886230468750e+02
2.904850158691406250e+02
-2.675847768783569336e+00
-1.131307363510131836e+00
2.115154564380645752e-01
-2.621823787689208984e+00
-1.593843221664428711e+00
3.613300621509552002e-01
-2.658780336380004883e+00
-1.676103949546813965e+00
1.513271629810333252e-01
1.770321846008300781e+00
1.432333350181579590e+00
1.258054971694946289e-01
1.303425878286361694e-01
-1.455690860748291016e+00
-2.554944515228271484e+00
-1.590971946716308594e+00
5.534130334854125977e-01
-6.350914388895034790e-02
-8.003093719482421875e+00
-3.566030025482177734e+00
-1.993395328521728516e+00
-5.111704826354980469e+00
-1.652753472328186035e+00
-1.875438809394836426e+00
-6.742315769195556641e+00
-1.648371577262878418e+00
-2.525960445404052734e+00
-3.405831456184387207e-01
-2.526998817920684814e-01
-3.382330536842346191e-01
-4.464287459850311279e-01
-2.269442081451416016e-01
-4.167530536651611328e-01
-5.297528505325317383e-01
-2.736147940158843994e-01
-2.808442413806915283e-01
-6.416143417358398438e+00
-1.438189625740051270e+00
-9.638875722885131836e-01
-1.127606582641601562e+01
1.646604895591735840e+00
7.103832364082336426e-01
-8.210417747497558594e+00
1.136759948730468750e+01
7.178090572357177734e+00
-2.043712854385375977e+00
-2.238282918930053711e+00
-6.600551009178161621e-01
-3.246869087219238281e+00
-2.254035234451293945e+00
-7.144198417663574219e-01
-2.448396205902099609e+00
-9.190722107887268066e-01
5.182210206985473633e-01
-1.149352931976318359e+01
-1.130946159362792969e+01
-9.129902839660644531e+00
-1.006474590301513672e+01
-7.360294342041015625e+00
-8.085887908935546875e+00
-1.308932590484619141e+01
-5.672571182250976562e+00
-5.007407665252685547e+00
6.601193904876708984e+00
1.494033622741699219e+01
4.436399459838867188e+00
1.421113586425781250e+01
1.897970008850097656e+01
2.283335447311401367e+00
6.466138839721679688e+00
1.976264572143554688e+01
3.416626453399658203e+00
-3.470411300659179688e+01
-2.763021087646484375e+01
-2.160731315612792969e+01
-3.374271774291992188e+01
-3.198133850097656250e+01
-1.829279327392578125e+01
-2.887075042724609375e+01
-2.232455825805664062e+01
-9.142091751098632812e+00
-9.309039711952209473e-01
-3.963415324687957764e-01
-1.483722805976867676e+00
-1.832705020904541016e+00
-9.310713410377502441e-02
-3.231664001941680908e-01
-8.259665966033935547e-01
-2.361449599266052246e-02
-1.868687629699707031e+00
-1.156641364097595215e+00
-7.523854374885559082e-01
1.413776446133852005e-02
-1.199530482292175293e+00
-6.524908542633056641e-01
-3.369792401790618896e-01
-1.263036370277404785e+00
-3.065260648727416992e-01
-3.570113182067871094e-01
-1.765895485877990723e+00
1.562394142150878906e+00
2.002510786056518555e+00
-3.979098200798034668e-01
1.184696316719055176e+00
-1.442197859287261963e-01
-9.180370569229125977e-01
1.378021717071533203e+00
-4.608846008777618408e-01
-2.140106856822967529e-01
3.111988067626953125e+00
-3.865717172622680664e+00
-4.191231727600097656e+00
4.317223548889160156e+00
-2.841796636581420898e+00
-1.521835207939147949e+00
2.719563245773315430e+00
-7.449964046478271484e+00
2.573150396347045898e-01
3.401831150054931641e+00
1.834419846534729004e+00
2.878004908561706543e-01
1.470807671546936035e+00
2.059013366699218750e+00
3.662019729614257812e+00
1.244897365570068359e+00
3.393636941909790039e+00
-2.131802558898925781e+01
-8.037926673889160156e+00
-1.417575550079345703e+01
-2.344622230529785156e+01
-2.820438146591186523e+00
-4.505187034606933594e+00
-1.797385597229003906e+01
-3.134447097778320312e+00
-2.351808309555053711e+00
-4.521443247795104980e-01
7.144522666931152344e-01
-1.595155596733093262e+00
-2.839179039001464844e+00
-2.461627483367919922e+00
-1.754590868949890137e+00
-6.404452800750732422e+00
-2.622309684753417969e+00
-1.993212461471557617e+00
1.724632978439331055e+00
1.176799774169921875e+00
-4.621911793947219849e-02
3.152977943420410156e+00
2.506023168563842773e+00
9.620330333709716797e-01
3.062321662902832031e+00
2.286632061004638672e+00
7.094636559486389160e-01
1.365568161010742188e+00
2.067421972751617432e-01
-8.254572153091430664e-01
2.516412258148193359e+00
1.919804215431213379e+00
2.256857395172119141e+00
6.574208736419677734e+00
4.104582786560058594e+00
3.673406600952148438e+00
5.841572761535644531e+00
4.073259353637695312e+00
-1.926505714654922485e-01
7.065477848052978516e+00
4.396536827087402344e+00
1.102659702301025391e+00
1.169183444976806641e+01
7.951529979705810547e+00
5.362633228302001953e+00
-3.630178794264793396e-02
-5.797467008233070374e-02
-2.499221637845039368e-02
2.024057507514953613e-01
2.341073006391525269e-01
2.393085062503814697e-01
3.511514142155647278e-02
6.970576941967010498e-02
7.919988036155700684e-02
7.035412192344665527e-01
-3.677583932876586914e+00
-3.184922218322753906e+00
1.639284706115722656e+01
1.055358886718750000e+01
8.385227203369140625e+00
1.291011047363281250e+01
6.746744155883789062e+00
7.660500049591064453e+00
2.944364398717880249e-02
-6.177024170756340027e-02
1.318868901580572128e-02
1.738297641277313232e-01
-1.487898528575897217e-01
-1.150640919804573059e-01
3.125473260879516602e-01
-2.418614551424980164e-02
-3.669837117195129395e-01
4.125630855560302734e-01
1.199925780296325684e+00
-3.697348386049270630e-02
-9.657172858715057373e-02
5.887652039527893066e-01
-1.806906163692474365e-01
1.365867853164672852e-01
-2.475719153881072998e-01
-6.609895825386047363e-01
1.878548383712768555e+00
-3.752118110656738281e+00
-9.595799446105957031e+00
3.796547698974609375e+01
3.996537017822265625e+01
2.908742141723632812e+01
3.237937545776367188e+01
3.384268569946289062e+01
2.244525527954101562e+01
-2.225350856781005859e+00
-6.418634951114654541e-02
-1.382724642753601074e+00
1.416331231594085693e-01
-3.500073552131652832e-01
-2.898118495941162109e+00
-3.890050947666168213e-01
-1.625524401664733887e+00
-4.113447666168212891e+00
4.857184886932373047e-01
2.306869924068450928e-01
-5.419617295265197754e-01
-5.662447810173034668e-01
-3.032322824001312256e-01
-3.702017292380332947e-02
1.294926047325134277e+00
1.575445055961608887e+00
1.146755516529083252e-01
6.192338466644287109e-01
1.613752543926239014e-02
-2.273112684488296509e-01
1.280825257301330566e+00
7.340210080146789551e-01
4.777838289737701416e-01
2.043612241744995117e+00
1.310101151466369629e+00
9.921518564224243164e-01
3.262444496154785156e+00
1.451905131340026855e+00
-1.560197323560714722e-01
5.476215362548828125e+00
3.181051492691040039e+00
2.277410507202148438e+00
5.121968746185302734e+00
3.740570545196533203e+00
2.998557806015014648e+00
-1.036329418420791626e-01
1.745190143585205078e+00
6.432669758796691895e-01
5.537653923034667969e+00
6.021708011627197266e+00
4.473424434661865234e+00
9.472046852111816406e+00
1.094341564178466797e+01
7.046928882598876953e+00
5.235532760620117188e+00
3.746992826461791992e+00
-1.151305675506591797e+00
5.299667358398437500e+00
4.322406291961669922e+00
4.910210967063903809e-01
5.712647438049316406e+00
3.963847160339355469e+00
5.440113544464111328e-01
8.828041076660156250e+00
3.107167243957519531e+00
-4.439967632293701172e+00
2.181794929504394531e+01
1.286534309387207031e+01
7.321974277496337891e+00
2.540320777893066406e+01
1.672197914123535156e+01
9.660415649414062500e+00
4.846812248229980469e+00
1.803895711898803711e+00
-1.085309505462646484e+00
1.041796016693115234e+01
6.145804882049560547e+00
3.060377120971679688e+00
1.410027122497558594e+01
9.583600997924804688e+00
6.953327178955078125e+00
1.771040496826171875e+02
2.568997383117675781e+01
5.938320541381835938e+01
1.023687057495117188e+02
-4.829168319702148438e+01
1.589803409576416016e+01
1.799978179931640625e+02
-5.449861526489257812e+01
-4.000410461425781250e+01
3.074612121582031250e+02
-4.088573303222656250e+02
-2.996082763671875000e+02
5.754365844726562500e+02
1.439138488769531250e+02
5.011037292480468750e+02
5.340362548828125000e+01
-5.595911254882812500e+02
-2.343555755615234375e+02
1.238242309570312500e+03
8.201240844726562500e+02
1.937718353271484375e+02
2.987195739746093750e+02
-1.038338851928710938e+01
-2.379239501953125000e+02
-2.606418457031250000e+02
-3.821542968750000000e+02
-6.189767456054687500e+02
9.062877655029296875e+00
2.363639068603515625e+01
7.170360565185546875e+00
1.054913330078125000e+01
1.724388504028320312e+01
-2.298603534698486328e+00
6.100289821624755859e-01
1.099032020568847656e+01
-8.048818588256835938e+00
-4.921101074218750000e+02
-1.478032226562500000e+02
-9.751488037109375000e+02
-4.005567321777343750e+02
3.037880249023437500e+02
-9.582793579101562500e+02
-8.981432495117187500e+02
-4.386239013671875000e+02
-6.664165496826171875e+01
-4.194014072418212891e+00
-8.150576782226562500e+01
-2.763595008850097656e+01
1.273036422729492188e+02
1.100139427185058594e+01
9.387921142578125000e+01
-4.636612701416015625e+01
-1.648728332519531250e+02
3.175056838989257812e+01
4.219777221679687500e+02
3.511004028320312500e+02
-3.953970336914062500e+01
2.692356872558593750e+02
3.083733825683593750e+02
7.025286865234375000e+01
1.551006011962890625e+02
1.222358512878417969e+01
7.000280761718750000e+01
6.190748291015625000e+02
7.613682861328125000e+02
-1.505926879882812500e+03
-8.014523925781250000e+02
-3.782539062500000000e+02
-1.616452636718750000e+03
-3.187477416992187500e+02
-4.856614685058593750e+01
-9.148416748046875000e+02
-1.691614685058593750e+02
2.758270263671875000e+01
7.334275512695312500e+02
-2.918565979003906250e+02
-1.033750610351562500e+02
2.810581054687500000e+02
1.997581481933593750e+01
8.333224487304687500e+01
-1.048975982666015625e+02
-1.781060981750488281e+01
-2.878202819824218750e+02
9.453465270996093750e+01
-4.415274963378906250e+02
-3.873414916992187500e+02
-2.891780700683593750e+02
-1.067415695190429688e+02
-2.523589935302734375e+02
3.564356231689453125e+01
1.277434921264648438e+02
-6.259431076049804688e+01
-1.141170120239257812e+02
8.062878417968750000e+01
-1.267905426025390625e+02
-2.051762237548828125e+02
-3.461470031738281250e+01
-2.147764587402343750e+02
-2.518344268798828125e+02
-2.726532363891601562e+01
1.996093368530273438e+01
1.239305343627929688e+02
-3.001831054687500000e+01
-8.348704528808593750e+01
-6.805555725097656250e+01
4.419729232788085938e+01
-2.616655883789062500e+02
-1.493254394531250000e+02
1.758418457031250000e+03
2.064760986328125000e+03
2.353771972656250000e+03
1.035313232421875000e+03
1.524696655273437500e+03
1.477835083007812500e+03
1.491051177978515625e+02
4.140408630371093750e+02
3.485568847656250000e+02
-1.050606155395507812e+02
-1.756684265136718750e+02
2.964704284667968750e+02
1.316868743896484375e+02
-4.655664367675781250e+02
-7.069741821289062500e+01
3.517801513671875000e+02
-1.985658416748046875e+02
-8.616394805908203125e+01
1.435081054687500000e+03
2.121293701171875000e+03
-1.869338378906250000e+02
-5.577025756835937500e+02
8.003020629882812500e+02
-1.100869506835937500e+03
-4.270261383056640625e+01
1.315948852539062500e+03
-1.116402343750000000e+03
-1.016667480468750000e+02
1.331937866210937500e+02
-8.400531005859375000e+02
-2.036671447753906250e+02
-3.411415710449218750e+02
-8.278442382812500000e+02
3.659972839355468750e+02
-1.028964996337890625e+02
-5.200252685546875000e+02
-4.374842453002929688e+01
-4.943779373168945312e+01
-6.468654632568359375e+01
-5.202260971069335938e+01
-6.050767135620117188e+01
-7.535033416748046875e+01
-5.573610305786132812e+01
-6.339479827880859375e+01
-7.963106536865234375e+01
-1.738667907714843750e+02
-2.249270629882812500e+02
-2.160126037597656250e+02
-2.057179565429687500e+02
-2.518706054687500000e+02
-2.346412811279296875e+02
-2.035504150390625000e+02
-2.508936920166015625e+02
-2.360581665039062500e+02
-2.652278137207031250e+02
-3.178641662597656250e+02
-3.436092529296875000e+02
-2.797741088867187500e+02
-3.286135864257812500e+02
-3.429213867187500000e+02
-2.908726806640625000e+02
-3.452062683105468750e+02
-3.697912902832031250e+02
-1.931937575340270996e+00
-2.153554201126098633e+00
-1.063586354255676270e+00
-1.523153305053710938e+00
-1.748526811599731445e+00
-2.592092156410217285e-01
-4.003816246986389160e-01
-2.159798294305801392e-01
9.597899913787841797e-01
-1.877213439941406250e+02
-2.897941894531250000e+02
-2.935558471679687500e+02
-2.607543029785156250e+02
-3.374719848632812500e+02
-3.382142333984375000e+02
-1.720910797119140625e+02
-2.732727050781250000e+02
-2.834745788574218750e+02
-1.800849556922912598e+00
-3.935924530029296875e+00
-3.812657833099365234e+00
-1.231836795806884766e+00
-3.000132083892822266e+00
-6.790673255920410156e+00
6.168803215026855469e+00
-1.308391332626342773e+00
-2.328761100769042969e+00
2.462445831298828125e+01
3.219068908691406250e+01
2.344825363159179688e+01
2.830375671386718750e+01
3.978875350952148438e+01
3.028435134887695312e+01
3.566271591186523438e+01
4.634433746337890625e+01
2.233487129211425781e+01
-5.162140502929687500e+02
-6.214976806640625000e+02
-6.904024047851562500e+02
-6.772059936523437500e+02
-7.371140136718750000e+02
-7.728343505859375000e+02
-6.178569335937500000e+02
-6.794378051757812500e+02
-6.865588378906250000e+02
8.397388458251953125e+00
2.499864959716796875e+01
3.537239074707031250e+01
2.415867233276367188e+01
2.824055099487304688e+01
3.969735717773437500e+01
6.043493652343750000e+01
6.695053863525390625e+01
6.479972076416015625e+01
-4.188116836547851562e+01
-5.293450164794921875e+01
-4.700704574584960938e+01
-4.592440795898437500e+01
-6.222920608520507812e+01
-4.780507659912109375e+01
-5.961957931518554688e+01
-7.083388519287109375e+01
-6.558264160156250000e+01
-4.002136611938476562e+01
-5.006434631347656250e+01
-6.003500366210937500e+01
-5.042269515991210938e+01
-5.907762908935546875e+01
-6.700788879394531250e+01
-5.010099411010742188e+01
-5.815730667114257812e+01
-6.616957092285156250e+01
-3.443319702148437500e+01
-4.247583770751953125e+01
-7.057820129394531250e+01
-5.672751617431640625e+01
-7.354133605957031250e+01
-9.384574890136718750e+01
-6.500170135498046875e+01
-7.500468444824218750e+01
-9.263916015625000000e+01
-1.918704223632812500e+02
-2.368257446289062500e+02
-2.092606048583984375e+02
-1.797718200683593750e+02
-2.280908508300781250e+02
-1.985531463623046875e+02
-1.815560302734375000e+02
-2.469246215820312500e+02
-2.041240539550781250e+02
-8.615744781494140625e+01
-9.365148162841796875e+01
-1.434315795898437500e+02
-1.356900939941406250e+02
-1.542121887207031250e+02
-1.897029266357421875e+02
-1.555998840332031250e+02
-1.668464508056640625e+02
-1.982534027099609375e+02
-3.808148803710937500e+02
-4.463846435546875000e+02
-4.776553344726562500e+02
-5.211320190429687500e+02
-5.991429443359375000e+02
-6.311385498046875000e+02
-5.263610229492187500e+02
-6.250106811523437500e+02
-6.332461547851562500e+02
-1.561099548339843750e+02
-2.222363281250000000e+02
-2.262933197021484375e+02
-1.990436096191406250e+02
-2.607263183593750000e+02
-2.521485748291015625e+02
-1.821831665039062500e+02
-2.283107147216796875e+02
-2.142113037109375000e+02
8.599287986755371094e+00
1.018401432037353516e+01
1.039184856414794922e+01
9.416718482971191406e+00
9.647146224975585938e+00
9.213984489440917969e+00
9.184039115905761719e+00
8.327555656433105469e+00
7.851353645324707031e+00
8.009720802307128906e+00
1.147208881378173828e+01
1.138335227966308594e+01
6.814073085784912109e+00
9.806099891662597656e+00
1.327170181274414062e+01
8.991992950439453125e+00
1.256937885284423828e+01
1.751662063598632812e+01
3.864073562622070312e+01
3.607792663574218750e+01
3.261160659790039062e+01
3.193982505798339844e+01
3.235504913330078125e+01
3.479684066772460938e+01
2.998445129394531250e+01
3.208871841430664062e+01
3.690752792358398438e+01
1.191660046577453613e+00
1.335201025009155273e+00
1.452798962593078613e+00
1.112598419189453125e+00
1.327515363693237305e+00
1.492626190185546875e+00
1.029925942420959473e+00
1.072113156318664551e+00
1.204131722450256348e+00
4.398371505737304688e+01
4.307483291625976562e+01
4.551595687866210938e+01
4.543775177001953125e+01
3.762741088867187500e+01
4.034139633178710938e+01
4.823271179199218750e+01
4.209210205078125000e+01
5.177627563476562500e+01
1.165772676467895508e+00
1.430131435394287109e+00
1.020891070365905762e+00
9.963949918746948242e-01
1.417896509170532227e+00
2.143698453903198242e+00
1.956685662269592285e+00
3.582791090011596680e+00
3.943780183792114258e+00
1.563379573822021484e+01
1.924794769287109375e+01
1.895069313049316406e+01
1.513443660736083984e+01
1.805253410339355469e+01
1.962983131408691406e+01
1.652794837951660156e+01
1.714556694030761719e+01
1.955096244812011719e+01
2.859855461120605469e+01
3.250592041015625000e+01
3.876253509521484375e+01
2.810400772094726562e+01
3.133091735839843750e+01
4.508629989624023438e+01
3.668142700195312500e+01
3.357602310180664062e+01
4.334471130371093750e+01
5.807720565795898438e+01
7.075487518310546875e+01
7.359111022949218750e+01
5.361775207519531250e+01
6.691852569580078125e+01
6.927524566650390625e+01
6.363220214843750000e+01
7.506121826171875000e+01
7.605056762695312500e+01
7.419271945953369141e+00
7.146881580352783203e+00
6.236317634582519531e+00
7.066054344177246094e+00
1.005497932434082031e+01
9.267210960388183594e+00
9.105416297912597656e+00
9.826393127441406250e+00
8.946218490600585938e+00
6.710886955261230469e+00
6.168750286102294922e+00
4.776182651519775391e+00
6.169384956359863281e+00
5.870995521545410156e+00
4.927201271057128906e+00
6.367592334747314453e+00
6.291927814483642578e+00
5.934127330780029297e+00
1.336335563659667969e+01
1.061412906646728516e+01
7.446034431457519531e+00
1.755975914001464844e+01
1.335272312164306641e+01
7.171297073364257812e+00
1.665003776550292969e+01
1.170700740814208984e+01
5.616505622863769531e+00
1.666631889343261719e+01
1.901299667358398438e+01
3.068980979919433594e+01
1.884835243225097656e+01
2.391412353515625000e+01
3.753833007812500000e+01
1.884884452819824219e+01
2.426918411254882812e+01
3.980576705932617188e+01
1.112642478942871094e+01
8.907078742980957031e+00
6.997106552124023438e+00
1.250371456146240234e+01
7.685973644256591797e+00
5.252941608428955078e+00
1.302737045288085938e+01
7.855451583862304688e+00
4.267594337463378906e+00
1.003481063842773438e+02
1.227605438232421875e+02
1.118430404663085938e+02
8.740792083740234375e+01
1.149775314331054688e+02
1.072236022949218750e+02
8.265864562988281250e+01
1.081498641967773438e+02
1.044041671752929688e+02
1.050184726715087891e+01
1.416730690002441406e+01
1.471639347076416016e+01
1.091347312927246094e+01
1.388403320312500000e+01
1.413466548919677734e+01
1.458061122894287109e+01
1.648180770874023438e+01
1.474991035461425781e+01
3.848129653930664062e+01
4.770746994018554688e+01
4.576588058471679688e+01
3.434855651855468750e+01
4.288000106811523438e+01
3.925202941894531250e+01
3.243829727172851562e+01
3.847940444946289062e+01
3.422324752807617188e+01
7.983564758300781250e+01
7.148341369628906250e+01
6.354047012329101562e+01
7.446103668212890625e+01
6.349495697021484375e+01
5.335527038574218750e+01
6.665553283691406250e+01
5.945026779174804688e+01
5.938886260986328125e+01
1.592327728271484375e+02
1.808844299316406250e+02
1.526046447753906250e+02
1.650036773681640625e+02
1.923440856933593750e+02
1.643327484130859375e+02
1.670296020507812500e+02
1.849454803466796875e+02
1.727069702148437500e+02
5.769043445587158203e+00
5.739798545837402344e+00
5.188981056213378906e+00
5.508239269256591797e+00
5.460523605346679688e+00
4.977946758270263672e+00
5.295894145965576172e+00
5.318420410156250000e+00
4.662205219268798828e+00
1.815142364501953125e+02
1.630941467285156250e+02
1.430627746582031250e+02
1.330638275146484375e+02
1.147262039184570312e+02
1.197176437377929688e+02
1.372288970947265625e+02
1.245740051269531250e+02
1.228149948120117188e+02
1.024900531768798828e+01
1.384690475463867188e+01
1.083443546295166016e+01
8.608009338378906250e+00
8.504342079162597656e+00
7.710942745208740234e+00
6.596928596496582031e+00
8.967329025268554688e+00
8.950222015380859375e+00
9.099333190917968750e+01
9.736333465576171875e+01
8.697819519042968750e+01
9.048957824707031250e+01
1.000817718505859375e+02
8.770269775390625000e+01
8.277401733398437500e+01
8.375881195068359375e+01
6.586122894287109375e+01
1.138032073974609375e+02
1.372485961914062500e+02
1.620108184814453125e+02
8.767558288574218750e+01
9.251135253906250000e+01
1.122258224487304688e+02
8.737167358398437500e+01
8.892309570312500000e+01
1.001386260986328125e+02
3.156841430664062500e+02
3.227156372070312500e+02
3.293825073242187500e+02
2.784107055664062500e+02
2.907881469726562500e+02
3.094093322753906250e+02
2.857742919921875000e+02
3.003403015136718750e+02
3.071005554199218750e+02
3.100328063964843750e+01
3.007905578613281250e+01
2.276015663146972656e+01
3.228887939453125000e+01
3.473279953002929688e+01
3.592798233032226562e+01
2.625183105468750000e+01
3.242757415771484375e+01
3.272851943969726562e+01
2.733197212219238281e+01
2.948540687561035156e+01
2.490937614440917969e+01
2.719742774963378906e+01
2.878813362121582031e+01
2.348426437377929688e+01
2.666854667663574219e+01
2.736139297485351562e+01
2.286676979064941406e+01
2.078340530395507812e+01
2.427325630187988281e+01
2.139464569091796875e+01
2.318867683410644531e+01
3.001327705383300781e+01
2.366853141784667969e+01
1.434706687927246094e+01
2.200967407226562500e+01
1.875405502319335938e+01
1.722347412109375000e+02
1.416522369384765625e+02
1.408174438476562500e+02
1.942312774658203125e+02
1.744486389160156250e+02
1.780782470703125000e+02
1.852215728759765625e+02
1.860679626464843750e+02
2.043481597900390625e+02
1.925605964660644531e+01
3.551084518432617188e+01
2.311341094970703125e+01
1.351556205749511719e+01
3.112769317626953125e+01
1.397284317016601562e+01
2.225183296203613281e+01
3.647309112548828125e+01
1.790905380249023438e+01
4.891370239257812500e+02
4.853613281250000000e+02
4.662076416015625000e+02
4.286752014160156250e+02
4.307788085937500000e+02
4.211863403320312500e+02
4.171520996093750000e+02
4.280774230957031250e+02
4.372766418457031250e+02
7.958654785156250000e+01
9.742652130126953125e+01
1.032418136596679688e+02
5.890480804443359375e+01
7.824565887451171875e+01
8.783254241943359375e+01
5.187044143676757812e+01
6.572666931152343750e+01
6.931342315673828125e+01
3.627556610107421875e+01
5.314435195922851562e+01
5.450905227661132812e+01
6.319810867309570312e+01
7.886550903320312500e+01
8.285523223876953125e+01
5.409830474853515625e+01
6.842666625976562500e+01
6.436565399169921875e+01
-7.987293243408203125e+01
-4.950341033935546875e+01
-1.499472236633300781e+01
1.758645296096801758e+00
3.748067474365234375e+01
4.304934310913085938e+01
1.781478309631347656e+01
8.690720367431640625e+01
1.018759307861328125e+02
-5.490637588500976562e+01
4.636777114868164062e+01
-3.182049179077148438e+01
2.842621231079101562e+01
1.687651367187500000e+02
7.911248016357421875e+01
1.627248992919921875e+02
3.308046569824218750e+02
2.491991424560546875e+02
1.291053199768066406e+01
1.569900512695312500e+01
1.445049285888671875e+01
1.489073562622070312e+01
1.791168403625488281e+01
1.581704998016357422e+01
1.306959056854248047e+01
1.544920539855957031e+01
1.324184894561767578e+01
3.244046936035156250e+02
2.992160339355468750e+02
1.559022369384765625e+02
2.144695739746093750e+02
3.160376892089843750e+02
2.198758850097656250e+02
-9.968249511718750000e+01
8.114469909667968750e+01
2.108299255371093750e+01
9.055002212524414062e+00
8.181962013244628906e+00
1.460401821136474609e+01
-4.035314083099365234e+00
8.864233970642089844e+00
2.841592025756835938e+01
-2.261701583862304688e+00
1.385763740539550781e+01
2.514128684997558594e+01
1.978494110107421875e+02
2.193337554931640625e+02
2.129015808105468750e+02
2.444072570800781250e+02
2.734210815429687500e+02
2.629208068847656250e+02
1.960336761474609375e+02
2.022739715576171875e+02
1.890610504150390625e+02
5.281894531250000000e+02
6.195768432617187500e+02
2.212368164062500000e+02
5.817514038085937500e+02
6.208587646484375000e+02
2.442139892578125000e+02
2.022367477416992188e+01
9.442584228515625000e+01
-6.147606658935546875e+01
3.695898437500000000e+02
4.937447509765625000e+02
5.533444824218750000e+02
5.332930908203125000e+02
6.514306640625000000e+02
7.111469726562500000e+02
5.587438964843750000e+02
5.928876953125000000e+02
6.219081420898437500e+02
-1.208019638061523438e+01
-7.616171360015869141e+00
1.189383697509765625e+01
3.343843841552734375e+01
2.699538993835449219e+01
4.939354705810546875e+01
7.060942077636718750e+01
5.497311782836914062e+01
1.002254104614257812e+02
2.496788406372070312e+01
1.348410320281982422e+01
4.089102268218994141e+00
2.965535545349121094e+01
1.714381599426269531e+01
6.907592773437500000e+00
1.110000705718994141e+01
4.938401699066162109e+00
-2.099289894104003906e+00
4.794795989990234375e+01
5.323469161987304688e+01
4.297395706176757812e+01
8.784402465820312500e+01
1.111708831787109375e+02
5.138281250000000000e+01
5.696281814575195312e+01
7.125574493408203125e+01
6.047863960266113281e+00
2.260885047912597656e+01
2.090639495849609375e+02
2.659721679687500000e+02
3.187030639648437500e+02
5.283679199218750000e+02
5.338601684570312500e+02
5.269426269531250000e+02
7.179346313476562500e+02
7.514565429687500000e+02
1.186224975585937500e+02
9.784529113769531250e+01
6.346395874023437500e+01
1.551785125732421875e+02
6.828984069824218750e+01
2.982435798645019531e+01
1.053222885131835938e+02
2.086445236206054688e+01
-2.327938079833984375e+01
5.879844970703125000e+02
7.169041137695312500e+02
4.576824951171875000e+02
8.930471801757812500e+02
1.097876953125000000e+03
8.615784301757812500e+02
7.529252929687500000e+02
9.421958618164062500e+02
9.182769775390625000e+02
-1.539966297149658203e+01
6.479309844970703125e+01
3.258447647094726562e+01
4.642342376708984375e+01
1.538579254150390625e+02
1.276108474731445312e+02
-2.898504829406738281e+01
9.626836395263671875e+01
7.786935424804687500e+01
1.245191308593750000e+04
1.244809765625000000e+04
1.274294531250000000e+04
1.139604687500000000e+04
1.145230761718750000e+04
1.144671875000000000e+04
1.026823339843750000e+04
1.089753417968750000e+04
1.159448437500000000e+04
2.226011328125000000e+04
2.556468554687500000e+04
2.690641992187500000e+04
2.257348242187500000e+04
2.675230273437500000e+04
2.716397265625000000e+04
2.441774414062500000e+04
2.769808593750000000e+04
2.796134765625000000e+04
4.916955078125000000e+04
5.111827734375000000e+04
5.385716015625000000e+04
5.018453125000000000e+04
5.149421484375000000e+04
5.468482812500000000e+04
5.232759375000000000e+04
5.310998437500000000e+04
5.546166015625000000e+04
1.432932861328125000e+03
1.323012573242187500e+03
1.237444824218750000e+03
1.349452636718750000e+03
1.204019042968750000e+03
1.116780517578125000e+03
1.199903198242187500e+03
1.109776977539062500e+03
1.070288330078125000e+03
4.779672656250000000e+04
5.030277343750000000e+04
5.381544140625000000e+04
4.975578515625000000e+04
4.698435937500000000e+04
5.026478125000000000e+04
4.755562109375000000e+04
4.737028515625000000e+04
5.078190625000000000e+04
2.607147460937500000e+03
2.830149902343750000e+03
2.539555908203125000e+03
2.827771484375000000e+03
2.558328125000000000e+03
2.365425292968750000e+03
2.673383544921875000e+03
3.168786865234375000e+03
2.718197021484375000e+03
2.278214843750000000e+04
2.141386718750000000e+04
2.080449609375000000e+04
2.127550195312500000e+04
2.048360937500000000e+04
1.957547460937500000e+04
1.872108984375000000e+04
1.922632617187500000e+04
1.943488671875000000e+04
4.942677734375000000e+04
5.286468359375000000e+04
6.642670312500000000e+04
4.131094531250000000e+04
5.024939453125000000e+04
6.577789062500000000e+04
5.138619140625000000e+04
6.015484765625000000e+04
6.756058593750000000e+04
8.079587500000000000e+04
8.143321093750000000e+04
7.708967187500000000e+04
8.085100781250000000e+04
7.895859375000000000e+04
7.430818750000000000e+04
7.661768750000000000e+04
7.490617187500000000e+04
7.093998437500000000e+04
1.149601757812500000e+04
1.093131738281250000e+04
1.062690039062500000e+04
1.220299316406250000e+04
1.078638574218750000e+04
8.974772460937500000e+03
1.218219921875000000e+04
1.059414843750000000e+04
8.816669921875000000e+03
8.330450195312500000e+03
8.876972656250000000e+03
9.223553710937500000e+03
8.271674804687500000e+03
8.988491210937500000e+03
9.473755859375000000e+03
8.760910156250000000e+03
9.547857421875000000e+03
9.752638671875000000e+03
8.632625000000000000e+03
9.484653320312500000e+03
8.551352539062500000e+03
7.431770019531250000e+03
7.654054199218750000e+03
7.433031250000000000e+03
7.807527343750000000e+03
7.485630859375000000e+03
7.804395996093750000e+03
4.757459765625000000e+04
4.936099609375000000e+04
4.986913671875000000e+04
4.700724218750000000e+04
4.634603515625000000e+04
4.765951171875000000e+04
4.474027734375000000e+04
4.235524609375000000e+04
4.199941406250000000e+04
1.019489550781250000e+04
1.055760156250000000e+04
1.087166601562500000e+04
6.715250000000000000e+03
7.740725097656250000e+03
1.003029980468750000e+04
8.859288085937500000e+03
9.703417968750000000e+03
1.264387207031250000e+04
1.345682187500000000e+05
1.413858906250000000e+05
1.462411718750000000e+05
1.241868828125000000e+05
1.288416328125000000e+05
1.338199375000000000e+05
1.203776875000000000e+05
1.249011406250000000e+05
1.280782734375000000e+05
2.666282617187500000e+04
2.840156835937500000e+04
2.808770117187500000e+04
2.543988867187500000e+04
2.742031250000000000e+04
2.793010546875000000e+04
2.577866992187500000e+04
2.778453320312500000e+04
2.835020312500000000e+04
