5.554819869995117188e+01
8.123289489746093750e+01
1.009984054565429688e+02
6.093027877807617188e+01
8.995482635498046875e+01
1.090337142944335938e+02
6.035051727294921875e+01
8.288792419433593750e+01
9.883393096923828125e+01
6.389300537109375000e+01
7.845181274414062500e+01
1.225567245483398438e+02
1.573889923095703125e+02
1.412327423095703125e+02
1.514344482421875000e+02
1.622588348388671875e+02
1.102381744384765625e+02
1.186988220214843750e+02
5.577587509155273438e+01
1.280583953857421875e+02
1.303151092529296875e+02
9.343295288085937500e+01
1.460411224365234375e+02
1.181838150024414062e+02
1.283160095214843750e+02
1.094936141967773438e+02
7.792401123046875000e+01
5.284020423889160156e+00
8.993005752563476562e+00
1.350269031524658203e+01
8.050872802734375000e+00
1.277254581451416016e+01
1.759585952758789062e+01
1.052917098999023438e+01
1.572498321533203125e+01
1.854777145385742188e+01
1.414182128906250000e+02
2.365193481445312500e+02
2.509871215820312500e+02
8.932552337646484375e+01
2.254522552490234375e+02
2.578435058593750000e+02
9.473252868652343750e+01
1.535486450195312500e+02
2.988668823242187500e+02
3.901136398315429688e+01
4.982720947265625000e+01
3.621055984497070312e+01
5.160456085205078125e+01
3.597883987426757812e+01
1.767128753662109375e+01
2.331097126007080078e-01
-2.991035079956054688e+01
-2.953420448303222656e+01
-2.652844810485839844e+01
7.351212978363037109e+00
-3.875075531005859375e+01
-3.253132629394531250e+01
-7.638579607009887695e-02
-4.433358764648437500e+01
-1.949187469482421875e+01
1.731103706359863281e+01
-2.789809036254882812e+01
1.654869140625000000e+03
2.349865966796875000e+03
2.832543701171875000e+03
2.086727294921875000e+03
2.780774658203125000e+03
3.252411621093750000e+03
2.544708984375000000e+03
3.123158935546875000e+03
3.344506591796875000e+03
3.148518676757812500e+02
2.437452697753906250e+02
2.000484313964843750e+02
1.422970123291015625e+02
3.732971191406250000e+01
1.777181053161621094e+01
-2.846452903747558594e+01
-1.188849105834960938e+02
-1.124796829223632812e+02
5.290350341796875000e+01
4.025944519042968750e+01
2.402870941162109375e+01
1.827847290039062500e+01
1.672200775146484375e+01
3.113965225219726562e+01
-2.814836883544921875e+01
-2.206762504577636719e+01
3.464622974395751953e+00
2.164436721801757812e+01
3.871765136718750000e+01
4.401665115356445312e+01
3.285955810546875000e+01
5.294095993041992188e+01
5.580133056640625000e+01
3.483530426025390625e+01
5.312119674682617188e+01
5.269954299926757812e+01
2.942841911315917969e+01
6.306318283081054688e+01
1.234764633178710938e+02
4.676225280761718750e+01
1.165344314575195312e+02
1.677339019775390625e+02
4.607601928710937500e+01
1.415910797119140625e+02
1.816892395019531250e+02
2.240397491455078125e+02
2.189680633544921875e+02
1.663699188232421875e+02
2.930552978515625000e+02
3.278569030761718750e+02
2.633492431640625000e+02
1.352501525878906250e+02
2.186271057128906250e+02
2.385638732910156250e+02
3.786287536621093750e+02
5.135255126953125000e+02
5.813432617187500000e+02
5.008497619628906250e+02
7.023864746093750000e+02
6.892348022460937500e+02
6.271774291992187500e+02
8.622596435546875000e+02
8.013117675781250000e+02
5.111736755371093750e+02
2.549754028320312500e+02
1.273625335693359375e+02
1.934003295898437500e+02
1.327774429321289062e+01
-1.952170181274414062e+01
-3.123929443359375000e+02
-3.496278076171875000e+02
-2.865098266601562500e+02
2.354469451904296875e+02
2.761276550292968750e+02
3.264872741699218750e+02
2.988078918457031250e+02
2.840738830566406250e+02
3.458930053710937500e+02
3.087104492187500000e+02
2.285071105957031250e+02
2.708943481445312500e+02
1.184520416259765625e+02
1.386867218017578125e+02
1.320980224609375000e+02
1.413645477294921875e+02
1.636621704101562500e+02
1.512491149902343750e+02
1.565619659423828125e+02
1.674375457763671875e+02
1.521156311035156250e+02
2.601593322753906250e+02
3.304331970214843750e+02
3.287015075683593750e+02
2.922767333984375000e+02
3.362394409179687500e+02
3.439024658203125000e+02
3.317810974121093750e+02
3.188862915039062500e+02
3.243048706054687500e+02
1.123909988403320312e+02
2.090287475585937500e+02
1.119906997680664062e+02
1.046789703369140625e+02
2.482611236572265625e+02
1.334712371826171875e+02
9.173213195800781250e+01
2.135578765869140625e+02
1.488188171386718750e+02
1.285066223144531250e+01
1.268036746978759766e+01
1.109447097778320312e+01
1.496472358703613281e+01
1.377252864837646484e+01
1.255910301208496094e+01
1.514482975006103516e+01
1.320829200744628906e+01
1.319029617309570312e+01
6.588055419921875000e+02
7.317675781250000000e+02
6.364918212890625000e+02
8.928342285156250000e+02
9.277645263671875000e+02
7.551127319335937500e+02
8.800885620117187500e+02
9.228450317382812500e+02
8.269344482421875000e+02
3.136127853393554688e+01
4.091117095947265625e+01
1.273742008209228516e+01
4.648870086669921875e+01
3.220341110229492188e+01
2.929052925109863281e+01
1.571012687683105469e+01
2.440046882629394531e+01
4.389226531982421875e+01
8.645274353027343750e+01
6.416307830810546875e+01
2.426448249816894531e+01
1.205642623901367188e+02
9.650279235839843750e+01
1.517329692840576172e+01
1.284095306396484375e+02
1.147229766845703125e+02
2.511522674560546875e+01
2.750868164062500000e+03
3.089328125000000000e+03
2.822166015625000000e+03
3.243244628906250000e+03
3.529564941406250000e+03
3.219591308593750000e+03
3.076893554687500000e+03
3.196006835937500000e+03
3.057451660156250000e+03
2.720653686523437500e+02
1.909587097167968750e+02
1.980781555175781250e+02
2.997541198730468750e+02
2.477390594482421875e+02
2.907152099609375000e+02
3.246661682128906250e+02
3.065858154296875000e+02
4.106345214843750000e+02
2.311010551452636719e+01
8.284617424011230469e+00
2.411091232299804688e+01
5.740929412841796875e+01
4.131713485717773438e+01
3.359072113037109375e+01
6.897865295410156250e+01
9.030554962158203125e+01
7.211666107177734375e+01
4.392774963378906250e+01
4.296282577514648438e+01
3.482374954223632812e+01
5.321841812133789062e+01
4.946934127807617188e+01
3.532051086425781250e+01
5.685969924926757812e+01
5.482544708251953125e+01
3.679851150512695312e+01
1.339415740966796875e+02
1.357666015625000000e+02
1.533684234619140625e+02
1.709200897216796875e+02
1.747221374511718750e+02
1.605402832031250000e+02
1.921201171875000000e+02
1.817536773681640625e+02
1.409856719970703125e+02
6.062686767578125000e+02
5.788164062500000000e+02
3.648416748046875000e+02
6.900949707031250000e+02
6.680402221679687500e+02
3.482812805175781250e+02
7.912035522460937500e+02
7.704389038085937500e+02
4.034157409667968750e+02
5.555127563476562500e+02
4.816969299316406250e+02
4.723977355957031250e+02
6.268233032226562500e+02
4.885981445312500000e+02
4.061302490234375000e+02
6.931614990234375000e+02
4.998007812500000000e+02
3.657353210449218750e+02
4.878009033203125000e+02
1.794907836914062500e+02
2.927362060546875000e+02
5.631165771484375000e+02
2.609853210449218750e+02
3.442079162597656250e+02
6.288571166992187500e+02
4.154938964843750000e+02
3.843566284179687500e+02
3.868489379882812500e+02
5.066466979980468750e+02
5.681577148437500000e+02
4.566245117187500000e+02
5.801352539062500000e+02
6.670928344726562500e+02
4.476020507812500000e+02
5.505697631835937500e+02
6.905358886718750000e+02
7.551404571533203125e+01
7.669421386718750000e+01
8.146891784667968750e+01
5.671863555908203125e+01
5.496700668334960938e+01
6.484116363525390625e+01
5.555656051635742188e+01
5.284330749511718750e+01
6.547736358642578125e+01
1.017972869873046875e+02
8.635198211669921875e+01
1.412384796142578125e+02
1.025265655517578125e+02
1.033906936645507812e+02
1.933340148925781250e+02
8.667391967773437500e+01
8.905462646484375000e+01
1.677854919433593750e+02
1.169648933410644531e+01
4.433119583129882812e+01
9.707695007324218750e+01
7.319307327270507812e+00
3.688210678100585938e+01
1.255918426513671875e+02
8.883034706115722656e+00
3.346858215332031250e+01
1.242164077758789062e+02
2.335655212402343750e+00
6.287919878959655762e-01
4.880516231060028076e-01
9.686139822006225586e-01
-1.156438827514648438e+00
-8.121871948242187500e-02
4.584018886089324951e-01
-1.155206680297851562e+00
-8.960416913032531738e-02
8.099857788085937500e+02
6.837409667968750000e+02
6.548135986328125000e+02
5.922022705078125000e+02
4.792942504882812500e+02
5.710107421875000000e+02
5.986187133789062500e+02
5.335908813476562500e+02
6.205319213867187500e+02
-9.885636568069458008e-01
2.982726669311523438e+01
5.599016189575195312e+01
3.176562881469726562e+01
3.859089279174804688e+01
3.312879562377929688e+01
1.441281604766845703e+01
1.614150810241699219e+01
1.088119316101074219e+01
7.708340454101562500e+01
8.100486755371093750e+01
6.050825119018554688e+01
7.910826110839843750e+01
1.043185348510742188e+02
7.163465118408203125e+01
5.599765014648437500e+01
8.147476196289062500e+01
6.979059600830078125e+01
7.131286010742187500e+02
7.103899536132812500e+02
9.161081542968750000e+02
3.524216918945312500e+02
3.850283508300781250e+02
7.807747802734375000e+02
5.405961914062500000e+02
6.137880859375000000e+02
9.301042480468750000e+02
5.156447143554687500e+02
5.600460815429687500e+02
6.007363281250000000e+02
4.905718383789062500e+02
5.093607788085937500e+02
4.954901123046875000e+02
5.608226928710937500e+02
5.438536987304687500e+02
4.871844787597656250e+02
5.728649139404296875e+01
8.408160400390625000e+01
7.044962310791015625e+01
5.648065948486328125e+01
5.964048004150390625e+01
5.689509201049804688e+01
4.351402664184570312e+01
5.120293045043945312e+01
5.687276458740234375e+01
2.626794815063476562e+01
2.513258743286132812e+01
2.468510627746582031e+01
1.972590637207031250e+01
2.382803916931152344e+01
2.553247833251953125e+01
1.712219810485839844e+01
2.373793029785156250e+01
2.489862632751464844e+01
8.888166809082031250e+01
5.926617431640625000e+01
3.551597595214843750e+01
7.134371185302734375e+01
5.451258087158203125e+01
2.821284294128417969e+01
5.031879043579101562e+01
3.743325424194335938e+01
1.896090698242187500e+01
3.276743774414062500e+02
3.304572753906250000e+02
3.122876586914062500e+02
2.828427734375000000e+02
3.326638183593750000e+02
3.805158996582031250e+02
1.757189025878906250e+02
2.616392517089843750e+02
2.976562194824218750e+02
1.616000061035156250e+02
9.856982421875000000e+01
5.367630767822265625e+01
1.281227111816406250e+02
1.017150268554687500e+02
6.291743087768554688e+01
1.277223205566406250e+02
1.066764221191406250e+02
9.890212249755859375e+01
1.156077514648437500e+03
1.169206420898437500e+03
8.512883300781250000e+02
1.016660156250000000e+03
1.047796020507812500e+03
7.508662719726562500e+02
1.023927734375000000e+03
1.071534423828125000e+03
8.068365478515625000e+02
1.823076324462890625e+02
1.723361816406250000e+02
2.885038452148437500e+02
1.321770935058593750e+02
1.332443847656250000e+02
2.877456359863281250e+02
1.217194900512695312e+02
1.066726608276367188e+02
2.621636962890625000e+02
-4.457789230346679688e+01
-4.434684371948242188e+01
-3.987464141845703125e+01
-4.880544662475585938e+01
-4.869408798217773438e+01
-4.282704925537109375e+01
-4.556951522827148438e+01
-4.625021362304687500e+01
-4.020626831054687500e+01
-8.617882537841796875e+01
-8.365396118164062500e+01
-8.549024963378906250e+01
-7.276140594482421875e+01
-7.347151947021484375e+01
-7.615861511230468750e+01
-7.258914947509765625e+01
-7.046627807617187500e+01
-7.047146606445312500e+01
-1.485800457000732422e+01
7.469585895538330078e+00
4.492745399475097656e+00
-1.088292789459228516e+01
1.308594465255737305e+00
-5.915594577789306641e+00
-6.206495285034179688e+00
-3.952377319335937500e+00
-3.181076288223266602e+00
-5.451967239379882812e+00
-4.952371120452880859e+00
-4.315718650817871094e+00
-5.819833755493164062e+00
-5.231983661651611328e+00
-4.226475238800048828e+00
-5.401136875152587891e+00
-4.369103908538818359e+00
-3.818566322326660156e+00
-8.739212036132812500e+01
-2.300012969970703125e+01
-5.460604095458984375e+01
-1.796358795166015625e+02
-8.641768646240234375e+01
-1.189324798583984375e+02
-1.190102081298828125e+02
-3.269113922119140625e+01
-8.180191040039062500e+01
-4.409843921661376953e+00
-5.212606430053710938e+00
-8.024299621582031250e+00
1.704817295074462891e+00
2.452358961105346680e+00
-1.369492769241333008e+00
-1.292881011962890625e+00
-1.791521310806274414e+00
-5.602910518646240234e+00
-7.599321365356445312e+00
2.876854240894317627e-01
-3.962351083755493164e-01
-6.705159187316894531e+00
-7.921242713928222656e-01
-5.440462231636047363e-01
-1.250868678092956543e+00
4.623996257781982422e+00
5.992663860321044922e+00
-1.194007812500000000e+03
-1.077741699218750000e+03
-8.973643798828125000e+02
-1.218406250000000000e+03
-1.071184814453125000e+03
-9.246860961914062500e+02
-1.151675415039062500e+03
-1.001553771972656250e+03
-8.849968872070312500e+02
1.002172183990478516e+01
2.932805442810058594e+01
1.780707740783691406e+01
-4.444066882133483887e-01
2.419167518615722656e+01
1.393290042877197266e+01
-5.564895629882812500e+00
1.990930557250976562e+01
9.893915176391601562e+00
1.666086435317993164e+00
-6.546183824539184570e-01
-1.503782510757446289e+00
-4.346160888671875000e+00
-4.685878753662109375e+00
-3.743835926055908203e+00
1.023396253585815430e+00
-7.207724452018737793e-02
3.188771724700927734e+00
-1.592998313903808594e+01
-1.441970443725585938e+01
-1.258614635467529297e+01
-1.493408107757568359e+01
-1.311617660522460938e+01
-1.194990730285644531e+01
-1.167807197570800781e+01
-1.075085067749023438e+01
-1.043378067016601562e+01
-5.205986022949218750e+01
-6.870999145507812500e+01
-5.706911468505859375e+01
-5.127933883666992188e+01
-6.674755859375000000e+01
-5.125785446166992188e+01
-4.526041793823242188e+01
-5.373742675781250000e+01
-3.738089370727539062e+01
-1.776268005371093750e+02
-1.891033020019531250e+02
-2.085929412841796875e+02
-1.726520843505859375e+02
-1.726795654296875000e+02
-1.894410705566406250e+02
-1.574553680419921875e+02
-1.534533996582031250e+02
-1.511567993164062500e+02
-2.934641113281250000e+02
-2.832141723632812500e+02
-2.352435913085937500e+02
-2.875851745605468750e+02
-2.776371459960937500e+02
-2.443977966308593750e+02
-2.788898925781250000e+02
-2.653221435546875000e+02
-2.334300842285156250e+02
3.556376934051513672e+00
-2.235484886169433594e+01
-1.783288764953613281e+01
-2.053791284561157227e+00
-1.553274631500244141e+01
6.946642398834228516e+00
6.878329277038574219e+00
-7.350183010101318359e+00
7.948943138122558594e+00
-1.395016479492187500e+02
-8.068764495849609375e+01
-7.777242279052734375e+01
-1.367511749267578125e+02
-6.838585662841796875e+01
-7.309050750732421875e+01
-1.356077423095703125e+02
-6.768639373779296875e+01
-7.626094818115234375e+01
2.654690742492675781e+01
2.653062248229980469e+01
2.802706336975097656e+01
2.628014755249023438e+01
2.554618072509765625e+01
2.796104431152343750e+01
2.575530624389648438e+01
2.500720596313476562e+01
2.849919319152832031e+01
1.117036514282226562e+02
1.184495620727539062e+02
1.289521179199218750e+02
1.087520980834960938e+02
1.075236968994140625e+02
1.218783798217773438e+02
1.189959030151367188e+02
1.196738739013671875e+02
1.298151092529296875e+02
1.992149204015731812e-01
8.159617424011230469e+00
7.110082149505615234e+00
5.531179904937744141e-01
8.882331848144531250e+00
8.825914382934570312e+00
-1.064192175865173340e+00
2.065757989883422852e+00
8.783642768859863281e+00
9.505963921546936035e-01
1.014218330383300781e+00
6.334341764450073242e-01
7.440078258514404297e-01
9.168708920478820801e-01
5.817507505416870117e-01
9.323027133941650391e-01
1.254089951515197754e+00
1.045294761657714844e+00
1.429557991027832031e+01
5.950447845458984375e+01
4.236605072021484375e+01
2.541496276855468750e+01
8.122090911865234375e+01
7.294505310058593750e+01
-2.773884534835815430e+00
5.753866958618164062e+01
5.911754226684570312e+01
2.187140464782714844e+00
3.075281858444213867e+00
1.595037341117858887e+00
-3.979368448257446289e+00
-2.175404071807861328e+00
1.617413043975830078e+00
8.388440132141113281e+00
9.702766418457031250e+00
8.026364326477050781e+00
8.963485717773437500e+01
1.044891204833984375e+02
1.055214080810546875e+02
9.402914428710937500e+01
1.049172210693359375e+02
1.013577346801757812e+02
7.016677093505859375e+01
8.257901000976562500e+01
8.857559967041015625e+01
2.259175720214843750e+02
2.351618041992187500e+02
2.269307403564453125e+02
1.805218811035156250e+02
2.049397430419921875e+02
2.115989837646484375e+02
1.997257080078125000e+02
2.261406250000000000e+02
2.387965698242187500e+02
-9.707597732543945312e+00
6.991845130920410156e+00
1.863372611999511719e+01
-1.099551391601562500e+01
1.134946918487548828e+01
2.361938667297363281e+01
-5.361862659454345703e+00
1.276132965087890625e+01
2.203998756408691406e+01
-1.374289393424987793e-01
1.813797116279602051e+00
3.122986316680908203e+00
-1.419134140014648438e+00
1.851732373237609863e+00
3.270443201065063477e+00
-1.867717027664184570e+00
1.498496413230895996e+00
2.998195171356201172e+00
3.965623378753662109e+00
4.165832519531250000e+00
3.584547042846679688e+00
3.192977190017700195e+00
3.895971298217773438e+00
3.016793251037597656e+00
2.247563123703002930e+00
3.235520124435424805e+00
2.973960638046264648e+00
9.018279075622558594e+00
6.599050521850585938e+00
4.232143878936767578e+00
5.746732711791992188e+00
5.193273067474365234e+00
7.747126221656799316e-01
5.047742366790771484e+00
9.215767860412597656e+00
1.598221063613891602e+00
3.142206115722656250e+02
3.336966857910156250e+02
3.297960510253906250e+02
3.041879577636718750e+02
3.266483764648437500e+02
3.293324279785156250e+02
2.812305297851562500e+02
3.124377136230468750e+02
3.135453186035156250e+02
1.077133941650390625e+02
1.182325134277343750e+02
1.019046783447265625e+02
1.080546646118164062e+02
1.254845199584960938e+02
1.092779769897460938e+02
1.135759506225585938e+02
1.383011322021484375e+02
1.206174240112304688e+02
6.228899383544921875e+01
6.604855346679687500e+01
6.598774719238281250e+01
4.494236373901367188e+01
6.314736938476562500e+01
6.868437194824218750e+01
4.036143493652343750e+01
6.004026031494140625e+01
4.725540542602539062e+01
7.247966003417968750e+01
8.913339233398437500e+01
9.289183044433593750e+01
5.957990646362304688e+01
7.092578125000000000e+01
7.789680480957031250e+01
5.879089736938476562e+01
6.522684478759765625e+01
7.751572418212890625e+01
-5.799195766448974609e+00
-9.168976783752441406e+00
-7.244613647460937500e+00
-6.705948829650878906e+00
-1.225068187713623047e+01
-1.026941776275634766e+01
-1.101597595214843750e+01
-1.722236442565917969e+01
-1.813992118835449219e+01
-3.556155776977539062e+01
-6.194895935058593750e+01
-4.204301452636718750e+01
-6.430722045898437500e+01
-7.989453125000000000e+01
-3.464217376708984375e+01
-3.889047622680664062e+01
-4.289483261108398438e+01
-1.046830272674560547e+01
-1.544391441345214844e+01
-4.346876144409179688e+01
-2.171151542663574219e+01
-2.079754447937011719e+01
-4.678681945800781250e+01
-1.658769989013671875e+01
-3.791900634765625000e+01
-3.271627044677734375e+01
2.849650382995605469e-01
4.470288008451461792e-02
1.678471118211746216e-01
-7.955079078674316406e-01
-9.045926928520202637e-01
-1.615538597106933594e+00
-3.090865612030029297e+00
-2.198689937591552734e+00
-2.935184240341186523e+00
-3.373345375061035156e+00
-7.373005676269531250e+01
-6.610333251953125000e+01
-5.931318664550781250e+01
-7.081004333496093750e+01
-6.576694488525390625e+01
-5.921046829223632812e+01
-1.008703689575195312e+02
-1.021882934570312500e+02
-1.165334625244140625e+02
-3.522837448120117188e+01
-3.201771163940429688e+01
-1.745598793029785156e+01
-2.112747764587402344e+01
-2.858159542083740234e+00
3.023177385330200195e+00
1.659377813339233398e+00
3.926782846450805664e+00
3.657655954360961914e+00
-2.347300338745117188e+01
-1.672075462341308594e+01
-1.527380752563476562e+01
-1.031777191162109375e+01
-2.262633323669433594e+00
-1.451465725898742676e+00
-1.715953826904296875e+01
9.610593318939208984e-02
7.047193527221679688e+00
-1.835278892517089844e+01
-1.550219268798828125e+02
-2.635375671386718750e+02
-3.076394958496093750e+02
-4.696920471191406250e+02
-5.626082763671875000e+02
-5.144714355468750000e+02
-6.130466918945312500e+02
-5.676602172851562500e+02
-1.020412368774414062e+02
-9.299490356445312500e+01
-6.129903793334960938e+01
-5.527657318115234375e+01
-5.058912658691406250e+01
-4.445961380004882812e+01
-2.835429954528808594e+01
-1.734152412414550781e+01
-2.587632751464843750e+01
-1.836732292175292969e+01
-1.854919624328613281e+01
-2.215645313262939453e+00
-2.121708154678344727e+00
-8.440717697143554688e+00
-4.052069664001464844e+00
-6.363165378570556641e-01
-5.182858943939208984e+00
-6.631011009216308594e+00
-2.096511125564575195e+00
-5.707515716552734375e+00
-7.374624252319335938e+00
-7.252099990844726562e+00
-9.470082283020019531e+00
-9.066477775573730469e+00
-9.862828254699707031e+00
-1.113263320922851562e+01
-9.438584327697753906e+00
-8.305020332336425781e-01
-4.713758945465087891e+00
-1.007476043701171875e+01
-9.181727170944213867e-01
-8.058802604675292969e+00
-1.355843734741210938e+01
-9.831463813781738281e+00
-2.484835815429687500e+01
-2.678019332885742188e+01
-1.401125183105468750e+02
-1.078314056396484375e+02
-6.544400024414062500e+01
-1.017077178955078125e+02
-6.261076354980468750e+01
-3.776845169067382812e+01
-5.758909988403320312e+01
-5.627918243408203125e+01
-3.057629203796386719e+01
3.139774703979492188e+01
1.052330970764160156e+01
-3.645919418334960938e+01
-1.469565010070800781e+01
-4.246262741088867188e+01
-7.707299041748046875e+01
-7.933696746826171875e+01
-9.525508880615234375e+01
-7.845797729492187500e+01
-3.082752990722656250e+02
-1.563003387451171875e+02
-1.156707916259765625e+02
-1.010609970092773438e+02
-3.820240783691406250e+01
-4.928870391845703125e+01
-1.748773002624511719e+01
-1.221412086486816406e+01
-4.605645751953125000e+01
-2.305243301391601562e+01
-5.907307434082031250e+01
-5.018233489990234375e+01
-3.908893585205078125e+01
-7.271671295166015625e+01
-5.837881851196289062e+01
-5.779619979858398438e+01
-7.899611663818359375e+01
-4.981001663208007812e+01
4.475837402343750000e+02
4.324106140136718750e+02
3.819112854003906250e+02
3.546205139160156250e+02
2.986231994628906250e+02
2.109040985107421875e+02
1.905544433593750000e+02
1.322263031005859375e+02
1.199692611694335938e+02
4.538925476074218750e+02
3.084025878906250000e+02
2.548357849121093750e+02
2.436013793945312500e+02
1.701716308593750000e+02
1.583145141601562500e+02
2.003894500732421875e+02
1.903942871093750000e+02
2.829904174804687500e+02
1.627238922119140625e+02
3.173389434814453125e+01
5.771225357055664062e+01
9.348001861572265625e+01
5.034890747070312500e+01
1.182519302368164062e+02
1.708103179931640625e+02
2.051184539794921875e+02
2.500697479248046875e+02
4.214908981323242188e+01
2.706240653991699219e+01
1.881533622741699219e+01
1.803010177612304688e+01
9.383926391601562500e+00
8.349828720092773438e+00
5.994249820709228516e+00
3.723313808441162109e+00
8.707044601440429688e+00
2.274998046875000000e+03
1.920844726562500000e+03
1.050021484375000000e+03
1.377486572265625000e+03
5.073822021484375000e+02
1.558174896240234375e+02
-1.843327178955078125e+02
-2.228845977783203125e+02
1.914271240234375000e+02
-2.577763061523437500e+02
-1.397653656005859375e+02
-8.708370971679687500e+01
9.854752349853515625e+01
1.337342987060546875e+02
1.860504302978515625e+02
1.518273773193359375e+02
2.637364501953125000e+02
1.752655334472656250e+02
-2.900632667541503906e+01
5.313048171997070312e+01
-3.688255310058593750e+01
2.866975212097167969e+01
6.350107192993164062e+01
-1.525074577331542969e+01
-9.680456161499023438e+00
4.513801574707031250e+01
8.502362823486328125e+01
8.920377929687500000e+03
6.893576171875000000e+03
4.954206542968750000e+03
3.392096435546875000e+03
2.177413574218750000e+03
2.134662841796875000e+03
1.633812866210937500e+03
2.361038085937500000e+03
3.703443115234375000e+03
1.128049682617187500e+03
1.096687255859375000e+03
1.156361694335937500e+03
1.625434204101562500e+03
1.418726806640625000e+03
1.266781127929687500e+03
1.256007080078125000e+03
1.040011474609375000e+03
5.612149658203125000e+02
1.098810424804687500e+02
1.158621215820312500e+02
2.041654815673828125e+02
2.568626098632812500e+02
1.938436431884765625e+02
1.704558258056640625e+02
2.845286560058593750e+02
1.350415344238281250e+02
2.251122093200683594e+01
1.092643356323242188e+02
6.556188964843750000e+01
4.492386627197265625e+01
1.685674476623535156e+01
6.653421878814697266e+00
1.344411087036132812e+01
1.758912277221679688e+01
5.140312194824218750e+01
7.759532165527343750e+01
4.619634704589843750e+02
5.327496337890625000e+02
5.015041503906250000e+02
2.778621520996093750e+02
2.798560791015625000e+02
2.295505828857421875e+02
2.538779602050781250e+02
2.707508850097656250e+02
2.724858398437500000e+02
7.857849731445312500e+02
7.852402343750000000e+02
6.976777954101562500e+02
9.181946411132812500e+02
8.857513427734375000e+02
8.959648437500000000e+02
1.137203613281250000e+03
9.252696533203125000e+02
9.079254150390625000e+02
1.244327880859375000e+03
1.356690917968750000e+03
1.213270874023437500e+03
5.717125244140625000e+02
6.532022094726562500e+02
8.530137939453125000e+02
2.494377746582031250e+02
6.418048706054687500e+02
8.660702514648437500e+02
1.514255859375000000e+03
1.702055297851562500e+03
1.520758056640625000e+03
2.820164062500000000e+03
2.749745361328125000e+03
1.836385498046875000e+03
2.756895507812500000e+03
1.599748046875000000e+03
4.803288879394531250e+02
1.418261108398437500e+03
8.809972534179687500e+02
7.190954589843750000e+02
1.168154663085937500e+03
5.858985595703125000e+02
3.611941223144531250e+02
8.519491577148437500e+02
5.235521240234375000e+02
4.929975280761718750e+02
4.293517684936523438e+01
5.477906036376953125e+01
4.558790206909179688e+01
3.697462081909179688e+01
4.948133850097656250e+01
3.487887191772460938e+01
3.600533676147460938e+01
4.817255401611328125e+01
3.600331878662109375e+01
5.711907196044921875e+01
1.541186981201171875e+02
9.896820068359375000e+01
5.187453079223632812e+01
1.410434570312500000e+02
7.877042388916015625e+01
5.247441864013671875e+01
1.054232101440429688e+02
4.138703155517578125e+01
-2.089905977249145508e+00
6.821809387207031250e+01
3.632903671264648438e+01
1.926636505126953125e+01
8.162995910644531250e+01
1.077441310882568359e+01
4.652864837646484375e+01
9.543024444580078125e+01
4.079873085021972656e+00
4.744687557220458984e+00
4.323975086212158203e+00
5.216921329498291016e+00
3.999069929122924805e+00
3.984243631362915039e+00
5.802803516387939453e+00
3.567153930664062500e+00
3.465744018554687500e+00
4.949882507324218750e+00
1.170190811157226562e+02
-3.568674850463867188e+01
4.628781127929687500e+01
2.518339691162109375e+02
6.543403625488281250e+01
1.034798660278320312e+02
1.139722061157226562e+02
-5.158845138549804688e+01
-2.797484588623046875e+01
1.734738540649414062e+01
1.105850982666015625e+01
-8.768991470336914062e+00
-5.386497974395751953e+00
-1.070333576202392578e+01
-1.808230400085449219e+01
-5.014798641204833984e-01
3.035943031311035156e+00
3.703601062297821045e-01
2.828067398071289062e+01
7.825086116790771484e+00
1.031033515930175781e+00
5.329478073120117188e+01
2.805439376831054688e+01
1.587500381469726562e+01
6.294605636596679688e+01
3.437176895141601562e+01
2.471355628967285156e+01
1.186183349609375000e+03
1.063724365234375000e+03
1.089973754882812500e+03
9.394224853515625000e+02
8.507874145507812500e+02
8.728969726562500000e+02
7.834446411132812500e+02
6.542860717773437500e+02
5.772183837890625000e+02
-4.702494430541992188e+01
-7.034033966064453125e+01
-8.429357147216796875e+01
-8.874694824218750000e+00
-3.308373260498046875e+01
-5.518493652343750000e+01
-1.611209106445312500e+01
-2.501185989379882812e+01
-1.770198059082031250e+01
-1.648537826538085938e+01
1.987985134124755859e+00
2.579541802406311035e-01
-6.725185394287109375e+00
-8.389232635498046875e+00
-2.803430318832397461e+00
-9.324293136596679688e-01
8.081066131591796875e+00
-2.156701087951660156e+00
9.274383544921875000e+00
1.319196701049804688e+01
1.345420455932617188e+01
9.126233100891113281e+00
1.157826137542724609e+01
1.022536468505859375e+01
8.078277587890625000e+00
9.122755050659179688e+00
6.142390251159667969e+00
3.340589904785156250e+01
5.681625366210937500e+01
4.626269149780273438e+01
1.834987449645996094e+01
3.900891494750976562e+01
3.626856613159179688e+01
2.381611251831054688e+01
4.861880493164062500e+01
4.631202316284179688e+01
2.311095733642578125e+02
2.639270629882812500e+02
1.718322296142578125e+02
2.126870727539062500e+02
2.038988647460937500e+02
1.212462387084960938e+02
2.444716033935546875e+02
2.112129974365234375e+02
1.257988128662109375e+02
2.697431335449218750e+02
2.702815246582031250e+02
2.421389923095703125e+02
2.516834106445312500e+02
2.428699035644531250e+02
2.165031127929687500e+02
2.186447143554687500e+02
1.811749572753906250e+02
1.283423767089843750e+02
-3.786611175537109375e+01
-1.061258544921875000e+02
-1.587677001953125000e+02
-9.392722320556640625e+01
-1.181304168701171875e+02
-1.477319946289062500e+02
-4.954357528686523438e+01
-7.887387084960937500e+01
-4.746850204467773438e+01
1.495312347412109375e+02
1.362671813964843750e+02
1.399957733154296875e+02
1.346820220947265625e+02
1.421009521484375000e+02
1.057788619995117188e+02
1.355656738281250000e+02
1.461389312744140625e+02
9.950611877441406250e+01
-5.394028930664062500e+02
-5.973920898437500000e+02
-6.499723510742187500e+02
-4.463647460937500000e+02
-4.983554687500000000e+02
-5.758238525390625000e+02
-3.581568603515625000e+02
-4.172069091796875000e+02
-4.991128845214843750e+02
-5.792539672851562500e+02
-5.086457214355468750e+02
-5.685598754882812500e+02
-6.439708251953125000e+02
-5.291263427734375000e+02
-6.240053710937500000e+02
-7.183110351562500000e+02
-7.090264282226562500e+02
-7.683658447265625000e+02
-3.716994628906250000e+02
-4.426741943359375000e+02
-4.019562072753906250e+02
-3.316835021972656250e+02
-3.388229675292968750e+02
-4.095268859863281250e+02
-3.541690368652343750e+02
-3.234898681640625000e+02
-4.819822692871093750e+02
-1.509728431701660156e+01
-2.164073753356933594e+01
-2.382769775390625000e+01
-1.077842521667480469e+01
-1.789461135864257812e+01
-1.964943122863769531e+01
-1.054328346252441406e+01
-1.858050918579101562e+01
-2.080547904968261719e+01
-5.492817871093750000e+03
-5.728390136718750000e+03
-4.895588867187500000e+03
-4.949566406250000000e+03
-5.154500488281250000e+03
-4.620315917968750000e+03
-4.067161621093750000e+03
-4.434738769531250000e+03
-3.912677001953125000e+03
-1.080923767089843750e+02
-1.297333068847656250e+02
-2.108579406738281250e+02
-2.075699157714843750e+02
-2.652439880371093750e+02
-2.919090270996093750e+02
-1.575188751220703125e+02
-1.690484008789062500e+02
-1.619600830078125000e+02
-3.132122497558593750e+02
-3.000809631347656250e+02
-3.450635681152343750e+02
-3.828511352539062500e+02
-3.753122863769531250e+02
-3.360628967285156250e+02
-4.550610046386718750e+02
-4.881900939941406250e+02
-3.537866210937500000e+02
-5.352581054687500000e+03
-7.533523925781250000e+03
-8.331095703125000000e+03
-4.010793701171875000e+03
-6.158698242187500000e+03
-6.885896484375000000e+03
-4.724777832031250000e+03
-6.427089843750000000e+03
-7.097351562500000000e+03
-4.876813964843750000e+03
-5.014714843750000000e+03
-4.773966796875000000e+03
-4.462638671875000000e+03
-4.489394042968750000e+03
-4.498075683593750000e+03
-3.852098144531250000e+03
-3.735307617187500000e+03
-3.824179443359375000e+03
-6.012539062500000000e+02
-5.440689697265625000e+02
-4.117960205078125000e+02
-5.879544067382812500e+02
-5.971193237304687500e+02
-5.459253540039062500e+02
-4.024318542480468750e+02
-4.060560913085937500e+02
-5.249229125976562500e+02
-1.792783355712890625e+02
-1.900074157714843750e+02
-2.113231201171875000e+02
-1.520360260009765625e+02
-1.731414794921875000e+02
-1.925316009521484375e+02
-1.508378143310546875e+02
-1.769449920654296875e+02
-1.975066070556640625e+02
-2.668227233886718750e+02
-2.842675170898437500e+02
-4.149716796875000000e+02
-3.397684936523437500e+02
-3.445943908691406250e+02
-4.349023132324218750e+02
-4.004275512695312500e+02
-4.195593566894531250e+02
-5.214124755859375000e+02
-1.582230590820312500e+03
-1.571515136718750000e+03
-1.508159790039062500e+03
-1.920266479492187500e+03
-2.026145629882812500e+03
-1.914233032226562500e+03
-1.954062133789062500e+03
-2.218596923828125000e+03
-2.047599365234375000e+03
-4.763612365722656250e+02
-8.291369018554687500e+02
-1.204207763671875000e+03
-3.805953674316406250e+02
-8.624075317382812500e+02
-1.104822265625000000e+03
-5.099527893066406250e+02
-9.249879150390625000e+02
-1.202746582031250000e+03
-7.489826171875000000e+03
-6.997298828125000000e+03
-6.693535156250000000e+03
-8.176643554687500000e+03
-7.544219726562500000e+03
-6.791355957031250000e+03
-7.979097656250000000e+03
-7.475832519531250000e+03
-6.527275878906250000e+03
-1.977164916992187500e+03
-2.301806152343750000e+03
-2.098703613281250000e+03
-1.714651245117187500e+03
-1.996532836914062500e+03
-1.955596801757812500e+03
-1.493888671875000000e+03
-1.673365600585937500e+03
-1.637827026367187500e+03
-3.258007431030273438e+01
-3.437714004516601562e+01
-3.248746871948242188e+01
-3.196055030822753906e+01
-2.207399368286132812e+01
-2.454580307006835938e+01
-2.354714393615722656e+01
-1.610298728942871094e+01
-1.355863761901855469e+01
-3.195688629150390625e+01
-2.117841339111328125e+01
-1.429227828979492188e+01
-4.202099990844726562e+01
-2.397236251831054688e+01
-2.994191741943359375e+01
-3.709270095825195312e+01
-3.816480636596679688e+01
-6.462645721435546875e+01
-1.387680816650390625e+01
-3.128785896301269531e+01
-2.340376853942871094e+01
-2.878016662597656250e+01
-1.904771041870117188e+01
-1.637994194030761719e+01
-9.518695831298828125e+00
8.968826293945312500e+00
-1.862593770027160645e+00
5.050812661647796631e-02
-1.414882838726043701e-01
-9.228485226631164551e-01
2.835449874401092529e-01
-8.208013772964477539e-01
-6.061692237854003906e-01
1.629602164030075073e-02
1.943729072809219360e-02
-5.353945493698120117e-01
-2.452779846191406250e+02
-5.306925048828125000e+02
-4.548769226074218750e+02
-3.923383483886718750e+02
-5.541054687500000000e+02
-4.077126770019531250e+02
-1.984928436279296875e+02
-3.040052795410156250e+02
-2.219377746582031250e+02
-7.830407142639160156e+00
-7.011981487274169922e+00
-2.267949581146240234e+00
-3.018910408020019531e+00
-1.267496776580810547e+01
-1.029762363433837891e+01
8.801126480102539062e-02
-6.850748538970947266e+00
-1.132206249237060547e+01
-4.880379104614257812e+01
-4.270060729980468750e+01
-3.692989349365234375e+01
-4.747016143798828125e+01
-3.011668586730957031e+01
-4.240377044677734375e+01
-2.510311126708984375e+01
-2.968937683105468750e+01
-6.034370422363281250e+01
-2.779669799804687500e+02
-3.694700317382812500e+02
-5.130668945312500000e+02
-2.388587799072265625e+02
-1.877058563232421875e+02
-2.347889099121093750e+02
-4.008887023925781250e+02
-2.462144470214843750e+02
-2.439375305175781250e+02
-2.778009948730468750e+02
-3.126831359863281250e+02
-3.619304199218750000e+02
-1.175580902099609375e+02
-1.569758148193359375e+02
-1.899763641357421875e+02
-3.397775268554687500e+01
-6.410206604003906250e+01
-4.129199218750000000e+01
-6.552968502044677734e+00
-3.640775680541992188e+01
-8.338358306884765625e+01
-4.055040836334228516e+00
-1.641282081604003906e+01
-7.088936614990234375e+01
-3.868081331253051758e+00
2.344148874282836914e+00
-1.771199607849121094e+01
-1.267242050170898438e+01
-1.583464908599853516e+01
-1.223392868041992188e+01
-1.497391414642333984e+01
-1.283372879028320312e+01
-7.797754764556884766e+00
-1.361652183532714844e+01
-1.040794277191162109e+01
-1.056968688964843750e+01
-5.049627685546875000e+01
8.535255432128906250e+00
-1.371209335327148438e+01
-6.121736145019531250e+01
-4.776895523071289062e+01
-5.586925125122070312e+01
-8.205661010742187500e+01
-1.088769836425781250e+02
-9.528964996337890625e+01
-1.312336425781250000e+02
-1.270648269653320312e+02
-1.263178634643554688e+02
-1.572805328369140625e+02
-1.873971405029296875e+02
-2.689244689941406250e+02
-1.196425170898437500e+02
-1.530631103515625000e+02
-2.732501525878906250e+02
-8.514624786376953125e+01
-5.639579010009765625e+01
-5.321460342407226562e+01
-8.591744232177734375e+01
-6.133914947509765625e+01
-5.211188507080078125e+01
-1.006001663208007812e+02
-9.390289306640625000e+01
-9.747670745849609375e+01
-4.673848571777343750e+02
-5.495637207031250000e+02
-6.874913330078125000e+02
-4.426862487792968750e+02
-6.242517089843750000e+02
-8.634785766601562500e+02
-2.355981292724609375e+02
-4.779222106933593750e+02
-6.770699462890625000e+02
-6.122065353393554688e+01
-1.273415374755859375e+02
-1.435103607177734375e+02
-5.046398544311523438e+01
-6.847942352294921875e+01
-9.033319854736328125e+01
-6.067286682128906250e+01
-4.307902526855468750e+01
-4.732487869262695312e+01
-4.140684890747070312e+01
-4.989890289306640625e+01
-4.203834152221679688e+01
-4.139076232910156250e+01
-4.688654708862304688e+01
-3.510879135131835938e+01
-3.727877426147460938e+01
-4.028500366210937500e+01
-2.957903671264648438e+01
-5.356681060791015625e+01
-5.795634078979492188e+01
-2.566299438476562500e+01
-4.679751205444335938e+01
-4.634202957153320312e+01
-1.261219692230224609e+01
-6.263861846923828125e+01
-7.044091033935546875e+01
-4.607324218750000000e+01
-1.544084453582763672e+01
-4.902397918701171875e+01
-6.049258708953857422e-01
-2.202490425109863281e+01
-4.247269058227539062e+01
8.978665351867675781e+00
-2.061933135986328125e+01
-3.166160011291503906e+01
2.350533103942871094e+01
-1.190441012382507324e+00
-5.046932101249694824e-01
-7.799822688102722168e-01
-7.342489361763000488e-01
-1.016630157828330994e-01
-5.230463147163391113e-01
-4.922682642936706543e-01
1.707035452127456665e-01
-2.361760288476943970e-01
-5.125358886718750000e+02
-4.703713989257812500e+02
-4.404987487792968750e+02
-5.203358764648437500e+02
-4.254656066894531250e+02
-3.611217346191406250e+02
-5.098265380859375000e+02
-3.606708374023437500e+02
-3.205707092285156250e+02
-9.033610343933105469e+00
-3.989816665649414062e+00
-4.421406269073486328e+00
-6.372214317321777344e+00
-9.124175310134887695e-01
-2.330450773239135742e+00
-1.015613937377929688e+01
-6.314313411712646484e+00
-1.190169620513916016e+01
-6.870725250244140625e+01
-2.599847602844238281e+01
-2.319842338562011719e+01
-7.495368194580078125e+01
-3.297408676147460938e+01
-2.532999229431152344e+01
-6.505944824218750000e+01
-1.124725055694580078e+01
-2.065498161315917969e+01
-4.925126037597656250e+02
-4.871815490722656250e+02
-4.871869201660156250e+02
-3.890067749023437500e+02
-3.101102294921875000e+02
-3.536400756835937500e+02
-3.066830444335937500e+02
-2.601496582031250000e+02
-2.830187683105468750e+02
-3.750791015625000000e+02
-3.780749206542968750e+02
-3.808675842285156250e+02
-3.785467224121093750e+02
-4.113252258300781250e+02
-3.959917602539062500e+02
-3.331225891113281250e+02
-3.683755187988281250e+02
-3.392610778808593750e+02
-2.020613098144531250e+01
-3.786035537719726562e+01
-3.604318618774414062e+01
-2.945754814147949219e+01
-5.420341491699218750e+01
-5.635932922363281250e+01
-3.505684661865234375e+01
-5.545959854125976562e+01
-4.090815353393554688e+01
-1.697076606750488281e+01
-1.663828086853027344e+01
-1.279015064239501953e+01
-1.709333610534667969e+01
-1.379106044769287109e+01
-9.919839859008789062e+00
-1.611250114440917969e+01
-1.220331192016601562e+01
-9.085413932800292969e+00
-8.343783378601074219e+00
-3.150193405151367188e+01
-2.301258087158203125e+01
-1.459269142150878906e+01
-2.901704216003417969e+01
-2.497950553894042969e+01
-2.244732475280761719e+01
-2.987667655944824219e+01
-2.313349914550781250e+01
-1.565896759033203125e+02
-1.122875289916992188e+02
-8.020207214355468750e+01
-2.063941802978515625e+02
-1.618214874267578125e+02
-1.538291473388671875e+02
-2.174097595214843750e+02
-1.962753295898437500e+02
-2.069383239746093750e+02
-5.828660583496093750e+01
-2.532183265686035156e+01
-1.896472167968750000e+01
-3.361364746093750000e+01
-1.486136054992675781e+01
-9.504863739013671875e+00
-2.833755874633789062e+01
-1.046736145019531250e+01
-2.022781944274902344e+01
-5.037330932617187500e+02
-5.431435546875000000e+02
-6.724687500000000000e+02
-6.310329589843750000e+02
-7.430022583007812500e+02
-8.199613647460937500e+02
-6.462958984375000000e+02
-7.508101806640625000e+02
-7.455021972656250000e+02
-1.423262176513671875e+02
-1.649018096923828125e+02
-1.612667083740234375e+02
-1.394399719238281250e+02
-1.541541595458984375e+02
-1.315278015136718750e+02
-1.115087890625000000e+02
-1.313102569580078125e+02
-1.009942016601562500e+02
1.510132408142089844e+01
2.300154876708984375e+01
3.251247787475585938e+01
1.415047359466552734e+01
1.757887077331542969e+01
2.523314666748046875e+01
1.003729057312011719e+01
1.312383460998535156e+01
1.412869358062744141e+01
7.464665222167968750e+01
6.744625854492187500e+01
7.944683837890625000e+01
7.978515625000000000e+01
4.274808883666992188e+01
5.006834793090820312e+01
7.659476470947265625e+01
4.162124252319335938e+01
3.800887298583984375e+01
5.071286010742187500e+01
5.631568908691406250e+01
9.043618202209472656e+00
5.405773162841796875e+01
4.055613327026367188e+01
-2.444003105163574219e+01
4.590857696533203125e+01
-1.816223382949829102e+00
-5.569759368896484375e+01
-2.064081430435180664e+00
2.020528078079223633e+00
4.062419891357421875e+00
-2.491188049316406250e+00
1.331564068794250488e+00
2.344533205032348633e+00
-1.315340042114257812e+00
2.123030662536621094e+00
2.641400337219238281e+00
-7.874896240234375000e+01
1.378232269287109375e+02
1.330049743652343750e+02
-1.528234863281250000e+02
1.071926651000976562e+02
1.028200531005859375e+02
-1.345958862304687500e+02
7.185288238525390625e+01
3.034309005737304688e+01
8.997686386108398438e+00
6.046276092529296875e+00
4.417096376419067383e-01
1.308175659179687500e+01
4.642236709594726562e+00
-9.652905464172363281e+00
2.398689270019531250e+00
-9.320166587829589844e+00
-9.520151615142822266e-01
9.645767974853515625e+01
1.176994781494140625e+02
9.140242767333984375e+01
1.088239822387695312e+02
1.174731521606445312e+02
9.319746398925781250e+01
1.077441329956054688e+02
9.594383239746093750e+01
8.162834167480468750e+01
-2.851885375976562500e+02
1.827916564941406250e+02
7.205521240234375000e+02
-3.518426818847656250e+02
-6.466371154785156250e+01
4.186201171875000000e+02
-1.143203735351562500e+02
-1.127325439453125000e+01
2.493110504150390625e+02
-3.505688858032226562e+01
-4.660829162597656250e+01
-4.431274414062500000e+01
-1.563273773193359375e+02
-1.442372741699218750e+02
-1.243777847290039062e+02
-1.820036315917968750e+02
-1.592458496093750000e+02
-1.473211669921875000e+02
-1.440755176544189453e+01
-1.414272880554199219e+01
-1.541057586669921875e+01
-3.580267333984375000e+01
-2.380044364929199219e+01
-1.613936614990234375e+01
-3.149083900451660156e+01
-2.004421615600585938e+01
-8.703980445861816406e+00
-6.411504745483398438e-01
1.138228988647460938e+01
5.278961181640625000e+00
-1.935985684394836426e+00
7.342064380645751953e+00
-1.031927227973937988e+00
-9.708437323570251465e-01
5.116743087768554688e+00
-2.583787202835083008e+00
-5.898573684692382812e+01
-3.730676269531250000e+01
-4.385398864746093750e+01
-4.523684692382812500e+01
-2.519806480407714844e+01
-2.896850585937500000e+01
-4.816106796264648438e+01
-5.977356910705566406e+00
-1.595864486694335938e+01
2.396519927978515625e+02
2.771287841796875000e+02
2.713236694335937500e+02
2.464654235839843750e+02
2.839797363281250000e+02
3.164382934570312500e+02
1.760676727294921875e+02
2.403138580322265625e+02
3.176093444824218750e+02
4.000653076171875000e+01
1.529391937255859375e+02
1.635415191650390625e+02
2.424551200866699219e+01
1.061511535644531250e+02
8.151380920410156250e+01
7.941352081298828125e+01
1.573993988037109375e+02
1.181391906738281250e+02
-1.234112319946289062e+02
-1.148628540039062500e+02
-8.640900421142578125e+01
-3.773815612792968750e+02
-1.687482757568359375e+02
-3.240742981433868408e-01
-4.080020751953125000e+02
-6.118112945556640625e+01
1.056304321289062500e+02
7.741191101074218750e+01
1.259478988647460938e+02
1.801450653076171875e+02
4.404406738281250000e+01
1.003926162719726562e+02
1.181985626220703125e+02
2.004570388793945312e+01
7.603491973876953125e+01
4.561604309082031250e+01
-6.088220214843750000e+01
-7.135850524902343750e+01
-1.062653884887695312e+02
-5.792074203491210938e+01
-7.023812866210937500e+01
-1.104327087402343750e+02
-4.657079315185546875e+01
-5.476617050170898438e+01
-9.385389709472656250e+01
-1.222028884887695312e+02
-9.591452026367187500e+01
-1.831323242187500000e+02
-1.081654815673828125e+02
-7.747459411621093750e+01
-1.635034179687500000e+02
-1.002686309814453125e+02
-1.121333084106445312e+02
-2.105186920166015625e+02
-8.706267547607421875e+01
-9.135884094238281250e+01
-4.275327301025390625e+01
-2.384453201293945312e+01
-9.693295288085937500e+01
-6.793781280517578125e+01
-8.953687667846679688e+00
-7.238931274414062500e+01
-1.008926239013671875e+02
-6.178286075592041016e-01
-3.973595619201660156e+00
-3.525642633438110352e+00
-1.137949466705322266e+00
-3.441261291503906250e+00
-3.598711013793945312e+00
-1.156818628311157227e+00
-4.124846935272216797e+00
-4.348576068878173828e+00
-7.674126586914062500e+02
-1.208587158203125000e+03
-6.240680541992187500e+02
-7.550279541015625000e+02
-1.249003417968750000e+03
-6.048812866210937500e+02
-5.953807983398437500e+02
-1.101855468750000000e+03
-5.027965087890625000e+02
-1.054162216186523438e+01
-1.376694011688232422e+01
-2.366429901123046875e+01
7.470219731330871582e-01
-4.557370185852050781e+00
-3.802141189575195312e+01
-2.419183254241943359e+00
-2.008293914794921875e+01
-4.438412094116210938e+01
-1.023964004516601562e+02
-9.697513580322265625e+01
-1.095452575683593750e+02
-9.373954772949218750e+01
-1.151702041625976562e+02
-1.173929824829101562e+02
-6.194571685791015625e+01
-1.060683059692382812e+02
-9.770772552490234375e+01
-4.885367126464843750e+02
-1.414595703125000000e+03
-1.715125488281250000e+03
-3.396521911621093750e+02
-1.134662963867187500e+03
-1.505416259765625000e+03
-2.502217559814453125e+02
-9.451461791992187500e+02
-1.375771484375000000e+03
-4.096261291503906250e+02
-5.971136474609375000e+02
-5.447722778320312500e+02
-4.522386169433593750e+02
-6.922891235351562500e+02
-7.295503540039062500e+02
-4.090937500000000000e+02
-6.046043090820312500e+02
-6.394491577148437500e+02
-7.615522003173828125e+01
-6.581649017333984375e+01
-6.054604721069335938e+01
-8.502317810058593750e+01
-1.276828231811523438e+02
-1.090739364624023438e+02
-6.715053558349609375e+01
-9.360466003417968750e+01
-1.233137207031250000e+02
-2.583300018310546875e+01
-2.571576499938964844e+01
-2.560986900329589844e+01
-2.328188133239746094e+01
-2.376953506469726562e+01
-2.319639968872070312e+01
-1.683028221130371094e+01
-2.126260757446289062e+01
-2.449239158630371094e+01
-4.225675964355468750e+01
-2.602688598632812500e+01
-7.338751220703125000e+01
-5.299510955810546875e+01
-3.969654083251953125e+01
-7.012438201904296875e+01
-9.535528564453125000e+01
-5.646109390258789062e+01
-7.985728454589843750e+01
-2.761878967285156250e+02
-3.208407592773437500e+02
-3.794787902832031250e+02
-3.606265869140625000e+02
-4.616988525390625000e+02
-4.462586975097656250e+02
-4.261341857910156250e+02
-6.258380737304687500e+02
-5.982314453125000000e+02
3.165421104431152344e+01
-1.304388885498046875e+02
-2.968131713867187500e+02
2.562623977661132812e+00
-1.289928436279296875e+02
-2.356401824951171875e+02
-7.359594726562500000e+01
-2.120905456542968750e+02
-2.595309143066406250e+02
-8.803756713867187500e+02
-9.447412719726562500e+02
-9.770834350585937500e+02
-1.299822631835937500e+03
-1.346475219726562500e+03
-1.291881469726562500e+03
-1.528822387695312500e+03
-1.709001708984375000e+03
-1.462298217773437500e+03
-2.379679870605468750e+02
-5.195574340820312500e+02
-3.229283447265625000e+02
-1.988194732666015625e+02
-4.811852416992187500e+02
-3.637994384765625000e+02
-1.136496047973632812e+02
-3.716690368652343750e+02
-3.012210693359375000e+02
8.998258972167968750e+01
8.612133026123046875e+01
7.764144897460937500e+01
7.937148284912109375e+01
7.384268951416015625e+01
6.820086669921875000e+01
5.980487442016601562e+01
5.545320129394531250e+01
5.530406951904296875e+01
7.140373229980468750e+01
5.845800018310546875e+01
9.722395324707031250e+01
7.046051788330078125e+01
6.165897750854492188e+01
9.901147460937500000e+01
7.832997131347656250e+01
8.459135437011718750e+01
1.322395935058593750e+02
3.774240112304687500e+01
4.291492843627929688e+01
5.039359664916992188e+01
3.061328125000000000e+01
4.670362472534179688e+01
5.993153381347656250e+01
3.170898437500000000e+01
4.318493652343750000e+01
7.193310546875000000e+01
2.496418952941894531e+00
1.828537344932556152e+00
1.988578319549560547e+00
1.493024230003356934e+00
1.143946051597595215e+00
1.358256578445434570e+00
7.594169974327087402e-01
7.559577226638793945e-01
8.238887190818786621e-01
8.496329345703125000e+02
7.902585449218750000e+02
7.115982055664062500e+02
6.916537475585937500e+02
6.600656738281250000e+02
6.242686157226562500e+02
5.905130004882812500e+02
5.839614257812500000e+02
5.562398681640625000e+02
1.645567512512207031e+01
2.014919853210449219e+01
2.632213973999023438e+01
2.100481414794921875e+01
2.743263053894042969e+01
3.441164779663085938e+01
2.094890975952148438e+01
2.635803031921386719e+01
2.654182624816894531e+01
4.583670425415039062e+01
3.795611953735351562e+01
4.677703857421875000e+01
4.604412078857421875e+01
4.899442672729492188e+01
6.434587860107421875e+01
6.244346618652343750e+01
7.088158416748046875e+01
7.712138366699218750e+01
9.361925659179687500e+02
8.813858032226562500e+02
9.754805908203125000e+02
5.560618286132812500e+02
5.770075683593750000e+02
6.807194213867187500e+02
4.462290039062500000e+02
4.696196289062500000e+02
5.087239685058593750e+02
6.046700439453125000e+02
6.121077880859375000e+02
5.814870605468750000e+02
6.498813476562500000e+02
6.343756103515625000e+02
6.073184204101562500e+02
5.882735595703125000e+02
5.442702636718750000e+02
5.137973632812500000e+02
7.167696380615234375e+01
6.838259124755859375e+01
5.536960220336914062e+01
9.168456268310546875e+01
9.539756774902343750e+01
8.525736999511718750e+01
7.587033843994140625e+01
7.161005401611328125e+01
8.285655975341796875e+01
2.591513252258300781e+01
2.295982551574707031e+01
2.096214485168457031e+01
1.982641792297363281e+01
1.873356246948242188e+01
1.865498733520507812e+01
1.916177940368652344e+01
1.830209732055664062e+01
1.928195571899414062e+01
5.810812377929687500e+01
5.986651992797851562e+01
4.064582824707031250e+01
5.482859802246093750e+01
4.592793273925781250e+01
3.459556198120117188e+01
5.154372024536132812e+01
4.528016662597656250e+01
4.359012222290039062e+01
1.890743560791015625e+02
1.774129028320312500e+02
2.238421325683593750e+02
2.567195434570312500e+02
2.721459045410156250e+02
2.913197631835937500e+02
3.012416992187500000e+02
3.357514038085937500e+02
3.731565246582031250e+02
1.129598846435546875e+02
9.719862365722656250e+01
7.821457672119140625e+01
6.808667755126953125e+01
6.285405731201171875e+01
4.826312637329101562e+01
4.433673095703125000e+01
5.767449569702148438e+01
5.936225509643554688e+01
8.140744628906250000e+02
9.143084106445312500e+02
9.283987426757812500e+02
1.104723266601562500e+03
1.112824096679687500e+03
1.041369628906250000e+03
1.160795654296875000e+03
1.120549682617187500e+03
1.056401123046875000e+03
2.476303100585937500e+02
2.638589782714843750e+02
2.832304077148437500e+02
2.242533416748046875e+02
2.471903686523437500e+02
2.774871520996093750e+02
1.821379547119140625e+02
2.043832244873046875e+02
2.393200836181640625e+02
1.378376922607421875e+02
1.405939483642578125e+02
1.482392425537109375e+02
1.408064422607421875e+02
1.389262084960937500e+02
1.449891662597656250e+02
1.305967864990234375e+02
1.272494430541992188e+02
1.404521942138671875e+02
2.197843933105468750e+02
2.493648834228515625e+02
3.152479858398437500e+02
1.908610076904296875e+02
2.200701599121093750e+02
3.092998962402343750e+02
1.704556121826171875e+02
2.034221496582031250e+02
2.896717529296875000e+02
3.580177688598632812e+01
4.126017761230468750e+01
9.223118591308593750e+01
3.700189590454101562e+01
5.082648468017578125e+01
1.130041961669921875e+02
5.249898910522460938e+01
7.123114013671875000e+01
1.515496368408203125e+02
6.161260604858398438e+00
6.939335823059082031e+00
5.417959213256835938e+00
4.221897125244140625e+00
5.601359844207763672e+00
5.228337287902832031e+00
3.131092548370361328e+00
3.765877962112426758e+00
4.237988471984863281e+00
1.143344848632812500e+03
1.176432373046875000e+03
1.086821289062500000e+03
1.161793334960937500e+03
1.159002563476562500e+03
9.939429321289062500e+02
1.023103027343750000e+03
1.101388916015625000e+03
1.019363952636718750e+03
2.051539039611816406e+01
1.488473510742187500e+01
2.856896972656250000e+01
1.943778419494628906e+01
3.294055175781250000e+01
4.114804458618164062e+01
2.852404403686523438e+01
4.355469894409179688e+01
5.072241973876953125e+01
8.913388824462890625e+01
1.074643325805664062e+02
1.245359268188476562e+02
7.426448059082031250e+01
1.168547897338867188e+02
1.220296096801757812e+02
7.807873535156250000e+01
1.330062866210937500e+02
1.394120330810546875e+02
2.153218017578125000e+03
2.250490234375000000e+03
2.188066406250000000e+03
1.776717895507812500e+03
1.947016845703125000e+03
2.078205810546875000e+03
1.392533569335937500e+03
1.618163085937500000e+03
1.902123168945312500e+03
7.365570678710937500e+02
8.071672363281250000e+02
8.180499877929687500e+02
8.995162353515625000e+02
9.488201293945312500e+02
9.334855957031250000e+02
8.861243286132812500e+02
9.330896606445312500e+02
9.117136840820312500e+02
5.489496994018554688e+01
6.241190338134765625e+01
8.049432373046875000e+01
7.243412017822265625e+01
6.888109588623046875e+01
7.601702117919921875e+01
1.072740325927734375e+02
9.486750793457031250e+01
8.637956237792968750e+01
3.894411468505859375e+01
3.931795120239257812e+01
4.130209732055664062e+01
3.750905990600585938e+01
3.670746612548828125e+01
3.949784851074218750e+01
3.539831161499023438e+01
3.762371444702148438e+01
4.191315460205078125e+01
1.152723693847656250e+02
1.213266372680664062e+02
1.052816925048828125e+02
1.116101913452148438e+02
9.205187988281250000e+01
8.431047821044921875e+01
1.192068862915039062e+02
6.621692657470703125e+01
6.520622253417968750e+01
4.739722595214843750e+02
6.419323120117187500e+02
6.989718017578125000e+02
4.798751220703125000e+02
6.238944702148437500e+02
6.691595458984375000e+02
5.722365722656250000e+02
6.966662597656250000e+02
6.782822265625000000e+02
3.702048034667968750e+02
4.007604675292968750e+02
3.779928283691406250e+02
2.569744262695312500e+02
2.918206176757812500e+02
3.088055419921875000e+02
1.980932769775390625e+02
2.196054992675781250e+02
2.541128692626953125e+02
1.317602294921875000e+03
1.578195068359375000e+03
1.527779907226562500e+03
1.586954101562500000e+03
1.725414428710937500e+03
1.608718383789062500e+03
1.747940063476562500e+03
1.797796386718750000e+03
1.607141601562500000e+03
3.698107299804687500e+02
3.991124267578125000e+02
4.219638061523437500e+02
4.015328674316406250e+02
4.250004882812500000e+02
4.599693908691406250e+02
4.042180786132812500e+02
4.236898193359375000e+02
4.819622192382812500e+02
1.179376754760742188e+02
1.164754180908203125e+02
1.130180892944335938e+02
1.200913772583007812e+02
1.188353576660156250e+02
1.169631347656250000e+02
1.187268676757812500e+02
1.127566299438476562e+02
1.087572631835937500e+02
2.712391357421875000e+02
2.652602233886718750e+02
2.314605407714843750e+02
2.581360778808593750e+02
2.490334777832031250e+02
2.290831298828125000e+02
2.418382568359375000e+02
2.483390960693359375e+02
2.491181945800781250e+02
1.141379241943359375e+02
9.066676330566406250e+01
5.025609588623046875e+01
1.079885177612304688e+02
7.167306518554687500e+01
5.089551162719726562e+01
7.674427795410156250e+01
5.225000762939453125e+01
7.285491180419921875e+01
5.695125579833984375e+00
5.181095123291015625e+00
4.494281768798828125e+00
6.141685009002685547e+00
5.992197036743164062e+00
4.803995609283447266e+00
6.257052898406982422e+00
5.235314369201660156e+00
3.652079343795776367e+00
1.052361450195312500e+03
1.025983642578125000e+03
8.743935546875000000e+02
1.168112182617187500e+03
1.088358886718750000e+03
8.122519531250000000e+02
1.045062988281250000e+03
9.200609130859375000e+02
6.975422973632812500e+02
4.214789962768554688e+01
2.663631629943847656e+01
2.736145591735839844e+01
7.577776432037353516e+00
9.171441078186035156e+00
1.993574142456054688e+01
1.310902595520019531e+01
1.727056121826171875e+01
4.448792266845703125e+01
1.270062637329101562e+02
8.821168518066406250e+01
8.072798919677734375e+01
1.455739288330078125e+02
9.445945739746093750e+01
8.968766784667968750e+01
1.413569030761718750e+02
9.472074890136718750e+01
9.298892211914062500e+01
1.854498291015625000e+03
1.921570922851562500e+03
1.646912475585937500e+03
1.947927978515625000e+03
1.875150390625000000e+03
1.453853149414062500e+03
1.800533081054687500e+03
1.558471801757812500e+03
1.208893188476562500e+03
5.479870605468750000e+02
5.921237792968750000e+02
5.839125976562500000e+02
5.122233886718750000e+02
5.874320678710937500e+02
6.223684692382812500e+02
4.930979003906250000e+02
5.765123291015625000e+02
6.213620605468750000e+02
7.364067840576171875e+01
7.242819976806640625e+01
8.314992523193359375e+01
7.233439636230468750e+01
1.028359909057617188e+02
1.043926010131835938e+02
7.986170196533203125e+01
1.083430786132812500e+02
1.019243698120117188e+02
4.764702606201171875e+01
3.887545394897460938e+01
3.214620208740234375e+01
5.091745376586914062e+01
3.687549591064453125e+01
2.548929405212402344e+01
4.344068908691406250e+01
2.921658897399902344e+01
2.122525215148925781e+01
9.846810913085937500e+01
8.598925781250000000e+01
1.132626647949218750e+02
1.066324920654296875e+02
9.769100189208984375e+01
1.114618530273437500e+02
1.328233489990234375e+02
1.245515975952148438e+02
1.015260314941406250e+02
6.655116577148437500e+02
5.654640502929687500e+02
5.704793090820312500e+02
7.113843994140625000e+02
6.347387695312500000e+02
6.314332885742187500e+02
7.487155151367187500e+02
7.179435424804687500e+02
6.897914428710937500e+02
2.245264739990234375e+02
1.985364532470703125e+02
2.339769134521484375e+02
2.740057983398437500e+02
2.019786529541015625e+02
2.056806945800781250e+02
3.075166931152343750e+02
2.046457061767578125e+02
1.647601470947265625e+02
1.062971435546875000e+03
1.130190307617187500e+03
1.315460815429687500e+03
1.172040649414062500e+03
1.327400390625000000e+03
1.438608154296875000e+03
1.387806152343750000e+03
1.540448730468750000e+03
1.474062744140625000e+03
4.173562622070312500e+02
4.845021362304687500e+02
3.805608825683593750e+02
3.850659484863281250e+02
4.329340820312500000e+02
3.488262329101562500e+02
3.427477416992187500e+02
3.532132873535156250e+02
3.054375610351562500e+02
