6.065307617187500000e+02
6.173861694335937500e+02
5.396738281250000000e+02
6.126682128906250000e+02
6.307744140625000000e+02
5.767589111328125000e+02
6.196598510742187500e+02
6.316160278320312500e+02
5.646220092773437500e+02
2.868102073669433594e+01
3.301375579833984375e+01
3.120812034606933594e+01
3.020463562011718750e+01
2.657604980468750000e+01
2.595140838623046875e+01
2.679970741271972656e+01
1.895722007751464844e+01
3.197733688354492188e+01
2.862491905689239502e-01
5.419069528579711914e-01
1.041240468621253967e-01
5.753905326128005981e-02
1.769883483648300171e-01
3.085593581199645996e-01
1.589727401733398438e-01
3.918578624725341797e-01
2.137661427259445190e-01
2.440403175354003906e+01
1.789589309692382812e+01
1.609145927429199219e+01
2.518601989746093750e+01
2.079719543457031250e+01
2.339815330505371094e+01
1.949596214294433594e+01
2.039225959777832031e+01
2.462113571166992188e+01
1.369541473388671875e+02
1.285405883789062500e+02
1.374209594726562500e+02
1.340633087158203125e+02
1.273707351684570312e+02
1.381633911132812500e+02
1.403515167236328125e+02
1.455045928955078125e+02
1.585745086669921875e+02
2.219356842041015625e+02
2.309009399414062500e+02
2.080473480224609375e+02
2.295728759765625000e+02
2.360274047851562500e+02
2.095223083496093750e+02
2.392452545166015625e+02
2.321150665283203125e+02
1.963721008300781250e+02
4.339536132812500000e+02
4.365928344726562500e+02
4.677330322265625000e+02
5.106772460937500000e+02
5.361267089843750000e+02
5.507062377929687500e+02
6.056166992187500000e+02
6.108404541015625000e+02
6.165234375000000000e+02
2.391720581054687500e+01
2.718168640136718750e+01
2.921789932250976562e+01
1.650337791442871094e+01
1.799969291687011719e+01
1.750923919677734375e+01
8.170082092285156250e+00
9.172909736633300781e+00
1.088419818878173828e+01
2.333067779541015625e+02
2.058831481933593750e+02
2.161646575927734375e+02
2.392059020996093750e+02
2.211781005859375000e+02
2.205134124755859375e+02
2.515245208740234375e+02
2.254193115234375000e+02
2.190886688232421875e+02
6.814059448242187500e+02
7.145924682617187500e+02
7.516257324218750000e+02
7.529030761718750000e+02
8.263663330078125000e+02
8.096776123046875000e+02
8.158686523437500000e+02
9.142716064453125000e+02
7.952070922851562500e+02
4.213635559082031250e+02
4.541703491210937500e+02
4.035549621582031250e+02
4.641034240722656250e+02
4.639477844238281250e+02
3.706908569335937500e+02
4.634262084960937500e+02
4.652668762207031250e+02
3.792703247070312500e+02
2.705015563964843750e+02
2.544671630859375000e+02
2.265016326904296875e+02
2.709739685058593750e+02
2.382116241455078125e+02
2.322081756591796875e+02
2.738850402832031250e+02
2.298935089111328125e+02
2.319821014404296875e+02
8.775284576416015625e+01
7.352261352539062500e+01
6.343323898315429688e+01
8.971622467041015625e+01
9.153898620605468750e+01
1.031363143920898438e+02
8.876662445068359375e+01
1.109581756591796875e+02
1.289853210449218750e+02
1.200789871215820312e+02
1.214209518432617188e+02
1.275002746582031250e+02
1.171276245117187500e+02
1.323555450439453125e+02
1.420128784179687500e+02
1.267152252197265625e+02
1.559976654052734375e+02
1.559913482666015625e+02
1.666135025024414062e+01
9.863695144653320312e+00
1.973445510864257812e+01
1.825180625915527344e+01
1.650169181823730469e+01
2.510729598999023438e+01
1.580319404602050781e+01
2.204617118835449219e+01
2.426075363159179688e+01
1.044517803192138672e+01
1.211137008666992188e+01
1.215420436859130859e+01
1.866343116760253906e+01
2.246090316772460938e+01
1.997102737426757812e+01
2.940250587463378906e+01
2.973711967468261719e+01
2.955494499206542969e+01
-2.711406555175781250e+02
-2.643132934570312500e+02
-1.899631958007812500e+02
-2.322608489990234375e+02
-2.354779510498046875e+02
-1.694001159667968750e+02
-1.804889068603515625e+02
-2.150861663818359375e+02
-1.875138854980468750e+02
7.297448515892028809e-01
9.328584671020507812e-01
-8.306562423706054688e+00
-4.069276809692382812e+00
-9.623893737792968750e+00
-1.730105590820312500e+01
-4.124897480010986328e+00
-6.284361362457275391e+00
-1.333705234527587891e+01
-1.227085962891578674e-01
-5.356737971305847168e-02
5.532078072428703308e-02
8.545936644077301025e-02
-2.358636558055877686e-01
-1.737726926803588867e-01
2.215688824653625488e-01
1.455975621938705444e-01
-8.324459940195083618e-02
-3.767284393310546875e+00
-1.229476642608642578e+01
-1.424792480468750000e+01
-5.244574069976806641e+00
-1.585705947875976562e+01
-1.637634277343750000e+01
-6.734636306762695312e+00
-1.451598453521728516e+01
-1.421616840362548828e+01
-7.921968841552734375e+01
-5.134208297729492188e+01
-5.344776153564453125e+01
-8.881458282470703125e+01
-4.899995803833007812e+01
-5.990723419189453125e+01
-7.390815734863281250e+01
-3.545188522338867188e+01
-4.538112258911132812e+01
-8.366237640380859375e+01
-7.100778198242187500e+01
-1.880872726440429688e+01
-5.465554809570312500e+01
-3.753125000000000000e+01
1.973179054260253906e+01
-4.348983383178710938e+01
-3.313190078735351562e+01
1.148687171936035156e+01
-2.442164001464843750e+02
-1.769254302978515625e+02
-1.841502075195312500e+02
-2.407753295898437500e+02
-1.577228393554687500e+02
-1.725354003906250000e+02
-2.254644317626953125e+02
-1.364425964355468750e+02
-1.816004028320312500e+02
5.600960254669189453e+00
6.151747703552246094e+00
5.887831687927246094e+00
-6.083547592163085938e+00
-7.573850154876708984e+00
-1.046715068817138672e+01
-5.255435466766357422e+00
-8.089277267456054688e+00
-7.484898567199707031e+00
-1.045048599243164062e+02
-6.640438079833984375e+01
-7.795730590820312500e+01
-1.187866516113281250e+02
-6.953234863281250000e+01
-7.535192108154296875e+01
-9.670007324218750000e+01
-2.791399383544921875e+01
-5.125550842285156250e+01
-3.334819641113281250e+02
-3.190931701660156250e+02
-2.027410736083984375e+02
-3.184047851562500000e+02
-2.670867614746093750e+02
-1.528957366943359375e+02
-2.285865020751953125e+02
-2.122413177490234375e+02
-1.479592590332031250e+02
-2.436755218505859375e+02
-2.612122802734375000e+02
-2.195175323486328125e+02
-2.339597320556640625e+02
-2.517796936035156250e+02
-2.040299072265625000e+02
-2.087367401123046875e+02
-2.060381011962890625e+02
-1.524082489013671875e+02
-4.561659240722656250e+01
-4.339189529418945312e+01
-4.518080139160156250e+01
-3.791180801391601562e+01
-5.072832107543945312e+01
-6.106214523315429688e+01
-3.580202865600585938e+01
-5.452363586425781250e+01
-6.178126525878906250e+01
-3.799666976928710938e+01
-4.958755874633789062e+01
-2.884745025634765625e+01
-5.052500915527343750e+01
-5.176533508300781250e+01
-2.740252494812011719e+01
-5.223070907592773438e+01
-4.701139068603515625e+01
-3.111083984375000000e+01
-3.537588500976562500e+01
-3.690706253051757812e+01
-3.120995140075683594e+01
-3.969892883300781250e+01
-3.513183212280273438e+01
-3.271596527099609375e+01
-4.170407867431640625e+01
-3.077536392211914062e+01
-3.012677764892578125e+01
-7.466185569763183594e+00
-2.345502376556396484e+00
-4.664993286132812500e+00
-1.013103485107421875e+01
-1.365391731262207031e+00
-3.010774612426757812e+00
-7.862303733825683594e+00
-2.941698551177978516e+00
-4.760044574737548828e+00
-3.088510751724243164e+00
-6.467954635620117188e+00
-8.768309593200683594e+00
1.557489275932312012e+00
2.922289609909057617e+00
1.445672512054443359e+00
-4.234335899353027344e+00
-3.367972612380981445e+00
-1.217662811279296875e+00
9.010168457031250000e+01
1.080567016601562500e+02
1.119350280761718750e+02
1.129225616455078125e+02
1.426456298828125000e+02
1.500792236328125000e+02
9.709986114501953125e+01
1.283792266845703125e+02
1.366575012207031250e+02
7.788066864013671875e-01
2.891962051391601562e+00
-2.698238611221313477e+00
6.788866519927978516e-01
5.664536476135253906e+00
4.644034385681152344e+00
3.399387598037719727e-01
4.206006526947021484e+00
3.285618782043457031e+00
1.760498732328414917e-01
1.951692104339599609e-01
7.543127238750457764e-02
2.010750025510787964e-01
4.144095182418823242e-01
1.656757444143295288e-01
2.045643180608749390e-01
1.330958753824234009e-01
-2.828521467745304108e-02
8.781921386718750000e+00
6.690023422241210938e+00
7.009741663932800293e-01
8.081390380859375000e+00
6.843050003051757812e+00
1.906697452068328857e-01
5.436872005462646484e+00
3.080875158309936523e+00
-7.213270068168640137e-01
5.108059310913085938e+01
5.857992935180664062e+01
6.691214752197265625e+01
3.107259368896484375e+01
4.050012588500976562e+01
5.356807708740234375e+01
2.890514373779296875e+01
3.719014739990234375e+01
5.379619979858398438e+01
6.275504827499389648e-01
2.337633514404296875e+01
6.191071701049804688e+01
-7.619696617126464844e+00
9.933653831481933594e+00
5.123201370239257812e+01
-3.148557662963867188e+00
6.661674499511718750e+00
4.074302673339843750e+01
6.414901733398437500e+01
5.305712509155273438e+01
2.748829078674316406e+01
8.434894561767578125e+01
8.852862548828125000e+01
5.970023727416992188e+01
6.345623397827148438e+01
9.461795806884765625e+01
7.581143951416015625e+01
7.377821445465087891e+00
7.811295986175537109e+00
6.909369468688964844e+00
1.299806714057922363e+00
-1.190325319766998291e-01
-1.062697291374206543e+00
6.496399044990539551e-01
-7.834714651107788086e-02
-5.619427561759948730e-01
4.665960311889648438e+01
4.296167373657226562e+01
2.370482254028320312e+01
3.965792083740234375e+01
4.621213150024414062e+01
3.227173995971679688e+01
4.138283538818359375e+01
4.841623306274414062e+01
2.931028556823730469e+01
-2.192294120788574219e+00
-1.161297893524169922e+01
3.912283325195312500e+01
6.958550262451171875e+01
5.681652832031250000e+01
9.100085449218750000e+01
1.028135223388671875e+02
1.019381484985351562e+02
1.007200012207031250e+02
1.256771163940429688e+02
1.358806152343750000e+02
1.604106597900390625e+02
1.279606323242187500e+02
1.335128936767578125e+02
1.470699462890625000e+02
1.265418319702148438e+02
1.332000122070312500e+02
1.345616149902343750e+02
-4.826467037200927734e+00
2.531486511230468750e+01
-8.916355133056640625e+00
2.019371509552001953e+00
2.673788833618164062e+01
-2.147136926651000977e+00
-8.393321037292480469e+00
6.365736007690429688e+00
-1.794285964965820312e+01
1.603969383239746094e+01
3.253282010555267334e-01
-9.894714355468750000e+00
2.153018569946289062e+01
4.378598690032958984e+00
-2.908471822738647461e+00
1.615243911743164062e+01
8.471847534179687500e+00
1.208798503875732422e+01
-1.060402107238769531e+01
-1.027759456634521484e+01
-2.279275178909301758e+00
-8.237579345703125000e+00
-3.550427436828613281e+00
8.291552662849426270e-01
-3.656241893768310547e+00
-1.403178334236145020e+00
2.775422811508178711e+00
4.126032352447509766e+00
1.602864861488342285e+00
7.699676752090454102e-01
1.602051615715026855e+00
1.443177103996276855e+00
1.323643326759338379e+00
5.816134810447692871e-01
-9.209727644920349121e-01
-6.750373840332031250e-01
2.051017433404922485e-01
1.336535960435867310e-01
-5.354008078575134277e-02
2.387814283370971680e+00
2.466563463211059570e+00
4.310224056243896484e+00
1.032686948776245117e+00
2.235172748565673828e+00
1.369668722152709961e+00
2.469195098876953125e+02
2.861907043457031250e+02
2.627088012695312500e+02
3.030122070312500000e+02
3.416338806152343750e+02
2.993788757324218750e+02
3.215823364257812500e+02
3.293340454101562500e+02
2.826127319335937500e+02
1.985873430967330933e-01
-9.328812956809997559e-01
-2.041910648345947266e+00
-1.439808964729309082e+00
-2.535274028778076172e+00
2.307739704847335815e-01
-4.174774169921875000e+00
-3.546678066253662109e+00
6.431468725204467773e-01
4.477465152740478516e-02
1.477600485086441040e-01
2.138324826955795288e-01
-5.553704500198364258e-02
-7.204200327396392822e-02
8.970826864242553711e-02
3.401232063770294189e-01
7.696734368801116943e-02
1.923262178897857666e-01
6.517970561981201172e+00
1.104932665824890137e+00
1.724910259246826172e+00
3.329519748687744141e+00
4.777785539627075195e-01
1.879686594009399414e+00
2.292492866516113281e+00
1.619031429290771484e+00
2.224786281585693359e+00
1.344552154541015625e+02
1.613616638183593750e+02
1.699259796142578125e+02
1.270599670410156250e+02
1.494408416748046875e+02
1.569472808837890625e+02
1.321082763671875000e+02
1.493130035400390625e+02
1.521646118164062500e+02
1.239854583740234375e+02
1.776442413330078125e+02
1.855359649658203125e+02
1.547230072021484375e+02
1.882467498779296875e+02
1.786056060791015625e+02
1.542951202392578125e+02
1.633124847412109375e+02
1.383769073486328125e+02
6.895881652832031250e+01
8.501669311523437500e+01
8.682875823974609375e+01
9.409076690673828125e+01
1.201660156250000000e+02
1.129950408935546875e+02
1.071253509521484375e+02
1.303215789794921875e+02
1.147584838867187500e+02
1.831164550781250000e+01
1.777935791015625000e+01
1.351567649841308594e+01
7.772229194641113281e+00
1.210164308547973633e+00
2.406401157379150391e+00
-5.266887545585632324e-01
-4.702862262725830078e+00
-1.954031229019165039e+00
4.939595031738281250e+01
5.830683898925781250e+01
8.434193420410156250e+01
5.968075561523437500e+01
9.611666870117187500e+01
1.182261352539062500e+02
9.595757293701171875e+01
1.379536895751953125e+02
1.481531677246093750e+02
1.604995574951171875e+02
2.306139221191406250e+02
2.819006042480468750e+02
2.542704315185546875e+02
3.115967407226562500e+02
3.093269348144531250e+02
3.170787048339843750e+02
3.373843688964843750e+02
3.094805603027343750e+02
2.492251434326171875e+02
3.338205261230468750e+02
4.078405761718750000e+02
2.970871582031250000e+02
3.828847045898437500e+02
4.387215270996093750e+02
3.654440917968750000e+02
4.365592041015625000e+02
4.544400024414062500e+02
4.691197967529296875e+01
2.856146049499511719e+01
1.081329631805419922e+01
3.391246795654296875e+01
1.214994812011718750e+01
-8.095219135284423828e-01
2.348899459838867188e+01
6.567120075225830078e+00
6.153429031372070312e+00
2.468003749847412109e+00
-3.378604054450988770e-01
3.854618072509765625e+00
3.656364679336547852e-01
6.114202022552490234e+00
1.256205844879150391e+01
-2.179759025573730469e+00
1.624314689636230469e+01
1.066638565063476562e+01
4.522102355957031250e+01
4.793497467041015625e+01
4.766931152343750000e+01
4.063065338134765625e+01
4.157789993286132812e+01
4.470359420776367188e+01
3.867581939697265625e+01
4.342658233642578125e+01
5.002530670166015625e+01
2.490061998367309570e+00
2.762811183929443359e+00
7.814771533012390137e-01
1.774296998977661133e+00
6.844398379325866699e-01
7.794526219367980957e-02
1.360335350036621094e-01
1.824202179908752441e+00
8.516758084297180176e-01
5.263107776641845703e+00
6.066655158996582031e+00
4.496093273162841797e+00
9.722018241882324219e+00
6.701026439666748047e+00
5.600486278533935547e+00
2.602686166763305664e+00
1.280762910842895508e+00
1.366542339324951172e+00
1.509737396240234375e+02
1.354389190673828125e+02
1.102756271362304688e+02
1.933808288574218750e+02
1.857250366210937500e+02
1.844883270263671875e+02
1.668962707519531250e+02
1.535214385986328125e+02
1.868634185791015625e+02
6.720502853393554688e+00
7.838968753814697266e+00
1.263380908966064453e+01
7.676166534423828125e+00
3.619477748870849609e+00
1.366252517700195312e+01
5.611487865447998047e+00
6.595796108245849609e+00
2.215778541564941406e+01
1.663953661918640137e-01
-1.445663273334503174e-01
-6.000117957592010498e-02
2.870978713035583496e-01
4.787225425243377686e-01
5.155006647109985352e-01
1.105650886893272400e-01
-5.500406771898269653e-02
1.268418282270431519e-01
8.496201515197753906e+00
1.204148292541503906e+01
1.164245033264160156e+01
1.313259410858154297e+01
1.971776962280273438e+01
2.259089469909667969e+01
1.053738975524902344e+01
1.972313308715820312e+01
2.511115074157714844e+01
6.125361251831054688e+01
7.157148742675781250e+01
6.218923568725585938e+01
5.142204666137695312e+01
6.300056838989257812e+01
6.346495437622070312e+01
3.694660568237304688e+01
5.231357955932617188e+01
4.685081100463867188e+01
5.355243682861328125e+01
2.011301803588867188e+01
8.763897895812988281e+00
4.694234085083007812e+01
2.007493257522583008e+00
-1.201045703887939453e+01
2.455018043518066406e+01
-2.024638175964355469e+01
-3.192615127563476562e+01
1.849990234375000000e+02
2.532388610839843750e+02
2.214532928466796875e+02
3.227293701171875000e+02
3.962699279785156250e+02
3.427993164062500000e+02
4.340426940917968750e+02
4.743366088867187500e+02
4.153993835449218750e+02
1.886216735839843750e+01
2.019037246704101562e+01
2.047977066040039062e+01
1.564473533630371094e+01
1.788190078735351562e+01
1.850135421752929688e+01
6.982601284980773926e-01
4.921093463897705078e+00
8.975770950317382812e+00
1.063930740356445312e+02
1.216428298950195312e+02
7.710154724121093750e+01
8.888825225830078125e+01
1.249871215820312500e+02
8.098084259033203125e+01
5.713336181640625000e+01
8.114723968505859375e+01
3.836587142944335938e+01
2.876172485351562500e+02
2.432183074951171875e+02
1.572673797607421875e+02
3.716244812011718750e+02
3.407928161621093750e+02
2.000124511718750000e+02
4.030896606445312500e+02
3.656959533691406250e+02
2.415376129150390625e+02
2.555478515625000000e+02
2.418014526367187500e+02
1.557292785644531250e+02
2.709091186523437500e+02
2.538870849609375000e+02
1.582721557617187500e+02
2.187187652587890625e+02
2.023586273193359375e+02
1.346141815185546875e+02
6.877794647216796875e+01
7.113857269287109375e+01
6.780956268310546875e+01
8.794020080566406250e+01
1.015130538940429688e+02
1.149022598266601562e+02
6.567319488525390625e+01
8.581333160400390625e+01
1.024547653198242188e+02
1.807983970642089844e+01
4.560506057739257812e+01
4.115932464599609375e+01
5.777325439453125000e+01
7.979890441894531250e+01
8.242790985107421875e+01
7.710246276855468750e+01
1.118805847167968750e+02
1.016085281372070312e+02
2.183012962341308594e+01
1.947750663757324219e+01
1.109855556488037109e+01
3.275046157836914062e+01
3.922183227539062500e+01
2.833790397644042969e+01
4.239974594116210938e+01
4.936334991455078125e+01
4.108216857910156250e+01
6.709452152252197266e+00
1.247729206085205078e+01
7.730244636535644531e+00
1.458538341522216797e+01
2.095220184326171875e+01
1.462707805633544922e+01
1.041805839538574219e+01
1.535824871063232422e+01
1.035101222991943359e+01
4.186438083648681641e+00
5.066188335418701172e+00
1.885004878044128418e+00
1.380319499969482422e+01
1.005823135375976562e+01
1.795642077922821045e-02
2.117927360534667969e+01
2.043300056457519531e+01
1.330485343933105469e+01
5.481181030273437500e+02
1.224772186279296875e+02
1.248068809509277344e+00
3.208620605468750000e+02
3.236413955688476562e+01
-4.215871047973632812e+01
1.945020141601562500e+02
-1.944588661193847656e+01
-2.065877342224121094e+01
1.236682224273681641e+01
1.865547370910644531e+01
3.973312377929687500e+01
1.215450382232666016e+01
7.628009033203125000e+01
7.350759124755859375e+01
2.185432815551757812e+01
5.440224838256835938e+01
2.118914413452148438e+01
2.274694204330444336e+00
-1.062592983245849609e+00
-1.445067286491394043e+00
-8.689496517181396484e-01
-8.971049785614013672e-01
1.576742291450500488e+00
-2.188448905944824219e-01
-6.713212132453918457e-01
7.570763230323791504e-01
4.977083206176757812e+00
-1.841771316528320312e+01
-6.590334415435791016e+00
-8.893345832824707031e+00
-1.796388435363769531e+01
-1.873346686363220215e+00
4.458833217620849609e+00
-3.714714050292968750e-01
2.491919279098510742e+00
5.945982360839843750e+01
4.756881332397460938e+01
1.352770423889160156e+01
-7.778955841064453125e+01
-4.127884387969970703e+00
-2.111660385131835938e+01
-5.882274246215820312e+01
-5.914196014404296875e+01
-4.836089706420898438e+01
2.473335838317871094e+01
-1.582176494598388672e+01
-1.270530033111572266e+01
-3.099426651000976562e+01
-6.172999954223632812e+01
-8.548120117187500000e+01
5.377533912658691406e+00
3.448965549468994141e+00
-5.376660919189453125e+01
1.741800384521484375e+02
2.643300170898437500e+02
1.354477386474609375e+02
3.138948364257812500e+02
3.668525695800781250e+02
2.417199554443359375e+02
2.794971313476562500e+02
2.828387451171875000e+02
1.971647033691406250e+02
-1.469750595092773438e+01
-5.581266403198242188e+00
3.589010953903198242e+00
-5.646631240844726562e+00
6.617392301559448242e-01
1.069673156738281250e+01
6.350998687744140625e+01
5.699532318115234375e+01
6.557878875732421875e+01
1.598274993896484375e+02
1.975016326904296875e+02
6.224018859863281250e+01
6.433342742919921875e+01
1.008459777832031250e+02
4.326363372802734375e+01
2.942742729187011719e+01
7.915531921386718750e+01
-5.056213378906250000e+01
2.041769561767578125e+02
2.049997329711914062e+01
-8.069169616699218750e+01
3.770236816406250000e+02
6.022589111328125000e+01
-9.547901916503906250e+01
6.423291015625000000e+02
2.967861938476562500e+02
1.814557800292968750e+02
4.747393493652343750e+02
3.230415344238281250e+02
1.644012451171875000e+02
2.554016723632812500e+02
9.493115234375000000e+01
1.943525314331054688e+01
1.474415283203125000e+02
-3.017083358764648438e+01
-1.424339447021484375e+02
1.749322509765625000e+02
4.720537567138671875e+01
-4.476181507110595703e+00
1.335200653076171875e+02
6.791009521484375000e+01
1.895278472900390625e+02
1.209228363037109375e+02
1.803124847412109375e+02
2.789299926757812500e+02
2.268349838256835938e+01
9.887190246582031250e+01
7.153914642333984375e+01
1.577525177001953125e+02
1.529100341796875000e+02
6.560423278808593750e+01
9.604225158691406250e+01
1.145769042968750000e+02
5.810974121093750000e+01
2.301615524291992188e+01
1.443905448913574219e+01
3.397554779052734375e+01
2.308481788635253906e+01
5.176723480224609375e+01
1.886092185974121094e+01
2.771916389465332031e+01
6.188080215454101562e+01
3.656063079833984375e+01
-9.353462219238281250e+00
-2.494225502014160156e-01
5.951430797576904297e+00
-1.413017082214355469e+01
-6.930557250976562500e+00
1.782626914978027344e+01
-2.906265020370483398e+00
-2.491304159164428711e+00
-6.583230495452880859e-01
-1.653435516357421875e+01
-1.550883769989013672e+01
-2.189098358154296875e+01
8.148442840576171875e+01
1.037675704956054688e+02
1.305774383544921875e+02
4.639881896972656250e+01
6.166020584106445312e+01
8.253498077392578125e+01
1.678704528808593750e+02
1.816086425781250000e+02
1.581324615478515625e+02
2.058532714843750000e+02
2.156267242431640625e+02
1.863531799316406250e+02
2.300203552246093750e+02
2.320960388183593750e+02
1.928174591064453125e+02
1.337846851348876953e+01
1.603182411193847656e+01
1.328716182708740234e+01
1.386530876159667969e+01
1.833188819885253906e+01
9.405985832214355469e+00
1.445903301239013672e+01
1.473309803009033203e+01
8.958621978759765625e+00
6.989422719925642014e-03
-9.680887311697006226e-02
-2.850308082997798920e-02
-2.551544923335313797e-03
5.192364379763603210e-02
-2.135631144046783447e-01
3.489255160093307495e-02
3.176189363002777100e-01
-2.146083861589431763e-04
5.462194681167602539e-01
3.766267895698547363e-01
-9.886316299438476562e+00
1.924306035041809082e+00
-1.140493869781494141e+00
-9.075833320617675781e+00
2.510596752166748047e+00
-1.727555751800537109e+00
-5.122581005096435547e+00
2.314127540588378906e+01
9.646644592285156250e+00
1.378267383575439453e+01
2.026606369018554688e+01
5.129178524017333984e+00
1.466267681121826172e+01
1.303382682800292969e+01
3.938310861587524414e+00
1.672240257263183594e+01
8.805560302734375000e+01
8.888143920898437500e+01
9.501319885253906250e+01
8.699854278564453125e+01
9.468352508544921875e+01
1.019383010864257812e+02
9.397814178466796875e+01
1.040546951293945312e+02
1.046785507202148438e+02
-1.618590240478515625e+02
-1.572196044921875000e+02
-8.013726043701171875e+01
-1.695945587158203125e+02
-1.447086181640625000e+02
-7.669918060302734375e+01
-1.242424468994140625e+02
-9.022153472900390625e+01
-5.651116561889648438e+01
7.798255681991577148e-01
6.907230615615844727e-01
-1.056306004524230957e+00
-7.448148727416992188e-01
-1.112209916114807129e+00
-2.651339530944824219e+00
1.721396483480930328e-02
-3.782244920730590820e+00
-4.569439411163330078e+00
6.459156799316406250e+01
6.036438369750976562e+01
8.479738616943359375e+01
5.783387374877929688e+01
6.344450378417968750e+01
8.996753692626953125e+01
6.141830062866210938e+01
7.180098724365234375e+01
9.271682739257812500e+01
1.694202728271484375e+02
1.916404266357421875e+02
2.356903839111328125e+02
1.723654785156250000e+02
2.095135803222656250e+02
2.564095764160156250e+02
1.412745666503906250e+02
2.037840118408203125e+02
2.086273345947265625e+02
-2.090399169921875000e+01
1.541283798217773438e+01
6.184749603271484375e+00
5.627804279327392578e+00
3.299881744384765625e+01
-8.906939029693603516e-01
1.618935394287109375e+01
3.768886947631835938e+01
-9.097815513610839844e+00
9.856190490722656250e+01
1.261154479980468750e+02
9.239511108398437500e+01
1.403982696533203125e+02
1.566926269531250000e+02
1.106126098632812500e+02
1.331589508056640625e+02
1.183556518554687500e+02
9.196802520751953125e+01
-2.651534843444824219e+01
-4.243673706054687500e+01
-2.586773681640625000e+01
-3.975286102294921875e+01
-3.737053298950195312e+01
-3.491894960403442383e+00
-1.041741561889648438e+01
-1.624000167846679688e+01
1.463610935211181641e+01
7.292564392089843750e+01
6.959974670410156250e+01
7.092090606689453125e+01
7.157621765136718750e+01
6.857279205322265625e+01
7.401430511474609375e+01
6.731303405761718750e+01
7.210855102539062500e+01
7.932758331298828125e+01
-6.614887714385986328e+00
-1.531145477294921875e+01
-1.129589843750000000e+01
-1.144042301177978516e+01
-1.694700431823730469e+01
-8.580181121826171875e+00
-1.035852718353271484e+01
-1.377743816375732422e+01
-8.833844184875488281e+00
4.976447582244873047e+00
5.937076091766357422e+00
8.633598327636718750e+00
-1.510138225555419922e+01
-1.702087783813476562e+01
-1.537425899505615234e+01
-2.017536163330078125e+01
-2.013880157470703125e+01
-1.815614700317382812e+01
1.842934265136718750e+02
1.951684875488281250e+02
1.953356475830078125e+02
2.824968261718750000e+02
2.926396484375000000e+02
2.719146728515625000e+02
3.261402587890625000e+02
3.207803344726562500e+02
2.938206481933593750e+02
-5.210901498794555664e-01
-3.622664213180541992e+00
-1.063156604766845703e+00
-7.235470771789550781e+00
-1.172899341583251953e+01
-4.333829879760742188e+00
-5.670515537261962891e+00
-8.728887557983398438e+00
3.660393238067626953e+00
3.652873635292053223e-01
5.891770869493484497e-02
1.412725299596786499e-01
2.129574716091156006e-01
1.298454552888870239e-01
1.511105597019195557e-01
4.553896784782409668e-01
4.915059357881546021e-02
3.735781908035278320e-01
5.149690151214599609e+00
3.384267807006835938e+00
3.602635383605957031e+00
3.762316703796386719e+00
6.435177803039550781e+00
7.670889854431152344e+00
2.944196939468383789e+00
6.618370056152343750e+00
8.944480895996093750e+00
1.471505737304687500e+02
1.764955596923828125e+02
1.688632202148437500e+02
1.496112213134765625e+02
1.861865081787109375e+02
1.872074890136718750e+02
1.364073791503906250e+02
1.664599456787109375e+02
1.679762268066406250e+02
1.165012588500976562e+02
1.277978820800781250e+02
1.446888427734375000e+02
1.392702789306640625e+02
1.409395599365234375e+02
1.480966644287109375e+02
1.274599990844726562e+02
1.150721664428710938e+02
1.126558837890625000e+02
6.785968780517578125e+01
1.363730773925781250e+02
1.293859863281250000e+02
1.224383773803710938e+02
1.873159179687500000e+02
1.729525909423828125e+02
1.924207916259765625e+02
2.217193756103515625e+02
2.050952606201171875e+02
2.081823539733886719e+01
1.879601860046386719e+01
1.958411598205566406e+01
1.224345397949218750e+01
1.248181343078613281e+01
1.467265415191650391e+01
-5.790831089019775391e+00
-4.099598884582519531e+00
-1.541567564010620117e+00
6.530889129638671875e+01
1.082226791381835938e+02
8.600886535644531250e+01
8.503111267089843750e+01
1.671584777832031250e+02
1.334582519531250000e+02
1.002367935180664062e+02
1.588618774414062500e+02
1.279880065917968750e+02
1.483193817138671875e+02
1.752663726806640625e+02
2.168030090332031250e+02
2.621809692382812500e+02
2.899779052734375000e+02
2.827658386230468750e+02
2.914194946289062500e+02
2.966731872558593750e+02
2.440591888427734375e+02
3.688755187988281250e+02
3.973960876464843750e+02
4.158352050781250000e+02
4.415091247558593750e+02
4.640993041992187500e+02
4.802580566406250000e+02
4.588724670410156250e+02
4.813284912109375000e+02
4.810103149414062500e+02
1.279110622406005859e+01
5.452734470367431641e+00
6.709892302751541138e-02
2.172178459167480469e+01
1.310972595214843750e+01
1.008841896057128906e+01
-3.611127853393554688e+00
-1.905505943298339844e+01
-7.670777320861816406e+00
-5.488969326019287109e+00
1.163438892364501953e+01
1.315979480743408203e+01
-9.719741821289062500e+00
1.618506240844726562e+01
2.572925186157226562e+01
8.507657051086425781e+00
3.012389183044433594e+01
2.751772308349609375e+01
1.169605255126953125e+01
1.058461952209472656e+01
1.417694377899169922e+01
1.817713165283203125e+01
2.456972503662109375e+01
3.192938613891601562e+01
1.994018936157226562e+01
2.930990028381347656e+01
4.036843490600585938e+01
-7.420345544815063477e-01
6.179294586181640625e+00
1.989477157592773438e+00
2.216942548751831055e+00
1.023757076263427734e+01
6.726905822753906250e+00
4.603444576263427734e+00
9.005247116088867188e+00
8.796497344970703125e+00
1.038890171051025391e+01
1.176932621002197266e+01
1.252643013000488281e+01
-2.031981468200683594e+00
-3.661264896392822266e+00
-6.191679477691650391e+00
7.428668022155761719e+00
6.211215972900390625e+00
1.979774713516235352e+00
5.021570129394531250e+02
5.346990356445312500e+02
6.836179809570312500e+02
4.173962707519531250e+02
4.936498107910156250e+02
6.728294067382812500e+02
2.946094665527343750e+02
4.206771850585937500e+02
6.172647705078125000e+02
1.002273368835449219e+01
1.598495483398437500e+01
2.314613533020019531e+01
1.733281517028808594e+01
1.588040065765380859e+01
3.270976638793945312e+01
1.531468772888183594e+01
1.132531261444091797e+01
2.774247550964355469e+01
8.287990689277648926e-01
1.869873516261577606e-02
5.864028334617614746e-01
1.533126235008239746e-01
6.590939164161682129e-01
4.462102949619293213e-01
2.082323580980300903e-01
6.093633547425270081e-02
6.690428853034973145e-01
4.322880172729492188e+01
5.507764816284179688e+01
7.308926391601562500e+01
4.848252868652343750e+01
6.379503250122070312e+01
8.005127716064453125e+01
4.676991271972656250e+01
6.145820999145507812e+01
6.957520294189453125e+01
1.088406219482421875e+02
1.445116119384765625e+02
1.262835617065429688e+02
6.229972076416015625e+01
9.993166351318359375e+01
8.930031585693359375e+01
1.090292434692382812e+02
1.295100402832031250e+02
9.845857238769531250e+01
2.357688522338867188e+01
1.161994743347167969e+01
2.098672485351562500e+01
-1.119336128234863281e+00
-1.714999961853027344e+01
1.729788017272949219e+01
1.008870792388916016e+01
7.101531028747558594e+00
4.933253097534179688e+01
1.579524291992187500e+03
1.643565917968750000e+03
1.485314331054687500e+03
1.684730590820312500e+03
1.719286743164062500e+03
1.558621826171875000e+03
1.571052368164062500e+03
1.611656250000000000e+03
1.514661132812500000e+03
1.379922962188720703e+01
1.854513549804687500e+01
1.400765514373779297e+01
1.352422142028808594e+01
1.176782798767089844e+01
1.467244625091552734e+01
3.419894790649414062e+01
3.033480262756347656e+01
2.889505386352539062e+01
2.341028747558593750e+02
2.473429260253906250e+02
1.517201080322265625e+02
1.408505249023437500e+02
1.629907989501953125e+02
7.562827301025390625e+01
6.738426971435546875e+01
9.883170318603515625e+01
5.114914703369140625e+01
1.060157836914062500e+03
9.756520385742187500e+02
9.244107055664062500e+02
1.051545166015625000e+03
9.314697875976562500e+02
8.919074707031250000e+02
1.014766845703125000e+03
9.536495361328125000e+02
9.717653808593750000e+02
5.788517456054687500e+02
5.406068725585937500e+02
5.622047119140625000e+02
4.337929992675781250e+02
3.358892211914062500e+02
4.097294311523437500e+02
3.650377197265625000e+02
2.877088317871093750e+02
3.873647460937500000e+02
1.842133178710937500e+02
2.166814422607421875e+02
2.900446777343750000e+02
2.211051635742187500e+02
2.694477539062500000e+02
3.665821228027343750e+02
2.441538543701171875e+02
2.976572265625000000e+02
3.855859985351562500e+02
2.332413940429687500e+02
2.839803771972656250e+02
2.337405700683593750e+02
2.890031127929687500e+02
3.416181945800781250e+02
2.686571960449218750e+02
2.589915771484375000e+02
2.992794799804687500e+02
2.551028442382812500e+02
4.742155838012695312e+01
6.296654891967773438e+01
7.099562835693359375e+01
5.908675384521484375e+01
6.484632873535156250e+01
5.747240829467773438e+01
6.524588775634765625e+01
6.429064178466796875e+01
5.946231079101562500e+01
5.193622589111328125e+01
6.922445678710937500e+01
5.549972915649414062e+01
6.944025421142578125e+01
8.656275939941406250e+01
6.250751113891601562e+01
7.185380554199218750e+01
8.062156677246093750e+01
6.215668869018554688e+01
6.922837829589843750e+01
7.585218048095703125e+01
6.526609802246093750e+01
1.210113220214843750e+02
1.246011123657226562e+02
1.148345947265625000e+02
1.095331954956054688e+02
1.152638626098632812e+02
1.149852676391601562e+02
3.754917907714843750e+01
3.035188293457031250e+01
2.383589363098144531e+01
2.116765213012695312e+01
2.074491119384765625e+01
1.546341323852539062e+01
9.997512817382812500e+00
4.971945762634277344e+00
1.132256126403808594e+01
-2.970026135444641113e-01
3.012321889400482178e-01
5.547850131988525391e-01
6.090459227561950684e-01
3.635330438613891602e+00
4.667618274688720703e+00
5.287200957536697388e-02
3.140075206756591797e+00
3.279065132141113281e+00
2.865927666425704956e-02
6.509903073310852051e-02
2.470970898866653442e-02
-1.221506521105766296e-01
3.415883332490921021e-02
-2.381489425897598267e-02
-5.158889107406139374e-03
9.089037775993347168e-03
1.260510236024856567e-01
2.041189670562744141e+00
1.518528461456298828e+00
1.669977545738220215e+00
1.532504439353942871e+00
6.403397917747497559e-01
2.313487529754638672e-01
1.767980575561523438e+00
2.618088722229003906e-01
-5.642756223678588867e-01
1.290963554382324219e+01
1.174466896057128906e+01
5.652782917022705078e+00
1.211126804351806641e+01
9.999897956848144531e+00
4.148421287536621094e+00
1.425689315795898438e+01
1.168693637847900391e+01
8.134562492370605469e+00
9.343949317932128906e+00
7.304965019226074219e+00
4.842329502105712891e+00
9.925215721130371094e+00
5.309821605682373047e+00
2.139385461807250977e+00
7.644617080688476562e+00
6.070970058441162109e+00
2.221173763275146484e+00
5.743725585937500000e+01
3.424700927734375000e+01
1.532622337341308594e+01
5.513034057617187500e+01
3.479169464111328125e+01
1.367176246643066406e+01
4.145277023315429688e+01
2.672723388671875000e+01
1.813676071166992188e+01
-8.269332349300384521e-02
5.241530537605285645e-01
3.192115783691406250e+00
-6.544568538665771484e-01
-6.126277446746826172e-01
1.250105738639831543e+00
2.190551757812500000e+00
2.333516120910644531e+00
1.054804205894470215e+00
1.973353576660156250e+01
1.545178222656250000e+01
2.537144184112548828e+00
2.519050407409667969e+01
9.577076911926269531e+00
2.046401977539062500e+00
2.588530349731445312e+01
7.927312374114990234e+00
9.163242578506469727e-01
2.911191558837890625e+01
5.140002727508544922e+00
6.769910335540771484e+00
2.837335968017578125e+01
-5.160035133361816406e+00
-9.060284614562988281e+00
3.838733673095703125e+01
1.978790664672851562e+01
1.668986701965332031e+01
4.292495346069335938e+01
2.086933708190917969e+01
2.543349838256835938e+01
5.417223739624023438e+01
3.277996063232421875e+01
2.134548377990722656e+01
5.206543350219726562e+01
3.843506622314453125e+01
2.766734313964843750e+01
6.102922439575195312e+00
7.079955577850341797e+00
1.538561058044433594e+01
-1.201573753356933594e+01
-8.055637359619140625e+00
-6.199131011962890625e+00
-4.987833499908447266e+00
3.826199054718017578e+00
3.992580175399780273e+00
3.775774717330932617e+00
-3.031189918518066406e+00
-8.476408958435058594e+00
1.815550041198730469e+01
8.224892616271972656e+00
-6.015832424163818359e+00
9.977204322814941406e+00
6.034516334533691406e+00
-6.675767898559570312e+00
1.875401854515075684e+00
4.636687338352203369e-01
1.838943719863891602e+00
-1.948300451040267944e-01
-9.301109313964843750e-01
5.195525288581848145e-01
3.055533409118652344e+00
2.137261867523193359e+00
1.341667652130126953e+00
2.556712150573730469e+00
2.691661834716796875e+00
5.556063652038574219e+00
2.700329065322875977e+00
-2.349600791931152344e-01
1.814490675926208496e+00
3.311831951141357422e+00
-5.770838260650634766e-01
2.114035129547119141e+00
-1.872769236564636230e+00
-2.114678382873535156e+00
-1.266565680503845215e+00
2.737146377563476562e+00
4.458949565887451172e+00
5.973449230194091797e+00
1.341630816459655762e+00
1.864760398864746094e+00
5.127892494201660156e+00
1.332785766601562500e+03
2.040277587890625000e+03
1.821132202148437500e+03
1.616698608398437500e+03
2.087670654296875000e+03
1.803229248046875000e+03
1.846727172851562500e+03
1.748478149414062500e+03
1.335922363281250000e+03
2.300214004516601562e+01
2.100143623352050781e+01
-7.438323020935058594e+00
-1.298924064636230469e+01
-2.386569404602050781e+01
-2.348978805541992188e+01
-2.171543312072753906e+01
-3.179130554199218750e+01
-3.714626312255859375e+01
1.682317852973937988e-01
2.837934017181396484e+00
-1.035477995872497559e+00
2.289706617593765259e-01
5.248906016349792480e-01
1.761853694915771484e-01
8.976535201072692871e-01
-1.559885621070861816e+00
-1.082745552062988281e+00
5.579692459106445312e+01
5.454752731323242188e+01
-1.866098594665527344e+01
3.307021331787109375e+01
3.568759679794311523e+00
-3.569983291625976562e+01
8.865245819091796875e+00
-2.524719810485839844e+01
-2.866152000427246094e+01
7.513527221679687500e+02
7.839763183593750000e+02
1.150107299804687500e+03
6.603025512695312500e+02
6.575137939453125000e+02
9.760721435546875000e+02
6.840748901367187500e+02
7.028807373046875000e+02
1.004165466308593750e+03
7.108629150390625000e+02
7.957561645507812500e+02
1.165914184570312500e+03
8.342537841796875000e+02
9.523222045898437500e+02
1.084748413085937500e+03
9.498415527343750000e+02
1.083087280273437500e+03
9.833323974609375000e+02
1.391018524169921875e+02
4.615560607910156250e+02
8.600093994140625000e+02
-2.556813354492187500e+02
2.236349945068359375e+02
7.295369873046875000e+02
-4.641363830566406250e+02
-7.672779083251953125e+00
4.090794372558593750e+02
7.278733062744140625e+01
9.143785095214843750e+01
2.262937545776367188e+01
-1.320559787750244141e+01
-4.288257980346679688e+01
-7.750413513183593750e+01
4.188964843750000000e+00
-3.852544784545898438e+01
-1.958251380920410156e+01
1.221407928466796875e+02
3.027142639160156250e+02
6.321950683593750000e+02
1.094667892456054688e+02
2.961350097656250000e+02
9.361969604492187500e+02
2.127693939208984375e+02
5.152147827148437500e+02
1.070954345703125000e+03
3.828117065429687500e+02
1.165233642578125000e+03
1.317862792968750000e+03
5.325125732421875000e+02
1.938890136718750000e+03
1.938458251953125000e+03
4.501193847656250000e+02
1.988443969726562500e+03
1.882226440429687500e+03
1.486803344726562500e+03
2.430471191406250000e+03
2.574469238281250000e+03
1.470809204101562500e+03
2.661103271484375000e+03
2.749666503906250000e+03
1.619357299804687500e+03
2.751989990234375000e+03
2.998130615234375000e+03
1.857501068115234375e+02
3.236828918457031250e+02
-1.387373046875000000e+02
1.891666412353515625e+02
6.698790740966796875e+01
-3.427689514160156250e+02
5.869209671020507812e+01
-1.418384857177734375e+02
-4.733355712890625000e+02
2.928733062744140625e+01
-1.537872619628906250e+02
5.987601470947265625e+01
-1.512955932617187500e+02
-2.503869323730468750e+02
1.053373870849609375e+02
-2.770870056152343750e+02
-1.916414642333984375e+02
9.399475097656250000e+01
1.025482559204101562e+02
1.381568756103515625e+02
1.113640213012695312e+02
7.841230773925781250e+01
1.050052642822265625e+02
7.635426330566406250e+01
1.741258239746093750e+01
5.703002548217773438e+01
8.186734771728515625e+01
4.535782623291015625e+01
3.403335571289062500e+01
3.268662261962890625e+01
-1.334543800354003906e+01
1.507276439666748047e+01
2.844009017944335938e+01
-3.268870353698730469e+00
-7.452616691589355469e+00
1.638127326965332031e+01
1.392306518554687500e+02
1.270087738037109375e+02
1.079615631103515625e+02
3.589190292358398438e+01
5.425810623168945312e+01
1.441515731811523438e+01
-2.246444129943847656e+01
-3.006215286254882812e+01
-5.236315917968750000e+01
8.358049774169921875e+01
8.345268249511718750e+01
9.839699554443359375e+01
1.254921340942382812e+02
1.148388290405273438e+02
1.334900054931640625e+02
1.592448883056640625e+02
1.443585052490234375e+02
1.556981811523437500e+02
-1.140593051910400391e+00
4.119772911071777344e-01
2.951730728149414062e+00
5.021073818206787109e-01
8.291445970535278320e-01
1.895936608314514160e+00
3.515691995620727539e+00
5.359284281730651855e-01
2.495478630065917969e+00
6.135321035981178284e-02
5.934255942702293396e-02
1.050197798758745193e-02
1.130355820059776306e-01
2.651467174291610718e-02
1.832066290080547333e-02
2.898383140563964844e-02
4.055448621511459351e-02
1.281109899282455444e-01
-6.597806513309478760e-02
-8.138955831527709961e-01
2.939150810241699219e+00
9.531885385513305664e-01
3.485463559627532959e-01
4.778453350067138672e+00
1.772587418556213379e+00
5.723451972007751465e-01
4.795921325683593750e+00
6.497666168212890625e+01
6.527038574218750000e+01
7.312827301025390625e+01
8.751837921142578125e+01
9.476849365234375000e+01
9.850734710693359375e+01
7.190294647216796875e+01
8.089199066162109375e+01
8.969065856933593750e+01
9.299401855468750000e+01
7.448831176757812500e+01
5.642676162719726562e+01
9.413155364990234375e+01
7.817967987060546875e+01
6.442456054687500000e+01
8.228414916992187500e+01
7.471007537841796875e+01
7.236875152587890625e+01
-2.741295814514160156e+01
4.523061752319335938e+00
3.053862571716308594e+00
-1.873017120361328125e+01
1.875765419006347656e+01
1.781546020507812500e+01
1.106972789764404297e+01
4.031896209716796875e+01
3.921361541748046875e+01
8.166781425476074219e+00
1.425521373748779297e+01
1.220919418334960938e+01
5.715168952941894531e+00
1.144150447845458984e+01
1.438012695312500000e+01
-3.928478062152862549e-01
1.464748382568359375e+00
5.183255195617675781e+00
4.445876312255859375e+01
5.240681838989257812e+01
5.875695800781250000e+01
7.660871124267578125e+01
7.481938171386718750e+01
6.582984924316406250e+01
6.533915710449218750e+01
6.166526031494140625e+01
5.459803390502929688e+01
1.144320983886718750e+02
1.571213378906250000e+02
1.360598297119140625e+02
9.968701934814453125e+01
1.696819152832031250e+02
1.634384307861328125e+02
7.256772613525390625e+01
1.531172485351562500e+02
1.586283416748046875e+02
1.827829895019531250e+02
1.905653228759765625e+02
1.633801116943359375e+02
2.374476928710937500e+02
2.433136901855468750e+02
2.231950073242187500e+02
2.408572540283203125e+02
2.401683502197265625e+02
2.307784729003906250e+02
-3.124710559844970703e+00
1.970845413208007812e+01
1.962838172912597656e+01
-5.541399002075195312e+00
2.435042572021484375e+01
2.942960929870605469e+01
3.057395458221435547e+00
3.167417144775390625e+01
2.947136116027832031e+01
-1.092295885086059570e+00
8.106592297554016113e-01
1.007605314254760742e+00
-1.395264148712158203e+00
-5.611321926116943359e-01
3.776177167892456055e+00
-2.174815177917480469e+00
-4.588002204895019531e+00
4.232746601104736328e+00
9.029727935791015625e+00
1.996643257141113281e+01
2.168394088745117188e+01
1.595396041870117188e+01
3.230492782592773438e+01
3.373073196411132812e+01
1.530444049835205078e+01
3.502981948852539062e+01
3.436317443847656250e+01
4.340026378631591797e-01
1.249207377433776855e+00
1.114023089408874512e+00
-5.505024909973144531e+00
-1.372494697570800781e+00
-6.828448176383972168e-01
-6.196419239044189453e+00
-1.786563277244567871e+00
1.211724042892456055e+00
-3.406206369400024414e+00
-3.908148765563964844e+00
-2.586545467376708984e+00
-5.700600147247314453e+00
-3.544603109359741211e+00
-5.704635620117187500e+00
-3.121320962905883789e+00
-3.942705154418945312e+00
-3.185447216033935547e+00
4.547091369628906250e+02
5.157565917968750000e+02
5.417926635742187500e+02
4.415217590332031250e+02
4.960674438476562500e+02
5.038892211914062500e+02
4.384213562011718750e+02
4.795782775878906250e+02
4.454829101562500000e+02
9.449671745300292969e+00
1.932617759704589844e+01
2.804223060607910156e+01
7.632259368896484375e+00
1.781515121459960938e+01
2.584962463378906250e+01
6.619634151458740234e+00
1.399523830413818359e+01
2.014929580688476562e+01
2.116688759997487068e-03
-1.045119855552911758e-02
5.550407767295837402e-01
6.360103487968444824e-01
1.802116930484771729e-01
1.026943251490592957e-01
-3.733097016811370850e-01
-4.786246120929718018e-01
-5.358003824949264526e-02
1.162467193603515625e+01
1.878429412841796875e+01
1.363959598541259766e+01
5.840033531188964844e+00
1.112306976318359375e+01
5.635894298553466797e+00
6.939490795135498047e+00
1.196048545837402344e+01
3.406561851501464844e+00
9.410865783691406250e+01
9.590679168701171875e+01
1.086226272583007812e+02
8.255089569091796875e+01
8.061738586425781250e+01
9.809980773925781250e+01
8.250708770751953125e+01
6.959487915039062500e+01
8.910527038574218750e+01
1.778864593505859375e+02
1.579008789062500000e+02
1.825239410400390625e+02
1.604658050537109375e+02
1.461384887695312500e+02
1.674059753417968750e+02
1.638261413574218750e+02
1.679423370361328125e+02
1.932597656250000000e+02
1.406636657714843750e+02
1.700132446289062500e+02
1.724529724121093750e+02
7.252424621582031250e+01
1.181929168701171875e+02
1.637141723632812500e+02
-2.668860435485839844e+01
2.579304504394531250e+01
7.406735229492187500e+01
2.731063365936279297e-01
-9.215021133422851562e+00
-6.372370719909667969e+00
-1.730978131294250488e+00
-4.173947334289550781e+00
-5.445843219757080078e+00
1.252458286285400391e+01
1.192018795013427734e+01
9.179152488708496094e+00
1.057101974487304688e+02
1.723644409179687500e+02
1.520768127441406250e+02
1.047138824462890625e+02
1.688065795898437500e+02
1.611310729980468750e+02
9.260752868652343750e+01
1.513723907470703125e+02
1.732592773437500000e+02
4.993810729980468750e+02
4.473539123535156250e+02
3.935002746582031250e+02
4.535647583007812500e+02
4.541914367675781250e+02
4.519466552734375000e+02
3.560796508789062500e+02
4.095636291503906250e+02
4.584358520507812500e+02
1.783504943847656250e+02
2.563787231445312500e+02
2.842345581054687500e+02
1.420331878662109375e+02
2.430275268554687500e+02
2.985883483886718750e+02
1.406069946289062500e+02
2.319752807617187500e+02
2.790680847167968750e+02
1.582916870117187500e+02
2.122995910644531250e+02
1.825102233886718750e+02
1.550267944335937500e+02
1.909895629882812500e+02
1.526569824218750000e+02
1.381894531250000000e+02
1.748800811767578125e+02
1.299214172363281250e+02
4.847803497314453125e+01
4.738464355468750000e+01
2.575536918640136719e+01
3.519814300537109375e+01
4.308948516845703125e+01
3.137840461730957031e+01
2.979994964599609375e+01
1.518961524963378906e+01
3.597059249877929688e+01
1.059706878662109375e+02
9.934273529052734375e+01
1.023844757080078125e+02
1.022202606201171875e+02
9.526006317138671875e+01
9.850774383544921875e+01
9.026342010498046875e+01
8.421205902099609375e+01
8.977462768554687500e+01
7.043014526367187500e+00
1.106336307525634766e+01
-3.041835546493530273e+00
2.790163278579711914e+00
2.034967660903930664e+00
-6.849638938903808594e+00
1.596048593521118164e+00
1.811301469802856445e+00
-3.756386518478393555e+00
2.150073242187500000e+01
1.731571578979492188e+01
1.685971641540527344e+01
2.310579109191894531e+01
2.817463684082031250e+01
3.136806106567382812e+01
-1.219203376770019531e+01
-6.512222766876220703e+00
-3.294663131237030029e-01
-5.732535171508789062e+01
-5.658468246459960938e+01
-1.983581542968750000e+01
-4.217203521728515625e+01
-6.446918487548828125e+01
-3.348841094970703125e+01
-4.976783752441406250e+01
-7.210820770263671875e+01
-5.361536407470703125e+01
1.042951107025146484e+01
1.046067714691162109e+01
1.264033222198486328e+01
8.441837310791015625e+00
9.713100433349609375e+00
1.365019989013671875e+01
8.927597999572753906e+00
8.055741310119628906e+00
1.279108905792236328e+01
8.115521818399429321e-02
2.987074293196201324e-02
5.862274393439292908e-02
-3.653000667691230774e-02
-1.412904709577560425e-01
-1.221463456749916077e-01
-6.682839989662170410e-02
-2.544019818305969238e-01
-1.081635653972625732e-01
-5.686443328857421875e+00
-4.032057762145996094e+00
-2.668968915939331055e+00
-4.779061794281005859e+00
-4.126246929168701172e+00
-1.202868819236755371e+00
-4.045562744140625000e+00
-3.477460145950317383e+00
-1.407660841941833496e+00
-7.859042358398437500e+01
-8.214443969726562500e+01
-8.091856384277343750e+01
-8.003077697753906250e+01
-8.407621002197265625e+01
-7.908735656738281250e+01
-8.394322204589843750e+01
-8.258791351318359375e+01
-7.543318176269531250e+01
-5.429229259490966797e+00
-2.305726814270019531e+01
-3.402093124389648438e+01
-5.425468444824218750e+00
-2.063920783996582031e+01
-2.764777374267578125e+01
-8.446544647216796875e+00
-1.551054668426513672e+01
-1.253228855133056641e+01
-7.677268981933593750e+01
-5.613399887084960938e+01
-4.808784484863281250e+01
-8.001197052001953125e+01
-6.054822921752929688e+01
-5.620315170288085938e+01
-9.927878570556640625e+01
-8.418523406982421875e+01
-8.155974578857421875e+01
-9.461818695068359375e+00
-1.090739250183105469e+01
-6.765733718872070312e+00
-7.032126903533935547e+00
-7.841874599456787109e+00
-3.581084966659545898e+00
-2.831357002258300781e+00
-4.643542766571044922e+00
-8.471207618713378906e-01
-8.899558067321777344e+00
1.842803573608398438e+01
2.925661468505859375e+01
-7.705365180969238281e+00
1.570083045959472656e+01
1.181323432922363281e+01
-2.397060585021972656e+01
-4.889910697937011719e+00
-8.727946281433105469e+00
2.121839141845703125e+01
4.617850112915039062e+01
3.941078186035156250e+01
-1.868380737304687500e+01
2.009231567382812500e+01
1.151127338409423828e+01
-3.525802993774414062e+01
-5.651495456695556641e+00
-1.616860198974609375e+01
-2.119901885986328125e+02
-2.077953948974609375e+02
-2.424432220458984375e+02
-2.226456756591796875e+02
-2.149442443847656250e+02
-2.394874725341796875e+02
-2.627984619140625000e+02
-2.514637451171875000e+02
-2.486457519531250000e+02
4.667533874511718750e+01
6.649960327148437500e+01
6.850663757324218750e+01
4.833831787109375000e+01
6.388185119628906250e+01
7.635295867919921875e+01
6.635567474365234375e+01
7.985899353027343750e+01
9.353012084960937500e+01
-9.920958518981933594e+00
-2.057940721511840820e+00
-2.527605533599853516e+00
-4.464531421661376953e+00
7.693026065826416016e-01
4.440884590148925781e+00
2.837924003601074219e+00
4.679636001586914062e+00
6.765099525451660156e+00
2.090778160095214844e+01
2.114936637878417969e+01
2.476840209960937500e+01
1.717837905883789062e+01
2.554645919799804688e+01
2.871842002868652344e+01
2.115590667724609375e+01
3.016539764404296875e+01
3.265376281738281250e+01
-3.483786582946777344e+00
-8.370758891105651855e-01
-2.998579740524291992e+00
-3.186447143554687500e+00
-6.356513500213623047e-01
-3.233502626419067383e+00
-1.531753778457641602e+00
-7.709731161594390869e-02
-1.491911768913269043e+00
8.224884867668151855e-01
1.804004073143005371e+00
2.326130867004394531e+00
-2.039405107498168945e+00
-8.049828410148620605e-01
-9.783662557601928711e-01
8.007475137710571289e-01
2.091872930526733398e+00
1.597225904464721680e+00
1.860765686035156250e+02
2.473617553710937500e+02
3.178540344238281250e+02
1.196917266845703125e+02
1.691620941162109375e+02
2.307089691162109375e+02
8.692051696777343750e+01
1.270519180297851562e+02
1.840493774414062500e+02
4.831143379211425781e+00
2.394289970397949219e+00
7.949206352233886719e+00
7.147681713104248047e-01
9.818654060363769531e-01
7.127215385437011719e+00
-2.403633832931518555e+00
-2.910341739654541016e+00
3.487003087997436523e+00
2.072552740573883057e-01
1.593554466962814331e-01
1.014290526509284973e-01
-2.580721676349639893e-02
4.027865827083587646e-02
-3.156764432787895203e-02
-6.896218750625848770e-03
-8.341351896524429321e-02
2.519319206476211548e-02
2.151895332336425781e+01
2.785540580749511719e+01
3.558616256713867188e+01
1.961403656005859375e+01
2.569224548339843750e+01
3.251387023925781250e+01
1.990727996826171875e+01
2.570907211303710938e+01
2.964647102355957031e+01
1.352555561065673828e+01
1.196314239501953125e+01
2.835446548461914062e+01
7.882426977157592773e-01
1.842057943344116211e+00
4.354222297668457031e+00
1.703278350830078125e+01
1.092070674896240234e+01
1.254336261749267578e+01
-1.328515911102294922e+01
-1.890635681152343750e+01
-8.393423080444335938e+00
-3.539360046386718750e+01
-2.648949050903320312e+01
-1.289170551300048828e+01
-3.540537261962890625e+01
-1.639777755737304688e+01
-2.767951488494873047e+00
7.475288085937500000e+02
7.650316162109375000e+02
7.269859008789062500e+02
7.086834106445312500e+02
6.867653808593750000e+02
6.500146484375000000e+02
6.104113769531250000e+02
5.727398681640625000e+02
5.482189941406250000e+02
2.473563432693481445e+00
2.318816184997558594e+00
1.406962156295776367e+00
1.168845295906066895e+00
2.486629247665405273e+00
1.720096707344055176e+00
9.467924118041992188e+00
1.077340126037597656e+01
1.060486888885498047e+01
4.289831161499023438e+01
4.059710693359375000e+01
3.755569458007812500e+01
3.843720197677612305e+00
-7.881337165832519531e+00
9.913502693176269531e+00
-4.802411556243896484e+00
-2.052686119079589844e+01
9.833112716674804688e+00
4.366501464843750000e+02
4.919347839355468750e+02
4.389638977050781250e+02
3.796279296875000000e+02
4.246052551269531250e+02
3.773035278320312500e+02
3.231371154785156250e+02
3.552363891601562500e+02
3.456641540527343750e+02
1.492775268554687500e+02
1.374154510498046875e+02
1.368985748291015625e+02
4.000268554687500000e+01
3.245241546630859375e+01
6.717549896240234375e+01
-1.466312980651855469e+01
-1.334838199615478516e+01
3.750243759155273438e+01
1.208719253540039062e+02
1.245827255249023438e+02
1.477095336914062500e+02
9.654767608642578125e+01
1.011670227050781250e+02
1.152503204345703125e+02
9.060184478759765625e+01
1.076637802124023438e+02
1.145294647216796875e+02
1.126780853271484375e+02
1.349755401611328125e+02
1.496793365478515625e+02
1.209664688110351562e+02
1.334614410400390625e+02
1.355760345458984375e+02
1.194896316528320312e+02
1.082696151733398438e+02
1.169777984619140625e+02
1.453594970703125000e+01
2.605473518371582031e+01
3.636567687988281250e+01
1.732236862182617188e+01
2.365271759033203125e+01
2.459046173095703125e+01
1.219739818572998047e+01
1.341133975982666016e+01
1.305574989318847656e+01
3.403763198852539062e+01
3.279535293579101562e+01
2.738849258422851562e+01
3.340676879882812500e+01
3.141676902770996094e+01
2.689235496520996094e+01
3.591864013671875000e+01
3.185348510742187500e+01
2.683786582946777344e+01
4.179879379272460938e+01
3.729604721069335938e+01
3.678299331665039062e+01
4.355094146728515625e+01
4.275350952148437500e+01
4.333714294433593750e+01
4.521536636352539062e+01
4.822780609130859375e+01
4.975213241577148438e+01
4.673309020996093750e+02
4.511107788085937500e+02
4.175710144042968750e+02
4.293622741699218750e+02
4.313397521972656250e+02
3.964239501953125000e+02
4.190058288574218750e+02
4.337441101074218750e+02
3.835386352539062500e+02
4.000184059143066406e+00
1.253175926208496094e+01
1.104179573059082031e+01
7.587930202484130859e+00
5.676717758178710938e+00
9.989981651306152344e+00
-4.545502185821533203e+00
-1.307846665382385254e+00
3.300315380096435547e+00
2.673819363117218018e-01
2.087382227182388306e-01
4.081123173236846924e-01
4.414591491222381592e-01
2.320839278399944305e-02
-1.109553650021553040e-01
-8.272223919630050659e-02
-1.407219469547271729e-01
1.862436085939407349e-01
2.338953781127929688e+01
1.815443992614746094e+01
1.623053359985351562e+01
1.937054061889648438e+01
1.667545890808105469e+01
1.667401504516601562e+01
1.492480468750000000e+01
1.493933296203613281e+01
1.683821868896484375e+01
1.720608062744140625e+02
1.813127136230468750e+02
1.726371612548828125e+02
1.824589843750000000e+02
1.914147186279296875e+02
1.803918304443359375e+02
1.624376068115234375e+02
1.713032379150390625e+02
1.639962921142578125e+02
1.452991333007812500e+02
1.525505371093750000e+02
1.448987884521484375e+02
1.273984985351562500e+02
1.396263427734375000e+02
1.337608032226562500e+02
1.372329406738281250e+02
1.425383605957031250e+02
1.246688232421875000e+02
3.327609558105468750e+02
3.441881103515625000e+02
3.343160705566406250e+02
3.871911315917968750e+02
4.106375732421875000e+02
3.894540405273437500e+02
3.843727111816406250e+02
4.016008911132812500e+02
3.627105407714843750e+02
4.136301994323730469e+00
6.676583766937255859e+00
-1.372979521751403809e+00
9.958903312683105469e+00
1.126839447021484375e+01
6.437211990356445312e+00
8.646195411682128906e+00
4.519567966461181641e+00
8.231529235839843750e+00
1.306136169433593750e+02
1.157118148803710938e+02
1.285310516357421875e+02
1.419070892333984375e+02
1.448217315673828125e+02
1.407311706542968750e+02
1.361431274414062500e+02
1.632591705322265625e+02
1.474029083251953125e+02
4.194280700683593750e+02
4.370513000488281250e+02
4.067236022949218750e+02
4.747434692382812500e+02
5.058764648437500000e+02
4.851534423828125000e+02
5.604274291992187500e+02
5.938021850585937500e+02
5.111790161132812500e+02
5.617489013671875000e+02
5.445457153320312500e+02
4.924425964355468750e+02
5.819118041992187500e+02
5.385390625000000000e+02
5.079133911132812500e+02
5.478237915039062500e+02
4.810635070800781250e+02
4.506614990234375000e+02
9.290683746337890625e+01
8.463616943359375000e+01
6.693146514892578125e+01
1.157117309570312500e+02
9.374124145507812500e+01
7.233383178710937500e+01
1.096685638427734375e+02
9.582096099853515625e+01
8.095618438720703125e+01
4.409677886962890625e+01
5.895233917236328125e+01
5.512668991088867188e+01
3.603913116455078125e+01
5.385957717895507812e+01
6.350240707397460938e+01
4.788751220703125000e+01
6.752561187744140625e+01
8.200121307373046875e+01
5.824644088745117188e+01
6.586933135986328125e+01
5.662394714355468750e+01
5.436985778808593750e+01
6.284314727783203125e+01
5.589190673828125000e+01
6.098586273193359375e+01
6.984378051757812500e+01
6.524272918701171875e+01
1.138821315765380859e+01
1.367663192749023438e+01
1.389257812500000000e+01
7.953239917755126953e+00
1.471708297729492188e+01
1.024610710144042969e+01
1.250115966796875000e+01
1.542903995513916016e+01
8.720239639282226562e+00
2.249036407470703125e+01
1.887069892883300781e+01
1.349836063385009766e+01
2.475770950317382812e+01
1.664668655395507812e+01
1.229734706878662109e+01
1.322584724426269531e+01
6.441514015197753906e+00
8.458657264709472656e+00
