1.950151443481445312e+01
1.888722038269042969e+01
1.553440856933593750e+01
1.909751701354980469e+01
1.917875099182128906e+01
1.645031929016113281e+01
1.747720146179199219e+01
1.779862022399902344e+01
1.483737564086914062e+01
8.865039825439453125e+00
1.166309833526611328e+01
4.125617027282714844e+00
1.212903594970703125e+01
1.037591361999511719e+01
5.777493000030517578e+00
6.482131481170654297e+00
7.698009967803955078e+00
9.317338943481445312e+00
6.242889881134033203e+00
2.678557157516479492e+00
3.770275712013244629e-01
8.277869224548339844e-01
1.330428481101989746e+00
1.510196685791015625e+00
1.514853000640869141e+00
1.302993059158325195e+00
1.554765462875366211e+00
4.251137084960937500e+02
2.823814086914062500e+02
2.562680358886718750e+02
3.970000915527343750e+02
3.144539794921875000e+02
3.406558227539062500e+02
3.283606872558593750e+02
3.131883239746093750e+02
3.642714843750000000e+02
5.150465087890625000e+02
4.380493469238281250e+02
4.415645751953125000e+02
5.038676147460937500e+02
4.559641113281250000e+02
4.960721130371093750e+02
5.253722534179687500e+02
5.016746520996093750e+02
5.489263916015625000e+02
6.424180908203125000e+02
7.410896606445312500e+02
6.327017822265625000e+02
5.988627319335937500e+02
7.355324707031250000e+02
6.051860961914062500e+02
6.286955566406250000e+02
7.263157958984375000e+02
5.184441528320312500e+02
1.081935958862304688e+02
1.098706283569335938e+02
1.223841934204101562e+02
1.329782714843750000e+02
1.375877838134765625e+02
1.421073303222656250e+02
1.507060089111328125e+02
1.504453125000000000e+02
1.514172515869140625e+02
2.916207313537597656e+01
3.253236389160156250e+01
3.552038192749023438e+01
2.248558044433593750e+01
1.472330665588378906e+01
1.759174156188964844e+01
1.672900199890136719e+01
1.168447685241699219e+01
1.651726531982421875e+01
1.982322692871093750e+01
1.336039257049560547e+01
1.537570762634277344e+01
1.797891807556152344e+01
1.405631923675537109e+01
1.365304756164550781e+01
2.064797019958496094e+01
1.618631935119628906e+01
1.348468399047851562e+01
6.499291381835937500e+02
6.789492797851562500e+02
6.963269042968750000e+02
6.363676757812500000e+02
7.021145629882812500e+02
6.862485961914062500e+02
7.560659179687500000e+02
8.489445190429687500e+02
7.537054443359375000e+02
5.247730102539062500e+02
5.577581787109375000e+02
4.656766357421875000e+02
5.613703002929687500e+02
5.557096557617187500e+02
4.256540832519531250e+02
5.632794189453125000e+02
5.388914794921875000e+02
4.319096374511718750e+02
5.870265502929687500e+02
5.714595336914062500e+02
4.991516113281250000e+02
5.401135864257812500e+02
5.002146911621093750e+02
4.379113464355468750e+02
6.351835937500000000e+02
5.447683715820312500e+02
5.558699951171875000e+02
9.393823242187500000e+01
8.956285095214843750e+01
9.225108337402343750e+01
1.127429046630859375e+02
1.196944808959960938e+02
1.307763824462890625e+02
9.971987915039062500e+01
1.315016326904296875e+02
1.357919464111328125e+02
4.932280883789062500e+02
4.891387329101562500e+02
4.784324951171875000e+02
4.343160400390625000e+02
4.898224182128906250e+02
5.106232910156250000e+02
4.299732666015625000e+02
5.495889282226562500e+02
5.630484619140625000e+02
6.313674163818359375e+01
4.835403060913085938e+01
7.359770965576171875e+01
7.937850952148437500e+01
7.185562896728515625e+01
8.653703308105468750e+01
8.641024017333984375e+01
8.322523498535156250e+01
7.221398162841796875e+01
-1.172946691513061523e-01
5.311990976333618164e-01
4.345634877681732178e-01
8.811776161193847656e+00
9.522420883178710938e+00
9.001371383666992188e+00
9.620016098022460938e+00
9.420727729797363281e+00
8.588792800903320312e+00
-1.089085292816162109e+01
-1.171426677703857422e+01
-9.229316711425781250e+00
-1.045885467529296875e+01
-1.125947380065917969e+01
-9.504418373107910156e+00
-7.794202804565429688e+00
-9.076012611389160156e+00
-7.535560131072998047e+00
-3.893094062805175781e+00
-2.125831604003906250e+00
-6.247071266174316406e+00
5.758559703826904297e-01
-1.573988914489746094e+00
-8.403994560241699219e+00
-3.682117223739624023e+00
-5.249005794525146484e+00
-9.358562469482421875e+00
6.344362497329711914e-01
6.549876928329467773e-02
1.375016868114471436e-01
-1.465793728828430176e+00
-2.690242052078247070e+00
-4.627573966979980469e+00
9.910011291503906250e-02
-2.913507223129272461e-01
-6.555162072181701660e-01
-1.941834106445312500e+02
-2.260785522460937500e+02
-2.812592773437500000e+02
-1.547603759765625000e+02
-2.051342010498046875e+02
-2.220034790039062500e+02
-2.385883026123046875e+02
-2.888782958984375000e+02
-2.611173400878906250e+02
-4.037010498046875000e+02
-2.742434692382812500e+02
-2.506160583496093750e+02
-3.429620361328125000e+02
-1.760958862304687500e+02
-1.555891876220703125e+02
-4.141309204101562500e+02
-2.390993041992187500e+02
-2.273034515380859375e+02
-3.552631835937500000e+02
-3.176503295898437500e+02
-4.875058174133300781e+00
-3.158374328613281250e+02
-2.466815948486328125e+02
6.297558593750000000e+01
-2.099146423339843750e+02
-1.361078643798828125e+02
1.363301391601562500e+02
-8.786156463623046875e+01
-7.532171630859375000e+01
-7.857995605468750000e+01
-6.944018554687500000e+01
-5.365981292724609375e+01
-6.238346481323242188e+01
-6.393847656250000000e+01
-4.766835784912109375e+01
-5.817426681518554688e+01
3.536217927932739258e+00
9.408450126647949219e-01
-1.789901733398437500e+00
-1.458581447601318359e+01
-1.707159233093261719e+01
-1.887738227844238281e+01
-8.609005928039550781e+00
-8.986664772033691406e+00
-5.572037696838378906e+00
-1.427847099304199219e+01
-7.656347274780273438e+00
-9.714999198913574219e+00
-1.492527770996093750e+01
-8.146450996398925781e+00
-8.132778167724609375e+00
-9.567515373229980469e+00
-1.929447293281555176e+00
-4.075987815856933594e+00
-5.417375488281250000e+02
-5.233218383789062500e+02
-3.919880981445312500e+02
-5.255852050781250000e+02
-4.872296752929687500e+02
-3.653242187500000000e+02
-3.033817138671875000e+02
-2.812339477539062500e+02
-2.196369018554687500e+02
-3.860279541015625000e+02
-3.382176818847656250e+02
-2.707389831542968750e+02
-3.574942321777343750e+02
-3.153675537109375000e+02
-2.306377410888671875e+02
-3.269843139648437500e+02
-2.862433166503906250e+02
-1.999166870117187500e+02
-2.875422363281250000e+02
-3.283865051269531250e+02
-3.022569580078125000e+02
-1.833032989501953125e+02
-2.718442993164062500e+02
-2.532627410888671875e+02
-7.562014007568359375e+01
-1.478231811523437500e+02
-1.349773559570312500e+02
-7.596430206298828125e+01
-7.800939941406250000e+01
-6.155421447753906250e+01
-8.009336090087890625e+01
-8.577938842773437500e+01
-7.237710571289062500e+01
-9.087810516357421875e+01
-8.849421691894531250e+01
-7.395712280273437500e+01
-2.381931152343750000e+02
-2.147913055419921875e+02
-2.195936737060546875e+02
-3.746191406250000000e+02
-3.446502990722656250e+02
-3.023367919921875000e+02
-3.024613037109375000e+02
-2.323040161132812500e+02
-1.933787384033203125e+02
-1.469986724853515625e+01
-2.216491127014160156e+01
-1.395185470581054688e+01
-3.016816520690917969e+01
-1.909998512268066406e+01
-2.025401878356933594e+01
-3.378400039672851562e+01
-2.365547370910644531e+01
-2.190961837768554688e+01
-3.779792308807373047e+00
-3.243736982345581055e+00
-3.525558948516845703e+00
4.613441467285156250e+00
5.474914073944091797e+00
5.356373310089111328e+00
-7.344454526901245117e-01
-4.609365761280059814e-01
-9.541706442832946777e-01
1.144348621368408203e+01
1.277445602416992188e+01
1.514286708831787109e+01
1.279560947418212891e+01
1.376155281066894531e+01
1.585455226898193359e+01
1.190980911254882812e+01
1.110730838775634766e+01
1.285197162628173828e+01
7.550480365753173828e+00
1.847289848327636719e+01
9.219528198242187500e+00
7.708152294158935547e+00
1.479399394989013672e+01
1.043277263641357422e+01
3.342581987380981445e-01
1.033196640014648438e+01
8.357804298400878906e+00
5.501167774200439453e+00
5.505770683288574219e+00
5.225457191467285156e+00
2.475562572479248047e+00
3.197681188583374023e+00
1.499419212341308594e+00
-1.448109626770019531e+00
-2.946561574935913086e+00
-2.387431621551513672e+00
2.058117523193359375e+02
1.342875823974609375e+02
4.115435791015625000e+01
1.810237121582031250e+02
1.246942520141601562e+02
3.027086639404296875e+01
1.459599761962890625e+02
5.403723907470703125e+01
-2.885279893875122070e+00
4.514266967773437500e+02
6.096311645507812500e+02
6.152615356445312500e+02
3.307527465820312500e+02
4.756433410644531250e+02
5.003478393554687500e+02
2.676874389648437500e+02
4.065372009277343750e+02
4.490370788574218750e+02
3.849067993164062500e+02
4.343163146972656250e+02
9.567483520507812500e+02
2.924306640625000000e+02
3.491464538574218750e+02
8.286726684570312500e+02
2.781291503906250000e+02
3.622201843261718750e+02
7.646280517578125000e+02
3.190913581848144531e+01
4.038987350463867188e+01
1.819912338256835938e+01
3.127153587341308594e+01
4.419117736816406250e+01
2.292217826843261719e+01
1.710349082946777344e+01
3.575951004028320312e+01
2.359900856018066406e+01
7.776576995849609375e+00
1.035152530670166016e+01
8.689604759216308594e+00
-8.245061635971069336e-01
1.846050024032592773e+00
-1.972122669219970703e+00
2.232055068016052246e-01
4.999117553234100342e-01
-7.958119511604309082e-01
1.012242889404296875e+01
1.490467739105224609e+01
7.241446495056152344e+00
1.051672554016113281e+01
1.576232051849365234e+01
7.974849700927734375e+00
9.429514884948730469e+00
1.651059722900390625e+01
8.670780181884765625e+00
1.655713348388671875e+02
1.584365997314453125e+02
2.956797790527343750e+02
2.702383422851562500e+02
2.633496093750000000e+02
3.329589233398437500e+02
2.840158081054687500e+02
2.997657775878906250e+02
3.439671020507812500e+02
4.512587280273437500e+02
4.437913208007812500e+02
5.421057128906250000e+02
4.293909301757812500e+02
4.168327026367187500e+02
4.963794860839843750e+02
3.800681152343750000e+02
3.909808044433593750e+02
4.593743591308593750e+02
1.467851104736328125e+02
2.149745025634765625e+02
9.073260498046875000e+01
1.788536987304687500e+02
2.209380493164062500e+02
1.231643218994140625e+02
1.628994750976562500e+02
2.095365447998046875e+02
1.366278076171875000e+02
2.693835449218750000e+01
1.139416027069091797e+01
-5.117539763450622559e-01
3.095820236206054688e+01
1.410826396942138672e+01
-3.037334084510803223e-01
2.480441665649414062e+01
8.099776268005371094e+00
5.718189716339111328e+00
1.525564270019531250e+02
1.856541442871093750e+02
2.121628417968750000e+02
1.359956665039062500e+02
1.757280578613281250e+02
1.969839324951171875e+02
1.737985687255859375e+02
1.885522155761718750e+02
1.543569488525390625e+02
2.245367240905761719e+01
2.396243286132812500e+01
1.792168998718261719e+01
1.779240012168884277e+00
8.199583053588867188e+00
7.644402980804443359e+00
2.998740971088409424e-01
-5.554533004760742188e-01
5.600867748260498047e+00
2.171115875244140625e+00
1.117754101753234863e+00
5.223668813705444336e-01
2.087567806243896484e+00
1.985725045204162598e+00
1.665072441101074219e+00
8.021846413612365723e-01
1.148887753486633301e+00
1.168831467628479004e+00
8.229299545288085938e+00
1.031320762634277344e+01
8.684545516967773438e+00
1.027987384796142578e+01
1.191746520996093750e+01
9.849718093872070312e+00
1.154459953308105469e+01
1.227706813812255859e+01
1.019249916076660156e+01
1.499931812286376953e+00
1.031323075294494629e+00
6.259703636169433594e-01
3.162867724895477295e-01
-8.247061967849731445e-01
-5.839458703994750977e-01
-6.867488622665405273e-01
-6.971257328987121582e-01
-9.623335599899291992e-01
-5.717203766107559204e-02
-7.652480006217956543e-01
4.171375930309295654e-01
6.130084022879600525e-02
1.075733423233032227e+00
-4.508098363876342773e-01
1.681332826614379883e+00
9.834791421890258789e-01
1.326085209846496582e+00
5.162538146972656250e+01
1.765049552917480469e+01
1.965597629547119141e+00
4.469536590576171875e+01
1.114943504333496094e+01
1.559387111663818359e+01
2.622139549255371094e+01
8.534699678421020508e-01
1.699211883544921875e+01
4.781461181640625000e+02
5.415833129882812500e+02
6.013898925781250000e+02
5.147746582031250000e+02
5.899626464843750000e+02
6.344558105468750000e+02
4.912813720703125000e+02
5.614185791015625000e+02
5.995383300781250000e+02
5.873949584960937500e+02
9.221914672851562500e+02
9.021458740234375000e+02
7.252462768554687500e+02
9.700302124023437500e+02
8.866116943359375000e+02
7.419861450195312500e+02
8.892276611328125000e+02
7.335256347656250000e+02
1.441009807586669922e+01
1.058182239532470703e+01
1.384206008911132812e+01
1.879697227478027344e+01
1.752978324890136719e+01
1.869205665588378906e+01
2.054850959777832031e+01
1.949661827087402344e+01
1.908468818664550781e+01
1.162475204467773438e+01
1.106527805328369141e+01
1.077751541137695312e+01
1.706303834915161133e+00
-5.295377969741821289e-02
-1.460930705070495605e-01
-2.022598743438720703e+00
-4.363602638244628906e+00
-2.592897176742553711e+00
6.315172195434570312e+00
5.991370201110839844e+00
8.277683258056640625e+00
8.639610290527343750e+00
9.537172317504882812e+00
1.242243766784667969e+01
1.238053512573242188e+01
1.388764381408691406e+01
1.664499473571777344e+01
1.514010467529296875e+02
2.449224243164062500e+02
2.754965515136718750e+02
2.193424072265625000e+02
2.999140930175781250e+02
2.924584350585937500e+02
2.885921630859375000e+02
3.326109619140625000e+02
2.979922180175781250e+02
2.803881835937500000e+02
3.810414123535156250e+02
4.650473937988281250e+02
3.412000732421875000e+02
4.516971740722656250e+02
5.297060546875000000e+02
3.868948059082031250e+02
5.088647460937500000e+02
5.588795776367187500e+02
1.042121505737304688e+02
6.452915191650390625e+01
2.853147888183593750e+01
9.027520751953125000e+01
3.268734741210937500e+01
9.328001022338867188e+00
9.584694671630859375e+01
4.657886505126953125e+01
3.689814376831054688e+01
4.610361576080322266e+00
8.777530789375305176e-01
1.238237380981445312e+00
-7.212148904800415039e-01
3.761345386505126953e+00
2.752372741699218750e+00
-2.631800651550292969e+00
3.038065910339355469e+00
7.787992954254150391e-01
2.109536437988281250e+02
2.272530975341796875e+02
2.233406524658203125e+02
1.862780456542968750e+02
2.067792053222656250e+02
2.283210144042968750e+02
1.408130950927734375e+02
1.706926269531250000e+02
2.359042510986328125e+02
4.795947551727294922e+00
1.974255084991455078e+00
3.649656474590301514e-01
4.954935550689697266e+00
-2.153534889221191406e+00
3.453157246112823486e-01
2.631804704666137695e+00
8.263795971870422363e-01
4.469959437847137451e-02
7.903153300285339355e-01
4.279904961585998535e-01
5.221141129732131958e-02
1.476329445838928223e+00
1.440738439559936523e+00
1.268992424011230469e+00
1.628640741109848022e-01
-2.884114384651184082e-01
-2.642895579338073730e-01
5.233415126800537109e+00
4.991692543029785156e+00
5.036705493927001953e+00
6.607597351074218750e+00
6.454107284545898438e+00
7.346623420715332031e+00
6.005921840667724609e+00
5.433560848236083984e+00
6.967689514160156250e+00
4.840125560760498047e+00
1.649066686630249023e+00
1.814741492271423340e+00
4.455530643463134766e+00
3.751424551010131836e+00
4.170685291290283203e+00
1.484519839286804199e+00
3.420155525207519531e+00
8.219633102416992188e+00
2.408316373825073242e+00
1.377280950546264648e+00
1.636342048645019531e+00
1.759344220161437988e+00
2.614029169082641602e+00
2.738753080368041992e+00
-1.930951923131942749e-01
6.035016775131225586e-01
4.521357119083404541e-01
1.565921173095703125e+02
1.552093353271484375e+02
1.902399291992187500e+02
2.014019470214843750e+02
2.241924743652343750e+02
2.658662414550781250e+02
1.914379425048828125e+02
2.396044921875000000e+02
2.760520935058593750e+02
9.264649200439453125e+01
1.242238082885742188e+02
8.855471038818359375e+01
1.086341934204101562e+02
1.346619720458984375e+02
1.024593582153320312e+02
9.771651458740234375e+01
1.306422882080078125e+02
1.081129837036132812e+02
8.563650512695312500e+01
2.699657440185546875e+00
-1.007738018035888672e+01
1.075797195434570312e+02
4.242344856262207031e+00
-2.277738761901855469e+01
4.050133895874023438e+01
-6.483815002441406250e+01
-8.647389984130859375e+01
4.952841567993164062e+01
6.164565658569335938e+01
5.589688873291015625e+01
7.310155487060546875e+01
8.561701965332031250e+01
7.633766174316406250e+01
8.580821990966796875e+01
9.576637268066406250e+01
8.550907897949218750e+01
1.235773944854736328e+01
1.630371475219726562e+01
1.685458946228027344e+01
1.395316600799560547e+01
1.510329818725585938e+01
2.021570777893066406e+01
2.233212947845458984e+00
3.203225851058959961e+00
8.529206275939941406e+00
3.051677942276000977e+00
5.996814250946044922e+00
2.762732982635498047e+00
4.559053897857666016e+00
6.813315868377685547e+00
2.595808506011962891e+00
4.368831157684326172e+00
5.286847591400146484e+00
3.575061559677124023e-01
2.821330261230468750e+02
2.625627136230468750e+02
2.526416168212890625e+02
3.520904541015625000e+02
3.264998474121093750e+02
2.919232177734375000e+02
4.027385864257812500e+02
3.860502014160156250e+02
3.430894470214843750e+02
1.376630096435546875e+02
1.263643188476562500e+02
9.085565948486328125e+01
1.896985473632812500e+02
1.606142425537109375e+02
1.018355560302734375e+02
1.632905273437500000e+02
1.327536926269531250e+02
8.374394989013671875e+01
3.227689819335937500e+02
3.050113525390625000e+02
2.956582946777343750e+02
2.667239074707031250e+02
2.854956359863281250e+02
2.663814392089843750e+02
2.683565673828125000e+02
3.088941955566406250e+02
3.185154724121093750e+02
3.773458480834960938e+01
5.644721221923828125e+01
5.175000762939453125e+01
6.992813873291015625e+01
8.838253784179687500e+01
8.285906982421875000e+01
8.036041259765625000e+01
9.068402099609375000e+01
9.433954620361328125e+01
6.932514953613281250e+01
8.090132141113281250e+01
7.738734436035156250e+01
1.417492218017578125e+02
1.354670104980468750e+02
1.554683685302734375e+02
1.948789978027343750e+02
2.179543457031250000e+02
2.342104034423828125e+02
3.488535690307617188e+01
3.126257324218750000e+01
3.651288986206054688e+01
4.711383819580078125e+01
5.051904678344726562e+01
4.167615509033203125e+01
5.333632278442382812e+01
5.671417999267578125e+01
3.961061859130859375e+01
4.407526850700378418e-01
2.404589951038360596e-01
7.702573537826538086e-01
4.729312419891357422e+00
4.725029945373535156e+00
3.840360164642333984e+00
3.941663265228271484e+00
3.822954416275024414e+00
2.644670486450195312e+00
1.883620738983154297e+00
1.334804773330688477e+00
1.271315693855285645e+00
1.369890451431274414e+00
7.009621858596801758e-01
6.878879070281982422e-01
8.403331637382507324e-01
5.236632227897644043e-01
8.124132156372070312e-01
1.511651873588562012e+00
1.623385071754455566e+00
9.759984612464904785e-01
3.392558813095092773e+00
6.399834156036376953e+00
4.575374126434326172e+00
-2.311310768127441406e-01
2.579362869262695312e+00
2.575648546218872070e+00
1.043193936347961426e+00
1.143643379211425781e+00
2.169358253479003906e+00
-1.548853367567062378e-01
-1.414178311824798584e-01
3.552025556564331055e-01
7.769941538572311401e-02
4.362670183181762695e-01
-5.324132740497589111e-02
4.646990776062011719e+00
-5.379698276519775391e+00
-3.313964843750000000e+00
1.476319885253906250e+01
1.217394447326660156e+01
1.829203033447265625e+01
5.749966621398925781e+00
1.283755683898925781e+01
2.406315040588378906e+01
-1.723504066467285156e+00
2.235167503356933594e+00
-9.338629722595214844e+00
4.033644676208496094e+00
6.789479732513427734e+00
-1.401298332214355469e+01
-9.587924003601074219e+00
-2.519986343383789062e+01
-3.249410247802734375e+01
5.814997482299804688e+01
1.463923454284667969e+01
2.593984794616699219e+01
2.686709785461425781e+01
-1.425590133666992188e+01
-9.264308929443359375e+00
5.905970382690429688e+01
3.239717864990234375e+01
2.395666503906250000e+01
-1.416464924812316895e+00
1.303233265876770020e+00
-1.743791550397872925e-01
3.298850774765014648e+00
5.036348819732666016e+00
2.792880058288574219e+00
4.318275928497314453e+00
6.033425331115722656e+00
4.530441284179687500e+00
1.014309525489807129e-01
-7.734069228172302246e-01
1.336789131164550781e-02
1.528624773025512695e+00
2.553853511810302734e+00
3.713686943054199219e+00
4.935529232025146484e+00
7.954883575439453125e+00
8.620857238769531250e+00
5.695105195045471191e-01
1.033140182495117188e+00
8.760836124420166016e-01
3.460624814033508301e-01
7.434314489364624023e-01
2.389290630817413330e-01
2.075069397687911987e-01
5.086416378617286682e-03
-4.696866273880004883e-01
3.923715591430664062e+01
3.477843093872070312e+01
2.829520034790039062e+01
3.045324516296386719e+01
8.313996315002441406e+00
-3.277610301971435547e+00
7.222374725341796875e+01
4.209833145141601562e+01
3.233351898193359375e+01
1.385758781433105469e+01
-6.223514556884765625e+00
-1.402084541320800781e+01
1.302693843841552734e+01
-6.525630474090576172e+00
-1.831853675842285156e+01
4.067676067352294922e+00
-1.272657680511474609e+01
-3.553114700317382812e+01
8.475817871093750000e+01
6.947649383544921875e+01
6.939552307128906250e+01
6.230212020874023438e+01
6.590333557128906250e+01
7.979740905761718750e+01
1.021962509155273438e+02
1.045005416870117188e+02
1.184345626831054688e+02
2.533192396163940430e+00
7.412562370300292969e+00
5.799722194671630859e+00
6.508950233459472656e+00
8.083877563476562500e+00
5.711502552032470703e+00
4.633809089660644531e+00
4.792617797851562500e+00
4.153035163879394531e+00
6.880995941162109375e+01
6.616975402832031250e+01
5.456145477294921875e+01
3.431893539428710938e+01
1.688715934753417969e+01
-3.005253553390502930e+00
2.141583251953125000e+01
1.502601432800292969e+01
3.381191968917846680e+00
-7.219760417938232422e-01
-1.180892586708068848e-01
5.780098915100097656e+00
-4.488676071166992188e+00
9.778043031692504883e-01
2.739450693130493164e+00
5.964701652526855469e+00
5.545013427734375000e+00
5.991756916046142578e+00
-2.050787508487701416e-01
-1.058141738176345825e-01
-2.644304335117340088e-01
8.853020668029785156e-01
1.424986362457275391e+00
1.686374545097351074e+00
-9.898273646831512451e-02
4.630907773971557617e-01
8.605628609657287598e-01
1.879647731781005859e+00
2.031973361968994141e+00
1.569164991378784180e+00
2.390084743499755859e+00
2.686551809310913086e+00
2.098449230194091797e+00
3.153846502304077148e+00
3.440675497055053711e+00
2.877010583877563477e+00
7.831021547317504883e-01
6.545457363128662109e+00
5.706985592842102051e-01
1.310978174209594727e+00
4.202967166900634766e+00
-1.067031264305114746e+00
3.088554739952087402e-01
1.398567914962768555e+00
-8.940815329551696777e-01
-7.090789079666137695e-01
-2.350154519081115723e-01
-1.438482999801635742e+00
1.375424385070800781e+00
9.378345608711242676e-01
5.637466907501220703e-01
-1.821077466011047363e-01
-1.732660830020904541e-01
-2.818454504013061523e-01
1.315147876739501953e+01
-2.105680084228515625e+01
-9.309084320068359375e+01
2.757461738586425781e+01
-2.179260635375976562e+01
-6.010907363891601562e+01
-4.402667045593261719e+00
-4.725573348999023438e+01
-6.052620697021484375e+01
-2.116816520690917969e+01
-3.143386268615722656e+01
7.268200874328613281e+00
-4.014803409576416016e+00
-5.020402908325195312e+00
3.989953231811523438e+01
-3.376513671875000000e+01
-1.652078437805175781e+01
2.669780540466308594e+01
7.289219665527343750e+01
9.413475799560546875e+01
1.629008026123046875e+02
8.558227539062500000e+01
1.157256622314453125e+02
1.852176208496093750e+02
1.061066589355468750e+02
1.556705322265625000e+02
1.890371398925781250e+02
-3.570494842529296875e+01
-3.659002685546875000e+01
-3.252968215942382812e+01
-3.863428115844726562e+01
-3.733422470092773438e+01
-3.326084518432617188e+01
-2.835231018066406250e+01
-2.621267127990722656e+01
-2.316523361206054688e+01
-7.659335136413574219e-01
-9.310830235481262207e-01
-1.659983754158020020e+00
-1.488227397203445435e-01
-1.012939333915710449e+00
-3.066070079803466797e+00
8.078500628471374512e-01
5.265907049179077148e-01
-1.176268339157104492e+00
8.909398317337036133e-02
-7.003211975097656250e-02
-4.072450995445251465e-01
-4.448537528514862061e-01
3.412674665451049805e-01
-9.905876964330673218e-02
3.968529403209686279e-03
4.541976749897003174e-01
2.126463651657104492e-01
2.334732437133789062e+01
3.924855041503906250e+01
8.761151885986328125e+01
-9.908667564392089844e+00
2.193365097045898438e+01
6.239485931396484375e+01
-1.798267364501953125e+01
2.780546379089355469e+01
5.175896835327148438e+01
-7.709410095214843750e+01
-6.706269836425781250e+01
-6.478205108642578125e+01
-6.344905090332031250e+01
-4.444758605957031250e+01
-4.325649642944335938e+01
-4.697180938720703125e+01
-3.210419464111328125e+01
-2.387676429748535156e+01
1.584692077636718750e+02
2.208603820800781250e+02
1.817713470458984375e+02
1.420069732666015625e+02
1.641272277832031250e+02
1.166068725585937500e+02
9.668253326416015625e+01
1.214058074951171875e+02
7.527153778076171875e+01
-9.435142517089843750e+00
-3.169709968566894531e+01
-1.785580253601074219e+01
-1.915851211547851562e+01
-2.606599044799804688e+01
-1.006677341461181641e+01
-1.566232585906982422e+01
-1.254256439208984375e+01
3.122113704681396484e+00
1.389205780029296875e+02
1.443513946533203125e+02
1.453675231933593750e+02
1.208083038330078125e+02
1.453547821044921875e+02
1.635589141845703125e+02
8.911742401123046875e+01
1.306310577392578125e+02
1.540420379638671875e+02
-4.226179122924804688e+01
-5.321336364746093750e+01
-5.640940093994140625e+01
-4.845747756958007812e+01
-5.507788085937500000e+01
-5.254508972167968750e+01
-3.985944747924804688e+01
-5.220756530761718750e+01
-4.894642639160156250e+01
-8.862783908843994141e-01
-1.287501335144042969e+00
-7.762839198112487793e-01
-4.947623729705810547e+00
-5.253450870513916016e+00
-4.543318271636962891e+00
-3.616491794586181641e+00
-4.964734554290771484e+00
-3.747233629226684570e+00
5.262654304504394531e+00
5.251354217529296875e+00
5.349287033081054688e+00
7.935804367065429688e+00
7.418947696685791016e+00
6.793351173400878906e+00
8.814528465270996094e+00
8.170041084289550781e+00
7.175224304199218750e+00
2.510187864303588867e+00
-2.029171735048294067e-01
-2.482016980648040771e-01
-4.152062833309173584e-01
-2.224545717239379883e+00
-7.251750826835632324e-01
-6.908136010169982910e-01
-4.629325270652770996e-01
6.390269994735717773e-01
1.411856293678283691e+00
7.482331991195678711e-01
1.128936290740966797e+00
1.301948308944702148e+00
1.593170404434204102e+00
1.521111726760864258e+00
7.115699648857116699e-01
-4.547966271638870239e-02
3.817113935947418213e-01
2.977613258361816406e+01
1.495746707916259766e+01
9.679255485534667969e+00
1.611203765869140625e+01
8.678838729858398438e+00
3.434851455688476562e+01
1.064623475074768066e+00
1.908311462402343750e+01
3.797448730468750000e+01
4.096929626464843750e+02
4.642929077148437500e+02
4.379282531738281250e+02
4.202171630859375000e+02
4.926325988769531250e+02
4.780501708984375000e+02
3.823267517089843750e+02
4.508247680664062500e+02
4.585133972167968750e+02
4.858404235839843750e+02
5.245824584960937500e+02
5.355671997070312500e+02
5.757866210937500000e+02
6.103916625976562500e+02
6.032817382812500000e+02
5.119813537597656250e+02
5.127369995117187500e+02
4.650153808593750000e+02
8.875797271728515625e+00
1.560809326171875000e+01
1.609801292419433594e+01
1.573058795928955078e+01
2.374105072021484375e+01
2.320463562011718750e+01
1.964385795593261719e+01
2.552942466735839844e+01
2.579533004760742188e+01
8.938774108886718750e+00
1.007126426696777344e+01
1.167804527282714844e+01
7.916427135467529297e+00
6.996903419494628906e+00
1.089460277557373047e+01
-4.500190258026123047e+00
-6.792607307434082031e+00
5.872890949249267578e-01
6.540124416351318359e+00
8.531310081481933594e+00
8.124961853027343750e+00
8.016504287719726562e+00
1.124180316925048828e+01
1.026456260681152344e+01
9.536161422729492188e+00
1.304627227783203125e+01
1.162903594970703125e+01
1.212017974853515625e+02
1.482095031738281250e+02
1.792813262939453125e+02
1.873153076171875000e+02
2.159299926757812500e+02
2.240112152099609375e+02
2.146499328613281250e+02
2.220263977050781250e+02
2.067177886962890625e+02
3.176638793945312500e+02
3.492837219238281250e+02
3.665741271972656250e+02
3.740086669921875000e+02
4.091616516113281250e+02
4.165803527832031250e+02
3.784720764160156250e+02
4.191643676757812500e+02
4.200762634277343750e+02
4.012814712524414062e+01
3.585583114624023438e+01
1.866614723205566406e+01
5.377527236938476562e+01
4.044878768920898438e+01
2.934375190734863281e+01
3.440903854370117188e+01
1.795595359802246094e+01
9.345312118530273438e+00
-4.684120178222656250e+00
-9.417229890823364258e-01
1.736859440803527832e+00
-3.980005979537963867e+00
6.449399471282958984e+00
6.619869709014892578e+00
-6.713487148284912109e+00
5.565261840820312500e+00
8.388000488281250000e+00
1.155845642089843750e+02
9.569519805908203125e+01
9.225646209716796875e+01
1.369501800537109375e+02
1.521698760986328125e+02
1.533814544677734375e+02
1.045449676513671875e+02
1.299747161865234375e+02
1.660204467773437500e+02
1.340454006195068359e+01
9.541128158569335938e+00
6.205533027648925781e+00
2.313124084472656250e+01
1.581966209411621094e+01
1.341376113891601562e+01
1.041225528717041016e+01
1.200289344787597656e+01
8.899066925048828125e+00
2.000977993011474609e+00
1.662803530693054199e+00
1.699611544609069824e+00
1.536794543266296387e+00
1.164635181427001953e+00
7.723752856254577637e-01
1.928716063499450684e+00
1.918214678764343262e+00
1.665034770965576172e+00
9.583998107910156250e+01
1.049165191650390625e+02
1.256958389282226562e+02
8.509085845947265625e+01
1.000416183471679688e+02
1.278450088500976562e+02
6.976098632812500000e+01
8.937056732177734375e+01
1.214375152587890625e+02
3.075039482116699219e+01
1.958668136596679688e+01
2.532675552368164062e+01
4.025976943969726562e+01
5.077808761596679688e+01
7.667641448974609375e+01
2.194404029846191406e+01
3.150755119323730469e+01
3.823880386352539062e+01
2.346786499023437500e+01
1.572854232788085938e+01
2.155939292907714844e+01
-4.268997907638549805e-01
-4.866932928562164307e-01
1.356498336791992188e+01
7.040472030639648438e+00
5.145418643951416016e+00
8.871778488159179688e+00
3.411317382812500000e+03
4.003164794921875000e+03
4.326991699218750000e+03
3.562354736328125000e+03
4.209801269531250000e+03
4.688389160156250000e+03
3.491664794921875000e+03
4.040388427734375000e+03
4.383091796875000000e+03
1.828121704101562500e+03
2.246520996093750000e+03
1.918595214843750000e+03
1.564064819335937500e+03
2.108379638671875000e+03
1.889864257812500000e+03
2.049783447265625000e+03
2.428840087890625000e+03
2.141085449218750000e+03
5.282581176757812500e+02
9.008333587646484375e+01
7.947265014648437500e+02
8.896497344970703125e+01
-2.427056579589843750e+02
7.850587768554687500e+02
1.799321746826171875e+02
1.386739501953125000e+02
1.151054321289062500e+03
1.532483642578125000e+03
1.587817138671875000e+03
1.468519653320312500e+03
1.608561035156250000e+03
1.686255126953125000e+03
1.567559570312500000e+03
1.502080566406250000e+03
1.595715454101562500e+03
1.522237060546875000e+03
1.428296470642089844e+01
2.994268798828125000e+01
4.713697052001953125e+01
6.518808746337890625e+01
9.031423950195312500e+01
1.005215301513671875e+02
1.319142608642578125e+02
1.399577026367187500e+02
1.366306762695312500e+02
8.884443664550781250e+01
9.311574554443359375e+01
5.462953186035156250e+01
6.242582702636718750e+01
7.189956665039062500e+01
2.951868820190429688e+01
4.529347229003906250e+01
5.049174880981445312e+01
2.274691390991210938e+01
5.803851074218750000e+03
5.470272949218750000e+03
5.479973144531250000e+03
5.559209472656250000e+03
5.154723144531250000e+03
5.060011230468750000e+03
5.733574707031250000e+03
5.808706542968750000e+03
5.988375976562500000e+03
2.920492675781250000e+03
2.534368408203125000e+03
2.512828125000000000e+03
2.217554687500000000e+03
1.842095703125000000e+03
1.970950927734375000e+03
1.814289062500000000e+03
1.525239135742187500e+03
1.761432373046875000e+03
3.414815185546875000e+03
3.548231689453125000e+03
3.654615966796875000e+03
3.061147216796875000e+03
3.363848876953125000e+03
3.832979736328125000e+03
4.300095703125000000e+03
4.751790039062500000e+03
5.041269531250000000e+03
1.262229125976562500e+03
1.377846191406250000e+03
1.329525024414062500e+03
1.421576904296875000e+03
1.574224609375000000e+03
1.423337524414062500e+03
1.215380249023437500e+03
1.384705322265625000e+03
1.350337036132812500e+03
1.859537719726562500e+03
2.330137695312500000e+03
2.512145263671875000e+03
1.944958618164062500e+03
2.132575683593750000e+03
2.164882568359375000e+03
1.935246582031250000e+03
1.914794067382812500e+03
2.024348022460937500e+03
1.095785034179687500e+03
1.178326904296875000e+03
1.043002197265625000e+03
1.149235595703125000e+03
1.161079711914062500e+03
9.113373413085937500e+02
1.317373901367187500e+03
1.274076660156250000e+03
1.110627197265625000e+03
4.615054702758789062e+01
4.794599533081054688e+01
4.388591384887695312e+01
1.522309875488281250e+02
1.632242584228515625e+02
1.539570617675781250e+02
9.700954437255859375e+01
1.100640335083007812e+02
1.052218017578125000e+02
1.122190713882446289e+00
1.052772521972656250e+00
5.740836858749389648e-01
7.948120236396789551e-01
6.952390670776367188e-01
1.380039453506469727e-01
1.120313525199890137e+00
6.013506054878234863e-01
-9.985993802547454834e-02
1.451762557029724121e+00
1.792521774768829346e-01
5.266297340393066406e+00
3.003630340099334717e-01
-1.517596006393432617e+00
5.631524085998535156e+00
6.152471527457237244e-02
-7.279903292655944824e-01
1.060066699981689453e+00
-2.765401363372802734e+00
-2.238940238952636719e+00
-7.056342959403991699e-01
-6.216908991336822510e-02
4.553300440311431885e-01
-1.434793472290039062e-01
1.318610906600952148e-01
1.730954274535179138e-02
-6.416953802108764648e-01
2.571926116943359375e+01
2.932501792907714844e+01
6.668589591979980469e+00
1.260927200317382812e+01
3.638998413085937500e+01
-2.054453277587890625e+01
2.469245910644531250e+01
5.093588638305664062e+01
-1.080872535705566406e+01
6.562606048583984375e+01
5.816360092163085938e+01
-4.393282890319824219e+00
7.541369628906250000e+01
5.729065322875976562e+01
2.445152282714843750e+01
1.059827117919921875e+02
7.407732391357421875e+01
3.555594635009765625e+01
8.132273864746093750e+01
4.847179412841796875e+01
3.161371994018554688e+01
7.734937286376953125e+01
3.199183082580566406e+01
-9.238723754882812500e+00
8.675377655029296875e+01
4.553901290893554688e+01
2.983951568603515625e-02
2.344536209106445312e+01
2.067842674255371094e+01
1.679706192016601562e+01
2.416583251953125000e+01
1.822845840454101562e+01
1.424688339233398438e+01
2.087728691101074219e+01
1.331186962127685547e+01
1.036234188079833984e+01
3.274716377258300781e+00
6.156254768371582031e+00
1.594146490097045898e+00
2.231239557266235352e+00
4.943084716796875000e+00
2.988602161407470703e+00
4.814394474029541016e+00
9.524948120117187500e+00
6.940595626831054688e+00
2.602507114410400391e+00
5.924946069717407227e-01
-1.409357070922851562e+00
4.548783302307128906e+00
8.826567530632019043e-01
-1.903792172670364380e-01
4.692234039306640625e+00
1.051368832588195801e+00
6.834624409675598145e-01
6.296004486083984375e+01
3.513163757324218750e+01
2.239761734008789062e+01
8.579264068603515625e+01
5.307146453857421875e+01
2.488293457031250000e+01
9.128677368164062500e+01
5.758427047729492188e+01
1.224439048767089844e+01
1.077155075073242188e+02
5.631075668334960938e+01
3.181700134277343750e+01
1.121692123413085938e+02
4.801009750366210938e+01
1.995962905883789062e+01
1.059002838134765625e+02
6.407236480712890625e+01
2.474218750000000000e+01
3.880873870849609375e+01
4.183639144897460938e+01
3.315505981445312500e+01
4.111989974975585938e+00
1.301786327362060547e+01
4.122863769531250000e+01
-6.429225921630859375e+00
1.233047127723693848e+00
2.078146934509277344e+01
8.119861602783203125e+00
1.455863952636718750e+01
-8.091176986694335938e+00
2.633209609985351562e+01
1.569252109527587891e+01
-1.011790657043457031e+01
1.953519439697265625e+01
1.251366233825683594e+01
-4.690194606781005859e+00
4.084935760498046875e+01
3.967851257324218750e+01
5.757416534423828125e+01
2.776264953613281250e+01
2.645994377136230469e+01
4.129342269897460938e+01
5.333047866821289062e+01
4.653537368774414062e+01
4.268537902832031250e+01
1.169126510620117188e+01
2.465629959106445312e+01
4.470097732543945312e+01
1.568884754180908203e+01
1.505254840850830078e+01
1.539459800720214844e+01
1.717199134826660156e+01
9.954172134399414062e+00
2.588339805603027344e+00
1.889740467071533203e+00
-2.282292395830154419e-01
-4.016669988632202148e-01
1.371266126632690430e+00
1.326583862304687500e+00
9.601163268089294434e-01
-3.716796159744262695e+00
-1.858986854553222656e+00
-8.095902204513549805e-01
2.791603660583496094e+01
3.383840560913085938e+01
3.164884376525878906e+01
3.454840850830078125e+01
3.577164077758789062e+01
3.177473640441894531e+01
3.842411422729492188e+01
3.562853240966796875e+01
2.992818069458007812e+01
2.492473363876342773e+00
1.699104881286621094e+01
8.499921798706054688e+00
-3.894801139831542969e+00
1.751987636089324951e-01
-2.642667055130004883e+00
1.622549057006835938e+00
-1.966960191726684570e+00
-2.911421060562133789e+00
-1.950823783874511719e+00
1.185114979743957520e-01
2.824968338012695312e+00
-1.417492151260375977e+00
-2.440418958663940430e+00
-7.514627933502197266e+00
-1.674397468566894531e+00
5.769378542900085449e-01
-9.174464941024780273e-01
3.196074829101562500e+02
1.412871551513671875e+02
-1.366407165527343750e+02
1.720863342285156250e+02
-5.387776947021484375e+01
-1.895013580322265625e+02
6.833985137939453125e+01
-1.053942337036132812e+02
-8.142314910888671875e+01
1.652995483398437500e+03
1.785279418945312500e+03
2.080927001953125000e+03
1.490853881835937500e+03
1.587832397460937500e+03
1.941243408203125000e+03
1.510585205078125000e+03
1.679137939453125000e+03
2.011861694335937500e+03
2.080627685546875000e+03
2.375412109375000000e+03
2.699612792968750000e+03
2.333287597656250000e+03
2.720697509765625000e+03
2.747174560546875000e+03
2.309054931640625000e+03
2.736309570312500000e+03
2.560649658203125000e+03
5.077757263183593750e+01
7.368386077880859375e+01
9.217108154296875000e+01
1.958864784240722656e+01
5.288041305541992188e+01
7.990348815917968750e+01
3.664107561111450195e+00
3.415992736816406250e+01
5.241241455078125000e+01
2.874978446960449219e+01
2.383436584472656250e+01
7.766907215118408203e+00
-8.614060401916503906e+00
-2.899842453002929688e+01
-2.062816619873046875e+01
-3.599451303482055664e+00
-2.228994560241699219e+01
-6.524217605590820312e+00
2.133275413513183594e+01
2.758991432189941406e+01
4.004110336303710938e+01
2.256877326965332031e+01
3.484590148925781250e+01
5.242813873291015625e+01
2.860238456726074219e+01
4.583474731445312500e+01
5.720488739013671875e+01
4.628509216308593750e+02
7.390465087890625000e+02
8.485225219726562500e+02
6.024796142578125000e+02
1.052915771484375000e+03
1.203222412109375000e+03
5.397974243164062500e+02
9.979825439453125000e+02
1.140673583984375000e+03
1.101956909179687500e+03
1.582420654296875000e+03
1.723959228515625000e+03
1.120533325195312500e+03
1.641621826171875000e+03
1.796221801757812500e+03
1.192320312500000000e+03
1.673188354492187500e+03
1.873665161132812500e+03
2.181473999023437500e+02
2.284835662841796875e+02
-5.142945861816406250e+01
3.215335693359375000e+02
1.879668121337890625e+02
-5.520950317382812500e+01
1.581527252197265625e+02
-4.686525726318359375e+01
-2.411248016357421875e+02
-4.045290470123291016e+00
-4.322998046875000000e+01
2.635073852539062500e+01
-4.541857147216796875e+01
-4.525591278076171875e+01
5.460558700561523438e+01
-5.769776535034179688e+01
-3.961782836914062500e+01
4.113981246948242188e+01
5.624570922851562500e+02
5.364230346679687500e+02
4.477264404296875000e+02
5.598735961914062500e+02
5.855111694335937500e+02
5.154035034179687500e+02
4.841459655761718750e+02
5.087182922363281250e+02
5.613440551757812500e+02
7.516063690185546875e+01
3.460162401199340820e+00
3.361329650878906250e+01
5.224732971191406250e+01
3.752554321289062500e+01
2.232147026062011719e+01
3.960015869140625000e+01
3.975407791137695312e+01
4.223678970336914062e+01
1.732475280761718750e+01
1.837641906738281250e+01
1.570017719268798828e+01
7.837091922760009766e+00
7.598763465881347656e+00
3.852037906646728516e+00
-2.912166595458984375e+00
-6.212770938873291016e-01
-8.230060935020446777e-01
5.134136199951171875e+00
3.819231986999511719e+00
4.338219165802001953e+00
6.378220081329345703e+00
4.682440280914306641e+00
5.183996677398681641e+00
7.176830291748046875e+00
5.427924156188964844e+00
5.460121154785156250e+00
-1.442660689353942871e+00
-5.806280970573425293e-01
-1.205411434173583984e+00
5.603173971176147461e-01
7.109436392784118652e-01
1.006240919232368469e-01
1.616001605987548828e+00
4.418518841266632080e-01
-4.437847733497619629e-01
2.848075032234191895e-01
1.649015396833419800e-01
8.501538634300231934e-01
1.476057171821594238e-01
1.006942242383956909e-01
7.783753871917724609e-01
-9.186498075723648071e-02
1.690991222858428955e-01
-1.413687765598297119e-01
4.901537418365478516e+00
1.007262420654296875e+01
2.239664459228515625e+01
7.161148548126220703e+00
6.251326084136962891e+00
4.444071960449218750e+01
9.979757308959960938e+00
6.503249168395996094e+00
4.765615081787109375e+01
2.933388366699218750e+02
2.937617797851562500e+02
3.287176513671875000e+02
3.832639160156250000e+02
3.964138488769531250e+02
4.211487121582031250e+02
3.268588867187500000e+02
3.670709838867187500e+02
3.896074523925781250e+02
6.118516845703125000e+02
4.065492858886718750e+02
3.560419616699218750e+02
5.971110839843750000e+02
4.165205383300781250e+02
3.693148193359375000e+02
4.783406982421875000e+02
3.566994934082031250e+02
3.513205871582031250e+02
-8.500801086425781250e+00
2.552732229232788086e+00
2.560953140258789062e+00
-4.825801849365234375e+00
6.775379657745361328e+00
7.613653659820556641e+00
7.407657504081726074e-01
1.197473239898681641e+01
1.243990516662597656e+01
1.651483917236328125e+01
1.995503234863281250e+01
1.951876068115234375e+01
9.431730270385742188e+00
1.421256542205810547e+01
1.123291301727294922e+01
-1.190305829048156738e+00
1.696557760238647461e+00
4.215246200561523438e+00
4.153566360473632812e+00
7.905085563659667969e+00
8.182733535766601562e+00
6.196688175201416016e+00
8.981799125671386719e+00
7.201319694519042969e+00
7.946878910064697266e+00
9.324646949768066406e+00
7.747920036315917969e+00
1.591044311523437500e+02
1.805214538574218750e+02
1.646060485839843750e+02
1.283603668212890625e+02
1.761109771728515625e+02
1.754970397949218750e+02
1.148441925048828125e+02
1.631764678955078125e+02
1.913458099365234375e+02
2.879826049804687500e+02
3.019621276855468750e+02
2.669544677734375000e+02
3.555368041992187500e+02
3.761074829101562500e+02
3.467244262695312500e+02
3.620823364257812500e+02
3.724141235351562500e+02
3.647889404296875000e+02
-5.621188163757324219e+00
4.946300506591796875e+01
2.301803207397460938e+01
-2.097460746765136719e+01
4.803187942504882812e+01
2.008495140075683594e+01
7.012207031250000000e+00
7.136885070800781250e+01
3.259315109252929688e+01
-5.123675346374511719e+00
-9.726221084594726562e+00
3.295556306838989258e+00
-2.669522166252136230e-01
-5.689182758331298828e+00
3.012259244918823242e+00
-2.903465270996093750e+00
-4.927039146423339844e+00
1.340558409690856934e+00
9.295516204833984375e+01
9.674832153320312500e+01
1.427903137207031250e+02
1.266969528198242188e+02
1.591194610595703125e+02
2.046965026855468750e+02
1.241704940795898438e+02
1.794876556396484375e+02
2.228342590332031250e+02
-1.339590167999267578e+01
-1.162762761116027832e+00
-6.291802406311035156e+00
-1.550104522705078125e+01
-5.208427906036376953e+00
-1.298944234848022461e+00
-1.368708038330078125e+01
-2.809395313262939453e+00
6.086228847503662109e+00
-2.435696363449096680e+00
-2.114392042160034180e+00
-2.396021604537963867e+00
-1.237360000610351562e+00
-6.834896206855773926e-01
-6.648438572883605957e-01
-4.737940132617950439e-01
-2.604014575481414795e-01
-9.488579630851745605e-02
4.513129425048828125e+01
4.942171478271484375e+01
5.102297973632812500e+01
4.784983825683593750e+01
4.765643310546875000e+01
4.759433746337890625e+01
4.611191177368164062e+01
4.464662551879882812e+01
4.290066146850585938e+01
1.510843849182128906e+01
2.351103210449218750e+01
3.716017532348632812e+01
-7.708704471588134766e-01
1.012642765045166016e+01
2.248158073425292969e+01
4.344272136688232422e+00
-3.051604747772216797e+00
1.226633739471435547e+01
-8.036217689514160156e+00
1.555778741836547852e+00
2.122496604919433594e+00
-5.342372894287109375e+00
2.291135787963867188e+00
-2.952940464019775391e-01
-2.420608758926391602e+00
-2.927584171295166016e+00
-4.139301776885986328e+00
4.700919799804687500e+02
5.815258178710937500e+02
3.003038024902343750e+02
3.784330444335937500e+02
3.675412902832031250e+02
4.749737548828125000e+01
5.158002929687500000e+02
4.348775634765625000e+02
1.976554718017578125e+02
1.348284667968750000e+03
1.370676269531250000e+03
1.459356811523437500e+03
1.197795898437500000e+03
1.210185546875000000e+03
1.343231445312500000e+03
1.075831176757812500e+03
1.104664306640625000e+03
1.275323364257812500e+03
2.516036865234375000e+03
2.097223144531250000e+03
2.369295898437500000e+03
2.099240722656250000e+03
1.815907470703125000e+03
2.149116943359375000e+03
2.125170654296875000e+03
2.042715942382812500e+03
2.360762207031250000e+03
7.240332031250000000e+01
8.775596618652343750e+01
8.350329589843750000e+01
1.219211959838867188e+01
3.529484558105468750e+01
5.121945190429687500e+01
-2.187435340881347656e+01
3.495581865310668945e+00
2.393742561340332031e+01
-3.492277526855468750e+01
-3.248844528198242188e+01
-3.190007019042968750e+01
-2.499422073364257812e+01
-1.509907722473144531e+01
-2.995006561279296875e+01
2.009126853942871094e+01
3.960229110717773438e+01
2.324115943908691406e+01
3.301118087768554688e+01
4.997134399414062500e+01
4.356602859497070312e+01
3.432801055908203125e+01
4.825279235839843750e+01
4.611761856079101562e+01
2.607560348510742188e+01
4.269175338745117188e+01
4.758557510375976562e+01
1.370128906250000000e+03
1.239148559570312500e+03
1.183877319335937500e+03
1.218750976562500000e+03
1.193972045898437500e+03
1.318562255859375000e+03
7.892844238281250000e+02
8.955853881835937500e+02
1.108401123046875000e+03
8.525773315429687500e+02
1.144076904296875000e+03
1.261266967773437500e+03
7.691761474609375000e+02
1.109239135742187500e+03
1.238391723632812500e+03
7.427112426757812500e+02
1.057545043945312500e+03
1.194445068359375000e+03
8.703452148437500000e+02
1.236721679687500000e+03
1.105004028320312500e+03
1.071272460937500000e+03
1.381357543945312500e+03
1.152663208007812500e+03
7.834630126953125000e+02
1.038406860351562500e+03
6.329945068359375000e+02
1.445223083496093750e+02
1.238050537109375000e+02
5.791147232055664062e+01
8.355319976806640625e+01
6.030339813232421875e+01
4.425309753417968750e+01
1.186523361206054688e+02
4.562179565429687500e+01
8.865650177001953125e+01
1.261737060546875000e+03
1.161357421875000000e+03
1.293601074218750000e+03
1.275122192382812500e+03
1.259307739257812500e+03
1.336458007812500000e+03
1.018950988769531250e+03
1.040794677734375000e+03
1.138739379882812500e+03
1.964777755737304688e+01
-6.389200973510742188e+01
-1.052014694213867188e+02
-1.639743804931640625e+01
-7.939064025878906250e+01
-1.423381347656250000e+02
-8.902890205383300781e+00
-4.145149230957031250e+01
-8.010916137695312500e+01
2.896791839599609375e+01
2.747679328918457031e+01
2.844483375549316406e+01
2.382734298706054688e+00
4.816542148590087891e+00
8.488190650939941406e+00
-1.017791748046875000e+01
-8.883910179138183594e+00
-5.185960769653320312e+00
-1.521714091300964355e+00
-2.394849061965942383e+00
-1.486183524131774902e+00
-1.408534049987792969e+00
-2.357287406921386719e+00
-1.720899701118469238e+00
-1.292489051818847656e+00
-2.351114988327026367e+00
-2.152548074722290039e+00
9.176885485649108887e-01
3.442010581493377686e-01
1.179751038551330566e+00
5.967852473258972168e-01
-5.066728591918945312e-01
-9.166159480810165405e-02
3.781143724918365479e-01
-2.602201402187347412e-01
1.426234364509582520e+00
-7.566903829574584961e-01
2.755811214447021484e-01
1.367884576320648193e-01
-3.404394984245300293e-01
-4.621989428997039795e-01
1.473252624273300171e-01
-1.954146474599838257e-02
9.113487005233764648e-01
9.285380840301513672e-01
-2.439690589904785156e+01
-2.718900299072265625e+01
-6.627213478088378906e+00
-3.193544197082519531e+01
-2.075202369689941406e+01
3.973293304443359375e-02
-2.049629592895507812e+01
-1.321932506561279297e+01
-2.589133739471435547e+00
-1.603223876953125000e+02
-1.733791198730468750e+02
-1.772711029052734375e+02
-1.801096649169921875e+02
-1.819243927001953125e+02
-1.820143432617187500e+02
-2.033606109619140625e+02
-1.875520477294921875e+02
-1.920929412841796875e+02
-6.210845565795898438e+01
-1.536701965332031250e+02
-1.745068969726562500e+02
-4.309038543701171875e+01
-1.214690704345703125e+02
-1.480569610595703125e+02
-4.374106597900390625e+01
-1.262804260253906250e+02
-1.106391067504882812e+02
-9.732592582702636719e+00
-5.739185810089111328e+00
-5.385863304138183594e+00
-9.187252044677734375e+00
-5.471148014068603516e+00
-6.592604637145996094e+00
-1.054114627838134766e+01
-8.555503845214843750e+00
-9.998047828674316406e+00
-8.708304405212402344e+00
-8.626808166503906250e+00
-6.456714630126953125e+00
-6.012668609619140625e+00
-3.521785259246826172e+00
-3.525921583175659180e+00
-3.152683973312377930e+00
-1.320501327514648438e+00
-1.186911940574645996e+00
-2.945619583129882812e+00
-3.432255089282989502e-01
-6.789549589157104492e-01
-2.249566316604614258e+00
-6.022355556488037109e-01
-1.490734457969665527e+00
-3.095623493194580078e+00
-1.736905813217163086e+00
-2.457674503326416016e+00
-3.183246803283691406e+01
-2.517714309692382812e+01
-1.024068927764892578e+01
-4.617527008056640625e+01
-4.027346038818359375e+01
-3.141572380065917969e+01
-3.482146453857421875e+01
-5.541464233398437500e+01
-5.362288665771484375e+01
-1.333018341064453125e+02
-1.357734222412109375e+02
-1.444940338134765625e+02
-1.530903167724609375e+02
-1.549484100341796875e+02
-1.511593170166015625e+02
-1.751218566894531250e+02
-1.794860076904296875e+02
-1.662453613281250000e+02
5.104486083984375000e+01
7.418263244628906250e+01
8.416083526611328125e+01
3.162423896789550781e+01
6.582872009277343750e+01
8.366135406494140625e+01
2.565451049804687500e+01
7.551531219482421875e+01
8.544341278076171875e+01
-4.151445388793945312e+00
-4.439985752105712891e+00
-1.622389674186706543e+00
-1.702269077301025391e+00
1.536422014236450195e+00
3.049952089786529541e-01
-1.487193226814270020e+00
1.068174958229064941e+00
8.995500206947326660e-01
2.720388412475585938e+01
2.034237098693847656e+01
4.085999679565429688e+01
-9.471635818481445312e+00
1.955190277099609375e+01
3.389113616943359375e+01
3.828884124755859375e+00
2.765668106079101562e+01
4.926784515380859375e+01
-5.344228267669677734e+00
7.287887334823608398e-01
-2.766747713088989258e+00
-5.257167339324951172e+00
-6.359801888465881348e-01
-3.959632635116577148e+00
-6.163933873176574707e-01
4.870206832885742188e+00
3.211419284343719482e-01
5.359761118888854980e-01
1.923504769802093506e-01
2.616947293281555176e-01
-2.370680570602416992e-01
-3.064558804035186768e-01
-1.987902969121932983e-01
-2.501890659332275391e-01
-2.112350016832351685e-01
-1.695426255464553833e-01
5.594815254211425781e+00
7.114739894866943359e+00
8.588302612304687500e+00
4.407196044921875000e+00
5.767288208007812500e+00
7.130575656890869141e+00
3.494332075119018555e+00
5.014891147613525391e+00
6.483557701110839844e+00
3.897142410278320312e-01
1.423722863197326660e+00
3.611322879791259766e+00
-4.932323992252349854e-01
9.551874399185180664e-01
2.118860483169555664e+00
3.299886286258697510e-01
7.044270634651184082e-01
2.228606462478637695e+00
1.783336162567138672e+00
2.118910074234008789e+00
2.389158725738525391e+00
8.448037505149841309e-02
2.373171970248222351e-02
1.883351653814315796e-01
-2.759336680173873901e-02
-1.941003948450088501e-01
2.234463840723037720e-01
2.381450653076171875e+02
3.151506347656250000e+02
3.727388610839843750e+02
2.191787872314453125e+02
2.932705078125000000e+02
3.279741516113281250e+02
2.159213256835937500e+02
2.779981689453125000e+02
3.001099548339843750e+02
7.804048156738281250e+01
7.474627685546875000e+01
8.810729217529296875e+01
2.480337715148925781e+01
2.712725639343261719e+01
4.642760086059570312e+01
4.790940475463867188e+01
3.873669815063476562e+01
5.238030624389648438e+01
-6.696814727783203125e+01
-3.455441665649414062e+01
-2.621420860290527344e+01
-1.015181732177734375e+02
-7.423389434814453125e+01
-5.531829833984375000e+01
-9.078162384033203125e+01
-5.715718460083007812e+01
-2.548261833190917969e+01
1.094207992553710938e+02
1.093053359985351562e+02
1.027766189575195312e+02
1.034724807739257812e+02
9.997724151611328125e+01
9.351482391357421875e+01
9.495651245117187500e+01
9.004736328125000000e+01
8.469135284423828125e+01
7.480163574218750000e-01
-5.213465541601181030e-02
1.524930596351623535e+00
-2.149888992309570312e+00
-2.495530605316162109e+00
-2.840950191020965576e-01
3.486947536468505859e+00
4.656870841979980469e+00
2.701182126998901367e+00
3.572779178619384766e+00
2.983211517333984375e+00
2.682772636413574219e+00
2.094106674194335938e+00
9.440534114837646484e-01
1.326060056686401367e+00
7.214536070823669434e-01
2.283849120140075684e-01
1.471772789955139160e+00
3.941296691894531250e+02
4.073767089843750000e+02
3.638695678710937500e+02
3.503348388671875000e+02
3.606120300292968750e+02
3.281133117675781250e+02
3.001214294433593750e+02
3.029992980957031250e+02
2.876391601562500000e+02
1.037201919555664062e+02
9.350414276123046875e+01
9.755473327636718750e+01
3.621976852416992188e+01
3.493888854980468750e+01
5.060006332397460938e+01
-1.196008014678955078e+01
-4.500530958175659180e-01
2.818123817443847656e+01
2.995511169433593750e+02
2.931076965332031250e+02
3.285115661621093750e+02
2.203540802001953125e+02
2.149765625000000000e+02
2.489944915771484375e+02
1.898528594970703125e+02
1.887016143798828125e+02
2.155867309570312500e+02
9.150682067871093750e+01
1.076407394409179688e+02
1.107036514282226562e+02
9.401728820800781250e+01
1.072107162475585938e+02
1.096271286010742188e+02
9.110514068603515625e+01
9.822894287109375000e+01
9.772859191894531250e+01
1.126713790893554688e+02
1.394388427734375000e+02
1.517008056640625000e+02
1.250618820190429688e+02
1.371948699951171875e+02
1.328799133300781250e+02
1.025964050292968750e+02
1.135808029174804688e+02
1.168306732177734375e+02
8.362229919433593750e+01
7.640510559082031250e+01
5.357440185546875000e+01
8.341384887695312500e+01
7.604323577880859375e+01
5.457521438598632812e+01
9.044416809082031250e+01
7.766108703613281250e+01
5.750505828857421875e+01
5.590579032897949219e+00
5.247059822082519531e+00
4.431005477905273438e+00
4.023399353027343750e+00
3.709876298904418945e+00
2.937051296234130859e+00
6.338138103485107422e+00
6.284439086914062500e+00
5.665793418884277344e+00
2.268675422668457031e+01
2.133000564575195312e+01
1.858355903625488281e+01
2.067086791992187500e+01
2.014831352233886719e+01
1.744687080383300781e+01
1.944055938720703125e+01
1.920508575439453125e+01
1.631810951232910156e+01
7.581302165985107422e+00
9.885457038879394531e+00
7.502138614654541016e+00
1.032378673553466797e+01
9.609205245971679688e+00
1.212987136840820312e+01
1.490714311599731445e+00
7.291486263275146484e+00
7.883807182312011719e+00
4.169031143188476562e+00
2.799923896789550781e+00
2.248152732849121094e+00
3.019906282424926758e+00
5.275218486785888672e-01
1.490630865097045898e+00
-2.839089035987854004e-01
1.108379587531089783e-01
5.666940212249755859e-01
2.976901855468750000e+02
2.596194152832031250e+02
2.474561767578125000e+02
2.758179931640625000e+02
2.507593536376953125e+02
2.854382019042968750e+02
2.335523529052734375e+02
2.200872497558593750e+02
2.756607055664062500e+02
8.076003417968750000e+02
7.674299926757812500e+02
7.502108154296875000e+02
7.324045410156250000e+02
7.192902832031250000e+02
6.720503540039062500e+02
6.114133300781250000e+02
6.189071044921875000e+02
5.833816528320312500e+02
9.014285278320312500e+02
1.001837036132812500e+03
7.751072387695312500e+02
7.050855102539062500e+02
7.759788818359375000e+02
5.892098999023437500e+02
7.177907714843750000e+02
7.450917358398437500e+02
5.603690795898437500e+02
9.562062835693359375e+01
9.122546386718750000e+01
9.507184600830078125e+01
1.162683715820312500e+02
1.145775299072265625e+02
1.120400314331054688e+02
1.174997177124023438e+02
1.144337005615234375e+02
1.074258728027343750e+02
5.812446594238281250e+00
6.526940345764160156e+00
9.672943115234375000e+00
6.034577369689941406e+00
7.329811096191406250e+00
6.971327781677246094e+00
3.327106952667236328e+00
9.831175804138183594e-01
1.025168323516845703e+01
1.960756874084472656e+01
1.705091667175292969e+01
2.027410888671875000e+01
1.692329788208007812e+01
1.565245532989501953e+01
1.580047798156738281e+01
1.557537651062011719e+01
1.430797767639160156e+01
1.339326095581054688e+01
5.758433837890625000e+02
5.982846069335937500e+02
5.640107421875000000e+02
6.921703491210937500e+02
6.833804321289062500e+02
6.466380615234375000e+02
7.777744750976562500e+02
7.784243164062500000e+02
7.058164672851562500e+02
7.325799560546875000e+02
7.493412475585937500e+02
7.136723022460937500e+02
7.312036743164062500e+02
7.209103393554687500e+02
6.834085693359375000e+02
6.662528686523437500e+02
6.326133422851562500e+02
5.819407348632812500e+02
3.056563415527343750e+02
2.836405029296875000e+02
2.475448150634765625e+02
4.776784362792968750e+02
4.371867980957031250e+02
3.851595764160156250e+02
4.738026428222656250e+02
4.537015380859375000e+02
3.861571350097656250e+02
6.106137847900390625e+01
5.146668243408203125e+01
7.790559387207031250e+01
5.945535659790039062e+01
7.079650878906250000e+01
7.995722198486328125e+01
7.922948455810546875e+01
9.683221435546875000e+01
9.121092224121093750e+01
4.049965515136718750e+02
3.987463378906250000e+02
3.314008483886718750e+02
3.590763854980468750e+02
3.688747558593750000e+02
3.609715881347656250e+02
3.996990356445312500e+02
4.286189270019531250e+02
4.431923828125000000e+02
5.071770477294921875e+01
5.875910568237304688e+01
5.100514221191406250e+01
4.917740631103515625e+01
5.584007644653320312e+01
5.399580764770507812e+01
6.192144012451171875e+01
7.196654510498046875e+01
5.735763549804687500e+01
1.113904953002929688e+01
9.935570716857910156e+00
9.452551841735839844e+00
1.027857685089111328e+01
8.097707748413085938e+00
7.767210960388183594e+00
7.867065906524658203e+00
6.561153411865234375e+00
6.023579597473144531e+00
