1.308928833007812500e+02
1.584947357177734375e+02
1.803737487792968750e+02
1.308585815429687500e+02
1.731769714355468750e+02
2.000694885253906250e+02
1.333254241943359375e+02
1.806213073730468750e+02
1.850009307861328125e+02
8.247293472290039062e+00
7.215149879455566406e+00
5.805547714233398438e+00
1.414529132843017578e+01
1.188767814636230469e+01
9.329513549804687500e+00
1.134956359863281250e+01
8.768922805786132812e+00
8.672143936157226562e+00
1.790903808593750000e+03
1.845195922851562500e+03
1.689546630859375000e+03
2.067571289062500000e+03
1.941464599609375000e+03
1.761597778320312500e+03
1.797646484375000000e+03
1.573867797851562500e+03
1.474580688476562500e+03
1.114520132541656494e-01
1.268108040094375610e-01
-2.131858095526695251e-02
-2.407865673303604126e-01
-4.440739750862121582e-02
4.582113027572631836e-02
-1.515636779367923737e-02
-4.523935914039611816e-02
7.985603809356689453e-02
9.823558479547500610e-02
9.761675447225570679e-02
1.335650980472564697e-01
1.182006299495697021e-01
1.097301766276359558e-01
1.514571011066436768e-01
1.219741106033325195e-01
1.400793939828872681e-01
1.701429039239883423e-01
6.573581218719482422e+00
3.331130504608154297e+00
3.500827550888061523e+00
4.770755767822265625e+00
7.367258548736572266e+00
6.531309604644775391e+00
2.029850387573242188e+01
1.655244064331054688e+01
1.474886608123779297e+01
2.573916196823120117e+00
1.134302377700805664e+00
4.426729679107666016e-01
1.869925975799560547e+00
1.177044987678527832e+00
7.746003270149230957e-01
2.670122683048248291e-01
3.117946147918701172e+00
6.649955511093139648e-01
1.725100463867187500e+03
1.639355834960937500e+03
1.611954833984375000e+03
1.753116943359375000e+03
1.714557128906250000e+03
1.785517211914062500e+03
1.753457519531250000e+03
1.771401855468750000e+03
1.867632080078125000e+03
1.865990877151489258e+00
3.278591632843017578e+00
2.321481943130493164e+00
4.519435167312622070e-01
3.278593063354492188e+00
2.468570947647094727e+00
7.878777503967285156e+00
4.281314849853515625e+00
4.562799930572509766e+00
2.863295555114746094e+00
1.558848023414611816e+00
4.577630043029785156e+00
2.371426343917846680e+00
-3.680735826492309570e-01
3.148761987686157227e+00
1.296859025955200195e+00
5.573753714561462402e-01
4.910987854003906250e+00
6.613034057617187500e+01
5.936778640747070312e+01
6.230794906616210938e+01
7.646878051757812500e+01
6.999130249023437500e+01
6.992613983154296875e+01
6.872733306884765625e+01
7.689774322509765625e+01
5.608036422729492188e+01
6.524812011718750000e+02
6.528889770507812500e+02
7.068122558593750000e+02
7.025700073242187500e+02
7.067635498046875000e+02
7.494601440429687500e+02
6.437987670898437500e+02
6.138309326171875000e+02
6.234627075195312500e+02
1.755980682373046875e+01
3.404910659790039062e+01
2.577638626098632812e+01
3.044922637939453125e+01
4.062097167968750000e+01
3.834938049316406250e+01
2.835459327697753906e+01
3.756473541259765625e+01
4.873197937011718750e+01
1.905284423828125000e+02
1.993509216308593750e+02
1.601623840332031250e+02
2.367601776123046875e+02
2.644583129882812500e+02
1.830634918212890625e+02
2.888619079589843750e+02
2.724397583007812500e+02
1.977252655029296875e+02
8.922571411132812500e+02
9.238802490234375000e+02
8.522103271484375000e+02
9.227116699218750000e+02
9.606002807617187500e+02
8.931649780273437500e+02
9.304248657226562500e+02
9.464196777343750000e+02
9.006143798828125000e+02
2.891573486328125000e+02
2.622718811035156250e+02
2.777376403808593750e+02
2.817207641601562500e+02
2.539559783935546875e+02
2.822733764648437500e+02
2.633716125488281250e+02
2.503722076416015625e+02
2.796685180664062500e+02
1.311958408355712891e+01
1.481504344940185547e+01
2.070438003540039062e+01
7.803417205810546875e+00
1.949267387390136719e+01
2.783967590332031250e+01
-2.383542060852050781e+01
-2.392913055419921875e+01
-3.728017568588256836e+00
-1.985338926315307617e+00
4.764854907989501953e+00
-8.687779903411865234e-01
-2.410587072372436523e+00
3.787621974945068359e+00
-5.651443004608154297e-01
-1.972041606903076172e+00
4.364147186279296875e+00
1.041315793991088867e+00
-5.523680496215820312e+01
3.012626037597656250e+02
4.403784790039062500e+02
2.958552246093750000e+02
6.640955200195312500e+02
6.846712036132812500e+02
3.341812438964843750e+02
5.805736083984375000e+02
5.350462646484375000e+02
2.263517864048480988e-02
1.068659033626317978e-02
-3.236015513539314270e-02
-1.985994279384613037e-01
-8.953411877155303955e-02
-5.552679300308227539e-02
-7.775016874074935913e-02
-1.531336829066276550e-02
-1.336581408977508545e-01
-4.039061442017555237e-02
-3.220625966787338257e-02
-1.592925935983657837e-02
-3.801262378692626953e-02
-2.868323773145675659e-02
-1.003037393093109131e-02
-2.760507538914680481e-02
-2.315501915290951729e-03
4.046156071126461029e-03
3.754805326461791992e+00
4.985226154327392578e+00
2.170044183731079102e+00
3.221811294555664062e+00
1.926847219467163086e+00
4.698817133903503418e-01
7.223312377929687500e+00
8.163387298583984375e+00
-1.777693986892700195e+00
-1.877442598342895508e+00
1.925405311584472656e+01
2.434662342071533203e+00
-4.732591152191162109e+00
2.112719154357910156e+01
2.363244295120239258e+00
-7.484745502471923828e+00
2.159300613403320312e+01
1.545383453369140625e+00
-6.927011108398437500e+01
-8.566429901123046875e+01
6.887933349609375000e+01
3.549336242675781250e+01
4.709360885620117188e+01
2.012972869873046875e+02
1.258294372558593750e+02
1.174886322021484375e+02
2.568151245117187500e+02
-4.904248237609863281e+00
7.646056175231933594e+00
1.500020980834960938e+00
-2.260676145553588867e+00
1.043867301940917969e+01
1.230468034744262695e+00
-2.759000778198242188e+00
8.058133125305175781e+00
-5.062435865402221680e-01
1.388176381587982178e-01
7.507027387619018555e-01
-2.786016941070556641e+00
-3.849317789077758789e+00
-4.570906162261962891e+00
-8.332379341125488281e+00
-7.192540764808654785e-01
-1.753900766372680664e+00
-3.536785125732421875e+00
-1.516040802001953125e+01
-1.911138153076171875e+01
-2.003216505050659180e+00
-2.695931816101074219e+01
-3.796908950805664062e+01
-2.610374259948730469e+01
-1.258673477172851562e+01
-2.882711601257324219e+01
-4.710785293579101562e+01
4.203920364379882812e+01
6.752293395996093750e+01
1.844460144042968750e+02
4.472634124755859375e+01
6.560078430175781250e+01
1.847938537597656250e+02
3.374486160278320312e+01
3.610273742675781250e+01
1.310415344238281250e+02
-8.534458279609680176e-01
4.298077583312988281e+00
2.286743879318237305e+00
-1.994274330139160156e+01
-1.619917297363281250e+01
-1.215503501892089844e+01
-5.860980033874511719e+00
1.286355137825012207e+00
-1.630789041519165039e+00
-8.702909851074218750e+01
-8.469231414794921875e+01
-1.026530609130859375e+02
-3.782656860351562500e+01
-2.582099342346191406e+01
-4.289648818969726562e+01
-4.409598541259765625e+01
-1.990975570678710938e+01
-5.381912994384765625e+01
4.993970870971679688e+00
3.850384521484375000e+01
1.076849288940429688e+02
-4.433711051940917969e+00
3.318753433227539062e+01
8.171710968017578125e+01
-1.008820247650146484e+01
1.428762340545654297e+01
4.962454223632812500e+01
2.547100257873535156e+01
1.624417304992675781e+01
3.657752990722656250e+01
-6.151920557022094727e-01
-1.392589950561523438e+01
3.328965902328491211e+00
-1.353418064117431641e+01
-3.003128623962402344e+01
-7.131915092468261719e+00
4.039147949218750000e+01
4.659473419189453125e+01
7.008171844482421875e+01
6.603992462158203125e+01
8.467163085937500000e+01
1.144283447265625000e+02
7.069557189941406250e+01
9.752426147460937500e+01
1.278849029541015625e+02
-2.244787454605102539e+00
1.226669788360595703e+01
1.602047204971313477e+00
-7.267674207687377930e-01
1.432107925415039062e+01
1.682836174964904785e+00
-9.331846237182617188e-01
1.263390541076660156e+01
1.632144451141357422e-01
1.212625976562500000e+03
1.235023437500000000e+03
1.199514526367187500e+03
1.561547607421875000e+03
1.565412475585937500e+03
1.399580200195312500e+03
1.870847045898437500e+03
1.854652709960937500e+03
1.702865966796875000e+03
7.814328372478485107e-02
1.078943014144897461e-01
-1.704607717692852020e-02
4.705435037612915039e-01
3.407548069953918457e-01
5.669073462486267090e-01
1.605527848005294800e-02
1.443908363580703735e-01
9.450328350067138672e-02
1.272259466350078583e-02
2.348252758383750916e-02
1.002617478370666504e-01
2.767634205520153046e-02
2.869536727666854858e-02
1.276806592941284180e-01
3.177236020565032959e-02
6.781614385545253754e-03
1.293983757495880127e-01
1.288767218589782715e+00
2.281051158905029297e+00
-5.412380695343017578e-01
6.208310127258300781e+00
5.369912147521972656e+00
1.612804234027862549e-01
2.648461818695068359e+00
4.071224689483642578e+00
2.052768707275390625e+00
-1.067252382636070251e-01
2.196202278137207031e+00
-2.188750654458999634e-01
1.685098111629486084e-01
2.669907093048095703e+00
1.792318522930145264e-01
3.060910105705261230e-01
4.460453510284423828e+00
2.179044246673583984e+00
2.643291015625000000e+02
2.132799530029296875e+02
3.014182434082031250e+02
6.009488525390625000e+02
5.292426147460937500e+02
6.627214355468750000e+02
1.049063842773437500e+03
9.976909790039062500e+02
1.130121093750000000e+03
3.946568489074707031e+00
1.656734275817871094e+01
4.169030487537384033e-01
5.460662245750427246e-01
1.673416137695312500e+01
-6.601529121398925781e-01
2.226772785186767578e+00
1.844112777709960938e+01
6.499255448579788208e-02
-2.202389717102050781e+00
-2.513766050338745117e+00
5.021633148193359375e+00
7.865605354309082031e+00
6.470289230346679688e+00
1.304325008392333984e+01
9.475394487380981445e-01
-2.451530694961547852e+00
7.508449554443359375e+00
-1.430214118957519531e+01
-4.886286735534667969e+00
2.268780899047851562e+01
-4.367997741699218750e+01
-1.564836883544921875e+01
8.796765327453613281e+00
-7.512245178222656250e+01
-6.155669784545898438e+01
-2.869016647338867188e+01
7.872036743164062500e+01
9.292327880859375000e+01
1.056235809326171875e+02
2.874217529296875000e+02
3.030169067382812500e+02
2.962263183593750000e+02
3.664207763671875000e+02
3.997792053222656250e+02
3.729476318359375000e+02
1.319682693481445312e+01
1.899639892578125000e+01
8.360257148742675781e+00
4.849052429199218750e+01
4.756930160522460938e+01
3.598854446411132812e+01
4.701347827911376953e+00
1.646254730224609375e+01
1.044101524353027344e+01
-2.732561302185058594e+01
-1.830970001220703125e+01
-1.145556354522705078e+01
-8.877376317977905273e-01
2.157502746582031250e+01
1.941421127319335938e+01
4.870131301879882812e+01
6.634090423583984375e+01
6.862368774414062500e+01
3.281235961914062500e+02
3.499012451171875000e+02
3.426256103515625000e+02
6.256671752929687500e+02
6.710241699218750000e+02
6.664566040039062500e+02
6.036629638671875000e+02
6.328635864257812500e+02
6.241035156250000000e+02
6.632112121582031250e+01
5.907949829101562500e+01
7.497328186035156250e+01
1.729795837402343750e+02
1.545671691894531250e+02
1.784291687011718750e+02
1.166527404785156250e+02
8.515486145019531250e+01
1.166829757690429688e+02
7.960504150390625000e+01
1.604630584716796875e+02
1.499096984863281250e+02
8.692279815673828125e+01
1.809241943359375000e+02
1.615717163085937500e+02
7.554817199707031250e+01
1.393252258300781250e+02
1.176512756347656250e+02
4.450049877166748047e+00
1.477516555786132812e+01
5.872387409210205078e+00
-1.979118585586547852e+00
5.662444114685058594e+00
-1.599908828735351562e+00
-7.893091678619384766e+00
3.064646482467651367e+00
-4.824873924255371094e+00
2.157267333984375000e+03
2.032797241210937500e+03
1.401561523437500000e+03
1.610119628906250000e+03
1.269337890625000000e+03
6.389281616210937500e+02
9.429425048828125000e+02
6.929027709960937500e+02
2.326211090087890625e+02
2.154042124748229980e-01
2.909594215452671051e-02
-7.310878485441207886e-02
7.711447775363922119e-02
-3.483190387487411499e-02
-3.295117616653442383e-01
-1.168694645166397095e-01
-1.326949298381805420e-01
-1.870209723711013794e-01
6.770449876785278320e-02
8.626271784305572510e-02
1.310935914516448975e-01
1.218321844935417175e-01
1.080519855022430420e-01
1.253607422113418579e-01
1.051513776183128357e-01
8.470305800437927246e-02
8.028005063533782959e-02
1.769567608833312988e+00
-1.821717023849487305e+00
-1.192116737365722656e+01
1.065932178497314453e+01
2.528539419174194336e+00
-2.067227125167846680e+00
1.208530902862548828e+01
6.605829715728759766e+00
1.771482586860656738e+00
-5.909872055053710938e+00
-1.003957176208496094e+01
-1.452183008193969727e+00
-4.869238853454589844e+00
-1.047848987579345703e+01
-9.005479812622070312e-01
-8.281923294067382812e+00
-1.006950569152832031e+01
-1.333774477243423462e-01
1.241007568359375000e+03
1.104959228515625000e+03
1.110257934570312500e+03
1.465781860351562500e+03
1.317622436523437500e+03
1.321759643554687500e+03
1.344869628906250000e+03
1.158023559570312500e+03
1.218359008789062500e+03
-1.102416229248046875e+01
8.362982749938964844e+00
2.109489679336547852e+00
-1.605617284774780273e+00
2.121136856079101562e+01
6.839400768280029297e+00
-8.070154190063476562e+00
1.457967185974121094e+01
-1.250179529190063477e+00
1.658031702041625977e+00
9.159430503845214844e+00
1.557564163208007812e+01
-1.291933917999267578e+01
-5.635589599609375000e+00
-2.542049407958984375e+00
-1.531877517700195312e+00
4.522791862487792969e+00
1.278840351104736328e+01
-2.528074645996093750e+01
-2.094304466247558594e+01
-3.189282989501953125e+01
-1.726253318786621094e+01
-1.002571868896484375e+01
-3.629563903808593750e+01
-2.419327354431152344e+01
2.597284555435180664e+00
-6.417512893676757812e+00
5.609841308593750000e+02
5.551738281250000000e+02
5.039291076660156250e+02
5.430940551757812500e+02
4.944415283203125000e+02
4.122318420410156250e+02
3.112341003417968750e+02
2.752565612792968750e+02
2.203386383056640625e+02
2.003473854064941406e+01
2.273427009582519531e+01
1.654001426696777344e+01
-9.770828247070312500e+00
-1.626354980468750000e+01
-3.715464782714843750e+01
2.501086807250976562e+01
2.152259445190429688e+01
1.048282909393310547e+01
1.466797027587890625e+02
1.710452575683593750e+02
1.719092407226562500e+02
1.865766296386718750e+02
2.016103363037109375e+02
1.515570526123046875e+02
2.343370513916015625e+02
2.335732116699218750e+02
1.997216491699218750e+02
8.045342407226562500e+02
8.291460571289062500e+02
7.659367065429687500e+02
7.708615722656250000e+02
7.826170654296875000e+02
7.005680541992187500e+02
6.293220214843750000e+02
6.313081054687500000e+02
5.507781982421875000e+02
2.476388092041015625e+02
1.631574249267578125e+02
1.636670989990234375e+02
1.961055145263671875e+02
1.233875045776367188e+02
1.579602355957031250e+02
1.663680267333984375e+02
1.151825790405273438e+02
1.600584564208984375e+02
2.421019592285156250e+02
2.824779052734375000e+02
2.990476989746093750e+02
2.691760559082031250e+02
2.970320739746093750e+02
3.033312377929687500e+02
2.580059204101562500e+02
2.807053527832031250e+02
2.770379028320312500e+02
4.177470779418945312e+01
5.026300048828125000e+01
3.992979049682617188e+01
4.507417297363281250e+01
5.541893768310546875e+01
4.302285003662109375e+01
4.797952270507812500e+01
6.001696014404296875e+01
4.763211059570312500e+01
3.807361572265625000e+03
3.959652343750000000e+03
3.958795166015625000e+03
3.793694091796875000e+03
4.010235107421875000e+03
4.135239257812500000e+03
3.926782470703125000e+03
4.279862792968750000e+03
4.498796875000000000e+03
2.284467816352844238e-01
2.186626344919204712e-01
1.626953631639480591e-01
3.784779608249664307e-01
3.690168857574462891e-01
6.546729803085327148e-01
4.125081002712249756e-03
4.000522941350936890e-02
-3.404983878135681152e-02
2.503688037395477295e-01
2.219969928264617920e-01
2.594386637210845947e-01
2.746353149414062500e-01
2.235840708017349243e-01
2.670768499374389648e-01
2.695699036121368408e-01
2.216667234897613525e-01
2.528632581233978271e-01
1.508832550048828125e+01
2.098991012573242188e+01
1.522976875305175781e+01
1.499604320526123047e+01
2.400389099121093750e+01
1.991005325317382812e+01
1.416049003601074219e+01
2.259501266479492188e+01
2.120910835266113281e+01
3.445979356765747070e+00
1.934939765930175781e+01
4.464791297912597656e+00
3.192176818847656250e+00
2.116414260864257812e+01
4.123273372650146484e+00
3.649990797042846680e+00
2.361594200134277344e+01
4.375581264495849609e+00
3.253178710937500000e+03
3.316351562500000000e+03
3.566579101562500000e+03
3.347978027343750000e+03
3.405478271484375000e+03
3.693803710937500000e+03
3.438732910156250000e+03
3.462706542968750000e+03
3.772604980468750000e+03
2.759434127807617188e+01
4.043993759155273438e+01
1.896294784545898438e+01
2.919489479064941406e+01
4.402379608154296875e+01
2.160314559936523438e+01
2.776330947875976562e+01
4.383626556396484375e+01
1.850495338439941406e+01
1.106304264068603516e+01
1.422037124633789062e+01
1.816610145568847656e+01
1.566071128845214844e+01
1.736811065673828125e+01
2.465444755554199219e+01
3.520289421081542969e+00
5.025823593139648438e+00
1.012883090972900391e+01
9.762692260742187500e+01
1.099549713134765625e+02
1.229406509399414062e+02
1.231071243286132812e+02
1.422087554931640625e+02
1.614361877441406250e+02
1.512186431884765625e+02
1.773134460449218750e+02
1.986605682373046875e+02
1.038338623046875000e+03
1.029839721679687500e+03
1.055446044921875000e+03
1.026722656250000000e+03
1.023254760742187500e+03
1.063786865234375000e+03
9.570597534179687500e+02
1.008074462890625000e+03
1.064716186523437500e+03
1.032628707885742188e+02
1.128396301269531250e+02
8.687441253662109375e+01
1.140941696166992188e+02
1.279856185913085938e+02
1.031926727294921875e+02
7.765354156494140625e+01
8.526084136962890625e+01
6.552222442626953125e+01
5.264426269531250000e+02
5.429340209960937500e+02
5.479033813476562500e+02
5.216295776367187500e+02
5.338482055664062500e+02
5.527275390625000000e+02
5.287509155273437500e+02
5.481948852539062500e+02
5.775009765625000000e+02
1.854653442382812500e+03
1.922690795898437500e+03
1.960586669921875000e+03
1.916297729492187500e+03
1.991940307617187500e+03
2.054768798828125000e+03
1.792744628906250000e+03
1.863205566406250000e+03
1.958667480468750000e+03
8.165615844726562500e+02
8.172272338867187500e+02
8.867117309570312500e+02
8.678050537109375000e+02
8.664098510742187500e+02
9.299038085937500000e+02
8.366855468750000000e+02
8.297282104492187500e+02
8.711025390625000000e+02
3.108079223632812500e+02
2.986996154785156250e+02
3.181406555175781250e+02
2.755664672851562500e+02
2.615055236816406250e+02
2.657005615234375000e+02
2.727576904296875000e+02
2.459838256835937500e+02
2.601349182128906250e+02
3.713455963134765625e+01
1.764884757995605469e+01
1.877701568603515625e+01
3.670104598999023438e+01
1.511006069183349609e+01
1.854158782958984375e+01
3.642273712158203125e+01
1.446204948425292969e+01
2.011068725585937500e+01
3.681172851562500000e+03
3.502205078125000000e+03
3.488830566406250000e+03
3.091734619140625000e+03
2.980155273437500000e+03
3.096130615234375000e+03
2.650036865234375000e+03
2.637104736328125000e+03
2.830027343750000000e+03
1.582135409116744995e-01
2.804322913289070129e-02
-2.476464770734310150e-02
2.584561109542846680e-01
3.454765677452087402e-01
2.825278416275978088e-02
-1.984221115708351135e-02
6.210317462682723999e-02
5.677963793277740479e-02
2.414636462926864624e-01
2.503592371940612793e-01
1.485729962587356567e-01
2.907629013061523438e-01
2.801933288574218750e-01
1.729607135057449341e-01
2.346621751785278320e-01
2.451923489570617676e-01
1.374624669551849365e-01
2.827829742431640625e+01
1.928621673583984375e+01
1.655781364440917969e+01
3.637363815307617188e+01
2.902633666992187500e+01
2.318248939514160156e+01
3.206235122680664062e+01
2.848784637451171875e+01
2.213861656188964844e+01
8.421375274658203125e+00
4.659310817718505859e+00
-1.035477876663208008e+00
6.696168422698974609e+00
7.141616344451904297e-01
-4.850741922855377197e-01
6.593001365661621094e+00
-9.921618700027465820e-01
7.180931419134140015e-02
3.541413574218750000e+03
3.758735839843750000e+03
3.588137939453125000e+03
3.469042968750000000e+03
3.690423583984375000e+03
3.537527587890625000e+03
3.048863525390625000e+03
3.262831298828125000e+03
3.112831298828125000e+03
2.561887168884277344e+01
2.832901477813720703e-01
6.447030544281005859e+00
2.515001678466796875e+01
3.250357151031494141e+00
8.691993713378906250e+00
2.841000366210937500e+01
4.168755531311035156e+00
9.950635910034179688e+00
3.010138750076293945e+00
4.064678192138671875e+00
3.429360866546630859e+00
2.037919759750366211e+00
3.080981492996215820e+00
4.047373294830322266e+00
2.050772905349731445e+00
3.563079118728637695e+00
3.531813859939575195e+00
1.694601745605468750e+02
2.000185699462890625e+02
1.804881439208984375e+02
2.397113800048828125e+02
2.799891357421875000e+02
2.558602294921875000e+02
2.171483764648437500e+02
2.576817016601562500e+02
2.574266967773437500e+02
1.361934814453125000e+03
1.324094482421875000e+03
1.355613037109375000e+03
1.315364624023437500e+03
1.306984619140625000e+03
1.311659912109375000e+03
1.154361816406250000e+03
1.154275878906250000e+03
1.213834106445312500e+03
5.488692092895507812e+01
4.815526199340820312e+01
2.548590660095214844e+01
4.905014801025390625e+01
2.478555870056152344e+01
2.745338630676269531e+01
5.810675430297851562e+01
4.686732864379882812e+01
2.767784881591796875e+01
4.322298278808593750e+02
4.531205749511718750e+02
4.334246215820312500e+02
4.537123718261718750e+02
4.387345886230468750e+02
4.353906555175781250e+02
3.987870483398437500e+02
3.903210144042968750e+02
4.281044006347656250e+02
1.786437622070312500e+03
1.775496826171875000e+03
1.734927734375000000e+03
1.633932250976562500e+03
1.576775634765625000e+03
1.557056152343750000e+03
1.535357666015625000e+03
1.532453369140625000e+03
1.498891967773437500e+03
5.720809326171875000e+02
6.020730590820312500e+02
5.486784057617187500e+02
5.546909179687500000e+02
5.891285400390625000e+02
5.480062255859375000e+02
5.623318481445312500e+02
6.158730468750000000e+02
5.721680297851562500e+02
-3.391916275024414062e+01
-3.622912216186523438e+01
-6.747933197021484375e+01
-9.674615859985351562e+00
-1.568473243713378906e+01
-4.841816329956054688e+01
-1.543416213989257812e+01
-2.802099990844726562e+01
-7.438759613037109375e+01
-4.371704101562500000e+00
-4.391776084899902344e+00
-2.871515274047851562e+00
-8.953166007995605469e+00
-1.083753108978271484e+01
-7.278872966766357422e+00
-7.302298545837402344e+00
-9.239354133605957031e+00
-5.435994625091552734e+00
-1.247630126953125000e+03
-1.738383666992187500e+03
-2.186666992187500000e+03
-1.628124511718750000e+03
-2.127286132812500000e+03
-2.480379394531250000e+03
-1.925146118164062500e+03
-2.341404785156250000e+03
-2.663664550781250000e+03
-1.415576636791229248e-01
7.228272967040538788e-03
-4.661896079778671265e-02
-1.414021551609039307e-01
-8.254209160804748535e-02
-9.138120710849761963e-02
-2.139948457479476929e-01
-2.069226056337356567e-01
-1.993402987718582153e-01
-1.233844738453626633e-02
2.151596546173095703e-02
-1.326830219477415085e-02
-3.658593073487281799e-02
2.461865171790122986e-02
-2.971232309937477112e-02
-4.787490889430046082e-02
-7.072699721902608871e-03
-5.014446750283241272e-02
-1.177717781066894531e+01
-1.193685626983642578e+01
-1.432171249389648438e+01
-1.229751968383789062e+01
-1.716711997985839844e+01
-1.695709800720214844e+01
-1.022348117828369141e+01
-1.304736804962158203e+01
-1.537755012512207031e+01
-7.156286239624023438e+00
-2.080819511413574219e+01
-2.176822662353515625e+00
-5.354265689849853516e+00
-2.141662597656250000e+01
-9.431424140930175781e-01
-7.541362762451171875e+00
-2.335103034973144531e+01
-9.134262204170227051e-01
-7.679324951171875000e+02
-9.031496582031250000e+02
-1.107979125976562500e+03
-7.941251220703125000e+02
-9.577448120117187500e+02
-1.175490234375000000e+03
-9.125009765625000000e+02
-1.047213623046875000e+03
-1.238830566406250000e+03
-1.242968177795410156e+01
-1.076184082031250000e+01
-1.384871721267700195e+00
-1.212977600097656250e+01
-1.242703533172607422e+01
-3.304114341735839844e+00
-6.396372318267822266e+00
-6.407843112945556641e+00
2.313636779785156250e+00
-1.207495257258415222e-01
6.859654903411865234e+00
-1.358430147171020508e+00
-5.754833698272705078e+00
9.984689354896545410e-01
-9.596780776977539062e+00
-1.194726675748825073e-02
7.847482204437255859e+00
-1.083260774612426758e+00
-5.013986206054687500e+01
-6.754381561279296875e+01
-5.047494506835937500e+01
-6.672615051269531250e+01
-7.305475616455078125e+01
-6.693978881835937500e+01
-6.109521102905273438e+01
-6.399641036987304688e+01
-5.898800659179687500e+01
-2.448549346923828125e+02
-2.434019012451171875e+02
-3.348116455078125000e+02
-3.103192749023437500e+02
-3.649429016113281250e+02
-4.180200195312500000e+02
-4.257361755371093750e+02
-5.031421508789062500e+02
-5.540523681640625000e+02
3.897599458694458008e+00
-5.288698196411132812e+00
4.072410583496093750e+00
-1.588202190399169922e+01
-2.107402420043945312e+01
-3.056208038330078125e+01
7.071873188018798828e+00
-3.833937644958496094e-02
-6.363276481628417969e+00
9.766396522521972656e+00
2.786128234863281250e+01
-2.924035644531250000e+01
2.617122650146484375e+01
2.993627738952636719e+01
-5.969466781616210938e+01
4.780562591552734375e+01
2.211610984802246094e+01
-3.244240188598632812e+01
-3.262440490722656250e+02
-4.123043823242187500e+02
-5.311097412109375000e+02
-3.405247802734375000e+02
-4.468122863769531250e+02
-5.783325195312500000e+02
-3.193686218261718750e+02
-4.171885375976562500e+02
-5.558702392578125000e+02
-1.308437805175781250e+02
-1.400865936279296875e+02
-1.452115478515625000e+02
-1.423991851806640625e+02
-1.422236328125000000e+02
-1.532079467773437500e+02
-1.113361206054687500e+02
-1.041564788818359375e+02
-1.113957672119140625e+02
-1.417363548278808594e+01
-5.541370391845703125e+00
-1.056988906860351562e+01
-6.984667301177978516e+00
6.345353603363037109e+00
1.750011920928955078e+00
1.290148448944091797e+01
2.407806015014648438e+01
2.141077232360839844e+01
-2.380577176809310913e-01
5.413343310356140137e-01
1.341910600662231445e+00
1.162725090980529785e+00
2.932555079460144043e-01
1.235023260116577148e+00
9.780962467193603516e-01
8.589906096458435059e-01
7.977355271577835083e-02
2.798840026855468750e+02
2.807581176757812500e+02
2.634772338867187500e+02
3.182041625976562500e+02
3.292956542968750000e+02
2.981701965332031250e+02
3.369830017089843750e+02
3.701484375000000000e+02
3.603290710449218750e+02
1.313613075762987137e-02
-7.718801498413085938e-02
-1.060839649289846420e-02
3.343823179602622986e-02
4.360452666878700256e-02
2.230548299849033356e-02
8.623825758695602417e-02
5.929122492671012878e-02
-1.610180363059043884e-02
1.056836359202861786e-02
-1.898160204291343689e-03
-1.357019762508571148e-03
6.630835123360157013e-03
-9.051905944943428040e-04
3.726081224158406258e-03
2.457140013575553894e-02
5.804435350000858307e-03
1.024274714291095734e-02
-1.879114389419555664e+00
-1.934723258018493652e+00
-1.470004796981811523e+00
1.292851269245147705e-01
-2.340414524078369141e+00
-4.054381251335144043e-01
2.415736436843872070e+00
-2.240400910377502441e-01
7.631349563598632812e-01
1.120601415634155273e+00
4.842258691787719727e-01
-1.989751458168029785e-01
1.464813947677612305e-01
1.303309202194213867e+00
5.042695999145507812e-01
5.709375143051147461e-01
1.021004676818847656e+00
2.740429937839508057e-01
4.515979766845703125e+01
4.904935455322265625e+01
5.408705902099609375e+01
5.679899215698242188e+01
5.788887023925781250e+01
8.347934722900390625e+01
1.149927139282226562e+02
1.163564834594726562e+02
1.459264221191406250e+02
-4.212294518947601318e-01
1.186985850334167480e+00
2.567310631275177002e-01
-3.173593282699584961e-01
7.871454954147338867e-01
1.390112936496734619e-02
8.220019191503524780e-02
2.150080442428588867e+00
9.127726554870605469e-01
-1.650555372238159180e+00
-2.677080631256103516e+00
-4.103707313537597656e+00
6.632324218750000000e+00
8.439993858337402344e+00
7.773655414581298828e+00
1.003000140190124512e+00
5.666939020156860352e-01
1.353808641433715820e+00
1.404894828796386719e+00
-2.438236474990844727e+00
-5.579122066497802734e+00
-3.769724845886230469e+00
-2.134341716766357422e+00
-7.346743106842041016e+00
-2.797112703323364258e+00
3.472079753875732422e+00
-4.464947581291198730e-01
3.061098098754882812e+01
2.814261054992675781e+01
2.989538669586181641e+00
3.900266647338867188e+01
2.603256034851074219e+01
2.111986923217773438e+01
3.847858047485351562e+01
4.515345001220703125e+01
4.234882354736328125e+01
-6.675257205963134766e+00
-6.155380249023437500e+00
-8.651422500610351562e+00
2.044583511352539062e+01
2.142964363098144531e+01
1.779629135131835938e+01
8.511080741882324219e-01
2.649470806121826172e+00
5.908679589629173279e-02
4.379162311553955078e+00
4.508373141288757324e-01
1.151067495346069336e+00
-2.412450790405273438e+00
-5.808947086334228516e+00
-5.716114044189453125e+00
3.112323522567749023e+00
-6.802411556243896484e+00
-1.760806918144226074e+00
3.527832031250000000e+01
4.282721710205078125e+01
4.639273834228515625e+01
8.210126495361328125e+01
9.077544403076171875e+01
9.628421020507812500e+01
8.321228027343750000e+01
9.099862670898437500e+01
1.018441848754882812e+02
6.412643909454345703e+00
1.955609202384948730e+00
4.687779903411865234e+00
2.213652420043945312e+01
2.071245765686035156e+01
2.372854804992675781e+01
1.963720893859863281e+01
1.590724754333496094e+01
1.847207260131835938e+01
1.714083862304687500e+03
2.324881347656250000e+03
2.182427490234375000e+03
1.486918823242187500e+03
2.224983398437500000e+03
2.209627685546875000e+03
1.564676391601562500e+03
2.178305419921875000e+03
2.124072265625000000e+03
2.523963775634765625e+02
3.264865722656250000e+02
2.515292205810546875e+02
3.268511962890625000e+02
3.917734985351562500e+02
3.316310424804687500e+02
3.402560119628906250e+02
4.179557189941406250e+02
3.495795288085937500e+02
3.597837500000000000e+04
3.759587109375000000e+04
3.707653906250000000e+04
3.931894921875000000e+04
4.044682031250000000e+04
4.068241015625000000e+04
4.012185937500000000e+04
4.196612890625000000e+04
4.305134765625000000e+04
1.138857841491699219e+00
2.914126217365264893e-02
1.569058559834957123e-02
1.630412101745605469e+00
-1.434975743293762207e+00
4.384593367576599121e-01
1.527799606323242188e+00
2.342999458312988281e+00
1.915064573287963867e+00
1.575942158699035645e+00
1.478056192398071289e+00
1.653336167335510254e+00
1.629077315330505371e+00
1.421160697937011719e+00
1.564897060394287109e+00
2.155272960662841797e+00
1.911253929138183594e+00
2.167812824249267578e+00
8.224393463134765625e+01
7.654058074951171875e+01
1.109878997802734375e+02
8.025247955322265625e+01
1.078325347900390625e+02
6.666630554199218750e+01
1.373065643310546875e+02
1.800165405273437500e+02
1.975063476562500000e+02
7.731336975097656250e+01
1.198509216308593750e+02
2.392768859863281250e+01
8.631869506835937500e+01
1.442864837646484375e+02
2.721995925903320312e+01
1.003543853759765625e+02
1.631234436035156250e+02
3.200827789306640625e+01
2.173846093750000000e+04
2.222186914062500000e+04
2.368631250000000000e+04
2.406387695312500000e+04
2.481159960937500000e+04
2.642769921875000000e+04
2.678194531250000000e+04
2.771501757812500000e+04
2.957907812500000000e+04
2.143104248046875000e+02
4.293328857421875000e+02
1.441939392089843750e+02
1.710550842285156250e+02
3.903410034179687500e+02
1.295307769775390625e+02
1.847742919921875000e+02
4.129044189453125000e+02
1.135684738159179688e+02
5.567549896240234375e+01
7.343252563476562500e+01
1.024658660888671875e+02
1.541257781982421875e+02
1.966350860595703125e+02
2.183154144287109375e+02
1.877925109863281250e+01
3.941492080688476562e+01
5.920843124389648438e+01
2.821546630859375000e+02
3.469791259765625000e+02
4.152831726074218750e+02
2.598297424316406250e+02
3.704313659667968750e+02
3.666694641113281250e+02
7.312966918945312500e+02
8.580212402343750000e+02
7.476618041992187500e+02
6.823907226562500000e+03
7.162710449218750000e+03
7.637874511718750000e+03
7.572661132812500000e+03
7.764099121093750000e+03
8.168169921875000000e+03
7.567628906250000000e+03
7.701039062500000000e+03
7.891200195312500000e+03
3.600935058593750000e+02
4.941763000488281250e+02
4.550809020996093750e+02
8.034994506835937500e+02
8.859379272460937500e+02
8.712696533203125000e+02
4.569302673339843750e+02
4.025480041503906250e+02
4.834230041503906250e+02
3.045718750000000000e+03
2.688815185546875000e+03
2.882695068359375000e+03
3.239087890625000000e+03
2.792263183593750000e+03
3.085217773437500000e+03
3.635053466796875000e+03
3.606797363281250000e+03
4.021489257812500000e+03
1.334865429687500000e+04
1.405637011718750000e+04
1.428079003906250000e+04
1.518808105468750000e+04
1.580645117187500000e+04
1.610938867187500000e+04
1.430612207031250000e+04
1.473012597656250000e+04
1.529903515625000000e+04
5.479712402343750000e+03
5.588267578125000000e+03
5.928248046875000000e+03
5.951259765625000000e+03
6.152655761718750000e+03
6.595537109375000000e+03
5.369677734375000000e+03
5.567067382812500000e+03
5.948184082031250000e+03
-4.148405151367187500e+02
-4.433786926269531250e+02
-4.516092834472656250e+02
-4.170634765625000000e+02
-4.215242614746093750e+02
-4.185529174804687500e+02
-3.926972045898437500e+02
-4.152351379394531250e+02
-3.923181152343750000e+02
-2.688274574279785156e+01
-2.602767944335937500e+01
-1.556594848632812500e+01
-2.116256523132324219e+01
-3.180420875549316406e+01
-2.033833312988281250e+01
-3.160152626037597656e+01
-4.271076583862304688e+01
-2.902409362792968750e+01
-7.234828125000000000e+03
-6.994178710937500000e+03
-6.894076660156250000e+03
-7.042842773437500000e+03
-6.804328125000000000e+03
-6.837418457031250000e+03
-7.035349121093750000e+03
-7.007958496093750000e+03
-7.097203613281250000e+03
-2.805037051439285278e-02
-9.563585743308067322e-03
3.049683757126331329e-02
-2.636342048645019531e-01
-1.859958171844482422e-01
-5.679700970649719238e-01
-4.009510576725006104e-01
-2.771603763103485107e-01
-1.376622021198272705e-01
-2.877026796340942383e-01
-3.810009658336639404e-01
-4.361816346645355225e-01
-3.229044675827026367e-01
-3.945318758487701416e-01
-4.427279829978942871e-01
-3.694276213645935059e-01
-4.056704640388488770e-01
-4.973193109035491943e-01
-2.681402778625488281e+01
-2.252402687072753906e+01
-2.367961692810058594e+01
-1.946140861511230469e+01
-2.687525939941406250e+01
-1.743458938598632812e+01
-1.841527748107910156e+01
-2.888577270507812500e+01
-2.183994674682617188e+01
-2.999108886718750000e+01
-3.569435882568359375e+01
-5.929138660430908203e+00
-3.536875534057617188e+01
-3.884396362304687500e+01
-5.810892105102539062e+00
-3.445767974853515625e+01
-4.013584136962890625e+01
-7.262935638427734375e+00
-5.168077148437500000e+03
-5.310342773437500000e+03
-5.454772460937500000e+03
-5.162821777343750000e+03
-5.279893554687500000e+03
-5.465712402343750000e+03
-5.161855957031250000e+03
-5.247219726562500000e+03
-5.467996093750000000e+03
-3.027362823486328125e+01
-3.926434326171875000e+01
-2.767240905761718750e+01
-2.875415039062500000e+01
-3.971325683593750000e+01
-2.562502288818359375e+01
-2.235352134704589844e+01
-3.910785675048828125e+01
-1.063357734680175781e+01
-4.319492340087890625e+00
-5.486963272094726562e+00
-1.565281200408935547e+01
-2.212715530395507812e+01
-1.998880195617675781e+01
-3.698941802978515625e+01
-7.371926307678222656e+00
-8.026784896850585938e+00
-1.812456130981445312e+01
-1.325828247070312500e+02
-1.538682403564453125e+02
-1.857550811767578125e+02
-1.790500030517578125e+02
-2.088936004638671875e+02
-2.429702758789062500e+02
-2.481869201660156250e+02
-2.884440917968750000e+02
-2.953771362304687500e+02
-1.817718505859375000e+03
-1.902236083984375000e+03
-1.757661621093750000e+03
-1.784813476562500000e+03
-1.865874389648437500e+03
-1.748706420898437500e+03
-1.683341430664062500e+03
-1.809804077148437500e+03
-1.715740966796875000e+03
-8.273722839355468750e+01
-8.388514709472656250e+01
-8.177888488769531250e+01
-1.153669052124023438e+02
-1.430114898681640625e+02
-1.514019012451171875e+02
-8.656999206542968750e+01
-1.004844894409179688e+02
-9.987217712402343750e+01
-6.727234497070312500e+02
-6.637681274414062500e+02
-6.106836547851562500e+02
-5.674021606445312500e+02
-6.018121337890625000e+02
-5.775969238281250000e+02
-6.194553833007812500e+02
-6.387518310546875000e+02
-6.902899780273437500e+02
-2.942667968750000000e+03
-2.970091308593750000e+03
-2.955775878906250000e+03
-2.890786132812500000e+03
-2.894756591796875000e+03
-2.929316650390625000e+03
-2.639403808593750000e+03
-2.660737792968750000e+03
-2.709267089843750000e+03
-8.020992431640625000e+02
-8.534678955078125000e+02
-9.422329711914062500e+02
-8.048834838867187500e+02
-8.973916015625000000e+02
-9.944114379882812500e+02
-7.213153686523437500e+02
-8.188151245117187500e+02
-9.138319091796875000e+02
3.884047241210937500e+02
3.442759704589843750e+02
4.739327392578125000e+02
2.314068908691406250e+02
2.612048950195312500e+02
3.777919921875000000e+02
1.802216796875000000e+02
2.749400634765625000e+02
3.938417968750000000e+02
3.594588088989257812e+01
3.475394439697265625e+01
3.286842346191406250e+01
3.917217636108398438e+01
4.383784866333007812e+01
3.489427947998046875e+01
4.247779464721679688e+01
3.699246978759765625e+01
3.718996810913085938e+01
7.537604980468750000e+03
9.200365234375000000e+03
1.020257421875000000e+04
7.703134765625000000e+03
9.451049804687500000e+03
9.869000000000000000e+03
8.274182617187500000e+03
9.485268554687500000e+03
9.299829101562500000e+03
-1.095371320843696594e-01
-8.588082194328308105e-01
-2.903305590152740479e-01
3.483847975730895996e-01
3.705766201019287109e-01
3.040119111537933350e-01
-6.321190297603607178e-02
4.613371491432189941e-01
8.732816576957702637e-01
1.480101644992828369e-01
1.495188921689987183e-01
1.693442761898040771e-01
2.034703493118286133e-01
1.954357028007507324e-01
2.565122842788696289e-01
1.020531505346298218e-01
2.007239162921905518e-01
2.877198457717895508e-01
4.270904922485351562e+01
3.342479324340820312e+01
1.039652729034423828e+01
6.679946899414062500e+01
6.042680358886718750e+01
2.411648750305175781e+01
5.120326995849609375e+01
4.505706024169921875e+01
2.196781539916992188e+01
6.296686935424804688e+01
3.535366058349609375e+01
5.713586330413818359e+00
6.091741180419921875e+01
3.078929328918457031e+01
3.202984094619750977e+00
5.882954406738281250e+01
2.951712226867675781e+01
2.497519016265869141e+00
4.564194824218750000e+03
4.788955566406250000e+03
5.057135253906250000e+03
4.303288085937500000e+03
4.591576660156250000e+03
4.761633300781250000e+03
4.073749511718750000e+03
4.431836425781250000e+03
4.552762695312500000e+03
1.227754211425781250e+01
3.201338195800781250e+01
1.852776718139648438e+01
1.494919776916503906e+01
4.340462875366210938e+01
1.631452751159667969e+01
8.138597488403320312e+00
3.860157012939453125e+01
4.250144481658935547e+00
-1.447258377075195312e+01
-1.575054073333740234e+01
-1.143255615234375000e+01
-8.999897003173828125e+00
-7.368454933166503906e+00
-6.839828491210937500e+00
-8.589996695518493652e-01
-4.345541000366210938e-01
7.723454952239990234e+00
1.833907775878906250e+02
1.260980377197265625e+02
1.505739135742187500e+02
2.570713500976562500e+02
2.466295471191406250e+02
2.931163635253906250e+02
8.513356781005859375e+01
9.979812622070312500e+01
1.550811004638671875e+02
1.394760375976562500e+03
1.472689575195312500e+03
1.792343505859375000e+03
1.442939575195312500e+03
1.575628540039062500e+03
1.748296386718750000e+03
1.549074707031250000e+03
1.682933349609375000e+03
1.822536865234375000e+03
-1.122812080383300781e+01
-1.564486503601074219e+00
-2.944719791412353516e+00
-2.771188020706176758e+00
1.663432121276855469e+01
2.415132331848144531e+01
1.947759628295898438e+01
3.861795043945312500e+01
6.694054412841796875e+01
1.162874679565429688e+02
1.700457916259765625e+02
2.719422302246093750e+02
1.459046020507812500e+02
2.718779907226562500e+02
4.202536621093750000e+02
1.392900238037109375e+02
3.090983276367187500e+02
4.008931884765625000e+02
1.818867309570312500e+03
1.983322265625000000e+03
2.377904541015625000e+03
1.645743774414062500e+03
1.870674316406250000e+03
2.205213623046875000e+03
1.674500488281250000e+03
1.923747680664062500e+03
2.134817382812500000e+03
6.977661132812500000e+02
7.376397094726562500e+02
6.020305175781250000e+02
7.208469848632812500e+02
7.172631835937500000e+02
5.812995605468750000e+02
6.883055419921875000e+02
6.718035888671875000e+02
5.704042968750000000e+02
5.453045272827148438e+01
1.024004058837890625e+02
8.683276367187500000e+01
9.854842376708984375e+01
1.532166748046875000e+02
1.237772674560546875e+02
1.078977279663085938e+02
1.350195159912109375e+02
1.079145812988281250e+02
4.173464775085449219e+00
1.892009544372558594e+01
5.137820720672607422e+00
3.501436471939086914e+00
1.541460704803466797e+01
2.846467494964599609e+00
8.669996261596679688e-01
1.503997516632080078e+01
3.656891822814941406e+00
1.706374023437500000e+03
1.634818725585937500e+03
1.376091796875000000e+03
1.607385498046875000e+03
1.491136352539062500e+03
1.288749023437500000e+03
1.549321655273437500e+03
1.552455444335937500e+03
1.469900512695312500e+03
-1.987700723111629486e-02
1.277541369199752808e-01
1.748355031013488770e-01
3.302866816520690918e-01
9.540501981973648071e-02
5.592972040176391602e-02
1.181191056966781616e-01
1.644735485315322876e-01
-4.210165515542030334e-02
1.028586700558662415e-01
1.010282784700393677e-01
1.501604616641998291e-01
1.148157641291618347e-01
1.030607372522354126e-01
1.663589626550674438e-01
1.206443756818771362e-01
1.018923968076705933e-01
1.572454124689102173e-01
2.228014230728149414e+00
3.758061885833740234e+00
2.044821262359619141e+00
1.705453991889953613e+00
3.716843128204345703e+00
7.571114301681518555e-01
-1.870626956224441528e-01
2.405462265014648438e+00
4.701615333557128906e+00
-1.240158843994140625e+01
9.473624229431152344e+00
1.236159324645996094e+00
-1.334821796417236328e+01
1.061497402191162109e+01
4.210361838340759277e-01
-1.248515319824218750e+01
1.323832511901855469e+01
2.060823202133178711e+00
1.034555786132812500e+03
9.288077392578125000e+02
1.136436889648437500e+03
1.187015136718750000e+03
1.063213256835937500e+03
1.300182739257812500e+03
1.353428466796875000e+03
1.231008178710937500e+03
1.455517456054687500e+03
-1.243586897850036621e+00
2.356811332702636719e+01
2.586957216262817383e-01
-4.184067249298095703e-02
2.478940391540527344e+01
2.259120702743530273e+00
2.486371278762817383e+00
2.345383262634277344e+01
3.193298578262329102e-01
1.073458290100097656e+01
1.095108032226562500e+01
1.317495536804199219e+01
8.105417251586914062e+00
1.204025936126708984e+01
1.597044181823730469e+01
1.388558745384216309e+00
2.417403221130371094e+00
4.218377113342285156e+00
1.092334842681884766e+01
1.741072893142700195e+00
1.402910614013671875e+01
4.434192478656768799e-01
1.677121639251708984e+00
1.104785728454589844e+01
1.125001239776611328e+01
1.872227668762207031e+01
2.544365882873535156e+01
3.976295471191406250e+02
3.814925231933593750e+02
3.751559753417968750e+02
4.591614685058593750e+02
4.261624450683593750e+02
4.321457519531250000e+02
4.440332641601562500e+02
4.056048889160156250e+02
3.925834350585937500e+02
4.047174835205078125e+01
6.209550094604492188e+01
6.078110122680664062e+01
5.049259948730468750e+01
6.763047027587890625e+01
6.632023620605468750e+01
2.468990325927734375e+01
3.069327926635742188e+01
2.455838012695312500e+01
1.177681274414062500e+02
1.266711883544921875e+02
1.364430236816406250e+02
1.368876647949218750e+02
1.245695877075195312e+02
1.315600433349609375e+02
1.654169921875000000e+02
1.447429504394531250e+02
1.673967437744140625e+02
6.662560424804687500e+02
6.920780029296875000e+02
6.703983154296875000e+02
8.245958251953125000e+02
8.373524780273437500e+02
8.264023437500000000e+02
7.609116210937500000e+02
7.504507446289062500e+02
7.654167480468750000e+02
1.895798339843750000e+02
1.568845672607421875e+02
2.251517333984375000e+02
2.311435546875000000e+02
2.090014343261718750e+02
2.755101928710937500e+02
2.002444915771484375e+02
1.822979278564453125e+02
2.480113830566406250e+02
2.900080566406250000e+02
3.077088317871093750e+02
3.341925354003906250e+02
1.505984954833984375e+02
1.725054931640625000e+02
1.945337066650390625e+02
1.790846557617187500e+02
2.012926635742187500e+02
2.381676025390625000e+02
-5.844975709915161133e-01
1.016366481781005859e+01
-6.129793167114257812e+00
-2.285605812072753906e+01
-3.996083736419677734e+00
-1.395797252655029297e+01
-1.407475948333740234e+01
-1.353144526481628418e+00
-7.148056030273437500e+00
3.740792236328125000e+03
4.109137695312500000e+03
4.613442871093750000e+03
3.301922119140625000e+03
4.122707031250000000e+03
4.332609375000000000e+03
3.506266113281250000e+03
4.387924316406250000e+03
4.435238769531250000e+03
1.840432584285736084e-01
1.222953200340270996e-01
-4.781332910060882568e-01
2.036138176918029785e-01
1.493152827024459839e-01
1.874774843454360962e-01
-1.633507907390594482e-01
1.420850306749343872e-01
3.881594240665435791e-01
2.612630128860473633e-01
1.241032406687736511e-01
1.504578590393066406e-01
2.112538218498229980e-01
5.612178891897201538e-02
8.748099952936172485e-02
3.023559153079986572e-01
1.751120984554290771e-01
6.637052446603775024e-02
3.138034057617187500e+01
5.236711120605468750e+01
3.665658950805664062e+01
1.141148090362548828e+01
3.339181137084960938e+01
2.786580657958984375e+01
5.218216180801391602e-01
3.694177627563476562e+01
3.709883499145507812e+01
-4.387536048889160156e+00
6.644543170928955078e+00
2.687686443328857422e+00
-1.451980710029602051e+00
5.238036155700683594e+00
1.047445297241210938e+00
2.746593952178955078e+00
1.747626781463623047e+00
3.100097894668579102e+00
3.061427490234375000e+03
2.988875000000000000e+03
3.046077392578125000e+03
3.000364990234375000e+03
2.907794677734375000e+03
2.991069580078125000e+03
2.826641845703125000e+03
2.647535644531250000e+03
2.882800537109375000e+03
-3.949665069580078125e+01
-7.911499977111816406e+00
-1.367405605316162109e+01
-3.595728683471679688e+01
-3.451778411865234375e+00
-1.358502864837646484e+01
-1.917868614196777344e+01
1.506730461120605469e+01
-3.444285392761230469e-01
-4.749445438385009766e+00
-3.517197668552398682e-01
-2.807123899459838867e+00
7.915944099426269531e+00
9.345592498779296875e+00
-4.078975677490234375e+00
2.172166824340820312e+00
-1.052228808403015137e+00
-3.309575080871582031e+00
1.212061996459960938e+02
6.923794555664062500e+01
4.785713195800781250e+01
1.498957519531250000e+02
7.839141082763671875e+01
8.090996551513671875e+01
1.617818145751953125e+02
4.730603027343750000e+01
1.011135330200195312e+02
1.246602294921875000e+03
1.126329101562500000e+03
1.078167602539062500e+03
1.271464111328125000e+03
1.064935302734375000e+03
1.061521240234375000e+03
1.244152709960937500e+03
1.032347045898437500e+03
1.175225952148437500e+03
1.620401573181152344e+01
-3.501432418823242188e+01
-2.972137832641601562e+01
1.440506839752197266e+01
1.555007553100585938e+01
2.238003158569335938e+01
-4.391249847412109375e+01
-2.555181741714477539e+00
-2.976918601989746094e+01
1.855710906982421875e+02
2.073414764404296875e+02
1.907890930175781250e+02
1.097503204345703125e+02
1.790399322509765625e+02
2.719689025878906250e+02
6.996930694580078125e+01
1.840419921875000000e+02
2.923136291503906250e+02
1.531512084960937500e+03
1.491019653320312500e+03
1.472997558593750000e+03
1.349223632812500000e+03
1.370670776367187500e+03
1.371469116210937500e+03
1.223938964843750000e+03
1.315587036132812500e+03
1.375517944335937500e+03
3.263431701660156250e+02
2.513360290527343750e+02
2.538811492919921875e+02
4.098128967285156250e+02
3.109193725585937500e+02
3.034763793945312500e+02
4.602236022949218750e+02
3.325930175781250000e+02
3.129076538085937500e+02
3.998700332641601562e+01
1.037392425537109375e+02
1.337658081054687500e+02
3.062121200561523438e+01
1.038719100952148438e+02
1.388010864257812500e+02
5.574620819091796875e+01
1.106289901733398438e+02
1.441503143310546875e+02
4.497922062873840332e-01
6.366142272949218750e+00
-2.389045715332031250e+00
3.235502243041992188e+00
6.451053142547607422e+00
5.999870896339416504e-01
8.086189031600952148e-01
5.902129650115966797e+00
1.999386906623840332e+00
2.546617675781250000e+03
3.024402343750000000e+03
3.122666015625000000e+03
2.733757812500000000e+03
3.068961425781250000e+03
3.089039062500000000e+03
2.421115966796875000e+03
2.764864501953125000e+03
2.787460693359375000e+03
-5.733160302042961121e-02
6.476086378097534180e-02
-3.176026046276092529e-02
-8.625519275665283203e-02
2.054523117840290070e-02
2.820257842540740967e-02
7.654807716608047485e-02
5.524281412363052368e-02
-1.083378121256828308e-01
1.902405172586441040e-02
4.263572767376899719e-02
6.960001587867736816e-02
6.945124268531799316e-02
6.299397349357604980e-02
9.092864394187927246e-02
7.011160999536514282e-02
6.102104112505912781e-02
9.214572608470916748e-02
7.734261989593505859e+00
1.026041984558105469e+01
5.320924758911132812e+00
1.313066387176513672e+01
1.872364234924316406e+01
6.501709938049316406e+00
2.263148880004882812e+01
2.180745124816894531e+01
1.365886211395263672e+01
1.693475365638732910e+00
1.661478805541992188e+01
1.837246775627136230e+00
2.726327896118164062e+00
1.941987228393554688e+01
2.053412675857543945e+00
2.389751195907592773e+00
2.103171348571777344e+01
1.185426235198974609e+00
9.378442382812500000e+02
9.911390380859375000e+02
1.126164428710937500e+03
1.059956176757812500e+03
1.130679321289062500e+03
1.275006469726562500e+03
1.175889404296875000e+03
1.225103027343750000e+03
1.374079345703125000e+03
9.965668916702270508e-01
1.508551979064941406e+01
3.437585115432739258e+00
1.719162821769714355e+00
1.372733783721923828e+01
1.157645702362060547e+00
-1.784276366233825684e+00
1.035546398162841797e+01
-9.623882174491882324e-01
-3.329237461090087891e+00
-4.427877426147460938e+00
-1.087384700775146484e+00
-4.675802588462829590e-02
-7.763320803642272949e-01
2.871480703353881836e+00
1.931478381156921387e-01
2.205718994140625000e+00
3.708556175231933594e+00
4.312118530273437500e+01
2.454618453979492188e+00
-1.063249349594116211e+00
2.392804718017578125e+01
-1.417913150787353516e+01
-1.105803775787353516e+01
7.951583862304687500e+00
-2.194732666015625000e+01
-2.422651290893554688e+01
3.318103027343750000e+02
3.109022827148437500e+02
3.988947753906250000e+02
4.107757873535156250e+02
3.760718078613281250e+02
4.546158142089843750e+02
3.628437805175781250e+02
3.382034606933593750e+02
4.103304443359375000e+02
-1.725113677978515625e+01
-6.271206855773925781e+00
-8.264110565185546875e+00
-7.218129158020019531e+00
1.393522930145263672e+01
7.921784400939941406e+00
3.774743080139160156e+00
2.112091064453125000e+01
2.141441726684570312e+01
-7.448851013183593750e+01
-8.748932647705078125e+01
-4.248143768310546875e+01
-7.171668243408203125e+01
-6.952239990234375000e+01
-2.680617713928222656e+01
-2.996338272094726562e+01
-1.223892974853515625e+01
3.334630584716796875e+01
4.510449829101562500e+02
5.491668090820312500e+02
6.053023071289062500e+02
5.078289184570312500e+02
5.954262695312500000e+02
6.418661499023437500e+02
4.766638793945312500e+02
5.429783935546875000e+02
6.153616943359375000e+02
1.062494049072265625e+02
7.192414855957031250e+01
5.336329650878906250e+01
1.028122711181640625e+02
7.194367218017578125e+01
6.041406250000000000e+01
6.569211578369140625e+01
3.528839492797851562e+01
3.673683929443359375e+01
1.178367042541503906e+01
8.622007369995117188e+00
1.037311458587646484e+01
-1.192567586898803711e+00
-9.769603729248046875e+00
-9.004038810729980469e+00
-1.269098472595214844e+01
-1.989935493469238281e+01
-1.573577117919921875e+01
2.097633361816406250e+00
1.666388630867004395e+00
1.331071496009826660e+00
2.280526876449584961e+00
1.089701771736145020e+00
1.736886143684387207e+00
2.230538368225097656e+00
1.863576531410217285e+00
1.684390068054199219e+00
8.173090934753417969e+00
-1.697781372070312500e+01
-2.375671768188476562e+01
-1.020793533325195312e+02
-8.938597869873046875e+01
-1.121800308227539062e+02
-1.269006805419921875e+02
-1.361127624511718750e+02
-1.538788452148437500e+02
1.212771609425544739e-02
6.507379934191703796e-03
-8.738486096262931824e-03
-1.182052213698625565e-02
-1.343592628836631775e-02
-3.829611837863922119e-02
-3.011217713356018066e-02
1.528626889921724796e-03
-1.903797872364521027e-02
-2.180827967822551727e-02
-8.800623938441276550e-03
2.201317111030220985e-04
-2.882132865488529205e-02
2.778992988169193268e-03
-8.174623362720012665e-03
-3.182629868388175964e-02
6.776052527129650116e-03
-1.297750603407621384e-02
3.650624275207519531e+00
3.450103759765625000e+00
-3.389270305633544922e-01
3.071314573287963867e+00
2.332451790571212769e-01
3.837127089500427246e-01
-9.380540847778320312e-01
-4.363093972206115723e-01
-1.222598552703857422e+00
2.490932047367095947e-01
-3.368550240993499756e-01
6.535001099109649658e-02
4.620107263326644897e-02
-2.746865153312683105e-01
-9.122011065483093262e-02
-1.018165200948715210e-01
-1.409960985183715820e-01
5.532675981521606445e-01
2.657845878601074219e+01
5.711267089843750000e+01
5.529405212402343750e+01
6.491260528564453125e-01
3.010359954833984375e+01
1.779908561706542969e+01
-1.044643478393554688e+02
-7.805874633789062500e+01
-8.896488952636718750e+01
-1.921389579772949219e+00
-4.386236190795898438e+00
2.508040666580200195e-01
1.520783066749572754e+00
1.390815258026123047e+00
1.459637641906738281e+00
4.623906135559082031e+00
3.337477445602416992e+00
3.751130104064941406e+00
8.004996180534362793e-01
1.091500759124755859e+00
-2.525023937225341797e+00
-8.416747450828552246e-01
-1.305283755064010620e-01
-3.893292903900146484e+00
1.140370219945907593e-01
-1.265975385904312134e-01
-3.000638008117675781e+00
-9.423562049865722656e+00
-4.413932323455810547e+00
1.018764615058898926e+00
-1.065380692481994629e+00
1.413990592956542969e+01
9.287891387939453125e+00
-1.302492141723632812e+00
1.267215156555175781e+01
1.603873825073242188e+01
4.308576202392578125e+01
4.525087738037109375e+01
4.005385971069335938e+01
-2.861284065246582031e+01
-2.786547088623046875e+01
-3.820959091186523438e+01
-5.304981994628906250e+01
-6.494798278808593750e+01
-6.940831756591796875e+01
7.186487197875976562e+00
6.713726043701171875e+00
4.923624515533447266e+00
6.149821281433105469e+00
2.732519626617431641e+00
2.083246946334838867e+00
9.024589061737060547e-01
4.777957916259765625e+00
-3.901010751724243164e+00
3.942537689208984375e+01
3.781279373168945312e+01
2.206602478027343750e+01
2.849661445617675781e+01
3.458425521850585938e+01
2.163221168518066406e+01
5.459635734558105469e+00
9.061315536499023438e+00
-2.055271148681640625e+01
4.761040115356445312e+01
4.164346313476562500e+01
4.152048110961914062e+01
-2.266613388061523438e+01
-2.337379264831542969e+01
-3.105204010009765625e+01
-4.405216217041015625e+01
-4.484496688842773438e+01
-5.782012557983398438e+01
2.731808662414550781e+01
4.174206542968750000e+01
4.600125503540039062e+01
8.726644515991210938e+00
1.804931640625000000e+01
2.181781196594238281e+01
2.418137168884277344e+01
3.590522003173828125e+01
3.836447906494140625e+01
-9.837834930419921875e+01
-1.216844940185546875e+02
-1.333211059570312500e+02
-8.992426300048828125e+01
-1.118579940795898438e+02
-1.265063171386718750e+02
-1.286112670898437500e+02
-1.415091400146484375e+02
-1.272434005737304688e+02
-1.142168617248535156e+01
-1.258492851257324219e+01
-7.448867321014404297e+00
-1.251459693908691406e+01
-1.244558143615722656e+01
-5.439254760742187500e+00
-8.371742248535156250e+00
-8.483708381652832031e+00
-2.986016035079956055e+00
-1.094595703125000000e+03
-1.272008789062500000e+03
-1.380968627929687500e+03
-1.077156127929687500e+03
-1.228410278320312500e+03
-1.233732910156250000e+03
-9.745166015625000000e+02
-1.105875732421875000e+03
-1.137565795898437500e+03
-1.646132580935955048e-02
-3.792570531368255615e-02
-2.971352450549602509e-02
5.001556128263473511e-02
1.616228371858596802e-02
-6.428109016269445419e-03
1.198185533285140991e-01
4.116603732109069824e-02
-6.703389436006546021e-02
-8.197943866252899170e-02
-7.795967906713485718e-02
-6.771632283926010132e-02
-9.054877609014511108e-02
-9.370554238557815552e-02
-6.808463484048843384e-02
-8.256754279136657715e-02
-8.937093615531921387e-02
-6.970921903848648071e-02
-1.989640235900878906e+00
-1.088365840911865234e+01
-6.066862583160400391e+00
1.387880802154541016e+00
-1.207665634155273438e+01
-1.027994441986083984e+01
1.469193935394287109e+00
-1.659639930725097656e+01
-1.539548015594482422e+01
1.172982931137084961e+00
-2.353545570373535156e+01
-4.796553134918212891e+00
-1.531661987304687500e+00
-2.704776191711425781e+01
-4.500741481781005859e+00
-4.054699540138244629e-01
-2.980827140808105469e+01
-4.279983997344970703e+00
-1.068763061523437500e+03
-1.120687500000000000e+03
-1.195368041992187500e+03
-1.096100463867187500e+03
-1.151212890625000000e+03
-1.238053833007812500e+03
-1.143725830078125000e+03
-1.163212890625000000e+03
-1.265576416015625000e+03
-3.861772537231445312e+00
-2.498074769973754883e+00
-2.628926515579223633e+00
-2.954096555709838867e+00
-5.062643051147460938e+00
-5.353922367095947266e+00
-5.617389202117919922e+00
-7.013898372650146484e+00
-7.282639503479003906e+00
-1.989111900329589844e-01
-3.281935214996337891e+00
-9.214987754821777344e+00
-5.372256636619567871e-01
-3.972009181976318359e+00
-8.748810768127441406e+00
-1.157244205474853516e+00
-3.173257589340209961e+00
-5.042626857757568359e+00
-6.735106658935546875e+01
-6.118134307861328125e+01
-5.002035522460937500e+01
-8.332141876220703125e+01
-6.215413284301757812e+01
-6.117653656005859375e+01
-7.831059265136718750e+01
-4.961530303955078125e+01
-6.601177978515625000e+01
-4.473730468750000000e+02
-4.426523437500000000e+02
-4.664277343750000000e+02
-4.932708740234375000e+02
-4.856899108886718750e+02
-4.872584228515625000e+02
-4.314768371582031250e+02
-4.093599853515625000e+02
-4.152685852050781250e+02
-1.942855262756347656e+01
-1.754258346557617188e+01
-1.208166313171386719e+01
-2.387032318115234375e+01
-2.424252700805664062e+01
-1.179493808746337891e+01
-2.101468849182128906e+01
-1.861197471618652344e+01
-1.430698585510253906e+01
-1.051748657226562500e+02
-9.284368896484375000e+01
-1.096808776855468750e+02
-1.320487060546875000e+02
-1.154738235473632812e+02
-1.119423141479492188e+02
-1.335209045410156250e+02
-1.134302368164062500e+02
-1.265115966796875000e+02
-5.362954711914062500e+02
-5.497810058593750000e+02
-5.753864746093750000e+02
-5.795047607421875000e+02
-5.977245483398437500e+02
-6.189412841796875000e+02
-5.888404541015625000e+02
-5.901152343750000000e+02
-6.000181274414062500e+02
-1.791889190673828125e+02
-1.852688293457031250e+02
-1.916245422363281250e+02
-2.021789703369140625e+02
-2.009388275146484375e+02
-2.034645080566406250e+02
-1.817872009277343750e+02
-1.801728515625000000e+02
-1.855659332275390625e+02
