6.855296020507812500e+02
6.964897460937500000e+02
6.088197631835937500e+02
6.988792724609375000e+02
7.215485229492187500e+02
6.585588378906250000e+02
7.058717651367187500e+02
7.205001220703125000e+02
6.425161743164062500e+02
3.197711944580078125e+01
3.653730773925781250e+01
3.488975906372070312e+01
3.382346725463867188e+01
2.882030296325683594e+01
2.865018653869628906e+01
3.035780906677246094e+01
2.068573379516601562e+01
3.569563293457031250e+01
3.289216458797454834e-01
6.132385730743408203e-01
7.809770852327346802e-02
9.755692631006240845e-02
1.876729875802993774e-01
3.772223591804504395e-01
2.081327438354492188e-01
4.514457285404205322e-01
2.720762789249420166e-01
2.779994201660156250e+01
2.031149291992187500e+01
1.808786773681640625e+01
2.855525016784667969e+01
2.410944557189941406e+01
2.651225852966308594e+01
2.237736320495605469e+01
2.366227722167968750e+01
2.798929023742675781e+01
1.618646087646484375e+02
1.509389343261718750e+02
1.602369842529296875e+02
1.575977325439453125e+02
1.475256805419921875e+02
1.601129608154296875e+02
1.649454956054687500e+02
1.690202636718750000e+02
1.853006286621093750e+02
2.570525817871093750e+02
2.672542114257812500e+02
2.381606903076171875e+02
2.666123352050781250e+02
2.731589050292968750e+02
2.402769622802734375e+02
2.763184814453125000e+02
2.664832153320312500e+02
2.229548187255859375e+02
4.960226440429687500e+02
4.978849182128906250e+02
5.361071166992187500e+02
5.894183959960937500e+02
6.164672241210937500e+02
6.337698974609375000e+02
7.005882568359375000e+02
7.040921020507812500e+02
7.140932617187500000e+02
2.956015777587890625e+01
3.347001647949218750e+01
3.536925125122070312e+01
1.976558303833007812e+01
2.152439880371093750e+01
2.060551643371582031e+01
9.545516967773437500e+00
1.055149364471435547e+01
1.338633251190185547e+01
2.676026611328125000e+02
2.359225769042968750e+02
2.479258728027343750e+02
2.747631835937500000e+02
2.519271545410156250e+02
2.510683746337890625e+02
2.897082519531250000e+02
2.559699249267578125e+02
2.496311492919921875e+02
7.784870605468750000e+02
8.156888427734375000e+02
8.601056518554687500e+02
8.602502441406250000e+02
9.472386474609375000e+02
9.289403076171875000e+02
9.309517822265625000e+02
1.050549682617187500e+03
9.141024169921875000e+02
4.930794372558593750e+02
5.296358642578125000e+02
4.658733825683593750e+02
5.457522583007812500e+02
5.444194335937500000e+02
4.277776794433593750e+02
5.473626098632812500e+02
5.493149414062500000e+02
4.420504150390625000e+02
3.097012329101562500e+02
2.906721801757812500e+02
2.564003295898437500e+02
3.079989929199218750e+02
2.703056335449218750e+02
2.614602050781250000e+02
3.106337890625000000e+02
2.591523437500000000e+02
2.617445373535156250e+02
9.742668151855468750e+01
8.215753173828125000e+01
7.031024932861328125e+01
1.029669265747070312e+02
1.050765686035156250e+02
1.172665786743164062e+02
1.024129562377929688e+02
1.266347656250000000e+02
1.471417388916015625e+02
1.369897155761718750e+02
1.380037536621093750e+02
1.457709960937500000e+02
1.330451660156250000e+02
1.508241424560546875e+02
1.625662078857421875e+02
1.429768829345703125e+02
1.769601287841796875e+02
1.786278076171875000e+02
1.961655807495117188e+01
1.146528625488281250e+01
2.294560813903808594e+01
2.151661872863769531e+01
1.891651344299316406e+01
2.992102050781250000e+01
1.824892425537109375e+01
2.501701354980468750e+01
2.813616752624511719e+01
1.061448192596435547e+01
1.237853050231933594e+01
1.233003234863281250e+01
2.239939117431640625e+01
2.664871788024902344e+01
2.358565521240234375e+01
3.478326797485351562e+01
3.434460830688476562e+01
3.440040206909179688e+01
-3.209236450195312500e+02
-3.128727722167968750e+02
-2.255981597900390625e+02
-2.745626220703125000e+02
-2.787882995605468750e+02
-2.007129516601562500e+02
-2.146744995117187500e+02
-2.579958496093750000e+02
-2.238298187255859375e+02
5.004960894584655762e-01
2.532823681831359863e-01
-9.353590011596679688e+00
-5.437565326690673828e+00
-1.122368431091308594e+01
-2.027133941650390625e+01
-5.145980834960937500e+00
-7.082562446594238281e+00
-1.587791824340820312e+01
-1.359930634498596191e-01
-5.456237122416496277e-02
3.916148096323013306e-02
1.258857846260070801e-01
-2.444356232881546021e-01
-2.233652621507644653e-01
2.343471050262451172e-01
1.110663190484046936e-01
-1.056575551629066467e-01
-4.579466819763183594e+00
-1.453822135925292969e+01
-1.641017532348632812e+01
-6.745992183685302734e+00
-1.916338539123535156e+01
-1.916875648498535156e+01
-8.365542411804199219e+00
-1.744232559204101562e+01
-1.652278327941894531e+01
-9.316519165039062500e+01
-5.944544219970703125e+01
-6.336322402954101562e+01
-1.048704223632812500e+02
-5.746386337280273438e+01
-7.278596496582031250e+01
-8.746395111083984375e+01
-4.208579635620117188e+01
-5.564363479614257812e+01
-9.645886230468750000e+01
-8.260059356689453125e+01
-2.292644119262695312e+01
-6.436715698242187500e+01
-4.512287521362304688e+01
2.068592071533203125e+01
-5.054968261718750000e+01
-3.918614959716796875e+01
1.160301685333251953e+01
-2.810144042968750000e+02
-2.028391418457031250e+02
-2.116819915771484375e+02
-2.824650878906250000e+02
-1.865674285888671875e+02
-2.043115081787109375e+02
-2.684138488769531250e+02
-1.654406433105468750e+02
-2.174362182617187500e+02
7.129435062408447266e+00
7.456349372863769531e+00
6.871293067932128906e+00
-7.979151725769042969e+00
-9.506389617919921875e+00
-1.320452880859375000e+01
-7.092961311340332031e+00
-1.023762798309326172e+01
-9.591300964355468750e+00
-1.214992828369140625e+02
-7.710150146484375000e+01
-8.917028045654296875e+01
-1.377711791992187500e+02
-8.195310974121093750e+01
-8.859443664550781250e+01
-1.132132492065429688e+02
-3.471445083618164062e+01
-5.928980255126953125e+01
-3.859335937500000000e+02
-3.686199340820312500e+02
-2.349836883544921875e+02
-3.665462036132812500e+02
-3.076746215820312500e+02
-1.781770477294921875e+02
-2.709821166992187500e+02
-2.524574737548828125e+02
-1.792369232177734375e+02
-2.850498352050781250e+02
-3.080323181152343750e+02
-2.598609313964843750e+02
-2.744840393066406250e+02
-2.981473388671875000e+02
-2.431318664550781250e+02
-2.477957763671875000e+02
-2.479040985107421875e+02
-1.832356567382812500e+02
-5.528244781494140625e+01
-5.536664581298828125e+01
-5.678972625732421875e+01
-4.225547027587890625e+01
-5.917960357666015625e+01
-7.127732849121093750e+01
-4.318878173828125000e+01
-6.828593444824218750e+01
-7.588696289062500000e+01
-4.459961318969726562e+01
-5.751837921142578125e+01
-3.170084953308105469e+01
-6.139584732055664062e+01
-6.306236648559570312e+01
-3.291149520874023438e+01
-6.358232498168945312e+01
-5.550892639160156250e+01
-3.545537567138671875e+01
-4.143421936035156250e+01
-4.212978363037109375e+01
-3.564691162109375000e+01
-4.621007919311523438e+01
-4.076111602783203125e+01
-3.903728103637695312e+01
-4.801410293579101562e+01
-3.602674102783203125e+01
-3.599429702758789062e+01
-8.607581138610839844e+00
-2.764531612396240234e+00
-5.681413173675537109e+00
-1.189826202392578125e+01
-1.530327439308166504e+00
-3.936475992202758789e+00
-9.428173065185546875e+00
-3.548428535461425781e+00
-5.868605613708496094e+00
-9.223596453666687012e-01
-4.893751144409179688e+00
-7.114354133605957031e+00
8.592150807380676270e-01
2.415300130844116211e+00
3.179151117801666260e-01
-5.426731586456298828e+00
-4.826121807098388672e+00
-2.795863628387451172e+00
1.222303085327148438e+02
1.461548004150390625e+02
1.511529846191406250e+02
1.476110382080078125e+02
1.836328887939453125e+02
1.913124237060546875e+02
1.229605407714843750e+02
1.606671600341796875e+02
1.690339050292968750e+02
1.486365556716918945e+00
4.247738838195800781e+00
-3.217807054519653320e+00
8.338892459869384766e-01
7.012736797332763672e+00
5.254687786102294922e+00
3.905787467956542969e-01
5.551814079284667969e+00
3.818066596984863281e+00
2.212243229150772095e-01
2.769302427768707275e-01
1.133868917822837830e-01
2.173409163951873779e-01
4.597143232822418213e-01
1.537851393222808838e-01
1.943731158971786499e-01
1.494112312793731689e-01
-4.819706082344055176e-02
1.090911769866943359e+01
8.276711463928222656e+00
1.139691591262817383e+00
1.002422904968261719e+01
8.409040451049804688e+00
2.566601634025573730e-01
7.117403030395507812e+00
4.036390304565429688e+00
-6.991761922836303711e-01
6.259466171264648438e+01
7.139825439453125000e+01
8.101679229736328125e+01
3.794224548339843750e+01
4.896939468383789062e+01
6.423363494873046875e+01
3.560327148437500000e+01
4.541740417480468750e+01
6.490214538574218750e+01
3.459458351135253906e+00
3.147088813781738281e+01
7.768672180175781250e+01
-6.781215190887451172e+00
1.524153137207031250e+01
6.449261474609375000e+01
-1.693712711334228516e+00
1.097503757476806641e+01
5.129583740234375000e+01
8.463797760009765625e+01
7.072994995117187500e+01
3.947972106933593750e+01
1.056658630371093750e+02
1.090331420898437500e+02
7.512717437744140625e+01
7.825727081298828125e+01
1.149200134277343750e+02
9.360497283935546875e+01
9.045464515686035156e+00
9.542711257934570312e+00
8.084082603454589844e+00
1.771118640899658203e+00
-1.540143340826034546e-01
-1.909599661827087402e+00
1.106981873512268066e+00
2.215437293052673340e-01
-7.560771107673645020e-01
5.976903533935546875e+01
5.247111511230468750e+01
3.074490737915039062e+01
5.124390792846679688e+01
5.653924179077148438e+01
4.025431060791015625e+01
5.263056182861328125e+01
5.890910339355468750e+01
3.679793930053710938e+01
1.175912570953369141e+01
-1.846483945846557617e+00
5.992664718627929688e+01
9.370131683349609375e+01
7.714193725585937500e+01
1.184318618774414062e+02
1.297973480224609375e+02
1.280116729736328125e+02
1.283201293945312500e+02
1.561935882568359375e+02
1.698422241210937500e+02
2.006522979736328125e+02
1.568312683105468750e+02
1.650350341796875000e+02
1.819218444824218750e+02
1.550344085693359375e+02
1.630008850097656250e+02
1.652590179443359375e+02
1.962111234664916992e+00
3.661779403686523438e+01
-4.244183540344238281e+00
7.554609298706054688e+00
3.566491317749023438e+01
1.071947097778320312e+00
-5.174206733703613281e+00
1.164552974700927734e+01
-1.639155387878417969e+01
2.057536506652832031e+01
2.418351411819458008e+00
-1.108276557922363281e+01
2.807048797607421875e+01
6.722954273223876953e+00
-3.427759885787963867e+00
2.106372833251953125e+01
1.057317543029785156e+01
1.436638736724853516e+01
-1.037000942230224609e+01
-1.001009750366210938e+01
-7.329266071319580078e-01
-8.234341621398925781e+00
-2.163510560989379883e+00
2.673766613006591797e+00
-3.326535224914550781e+00
-5.788954496383666992e-01
3.911168336868286133e+00
5.019171237945556641e+00
1.848336219787597656e+00
8.626983165740966797e-01
2.135604858398437500e+00
1.779464364051818848e+00
1.548916697502136230e+00
5.889350771903991699e-01
-9.915281534194946289e-01
-8.743915557861328125e-01
4.158512353897094727e-01
3.250953257083892822e-01
2.532097995281219482e-01
2.764765501022338867e+00
2.997534036636352539e+00
5.007139682769775391e+00
1.460685014724731445e+00
3.208643436431884766e+00
2.151163339614868164e+00
2.871163330078125000e+02
3.336730651855468750e+02
3.088265991210937500e+02
3.553365173339843750e+02
3.998540954589843750e+02
3.503717651367187500e+02
3.775319519042968750e+02
3.833835144042968750e+02
3.274480590820312500e+02
3.671780601143836975e-02
-7.470037937164306641e-01
-2.218630075454711914e+00
-1.679025769233703613e+00
-2.796792507171630859e+00
9.972791373729705811e-02
-4.876656532287597656e+00
-4.277918815612792969e+00
2.809602618217468262e-01
5.056284740567207336e-02
1.688149720430374146e-01
2.076369374990463257e-01
1.619833149015903473e-02
-8.986736834049224854e-02
8.427084982395172119e-02
3.212137520313262939e-01
3.854936361312866211e-02
1.928489208221435547e-01
7.652787208557128906e+00
1.313953161239624023e+00
1.890140414237976074e+00
4.039500713348388672e+00
4.618116021156311035e-01
2.031543493270874023e+00
2.811032772064208984e+00
1.841683745384216309e+00
2.454380989074707031e+00
1.552759399414062500e+02
1.873716278076171875e+02
1.969368896484375000e+02
1.460060882568359375e+02
1.722758941650390625e+02
1.810766906738281250e+02
1.514909057617187500e+02
1.722959136962890625e+02
1.760453948974609375e+02
1.461268768310546875e+02
2.079154968261718750e+02
2.180471801757812500e+02
1.809614562988281250e+02
2.193307952880859375e+02
2.088426818847656250e+02
1.801252136230468750e+02
1.899117279052734375e+02
1.612709503173828125e+02
7.693823242187500000e+01
9.714287567138671875e+01
1.005329666137695312e+02
1.060395050048828125e+02
1.389025421142578125e+02
1.315966186523437500e+02
1.232583312988281250e+02
1.519659881591796875e+02
1.346549835205078125e+02
2.249581146240234375e+01
2.173410797119140625e+01
1.573470020294189453e+01
8.819504737854003906e+00
9.918545484542846680e-01
2.202152013778686523e+00
-1.018592715263366699e+00
-5.871522426605224609e+00
-2.816655874252319336e+00
5.490763854980468750e+01
6.323190689086914062e+01
9.682544708251953125e+01
6.477863311767578125e+01
1.073461685180664062e+02
1.353051605224609375e+02
1.096866607666015625e+02
1.591965942382812500e+02
1.721278686523437500e+02
1.845812377929687500e+02
2.691794738769531250e+02
3.285860595703125000e+02
2.938718261718750000e+02
3.638438415527343750e+02
3.627239990234375000e+02
3.678151245117187500e+02
3.942039794921875000e+02
3.616133117675781250e+02
2.828556823730468750e+02
3.846168823242187500e+02
4.718765869140625000e+02
3.395141601562500000e+02
4.418768310546875000e+02
5.074200744628906250e+02
4.212454833984375000e+02
5.049335937500000000e+02
5.262259521484375000e+02
5.724263000488281250e+01
3.474889373779296875e+01
1.269833660125732422e+01
4.159471511840820312e+01
1.478620529174804688e+01
-1.964256405830383301e+00
2.765979003906250000e+01
5.200511932373046875e+00
5.691282272338867188e+00
2.797901630401611328e+00
-1.159504652023315430e+00
4.277723789215087891e+00
-6.734859943389892578e-02
6.510752677917480469e+00
1.543707561492919922e+01
-3.312855958938598633e+00
1.764936065673828125e+01
1.315166473388671875e+01
5.224781417846679688e+01
5.637450790405273438e+01
5.518077087402343750e+01
4.661400222778320312e+01
4.823620223999023438e+01
5.091912460327148438e+01
4.406728744506835938e+01
5.009834289550781250e+01
5.794666671752929688e+01
2.708034753799438477e+00
2.987416505813598633e+00
1.135831475257873535e+00
1.993791699409484863e+00
6.052435040473937988e-01
1.242633163928985596e-01
-8.205562829971313477e-02
1.820547342300415039e+00
1.194545388221740723e+00
6.837679386138916016e+00
7.245623111724853516e+00
5.499449253082275391e+00
1.128550148010253906e+01
7.710068225860595703e+00
6.278419494628906250e+00
2.888331174850463867e+00
1.090314030647277832e+00
9.091116786003112793e-01
1.840564422607421875e+02
1.691419525146484375e+02
1.447113800048828125e+02
2.343276519775390625e+02
2.276015777587890625e+02
2.303597717285156250e+02
2.038632812500000000e+02
1.868153686523437500e+02
2.287620697021484375e+02
7.994939327239990234e+00
9.717744827270507812e+00
1.480105304718017578e+01
9.407437324523925781e+00
4.610080242156982422e+00
1.647214317321777344e+01
6.907552242279052734e+00
7.950305461883544922e+00
2.652457046508789062e+01
2.160285711288452148e-01
-1.725296676158905029e-01
-8.256570994853973389e-02
3.539266288280487061e-01
4.946211874485015869e-01
6.148256659507751465e-01
1.512893438339233398e-01
-7.501025497913360596e-02
1.499399095773696899e-01
1.109263610839843750e+01
1.540201759338378906e+01
1.447717857360839844e+01
1.637913322448730469e+01
2.407655715942382812e+01
2.706637573242187500e+01
1.322846794128417969e+01
2.399563407897949219e+01
3.033409881591796875e+01
7.660063171386718750e+01
8.793074798583984375e+01
7.682863616943359375e+01
6.403289031982421875e+01
7.687413024902343750e+01
7.754415130615234375e+01
4.669984436035156250e+01
6.437815856933593750e+01
5.987909317016601562e+01
6.497708129882812500e+01
2.407522201538085938e+01
1.389601898193359375e+01
5.776966857910156250e+01
2.118742465972900391e+00
-1.122988796234130859e+01
3.170579338073730469e+01
-2.332418060302734375e+01
-3.499866485595703125e+01
2.328396301269531250e+02
3.188745727539062500e+02
2.800308227539062500e+02
3.935139160156250000e+02
4.865868835449218750e+02
4.231526489257812500e+02
5.243226318359375000e+02
5.781454467773437500e+02
5.094292602539062500e+02
2.359527969360351562e+01
2.522185134887695312e+01
2.497941780090332031e+01
1.962158012390136719e+01
2.223463058471679688e+01
2.278955268859863281e+01
1.129536390304565430e+00
6.731986999511718750e+00
1.131606578826904297e+01
1.242218856811523438e+02
1.448145294189453125e+02
9.153569030761718750e+01
1.063207778930664062e+02
1.504095611572265625e+02
9.805484771728515625e+01
7.026600646972656250e+01
1.005539703369140625e+02
5.076654052734375000e+01
3.508955078125000000e+02
3.013937683105468750e+02
2.018227233886718750e+02
4.468148803710937500e+02
4.181577148437500000e+02
2.507208099365234375e+02
4.833655700683593750e+02
4.452056884765625000e+02
3.015864562988281250e+02
3.131932067871093750e+02
2.943999938964843750e+02
1.889234161376953125e+02
3.340925903320312500e+02
3.120546264648437500e+02
1.949864501953125000e+02
2.715696105957031250e+02
2.513046112060546875e+02
1.682027587890625000e+02
8.408852386474609375e+01
8.916952514648437500e+01
8.581225585937500000e+01
1.045091857910156250e+02
1.229498443603515625e+02
1.389894409179687500e+02
7.798426055908203125e+01
1.039854049682617188e+02
1.246813049316406250e+02
2.368949127197265625e+01
5.837866592407226562e+01
5.236397552490234375e+01
6.991699218750000000e+01
9.608831787109375000e+01
1.015240631103515625e+02
9.229098510742187500e+01
1.332937774658203125e+02
1.218087005615234375e+02
2.735121536254882812e+01
2.425119781494140625e+01
1.443173217773437500e+01
4.080908203125000000e+01
4.690717697143554688e+01
3.479146194458007812e+01
5.118621826171875000e+01
5.897918701171875000e+01
4.914302825927734375e+01
8.557045936584472656e+00
1.515038967132568359e+01
1.020831775665283203e+01
1.772459602355957031e+01
2.536909484863281250e+01
1.837042045593261719e+01
1.279709434509277344e+01
1.865219306945800781e+01
1.340430355072021484e+01
5.662138462066650391e+00
6.731711864471435547e+00
2.556474685668945312e+00
1.721656799316406250e+01
1.363206768035888672e+01
2.580309152603149414e+00
2.480036354064941406e+01
2.415015029907226562e+01
1.663172531127929688e+01
6.966121826171875000e+02
1.809703826904296875e+02
1.095257568359375000e+01
4.130694580078125000e+02
5.225303649902343750e+01
-7.025395202636718750e+01
2.732556152343750000e+02
-1.170520591735839844e+01
-2.952487564086914062e+01
2.056845283508300781e+01
3.011878395080566406e+01
4.899060058593750000e+01
1.939623832702636719e+01
9.307616424560546875e+01
8.317015838623046875e+01
2.492424964904785156e+01
5.859478759765625000e+01
2.176223754882812500e+01
2.952715635299682617e+00
-2.811794579029083252e-01
-1.374954700469970703e+00
-1.220609664916992188e+00
-1.536821722984313965e+00
1.536116719245910645e+00
-2.208615839481353760e-01
-8.737392425537109375e-01
9.551114439964294434e-01
5.359765529632568359e+00
-2.256520080566406250e+01
-1.029528999328613281e+01
-1.114263725280761719e+01
-1.976869964599609375e+01
-3.084432125091552734e+00
4.554164409637451172e+00
-2.951815843582153320e+00
1.032703399658203125e+00
8.276448059082031250e+01
6.523886108398437500e+01
2.325173568725585938e+01
-7.511047363281250000e+01
5.455982685089111328e+00
-1.339242935180664062e+01
-4.849681472778320312e+01
-4.865575408935546875e+01
-4.676910400390625000e+01
5.354865264892578125e+01
-8.108139038085937500e-02
-9.784133911132812500e+00
-1.201548480987548828e+01
-4.478059387207031250e+01
-8.866583251953125000e+01
3.968301391601562500e+01
4.285158538818359375e+01
-4.356419754028320312e+01
2.264765625000000000e+02
3.164506835937500000e+02
1.697520751953125000e+02
3.861508789062500000e+02
4.256944274902343750e+02
2.845975952148437500e+02
3.508087768554687500e+02
3.430881347656250000e+02
2.474328918457031250e+02
-1.828627395629882812e+01
-6.993353843688964844e+00
6.011075496673583984e+00
-7.567924976348876953e+00
2.630213499069213867e+00
1.740658378601074219e+01
7.497624206542968750e+01
7.040618896484375000e+01
8.114608764648437500e+01
2.061735839843750000e+02
2.371246337890625000e+02
8.237319183349609375e+01
9.470514678955078125e+01
1.237935714721679688e+02
5.468586349487304688e+01
5.381960296630859375e+01
9.275550842285156250e+01
-6.694066619873046875e+01
2.494380950927734375e+02
5.109133911132812500e+01
-7.306561279296875000e+01
4.600679626464843750e+02
8.714353179931640625e+01
-1.041668243408203125e+02
7.763817138671875000e+02
3.510934448242187500e+02
2.000211639404296875e+02
5.919982299804687500e+02
4.427014465332031250e+02
2.375268859863281250e+02
3.368020019531250000e+02
1.642489013671875000e+02
6.155727386474609375e+01
2.131266784667968750e+02
1.625116729736328125e+01
-1.253212203979492188e+02
2.097163238525390625e+02
5.299971771240234375e+01
-8.471845626831054688e+00
1.618013458251953125e+02
7.566967773437500000e+01
2.406553649902343750e+02
1.330531311035156250e+02
1.940274200439453125e+02
3.259431762695312500e+02
2.702511215209960938e+01
1.198658599853515625e+02
8.546636962890625000e+01
1.868875427246093750e+02
1.771739044189453125e+02
7.245035552978515625e+01
1.174326095581054688e+02
1.391634674072265625e+02
7.314079284667968750e+01
3.329836273193359375e+01
2.281648635864257812e+01
4.263337707519531250e+01
2.993570327758789062e+01
6.278114318847656250e+01
2.345499801635742188e+01
3.526364135742187500e+01
7.843131256103515625e+01
4.654579544067382812e+01
-9.547438621520996094e+00
9.667758941650390625e-01
6.318667411804199219e+00
-1.777365303039550781e+01
-9.083392143249511719e+00
2.254870414733886719e+01
-1.954394578933715820e+00
-1.495479345321655273e+00
1.714575290679931641e+00
-1.371773910522460938e+01
-1.273669052124023438e+01
-2.140039062500000000e+01
9.002281188964843750e+01
1.104909133911132812e+02
1.364796752929687500e+02
5.222904205322265625e+01
6.715927886962890625e+01
9.114931488037109375e+01
1.946187133789062500e+02
2.099661254882812500e+02
1.816011962890625000e+02
2.384441833496093750e+02
2.520023193359375000e+02
2.166651306152343750e+02
2.646604309082031250e+02
2.687351074218750000e+02
2.240824737548828125e+02
1.550062370300292969e+01
1.821958351135253906e+01
1.510164546966552734e+01
1.540441989898681641e+01
2.079726982116699219e+01
1.106162071228027344e+01
1.658083915710449219e+01
1.699714851379394531e+01
1.056325721740722656e+01
3.290510550141334534e-02
-1.269742846488952637e-01
-7.429101318120956421e-02
-3.241635393351316452e-03
3.329136595129966736e-02
-2.748730778694152832e-01
4.793772846460342407e-02
3.823792040348052979e-01
2.493654377758502960e-02
8.766218423843383789e-01
5.920804738998413086e-01
-1.127939319610595703e+01
2.353893280029296875e+00
-9.599393010139465332e-01
-1.003439140319824219e+01
2.916182041168212891e+00
-1.791348218917846680e+00
-5.588109016418457031e+00
2.648540496826171875e+01
9.953811645507812500e+00
1.556538581848144531e+01
2.369584083557128906e+01
5.194787025451660156e+00
1.637737655639648438e+01
1.644063377380371094e+01
4.320861339569091797e+00
1.963025093078613281e+01
1.011762695312500000e+02
1.028073120117187500e+02
1.101275939941406250e+02
9.937873840332031250e+01
1.097293014526367188e+02
1.179385452270507812e+02
1.077422943115234375e+02
1.196127243041992188e+02
1.192999343872070312e+02
-1.889953155517578125e+02
-1.867282867431640625e+02
-9.799990844726562500e+01
-1.922626037597656250e+02
-1.656886291503906250e+02
-8.880367279052734375e+01
-1.372012176513671875e+02
-1.015717163085937500e+02
-6.377683258056640625e+01
6.610856056213378906e-01
8.652250766754150391e-01
-1.248682260513305664e+00
-8.520365953445434570e-01
-1.099176049232482910e+00
-2.961280345916748047e+00
3.296877741813659668e-01
-4.430982112884521484e+00
-5.050974845886230469e+00
7.123071289062500000e+01
6.546780395507812500e+01
9.729355621337890625e+01
6.442033386230468750e+01
7.178902435302734375e+01
1.036016159057617188e+02
7.121147918701171875e+01
8.254100036621093750e+01
1.074601669311523438e+02
1.916096801757812500e+02
2.159905548095703125e+02
2.654416198730468750e+02
1.965410614013671875e+02
2.381131591796875000e+02
2.896368408203125000e+02
1.648016510009765625e+02
2.358200531005859375e+02
2.386662902832031250e+02
-2.858367156982421875e+01
1.477856349945068359e+01
4.662943840026855469e+00
4.034423828125000000e+00
3.675956344604492188e+01
-4.370409488677978516e+00
1.796279144287109375e+01
4.298035812377929688e+01
-1.241116523742675781e+01
1.112913436889648438e+02
1.444158782958984375e+02
1.019082260131835938e+02
1.604425048828125000e+02
1.783963470458984375e+02
1.229414291381835938e+02
1.533468170166015625e+02
1.348428802490234375e+02
1.016448364257812500e+02
-2.969092178344726562e+01
-4.809208679199218750e+01
-2.882876777648925781e+01
-4.366772460937500000e+01
-4.129960632324218750e+01
-2.081346750259399414e+00
-1.028284168243408203e+01
-1.638212966918945312e+01
1.835963630676269531e+01
8.333609008789062500e+01
7.972717285156250000e+01
8.105927276611328125e+01
8.170184326171875000e+01
7.843030548095703125e+01
8.400471496582031250e+01
7.731137084960937500e+01
8.145268249511718750e+01
8.997654724121093750e+01
-6.827914237976074219e+00
-1.847653579711914062e+01
-1.394072818756103516e+01
-1.265372943878173828e+01
-2.021461296081542969e+01
-1.044039249420166016e+01
-1.117039871215820312e+01
-1.685904312133789062e+01
-1.079442596435546875e+01
4.231007099151611328e+00
4.869625568389892578e+00
7.386740684509277344e+00
-1.604899787902832031e+01
-1.897030067443847656e+01
-1.733354187011718750e+01
-2.327510833740234375e+01
-2.396994400024414062e+01
-2.139352989196777344e+01
2.267585296630859375e+02
2.447312469482421875e+02
2.451532135009765625e+02
3.447910766601562500e+02
3.601712341308593750e+02
3.350481567382812500e+02
3.940677795410156250e+02
3.887188720703125000e+02
3.582032470703125000e+02
-1.050240039825439453e+00
-4.283227920532226562e+00
-4.767475724220275879e-01
-8.354080200195312500e+00
-1.298836612701416016e+01
-3.639507293701171875e+00
-6.338708400726318359e+00
-9.482689857482910156e+00
5.956250667572021484e+00
4.200100302696228027e-01
4.121913015842437744e-02
1.514626741409301758e-01
2.638794779777526855e-01
1.335985213518142700e-01
2.134345620870590210e-01
5.569578409194946289e-01
-5.897136870771646500e-04
4.591777026653289795e-01
6.148743629455566406e+00
3.984647750854492188e+00
4.232104301452636719e+00
4.551750183105468750e+00
7.671838760375976562e+00
8.849385261535644531e+00
3.762467861175537109e+00
8.001006126403808594e+00
1.049354648590087891e+01
1.765559387207031250e+02
2.130598907470703125e+02
2.049811096191406250e+02
1.791197967529296875e+02
2.235649871826171875e+02
2.248647918701171875e+02
1.633679504394531250e+02
1.994474487304687500e+02
2.015468292236328125e+02
1.426272735595703125e+02
1.568576812744140625e+02
1.785400695800781250e+02
1.689796142578125000e+02
1.714276275634765625e+02
1.807839050292968750e+02
1.540702056884765625e+02
1.394398498535156250e+02
1.361250000000000000e+02
7.491474151611328125e+01
1.566599273681640625e+02
1.499250793457031250e+02
1.433087158203125000e+02
2.185359497070312500e+02
2.034271545410156250e+02
2.276900634765625000e+02
2.620118103027343750e+02
2.437120513916015625e+02
2.513986015319824219e+01
2.265811538696289062e+01
2.331182289123535156e+01
1.477978992462158203e+01
1.522449684143066406e+01
1.750646781921386719e+01
-7.260675430297851562e+00
-5.173823833465576172e+00
-2.084300518035888672e+00
8.124348449707031250e+01
1.291738891601562500e+02
1.054564895629882812e+02
1.045403823852539062e+02
1.987823333740234375e+02
1.619160614013671875e+02
1.222483901977539062e+02
1.892890777587890625e+02
1.550765533447265625e+02
1.769637451171875000e+02
2.125400085449218750e+02
2.584198913574218750e+02
3.132350769042968750e+02
3.521955871582031250e+02
3.423243103027343750e+02
3.515423583984375000e+02
3.592615661621093750e+02
2.967524414062500000e+02
4.440804748535156250e+02
4.813795166015625000e+02
5.013467712402343750e+02
5.339521484375000000e+02
5.622470703125000000e+02
5.812816162109375000e+02
5.553075561523437500e+02
5.821881713867187500e+02
5.834058837890625000e+02
1.932663536071777344e+01
7.624454975128173828e+00
7.583763003349304199e-01
2.932950401306152344e+01
1.844455718994140625e+01
1.469737434387207031e+01
-1.383783340454101562e+00
-2.046329116821289062e+01
-7.666496753692626953e+00
-8.187788009643554688e+00
1.237814617156982422e+01
1.344664478302001953e+01
-1.199657058715820312e+01
1.786016845703125000e+01
2.958885192871093750e+01
9.963845252990722656e+00
3.423622894287109375e+01
3.221113586425781250e+01
1.478062915802001953e+01
1.479843807220458984e+01
1.894893646240234375e+01
2.273367309570312500e+01
3.120988082885742188e+01
3.956558227539062500e+01
2.426741409301757812e+01
3.603458786010742188e+01
4.927233505249023438e+01
-7.946385145187377930e-01
7.492179870605468750e+00
2.331372737884521484e+00
2.650959968566894531e+00
1.216374301910400391e+01
8.105014801025390625e+00
5.186889171600341797e+00
1.031409549713134766e+01
1.023973178863525391e+01
1.223680210113525391e+01
1.387985038757324219e+01
1.463638305664062500e+01
-9.088324904441833496e-01
-2.699084520339965820e+00
-5.921084880828857422e+00
8.169810295104980469e+00
6.586933135986328125e+00
2.089418649673461914e+00
5.851994628906250000e+02
6.218446044921875000e+02
7.940822143554687500e+02
4.880339355468750000e+02
5.760283813476562500e+02
7.828422851562500000e+02
3.413702087402343750e+02
4.896199951171875000e+02
7.179895019531250000e+02
1.119881248474121094e+01
1.799980545043945312e+01
2.533337020874023438e+01
2.069751930236816406e+01
1.894996261596679688e+01
3.852481079101562500e+01
1.798870277404785156e+01
1.394170475006103516e+01
3.391114425659179688e+01
9.637920856475830078e-01
5.309406202286481857e-03
8.019797801971435547e-01
2.188861072063446045e-01
8.952842950820922852e-01
6.502237915992736816e-01
2.877362668514251709e-01
1.060630455613136292e-01
8.086396455764770508e-01
5.083186721801757812e+01
6.403077697753906250e+01
8.524372100830078125e+01
5.698368072509765625e+01
7.378279113769531250e+01
9.311936187744140625e+01
5.483920288085937500e+01
7.106539916992187500e+01
8.075302124023437500e+01
1.284448089599609375e+02
1.683918304443359375e+02
1.465907592773437500e+02
7.476643371582031250e+01
1.189925765991210938e+02
1.049499816894531250e+02
1.300449829101562500e+02
1.540469360351562500e+02
1.171103210449218750e+02
2.666415023803710938e+01
1.490521335601806641e+01
2.450360870361328125e+01
-3.247832655906677246e-01
-1.820123291015625000e+01
1.996060943603515625e+01
1.398394298553466797e+01
1.063212013244628906e+01
5.732825851440429688e+01
1.841584960937500000e+03
1.908686401367187500e+03
1.727376586914062500e+03
1.957186889648437500e+03
1.989463745117187500e+03
1.806914550781250000e+03
1.819060302734375000e+03
1.862640502929687500e+03
1.753062133789062500e+03
1.586695003509521484e+01
2.182803344726562500e+01
1.651732635498046875e+01
1.653204727172851562e+01
1.380090808868408203e+01
1.803619575500488281e+01
4.089406585693359375e+01
3.652693557739257812e+01
3.455336380004882812e+01
2.726412353515625000e+02
2.823003540039062500e+02
1.764727783203125000e+02
1.651767425537109375e+02
1.869685516357421875e+02
8.865925598144531250e+01
8.095331573486328125e+01
1.143366699218750000e+02
6.096118927001953125e+01
1.237165893554687500e+03
1.138587158203125000e+03
1.078869873046875000e+03
1.224851684570312500e+03
1.081383300781250000e+03
1.035043090820312500e+03
1.181887329101562500e+03
1.103979125976562500e+03
1.131820678710937500e+03
6.754940185546875000e+02
6.317626342773437500e+02
6.581390380859375000e+02
5.099331665039062500e+02
3.960777282714843750e+02
4.819198608398437500e+02
4.367579956054687500e+02
3.444517211914062500e+02
4.622680664062500000e+02
2.222855224609375000e+02
2.559635925292968750e+02
3.448312683105468750e+02
2.575206298828125000e+02
3.085198364257812500e+02
4.279129028320312500e+02
2.872734375000000000e+02
3.477359313964843750e+02
4.538038635253906250e+02
2.738132019042968750e+02
3.325550842285156250e+02
2.729601440429687500e+02
3.385129394531250000e+02
4.001813354492187500e+02
3.130864257812500000e+02
3.007328186035156250e+02
3.491826782226562500e+02
2.964707031250000000e+02
5.632077407836914062e+01
7.346395111083984375e+01
8.365008544921875000e+01
6.883142852783203125e+01
7.607604980468750000e+01
6.696052551269531250e+01
7.558196258544921875e+01
7.366384124755859375e+01
6.880267333984375000e+01
5.998570251464843750e+01
7.994248199462890625e+01
6.478724670410156250e+01
8.001268768310546875e+01
9.911725616455078125e+01
7.239176177978515625e+01
8.272635650634765625e+01
9.147739410400390625e+01
7.005055236816406250e+01
7.950427246093750000e+01
8.600763702392578125e+01
7.477658843994140625e+01
1.409533538818359375e+02
1.449951477050781250e+02
1.349585876464843750e+02
1.266254577636718750e+02
1.339344635009765625e+02
1.342269439697265625e+02
4.727951049804687500e+01
4.014897537231445312e+01
3.157511329650878906e+01
2.552361869812011719e+01
2.576341247558593750e+01
1.918165206909179688e+01
1.227039051055908203e+01
7.197547435760498047e+00
1.432320404052734375e+01
3.824800997972488403e-02
6.621575951576232910e-01
4.597767591476440430e-01
5.991510748863220215e-01
4.126077175140380859e+00
4.954541206359863281e+00
-5.881274119019508362e-02
3.634621858596801758e+00
3.771890878677368164e+00
2.832296863198280334e-02
1.020997166633605957e-01
5.022467300295829773e-02
-1.467435806989669800e-01
2.733979560434818268e-02
-3.078040853142738342e-02
-1.068920083343982697e-02
9.545993991196155548e-03
1.076945513486862183e-01
2.559426307678222656e+00
2.047997474670410156e+00
1.885540962219238281e+00
1.995869398117065430e+00
9.987014532089233398e-01
3.113034665584564209e-01
2.300536394119262695e+00
6.450009942054748535e-01
-2.807664573192596436e-01
1.512119197845458984e+01
1.391575717926025391e+01
7.568059444427490234e+00
1.417593097686767578e+01
1.130768871307373047e+01
5.431613445281982422e+00
1.649670219421386719e+01
1.327296161651611328e+01
9.562681198120117188e+00
1.055985355377197266e+01
8.191632270812988281e+00
5.943606376647949219e+00
1.113430023193359375e+01
5.579193592071533203e+00
2.316104173660278320e+00
8.730397224426269531e+00
6.944049835205078125e+00
2.271550655364990234e+00
7.125646209716796875e+01
4.657962036132812500e+01
2.427845001220703125e+01
6.934355926513671875e+01
4.649293899536132812e+01
2.226157760620117188e+01
5.369660568237304688e+01
3.684773635864257812e+01
2.830402755737304688e+01
-7.858221232891082764e-02
3.741726577281951904e-01
3.599346876144409180e+00
-6.110863685607910156e-01
-8.008388280868530273e-01
1.408826708793640137e+00
2.637079715728759766e+00
2.887852668762207031e+00
1.225023865699768066e+00
2.406859397888183594e+01
2.020409965515136719e+01
2.962724447250366211e+00
2.991245651245117188e+01
1.253516101837158203e+01
2.789105892181396484e+00
3.032657814025878906e+01
1.084982013702392578e+01
1.708000779151916504e+00
3.892304611206054688e+01
8.242762565612792969e+00
9.850275993347167969e+00
3.948416900634765625e+01
-6.770803928375244141e-01
-7.707747459411621094e+00
5.010367965698242188e+01
2.930280113220214844e+01
2.435402297973632812e+01
5.510074996948242188e+01
2.964516448974609375e+01
3.439117813110351562e+01
6.718965911865234375e+01
4.137802124023437500e+01
2.804722404479980469e+01
6.357016754150390625e+01
4.765509033203125000e+01
3.581470489501953125e+01
7.005101680755615234e+00
7.985526084899902344e+00
1.764904022216796875e+01
-1.437787818908691406e+01
-9.219573020935058594e+00
-7.085803031921386719e+00
-6.118759155273437500e+00
4.070734024047851562e+00
5.686423778533935547e+00
5.279181003570556641e+00
-2.529490470886230469e+00
-9.265780448913574219e+00
2.186873435974121094e+01
1.042519283294677734e+01
-6.012819766998291016e+00
1.244023799896240234e+01
7.839753627777099609e+00
-7.723160743713378906e+00
2.082634210586547852e+00
4.373738765716552734e-01
2.176263332366943359e+00
-6.116249561309814453e-01
-1.502820253372192383e+00
5.551367998123168945e-01
3.549004077911376953e+00
2.433260440826416016e+00
1.468283772468566895e+00
2.790915966033935547e+00
3.301745653152465820e+00
6.245135307312011719e+00
3.062815427780151367e+00
-1.433192193508148193e-01
1.828009128570556641e+00
4.258695602416992188e+00
-3.343041241168975830e-01
2.609709262847900391e+00
-2.896660327911376953e+00
-2.594802141189575195e+00
-1.495118021965026855e+00
2.531641483306884766e+00
5.104471206665039062e+00
7.079421043395996094e+00
1.090327262878417969e+00
1.996013879776000977e+00
5.853250026702880859e+00
1.621030517578125000e+03
2.422531005859375000e+03
2.210976318359375000e+03
1.922032348632812500e+03
2.471453125000000000e+03
2.174090087890625000e+03
2.178525146484375000e+03
2.059187500000000000e+03
1.588728759765625000e+03
2.013347244262695312e+01
2.221192741394042969e+01
-3.822895765304565430e+00
-1.788578796386718750e+01
-2.983096313476562500e+01
-2.471005821228027344e+01
-2.821089172363281250e+01
-4.153926086425781250e+01
-4.636356353759765625e+01
3.012866377830505371e-01
3.274685382843017578e+00
-1.175656318664550781e+00
2.982631921768188477e-01
3.853881955146789551e-01
2.587381303310394287e-01
1.023527383804321289e+00
-1.905720472335815430e+00
-1.478393554687500000e+00
6.049790954589843750e+01
6.432230377197265625e+01
-2.080065917968750000e+01
3.389234924316406250e+01
4.880603790283203125e+00
-3.997254943847656250e+01
6.371971607208251953e+00
-2.692947578430175781e+01
-3.234938812255859375e+01
8.919213867187500000e+02
9.391575317382812500e+02
1.375121093750000000e+03
7.860096435546875000e+02
7.801365966796875000e+02
1.149022827148437500e+03
8.041060180664062500e+02
8.235634155273437500e+02
1.169963256835937500e+03
8.658953857421875000e+02
9.445027465820312500e+02
1.379181884765625000e+03
9.983402099609375000e+02
1.122130371093750000e+03
1.274817504882812500e+03
1.131147583007812500e+03
1.267049682617187500e+03
1.153460449218750000e+03
1.217564392089843750e+02
5.195763549804687500e+02
1.007100769042968750e+03
-3.288813171386718750e+02
2.371309509277343750e+02
8.531715698242187500e+02
-5.382442016601562500e+02
-1.220839118957519531e+01
4.873334960937500000e+02
8.591937255859375000e+01
1.084406280517578125e+02
2.583977699279785156e+01
-1.469965171813964844e+01
-5.491142654418945312e+01
-9.499140930175781250e+01
3.136787652969360352e+00
-4.746260070800781250e+01
-2.595637130737304688e+01
1.519044799804687500e+02
3.773507385253906250e+02
7.609490966796875000e+02
1.303672943115234375e+02
3.642070617675781250e+02
1.109850585937500000e+03
2.504822692871093750e+02
6.162071533203125000e+02
1.272890991210937500e+03
5.084743652343750000e+02
1.438420166015625000e+03
1.598054199218750000e+03
6.637874755859375000e+02
2.316509521484375000e+03
2.310899658203125000e+03
5.908109741210937500e+02
2.364995849609375000e+03
2.245323486328125000e+03
1.815203735351562500e+03
2.942175292968750000e+03
3.090757324218750000e+03
1.781681152343750000e+03
3.197443847656250000e+03
3.292191894531250000e+03
1.936516235351562500e+03
3.288842285156250000e+03
3.557592285156250000e+03
2.392633666992187500e+02
4.094945983886718750e+02
-1.455548248291015625e+02
2.228887023925781250e+02
8.308969879150390625e+01
-4.044208984375000000e+02
7.747252655029296875e+01
-1.610855712890625000e+02
-5.562147827148437500e+02
3.338777923583984375e+01
-1.905868835449218750e+02
6.414189910888671875e+01
-1.728471984863281250e+02
-3.020224609375000000e+02
1.154222640991210938e+02
-3.247301940917968750e+02
-2.287868652343750000e+02
1.030297012329101562e+02
1.287152404785156250e+02
1.778939208984375000e+02
1.384820098876953125e+02
9.655996704101562500e+01
1.286732788085937500e+02
9.171069335937500000e+01
2.081871414184570312e+01
6.595020294189453125e+01
9.977987670898437500e+01
5.174993133544921875e+01
3.552690505981445312e+01
3.471045684814453125e+01
-1.578466796875000000e+01
1.351534652709960938e+01
2.930567741394042969e+01
-5.725708007812500000e+00
-1.185275840759277344e+01
1.448849105834960938e+01
1.581221313476562500e+02
1.401272277832031250e+02
1.166809997558593750e+02
3.976819992065429688e+01
4.886597824096679688e+01
-4.530199766159057617e-01
-2.680723953247070312e+01
-4.067129898071289062e+01
-6.709231567382812500e+01
1.149918823242187500e+02
1.123915557861328125e+02
1.283822021484375000e+02
1.635792236328125000e+02
1.487704772949218750e+02
1.698860931396484375e+02
2.011470184326171875e+02
1.800063934326171875e+02
1.927322540283203125e+02
-1.274246454238891602e+00
3.518507778644561768e-01
3.084092140197753906e+00
5.288920998573303223e-01
9.980205893516540527e-01
2.044734716415405273e+00
3.966609001159667969e+00
6.163625717163085938e-01
2.510181188583374023e+00
4.450738802552223206e-02
7.768648117780685425e-02
-7.233251817524433136e-04
1.203550249338150024e-01
2.013973146677017212e-02
5.285117775201797485e-03
2.964645437896251678e-02
3.884049504995346069e-02
1.786780953407287598e-01
-7.215304672718048096e-02
-9.411978721618652344e-01
3.777946949005126953e+00
1.142177820205688477e+00
5.631891489028930664e-01
5.941061019897460938e+00
2.133980274200439453e+00
8.504905104637145996e-01
6.057618618011474609e+00
8.422324371337890625e+01
8.538659667968750000e+01
9.428530120849609375e+01
1.095744705200195312e+02
1.185944519042968750e+02
1.225272521972656250e+02
9.165528869628906250e+01
1.024762191772460938e+02
1.125751419067382812e+02
1.186816558837890625e+02
9.469448089599609375e+01
7.203082275390625000e+01
1.194381027221679688e+02
9.883177185058593750e+01
8.106167602539062500e+01
1.038351058959960938e+02
9.360257720947265625e+01
8.905598449707031250e+01
-2.874559974670410156e+01
1.359649085998535156e+01
1.051472759246826172e+01
-1.697951507568359375e+01
2.982357025146484375e+01
2.805457687377929688e+01
1.849392318725585938e+01
5.464058685302734375e+01
5.462512207031250000e+01
9.584178924560546875e+00
1.717026901245117188e+01
1.470359420776367188e+01
6.314284801483154297e+00
1.387333488464355469e+01
1.697403717041015625e+01
-4.547780752182006836e-01
1.881355285644531250e+00
6.470967292785644531e+00
5.692959213256835938e+01
6.862878417968750000e+01
7.615264892578125000e+01
9.335351562500000000e+01
9.251399230957031250e+01
8.276320648193359375e+01
8.190436553955078125e+01
7.742389678955078125e+01
6.888253784179687500e+01
1.468600158691406250e+02
1.999878692626953125e+02
1.732799987792968750e+02
1.277320861816406250e+02
2.151030883789062500e+02
2.067251892089843750e+02
9.507566833496093750e+01
1.924213867187500000e+02
1.985335845947265625e+02
2.409893798828125000e+02
2.507642059326171875e+02
2.161077117919921875e+02
3.033584594726562500e+02
3.111612854003906250e+02
2.855928649902343750e+02
3.069193115234375000e+02
3.068646240234375000e+02
2.945368347167968750e+02
-4.796738624572753906e+00
2.082428359985351562e+01
2.214762878417968750e+01
-7.994719505310058594e+00
2.642814064025878906e+01
3.370404815673828125e+01
2.123424768447875977e+00
3.474761581420898438e+01
3.341957092285156250e+01
-2.349934101104736328e+00
1.391582965850830078e+00
2.187105178833007812e+00
-2.393228530883789062e+00
-3.311353921890258789e-01
4.673520565032958984e+00
-2.729558706283569336e+00
-5.831419944763183594e+00
5.148865699768066406e+00
1.291519641876220703e+01
2.622868347167968750e+01
2.759378242492675781e+01
2.019325637817382812e+01
4.028174209594726562e+01
4.143527221679687500e+01
1.941369628906250000e+01
4.322314453125000000e+01
4.156357574462890625e+01
7.058622837066650391e-01
1.688039660453796387e+00
2.024087667465209961e+00
-6.416174411773681641e+00
-1.168545961380004883e+00
-2.278620153665542603e-01
-7.118437290191650391e+00
-1.359260916709899902e+00
1.991923570632934570e+00
-4.131816387176513672e+00
-4.809202671051025391e+00
-3.390340089797973633e+00
-6.767784595489501953e+00
-4.127764225006103516e+00
-6.431335926055908203e+00
-3.570343494415283203e+00
-4.315204620361328125e+00
-3.806112051010131836e+00
5.154197998046875000e+02
5.877263793945312500e+02
6.182393188476562500e+02
4.943880310058593750e+02
5.557115478515625000e+02
5.667102661132812500e+02
4.942971801757812500e+02
5.428283691406250000e+02
5.024737243652343750e+02
1.042468166351318359e+01
2.225433349609375000e+01
3.146077728271484375e+01
7.981537818908691406e+00
2.055462074279785156e+01
2.866563606262207031e+01
6.634673595428466797e+00
1.575875663757324219e+01
2.221740150451660156e+01
-8.256847504526376724e-04
-4.395115002989768982e-02
6.143740415573120117e-01
7.132251858711242676e-01
2.139384448528289795e-01
8.366590738296508789e-02
-4.088422060012817383e-01
-6.060215234756469727e-01
-5.357480421662330627e-02
1.241389179229736328e+01
2.092470741271972656e+01
1.507834243774414062e+01
6.480792999267578125e+00
1.239049720764160156e+01
6.281743049621582031e+00
7.314756870269775391e+00
1.299194145202636719e+01
3.443609952926635742e+00
1.037522888183593750e+02
1.058362426757812500e+02
1.221069641113281250e+02
9.083383941650390625e+01
8.975030517578125000e+01
1.093993148803710938e+02
8.980513000488281250e+01
7.614604187011718750e+01
9.755760955810546875e+01
2.004337463378906250e+02
1.774787597656250000e+02
2.076012878417968750e+02
1.810148925781250000e+02
1.659459686279296875e+02
1.908835144042968750e+02
1.830340118408203125e+02
1.898446044921875000e+02
2.192562866210937500e+02
1.468670501708984375e+02
1.850191192626953125e+02
1.850605926513671875e+02
6.483856964111328125e+01
1.219633560180664062e+02
1.707393188476562500e+02
-4.304100418090820312e+01
1.835047721862792969e+01
7.060240173339843750e+01
-6.391823291778564453e-01
-1.145365047454833984e+01
-8.426918029785156250e+00
-2.425954341888427734e+00
-5.174986839294433594e+00
-6.960540771484375000e+00
1.462656211853027344e+01
1.379252624511718750e+01
9.971115112304687500e+00
1.155967559814453125e+02
1.941752014160156250e+02
1.677308044433593750e+02
1.183807296752929688e+02
1.932408142089843750e+02
1.825198516845703125e+02
1.043187255859375000e+02
1.724309539794921875e+02
1.963741149902343750e+02
5.608320312500000000e+02
5.085736083984375000e+02
4.435726318359375000e+02
4.968096313476562500e+02
5.079327087402343750e+02
5.050630798339843750e+02
3.881863098144531250e+02
4.598041992187500000e+02
5.161272583007812500e+02
1.944851684570312500e+02
2.882428283691406250e+02
3.206213684082031250e+02
1.496302490234375000e+02
2.698339233398437500e+02
3.366678771972656250e+02
1.477143707275390625e+02
2.539747009277343750e+02
3.132247924804687500e+02
1.820097656250000000e+02
2.484270172119140625e+02
2.111631164550781250e+02
1.730344696044921875e+02
2.161197509765625000e+02
1.728668670654296875e+02
1.550847473144531250e+02
1.989242706298828125e+02
1.452626953125000000e+02
5.377875518798828125e+01
5.131103515625000000e+01
2.702005195617675781e+01
3.922547531127929688e+01
4.742022323608398438e+01
3.267538452148437500e+01
3.283412170410156250e+01
1.534425163269042969e+01
3.891468048095703125e+01
1.198859939575195312e+02
1.121887359619140625e+02
1.156047210693359375e+02
1.134068908691406250e+02
1.053319396972656250e+02
1.097673645019531250e+02
9.952347564697265625e+01
9.324927520751953125e+01
9.998562622070312500e+01
7.433587551116943359e+00
1.275835418701171875e+01
-3.925104141235351562e+00
2.413051128387451172e+00
2.553113460540771484e+00
-8.614426612854003906e+00
1.269251942634582520e+00
2.145995378494262695e+00
-4.503950119018554688e+00
2.255754661560058594e+01
1.816152572631835938e+01
1.802735710144042969e+01
2.403888893127441406e+01
2.995723533630371094e+01
3.302150344848632812e+01
-1.419750690460205078e+01
-7.709372997283935547e+00
-1.590799093246459961e+00
-6.928915405273437500e+01
-6.805579376220703125e+01
-2.928394317626953125e+01
-5.071929931640625000e+01
-7.813360595703125000e+01
-4.580273818969726562e+01
-5.970021057128906250e+01
-8.847821807861328125e+01
-6.920481872558593750e+01
1.139558982849121094e+01
1.169271755218505859e+01
1.408215141296386719e+01
9.761195182800292969e+00
1.097097396850585938e+01
1.540964508056640625e+01
1.010519504547119141e+01
8.997666358947753906e+00
1.492911624908447266e+01
6.530714035034179688e-02
1.035525742918252945e-02
4.668773338198661804e-02
-6.914360821247100830e-02
-1.279190182685852051e-01
-1.225507929921150208e-01
-5.431177839636802673e-02
-3.131058216094970703e-01
-1.007678434252738953e-01
-6.686760902404785156e+00
-4.651390552520751953e+00
-3.307434797286987305e+00
-5.601167678833007812e+00
-4.855789661407470703e+00
-1.517001509666442871e+00
-4.689242362976074219e+00
-4.117811679840087891e+00
-1.721388339996337891e+00
-8.963319396972656250e+01
-9.481278228759765625e+01
-9.368860626220703125e+01
-9.233391571044921875e+01
-9.700176239013671875e+01
-9.195629882812500000e+01
-9.748964691162109375e+01
-9.630320739746093750e+01
-8.865367889404296875e+01
-7.215147495269775391e+00
-2.693121147155761719e+01
-4.140985870361328125e+01
-7.670988559722900391e+00
-2.538399124145507812e+01
-3.459596633911132812e+01
-1.088656711578369141e+01
-1.900399017333984375e+01
-1.615760040283203125e+01
-8.955861663818359375e+01
-6.521393585205078125e+01
-5.535681152343750000e+01
-9.372141265869140625e+01
-7.184695434570312500e+01
-6.634960174560546875e+01
-1.166707000732421875e+02
-1.014774246215820312e+02
-9.818487548828125000e+01
-1.152748775482177734e+01
-1.362830829620361328e+01
-9.033420562744140625e+00
-8.575748443603515625e+00
-9.800013542175292969e+00
-4.430160999298095703e+00
-3.610114336013793945e+00
-5.685409545898437500e+00
-1.277354478836059570e+00
-8.087536811828613281e+00
2.113747596740722656e+01
3.573138427734375000e+01
-8.383870124816894531e+00
1.807332801818847656e+01
1.612590408325195312e+01
-2.832679176330566406e+01
-7.921950817108154297e+00
-1.011269474029541016e+01
2.001459693908691406e+01
5.273631286621093750e+01
4.316921234130859375e+01
-2.537623977661132812e+01
2.127342224121093750e+01
8.169786453247070312e+00
-4.402397918701171875e+01
-1.165238285064697266e+01
-2.493944168090820312e+01
-2.414201507568359375e+02
-2.370724945068359375e+02
-2.796949462890625000e+02
-2.561206054687500000e+02
-2.470885162353515625e+02
-2.777358093261718750e+02
-3.029139404296875000e+02
-2.901827392578125000e+02
-2.892751770019531250e+02
4.980997848510742188e+01
7.273731231689453125e+01
7.568300628662109375e+01
5.196025848388671875e+01
6.972974395751953125e+01
8.447604370117187500e+01
7.197108459472656250e+01
8.729794311523437500e+01
1.029554214477539062e+02
-1.134547424316406250e+01
-2.755831718444824219e+00
-3.132770299911499023e+00
-5.349808692932128906e+00
9.329773187637329102e-01
5.490950107574462891e+00
3.305848598480224609e+00
4.591179847717285156e+00
8.333003997802734375e+00
2.383785629272460938e+01
2.346246528625488281e+01
2.734405326843261719e+01
1.895020294189453125e+01
2.811841011047363281e+01
3.165436935424804688e+01
2.337221908569335938e+01
3.351825714111328125e+01
3.631086349487304688e+01
-4.314624309539794922e+00
-1.073439955711364746e+00
-3.553401231765747070e+00
-3.724732398986816406e+00
-6.190582513809204102e-01
-3.894937038421630859e+00
-1.731333732604980469e+00
1.752428710460662842e-02
-1.775537252426147461e+00
8.638847470283508301e-01
1.892610311508178711e+00
2.124421119689941406e+00
-2.782585382461547852e+00
-1.457651495933532715e+00
-1.626427888870239258e+00
6.348150968551635742e-01
2.133778333663940430e+00
1.589485645294189453e+00
2.092483062744140625e+02
2.782495117187500000e+02
3.609375915527343750e+02
1.333698577880859375e+02
1.873736724853515625e+02
2.602217712402343750e+02
9.550849914550781250e+01
1.406326599121093750e+02
2.053427429199218750e+02
5.530211925506591797e+00
3.140173196792602539e+00
9.293280601501464844e+00
4.694877266883850098e-01
1.269490957260131836e+00
7.878609657287597656e+00
-3.035025596618652344e+00
-2.888988733291625977e+00
3.231502532958984375e+00
2.273938059806823730e-01
2.008104324340820312e-01
1.416415125131607056e-01
-9.099333547055721283e-03
7.224214822053909302e-02
-2.629430592060089111e-02
1.826161146163940430e-02
-9.022708982229232788e-02
3.391443192958831787e-02
2.419929695129394531e+01
3.166492271423339844e+01
4.070922088623046875e+01
2.209494018554687500e+01
2.905855560302734375e+01
3.742065429687500000e+01
2.219740295410156250e+01
2.899943161010742188e+01
3.407840728759765625e+01
1.340901756286621094e+01
1.300195884704589844e+01
3.236349487304687500e+01
-1.791705369949340820e+00
-4.026675224304199219e-01
3.085378408432006836e+00
1.623190689086914062e+01
9.109538078308105469e+00
1.229874706268310547e+01
-1.564988708496093750e+01
-2.399009513854980469e+01
-1.064467811584472656e+01
-4.165017318725585938e+01
-3.176671409606933594e+01
-1.635932540893554688e+01
-4.268745803833007812e+01
-2.024684906005859375e+01
-5.953459262847900391e+00
8.510288696289062500e+02
8.730502319335937500e+02
8.272138671875000000e+02
8.056337280273437500e+02
7.823426513671875000e+02
7.384989624023437500e+02
6.937900390625000000e+02
6.525478515625000000e+02
6.237634277343750000e+02
2.904986381530761719e+00
2.599775075912475586e+00
2.003373622894287109e+00
1.002958416938781738e+00
2.724340915679931641e+00
2.180045843124389648e+00
1.000205898284912109e+01
1.158778858184814453e+01
1.229972076416015625e+01
4.855499649047851562e+01
4.693856048583984375e+01
4.156206130981445312e+01
1.838622570037841797e+00
-1.038246822357177734e+01
9.562837600708007812e+00
-8.356052398681640625e+00
-2.667481613159179688e+01
9.562628746032714844e+00
4.912039489746093750e+02
5.569395751953125000e+02
4.967728576660156250e+02
4.260658874511718750e+02
4.805406494140625000e+02
4.248680114746093750e+02
3.619270019531250000e+02
4.019247131347656250e+02
3.880531921386718750e+02
1.704248199462890625e+02
1.571336975097656250e+02
1.555595092773437500e+02
4.130035781860351562e+01
3.556250762939453125e+01
7.655874633789062500e+01
-2.535325813293457031e+01
-2.005237960815429688e+01
3.939411163330078125e+01
1.382944946289062500e+02
1.415264739990234375e+02
1.674996643066406250e+02
1.100617675781250000e+02
1.142657623291015625e+02
1.304794616699218750e+02
1.034979858398437500e+02
1.207257690429687500e+02
1.296770935058593750e+02
1.279672470092773438e+02
1.533580627441406250e+02
1.726847686767578125e+02
1.364110260009765625e+02
1.512611083984375000e+02
1.556284637451171875e+02
1.342297058105468750e+02
1.231829986572265625e+02
1.338695678710937500e+02
1.487112808227539062e+01
2.862191772460937500e+01
4.072232055664062500e+01
1.761133575439453125e+01
2.510409355163574219e+01
2.626471519470214844e+01
1.093191337585449219e+01
1.322638416290283203e+01
1.323250675201416016e+01
3.877472686767578125e+01
3.706685638427734375e+01
3.113851737976074219e+01
3.804519271850585938e+01
3.578266525268554688e+01
3.074887657165527344e+01
4.086041641235351562e+01
3.596966934204101562e+01
3.028201484680175781e+01
4.833592605590820312e+01
4.371640014648437500e+01
4.285997009277343750e+01
4.906261062622070312e+01
4.781990432739257812e+01
4.840550613403320312e+01
5.099880599975585938e+01
5.447278976440429688e+01
5.619726562500000000e+01
5.580350341796875000e+02
5.382951660156250000e+02
5.073114624023437500e+02
5.137611083984375000e+02
5.165503540039062500e+02
4.827741699218750000e+02
5.009238891601562500e+02
5.185123291015625000e+02
4.652539062500000000e+02
4.754212379455566406e+00
1.476164531707763672e+01
1.363433742523193359e+01
8.191993713378906250e+00
6.124571323394775391e+00
1.184124946594238281e+01
-4.763507366180419922e+00
-1.253833651542663574e+00
4.138521194458007812e+00
3.267221748828887939e-01
2.033027559518814087e-01
4.996391832828521729e-01
4.556852579116821289e-01
5.049286037683486938e-02
-8.519225567579269409e-02
-1.175501719117164612e-01
-1.446797847747802734e-01
2.023643404245376587e-01
2.801285934448242188e+01
2.196493530273437500e+01
2.000122261047363281e+01
2.337438201904296875e+01
2.041504859924316406e+01
2.086976623535156250e+01
1.835124206542968750e+01
1.837504577636718750e+01
2.094739913940429688e+01
2.032316894531250000e+02
2.155263977050781250e+02
2.060012359619140625e+02
2.159253082275390625e+02
2.274609375000000000e+02
2.141793518066406250e+02
1.908166809082031250e+02
2.015629730224609375e+02
1.935995788574218750e+02
1.727404479980468750e+02
1.812114105224609375e+02
1.737477874755859375e+02
1.520821228027343750e+02
1.654079589843750000e+02
1.601310577392578125e+02
1.643507690429687500e+02
1.682911529541015625e+02
1.483125305175781250e+02
3.995482177734375000e+02
4.183563232421875000e+02
4.047930603027343750e+02
4.681690979003906250e+02
5.009855651855468750e+02
4.736850280761718750e+02
4.647236022949218750e+02
4.891440429687500000e+02
4.408565063476562500e+02
5.993021488189697266e+00
9.247532844543457031e+00
5.622386932373046875e-03
1.323422527313232422e+01
1.415462207794189453e+01
9.522638320922851562e+00
1.027492046356201172e+01
5.639525413513183594e+00
1.057299518585205078e+01
1.537860870361328125e+02
1.407033996582031250e+02
1.550903167724609375e+02
1.673589019775390625e+02
1.763604125976562500e+02
1.683908996582031250e+02
1.590309753417968750e+02
1.961281585693359375e+02
1.751542816162109375e+02
5.055336914062500000e+02
5.305514526367187500e+02
4.938068847656250000e+02
5.714805297851562500e+02
6.107612304687500000e+02
5.875055541992187500e+02
6.718720092773437500e+02
7.105429077148437500e+02
6.170925903320312500e+02
6.682017211914062500e+02
6.484396972656250000e+02
5.871157226562500000e+02
6.892062988281250000e+02
6.405138549804687500e+02
6.034661254882812500e+02
6.513598632812500000e+02
5.718659667968750000e+02
5.349194946289062500e+02
1.140555114746093750e+02
1.033425827026367188e+02
8.398056030273437500e+01
1.411177978515625000e+02
1.149644699096679688e+02
9.124115753173828125e+01
1.336182708740234375e+02
1.173762664794921875e+02
1.001139602661132812e+02
5.259018707275390625e+01
7.276744842529296875e+01
6.724250793457031250e+01
4.390330505371093750e+01
6.720051574707031250e+01
7.681761932373046875e+01
5.835688400268554688e+01
8.187851715087890625e+01
1.011321411132812500e+02
6.938515472412109375e+01
7.813643646240234375e+01
6.784885406494140625e+01
6.480796051025390625e+01
7.501429748535156250e+01
6.692191314697265625e+01
7.182024383544921875e+01
8.183281707763671875e+01
7.810282135009765625e+01
1.346910858154296875e+01
1.615705490112304688e+01
1.699247360229492188e+01
9.427761077880859375e+00
1.775156784057617188e+01
1.288150978088378906e+01
1.470406723022460938e+01
1.867949867248535156e+01
1.033504390716552734e+01
2.743605422973632812e+01
2.269431686401367188e+01
1.690280342102050781e+01
3.217169952392578125e+01
2.160788345336914062e+01
1.631310462951660156e+01
1.680051612854003906e+01
9.029888153076171875e+00
1.163117980957031250e+01
