1.593162536621093750e+02
1.272509307861328125e+02
2.533688659667968750e+02
1.564291839599609375e+02
2.384799575805664062e+01
1.133124542236328125e+02
2.181512641906738281e+01
2.105288848876953125e+02
3.498280525207519531e+00
5.212208862304687500e+02
3.183021545410156250e+02
3.950241394042968750e+02
4.201948547363281250e+02
1.331811981201171875e+02
4.846975326538085938e+00
3.988170471191406250e+02
2.427223052978515625e+02
1.377322387695312500e+01
3.831689655780792236e-01
4.930788269042968750e+02
1.356184387207031250e+01
4.563109970092773438e+01
2.261738281250000000e+02
4.077344970703125000e+02
1.203256149291992188e+02
4.310396671295166016e+00
6.628827667236328125e+01
2.543169593811035156e+01
8.505937957763671875e+01
5.998406410217285156e+00
1.212760238647460938e+02
3.090578002929687500e+02
9.016658020019531250e+01
9.107274627685546875e+01
2.662299804687500000e+02
1.991567840576171875e+02
2.621511268615722656e+01
1.048800201416015625e+02
1.179872512817382812e+01
1.855483093261718750e+02
4.830102920532226562e+00
4.116499633789062500e+02
3.674845581054687500e+02
4.348620910644531250e+02
3.323254699707031250e+02
4.439017486572265625e+01
4.613260269165039062e+00
4.124008483886718750e+02
2.349089202880859375e+02
1.863277244567871094e+01
3.107507526874542236e-01
3.704446411132812500e+02
1.449477195739746094e+01
6.440777587890625000e+01
2.053154754638671875e+02
3.620794982910156250e+02
9.373370361328125000e+01
1.231065750122070312e+00
8.056934356689453125e+01
2.669714736938476562e+01
8.212304687500000000e+01
7.734468460083007812e+00
5.349285507202148438e+01
2.616369934082031250e+02
1.165105895996093750e+02
7.869539642333984375e+01
1.935719299316406250e+02
1.228137817382812500e+02
2.185741233825683594e+01
1.056115722656250000e+02
1.899189567565917969e+01
1.524845428466796875e+02
4.118624210357666016e+00
4.881141052246093750e+02
2.935957641601562500e+02
4.143486328125000000e+02
3.859321899414062500e+02
1.107690505981445312e+02
3.408035516738891602e+00
3.525347595214843750e+02
2.605236206054687500e+02
9.664465904235839844e+00
3.206984400749206543e-01
4.953644714355468750e+02
1.242478561401367188e+01
4.507103347778320312e+01
2.649994506835937500e+02
3.047557067871093750e+02
7.985838317871093750e+01
2.445821762084960938e+00
3.676466369628906250e+01
1.336825942993164062e+01
8.365672302246093750e+01
3.253709793090820312e+00
9.993569946289062500e+01
2.799823608398437500e+02
8.350100517272949219e+00
5.032279491424560547e+00
1.278027915954589844e+01
1.268483448028564453e+01
6.848506331443786621e-01
2.772511959075927734e+00
1.119891047477722168e+00
1.405763244628906250e+01
1.993479281663894653e-01
3.965274047851562500e+01
1.770276832580566406e+01
2.375267601013183594e+01
2.752634429931640625e+01
4.417764663696289062e+00
1.266583800315856934e-01
2.148639297485351562e+01
1.995103073120117188e+01
9.341646432876586914e-01
1.166674960404634476e-02
3.639571762084960938e+01
3.152622282505035400e-01
1.731574058532714844e+00
1.650947380065917969e+01
1.134049510955810547e+01
7.096151351928710938e+00
2.592303156852722168e-01
4.621138572692871094e+00
3.176275789737701416e-01
5.170315742492675781e+00
3.002135455608367920e-01
3.969675779342651367e+00
1.944482994079589844e+01
9.676356613636016846e-02
7.062740623950958252e-02
7.579146623611450195e-01
7.565782964229583740e-02
7.983357645571231842e-03
5.237780045717954636e-03
-1.821250841021537781e-02
4.319195151329040527e-01
2.381535992026329041e-02
1.234448194503784180e+00
-3.566512465476989746e-02
8.285199403762817383e-01
1.203991770744323730e+00
3.581270277500152588e-01
0.000000000000000000e+00
1.724106818437576294e-01
4.146183133125305176e-01
2.053984105587005615e-01
6.371415220201015472e-04
2.530055642127990723e-01
1.907301717437803745e-03
-6.084878928959369659e-03
5.118694305419921875e-01
-5.201560258865356445e-01
-1.851134747266769409e-01
3.517325520515441895e-01
-1.352104097604751587e-01
-1.058767363429069519e-02
2.254240587353706360e-02
5.761206895112991333e-02
1.382751584053039551e+00
3.148366510868072510e-01
8.888407897949218750e+01
4.507162094116210938e+01
1.805087890625000000e+02
1.832159881591796875e+02
2.307933807373046875e+01
8.623872375488281250e+01
1.601432800292968750e+01
1.237181625366210938e+02
5.029592037200927734e+00
5.400025024414062500e+02
2.823578491210937500e+02
4.503960571289062500e+02
4.222579040527343750e+02
8.539186096191406250e+01
1.776268631219863892e-01
4.378854064941406250e+02
3.237489013671875000e+02
3.032408952713012695e+00
1.951800435781478882e-01
5.895083007812500000e+02
1.166580867767333984e+01
4.322227859497070312e+01
3.124016723632812500e+02
1.930944671630859375e+02
1.025207290649414062e+02
1.298800230026245117e+00
4.125093841552734375e+01
7.777037620544433594e+00
9.592436218261718750e+01
1.138771772384643555e+00
6.752529907226562500e+01
3.472553100585937500e+02
6.051618194580078125e+01
4.642747497558593750e+01
7.712801361083984375e+01
8.069091033935546875e+01
8.137935638427734375e+00
4.891412734985351562e+01
1.340530204772949219e+01
7.589287567138671875e+01
1.857610344886779785e+00
2.920938720703125000e+02
1.630511016845703125e+02
1.837679290771484375e+02
1.783725585937500000e+02
4.435318756103515625e+01
1.053973317146301270e+00
1.763208618164062500e+02
1.236810073852539062e+02
1.551187992095947266e+00
1.162149608135223389e-01
2.601392211914062500e+02
4.511623859405517578e+00
2.171805381774902344e+01
1.158576889038085938e+02
1.545144500732421875e+02
5.293146133422851562e+01
-2.520841062068939209e-01
3.063458824157714844e+01
7.050581932067871094e+00
3.553650283813476562e+01
1.629690885543823242e+00
1.585431098937988281e+01
1.515963745117187500e+02
2.054327239990234375e+02
1.366890258789062500e+02
3.528205871582031250e+02
2.673145141601562500e+02
3.964851379394531250e+01
1.962048645019531250e+02
3.045538139343261719e+01
2.726492919921875000e+02
7.866265773773193359e+00
8.698903198242187500e+02
6.047583007812500000e+02
7.579256591796875000e+02
6.397037353515625000e+02
1.569648590087890625e+02
7.820487499237060547e+00
6.688820190429687500e+02
4.687475585937500000e+02
1.588979625701904297e+01
5.575317740440368652e-01
8.827312011718750000e+02
2.170040130615234375e+01
9.520945739746093750e+01
4.628987121582031250e+02
5.502219848632812500e+02
1.421058959960937500e+02
3.773324489593505859e+00
7.959870910644531250e+01
2.385079383850097656e+01
1.492493591308593750e+02
6.026633262634277344e+00
9.887246704101562500e+01
5.177747802734375000e+02
1.757523345947265625e+01
1.241384506225585938e+01
3.577631378173828125e+01
1.930840301513671875e+01
3.361319303512573242e+00
4.197899818420410156e+00
4.247389316558837891e+00
3.753909301757812500e+01
5.496594905853271484e-01
9.262315368652343750e+01
1.657814979553222656e+01
5.077374267578125000e+01
7.764001464843750000e+01
2.924083137512207031e+01
2.703803405165672302e-02
4.025061416625976562e+01
3.610026550292968750e+01
4.146080970764160156e+00
4.587266966700553894e-02
4.155804443359375000e+01
9.284508228302001953e-01
1.369131445884704590e+00
2.345102691650390625e+01
3.235439300537109375e+01
1.620416641235351562e+01
2.300954818725585938e+00
4.804079532623291016e+00
3.356169462203979492e+00
1.523354434967041016e+01
1.509861946105957031e+00
6.881450653076171875e+01
2.832313728332519531e+01
3.700646972656250000e+02
3.215269470214843750e+02
7.750880737304687500e+02
6.678344116210937500e+02
6.830115509033203125e+01
3.179215698242187500e+02
7.028541564941406250e+01
5.900839233398437500e+02
1.663749694824218750e+01
1.874935913085937500e+03
1.221767211914062500e+03
1.452626220703125000e+03
1.355783691406250000e+03
2.599255676269531250e+02
9.884553909301757812e+00
1.378530151367187500e+03
8.886618652343750000e+02
4.480707931518554688e+01
1.040264129638671875e+00
1.636003417968750000e+03
3.834674072265625000e+01
1.647264404296875000e+02
7.951746826171875000e+02
1.162901855468750000e+03
3.655289306640625000e+02
1.053424739837646484e+01
2.117903289794921875e+02
5.801363372802734375e+01
2.697033691406250000e+02
1.969892692565917969e+01
2.433451538085937500e+02
1.057251708984375000e+03
4.619156837463378906e+00
1.564092254638671875e+01
2.485414123535156250e+01
1.826124763488769531e+01
-2.645112276077270508e-01
3.354456424713134766e+00
9.290654659271240234e-01
3.057607841491699219e+01
2.942596971988677979e-01
3.231056594848632812e+01
1.778129005432128906e+01
2.634374618530273438e+01
3.673358535766601562e+01
1.078926372528076172e+01
3.375335633754730225e-01
2.084560966491699219e+01
5.494582176208496094e+00
2.756804704666137695e+00
3.699425607919692993e-02
1.941304588317871094e+01
4.601868093013763428e-01
1.799698919057846069e-01
1.486297988891601562e+01
3.247017669677734375e+01
1.841258811950683594e+01
8.266160488128662109e-01
2.186577320098876953e+00
3.189919948577880859e+00
6.888741016387939453e+00
7.302087545394897461e-01
2.605682182312011719e+01
1.852992630004882812e+01
6.115614318847656250e+01
1.449924278259277344e+01
9.340797424316406250e+01
1.011607818603515625e+02
1.124631786346435547e+01
4.868505096435546875e+01
1.198450756072998047e+01
8.858052062988281250e+01
2.536812067031860352e+00
2.533023986816406250e+02
1.603029174804687500e+02
2.113549804687500000e+02
1.843770599365234375e+02
4.419665145874023438e+01
1.699432611465454102e+00
1.785658569335937500e+02
1.291543426513671875e+02
4.372013568878173828e+00
1.357060521841049194e-01
2.574481506347656250e+02
4.312037467956542969e+00
2.436237335205078125e+01
1.041543807983398438e+02
8.269982147216796875e+01
2.938693237304687500e+01
1.805818676948547363e+00
1.716181564331054688e+01
3.976358413696289062e+00
5.163367843627929688e+01
1.518553972244262695e+00
6.035995101928710938e+01
1.332217254638671875e+02
-1.548550891876220703e+01
-9.916981697082519531e+00
-2.991926002502441406e+01
-3.525965118408203125e+01
-4.209270954132080078e+00
-1.792727088928222656e+01
-8.674572944641113281e+00
-1.173511123657226562e+01
-1.184448599815368652e+00
-1.798321380615234375e+02
-1.043360977172851562e+02
-1.253636779785156250e+02
-9.974274444580078125e+01
-1.495500850677490234e+01
6.548677086830139160e-01
-1.039388656616210938e+02
-9.959014892578125000e+01
2.255291461944580078e+00
-2.254844829440116882e-02
-1.659359741210937500e+02
-2.433444738388061523e+00
-1.463452529907226562e+01
-6.998640441894531250e+01
-7.006864929199218750e+01
-8.986618041992187500e+00
1.214660525321960449e+00
-7.162579536437988281e+00
2.886031389236450195e+00
-2.491628837585449219e+01
1.497560977935791016e+00
6.415305137634277344e-01
-8.947704315185546875e+01
1.856210136413574219e+01
-9.929704666137695312e+00
-4.185602951049804688e+01
-5.617800521850585938e+01
1.727614402770996094e-01
2.604388236999511719e+01
6.059572696685791016e+00
-5.788225555419921875e+01
-1.212566137313842773e+00
-3.514242172241210938e+01
-5.590390014648437500e+01
-6.164634704589843750e+01
-4.905427932739257812e+01
2.234698104858398438e+01
-1.666167080402374268e-01
-1.606618881225585938e+00
-1.104331016540527344e+01
-9.968787193298339844e+00
-3.477536514401435852e-02
7.629629516601562500e+01
1.646823883056640625e-01
-4.437078237533569336e-01
1.874361610412597656e+01
1.200260925292968750e+01
-7.849822521209716797e+00
-9.954109191894531250e-01
-1.859256982803344727e+00
3.403213918209075928e-01
4.637744903564453125e+00
-5.032701015472412109e+00
-3.152296638488769531e+01
1.128649902343750000e+01
-2.430769443511962891e+00
-2.750461816787719727e+00
-1.776403236389160156e+01
-1.755165672302246094e+01
-1.540813684463500977e+00
-1.612388491630554199e+00
-5.589388608932495117e-01
-1.423055839538574219e+01
-3.857835531234741211e-01
-2.960754966735839844e+01
-1.742873001098632812e+01
-2.071915817260742188e+01
-2.886318397521972656e+01
-3.705752134323120117e+00
-6.565412133932113647e-02
-2.270270729064941406e+01
-1.108447647094726562e+01
-1.870421528816223145e+00
-1.642556302249431610e-02
-1.436873245239257812e+01
-6.647274494171142578e-01
-1.897971391677856445e+00
-8.202816963195800781e+00
-1.716115188598632812e+01
-7.202144145965576172e+00
-2.145973294973373413e-01
-3.537683963775634766e+00
-1.912201762199401855e+00
-5.950975418090820312e+00
-9.431619048118591309e-01
-1.385175514221191406e+01
-1.060105609893798828e+01
4.950553512573242188e+01
3.071442794799804688e+01
7.040821075439453125e+01
5.852936553955078125e+01
5.407740116119384766e+00
4.175138473510742188e+01
1.545821571350097656e+01
8.380804443359375000e+01
8.323601484298706055e-01
2.308516387939453125e+02
9.567586517333984375e+01
1.223984451293945312e+02
1.640919189453125000e+02
5.492044067382812500e+01
1.856067538261413574e+00
1.160555191040039062e+02
9.510871124267578125e+01
2.283739089965820312e+00
1.217400953173637390e-01
2.189920196533203125e+02
3.247411489486694336e+00
1.266707229614257812e+01
8.917834472656250000e+01
1.093696289062500000e+02
4.176267242431640625e+01
1.356562733650207520e+00
1.658213424682617188e+01
4.713583946228027344e+00
3.168459510803222656e+01
2.877552986145019531e+00
4.155996704101562500e+01
8.450165557861328125e+01
-1.469645738601684570e+00
-4.231616973876953125e+00
-1.541547298431396484e+01
-1.824613761901855469e+01
-5.976965427398681641e-01
-3.319415450096130371e-01
-3.726177513599395752e-01
-1.059598922729492188e+01
-3.008586764335632324e-01
-3.072726058959960938e+01
-1.501640033721923828e+01
-2.020317077636718750e+01
-2.490480613708496094e+01
-1.741985917091369629e+00
-1.792192459106445312e-02
-2.170537567138671875e+01
-7.361511230468750000e+00
-2.178862810134887695e+00
-1.655761711299419403e-02
-1.310526943206787109e+01
-5.709035992622375488e-01
-1.115709900856018066e+00
-1.079518222808837891e+01
-1.203384590148925781e+01
-7.312012672424316406e+00
-5.806272029876708984e-01
-2.895976543426513672e+00
-2.511598348617553711e+00
-5.372465610504150391e+00
-5.004650950431823730e-01
-1.473792457580566406e+01
-1.260987281799316406e+01
-1.067069721221923828e+01
-1.359863567352294922e+01
-4.697568130493164062e+01
-4.095361709594726562e+01
-7.358385324478149414e-01
-1.788246726989746094e+01
-3.964325904846191406e+00
-2.284574317932128906e+01
-9.886373877525329590e-01
-7.747120666503906250e+01
-6.841859436035156250e+01
-4.664714431762695312e+01
-4.564407730102539062e+01
1.668193817138671875e+00
-1.887764036655426025e-01
-8.123987579345703125e+01
-1.893574333190917969e+01
-1.950333833694458008e+00
-3.354642540216445923e-02
-7.109890747070312500e+01
-2.206382036209106445e+00
-1.051575088500976562e+01
-4.815628433227539062e+01
-6.550248718261718750e+01
-1.608129501342773438e+01
-1.034809574484825134e-01
-1.439948177337646484e+01
-5.282797813415527344e+00
-1.355529689788818359e+01
-7.456263303756713867e-01
7.478825092315673828e+00
-5.595429611206054688e+01
-1.027560138702392578e+01
-1.095520019531250000e+01
-5.853938674926757812e+01
-4.982800292968750000e+01
-6.044248580932617188e+00
-1.906688308715820312e+01
-2.837484359741210938e+00
-4.257375335693359375e+01
-1.654970169067382812e+00
-1.231489562988281250e+02
-1.012199554443359375e+02
-1.211944198608398438e+02
-9.204937744140625000e+01
-3.942002058029174805e+00
-3.141800165176391602e-01
-9.445893859863281250e+01
-6.730092620849609375e+01
-4.423511028289794922e+00
-7.042701542377471924e-02
-9.249446868896484375e+01
-2.596520185470581055e+00
-1.446777439117431641e+01
-5.281226348876953125e+01
-6.084014129638671875e+01
-1.924522209167480469e+01
-7.094102501869201660e-01
-8.870264053344726562e+00
-3.167075395584106445e+00
-2.166450500488281250e+01
-2.397912740707397461e+00
-1.750740432739257812e+01
-5.912218093872070312e+01
4.513459777832031250e+01
2.759946823120117188e+01
1.521727600097656250e+02
1.349140167236328125e+02
1.449255084991455078e+01
4.693339538574218750e+01
6.640980720520019531e+00
1.078934478759765625e+02
3.598223686218261719e+00
2.739978942871093750e+02
2.315085449218750000e+02
2.635070190429687500e+02
2.182774505615234375e+02
2.715695571899414062e+01
2.688091516494750977e+00
2.295056152343750000e+02
1.405240020751953125e+02
1.346152687072753906e+01
1.855512112379074097e-01
2.272704010009765625e+02
8.039190292358398438e+00
3.501084136962890625e+01
1.307386322021484375e+02
1.498388824462890625e+02
4.832279968261718750e+01
2.164752244949340820e+00
2.595687866210937500e+01
1.112629508972167969e+01
5.392056655883789062e+01
4.754022121429443359e+00
5.731875228881835938e+01
1.448614654541015625e+02
1.275068652343750000e+04
7.495330078125000000e+03
2.483002929687500000e+04
2.176831640625000000e+04
3.469718505859375000e+03
9.992547851562500000e+03
1.756699340820312500e+03
2.088108398437500000e+04
8.233126831054687500e+02
6.208173437500000000e+04
4.749437109375000000e+04
5.789212890625000000e+04
4.992253906250000000e+04
8.743871093750000000e+03
2.364255981445312500e+02
4.699641015625000000e+04
3.671586328125000000e+04
1.720695800781250000e+03
3.865387344360351562e+01
5.584231640625000000e+04
1.730577758789062500e+03
7.290661132812500000e+03
3.489860937500000000e+04
2.786957421875000000e+04
9.087594726562500000e+03
3.591723937988281250e+02
5.251498535156250000e+03
1.609861450195312500e+03
1.127344628906250000e+04
5.867922973632812500e+02
1.362917285156250000e+04
3.152118164062500000e+04
4.655835342407226562e+01
5.892555713653564453e+00
-3.561895370483398438e+01
-6.387955474853515625e+01
1.306996631622314453e+01
7.778199768066406250e+01
8.014831542968750000e+00
-6.561529541015625000e+01
-8.170832395553588867e-01
1.184068222045898438e+02
1.138094406127929688e+02
9.706352233886718750e+01
-2.413484573364257812e+00
4.215996551513671875e+01
2.777777910232543945e+00
8.776751708984375000e+01
6.410608673095703125e+01
-1.510609722137451172e+01
5.351194739341735840e-02
1.989157257080078125e+02
5.937435150146484375e+00
3.276878738403320312e+01
7.400486755371093750e+01
1.683430328369140625e+02
-3.436588287353515625e+01
-1.638118624687194824e+00
8.346986770629882812e-01
-1.209672546386718750e+01
3.208309888839721680e+00
-6.186879634857177734e+00
-1.023607482910156250e+02
7.393225860595703125e+01
4.522258281707763672e+00
1.624077987670898438e+01
7.299535369873046875e+01
3.870056152343750000e+01
2.819124221801757812e+00
9.902271270751953125e+00
1.002413749694824219e+00
5.096895599365234375e+01
1.168196082115173340e+00
5.948324584960937500e+01
4.567647552490234375e+01
6.663084411621093750e+01
9.128598785400390625e+01
1.237077140808105469e+01
-3.950089961290359497e-02
6.680025482177734375e+01
4.045952606201171875e+01
7.160622119903564453e+00
6.860464066267013550e-02
3.767193222045898438e+01
1.846536517143249512e+00
5.501653194427490234e+00
3.164362144470214844e+01
4.174459075927734375e+01
2.860779190063476562e+01
2.264714002609252930e+00
8.592497825622558594e+00
8.378835678100585938e+00
2.083213043212890625e+01
2.000543355941772461e+00
4.442697143554687500e+01
4.029097747802734375e+01
4.346016693115234375e+01
3.487369537353515625e+01
7.241599273681640625e+01
8.503272247314453125e+01
4.636411190032958984e+00
3.098284339904785156e+01
1.142541217803955078e+01
8.289170074462890625e+01
1.441183447837829590e+00
2.158331756591796875e+02
1.147462539672851562e+02
1.557862548828125000e+02
1.726492309570312500e+02
4.511804199218750000e+01
5.570281147956848145e-01
1.462486114501953125e+02
9.470452117919921875e+01
2.326891899108886719e+00
1.127216592431068420e-01
2.190429534912109375e+02
3.475011825561523438e+00
1.223572349548339844e+01
1.008996505737304688e+02
1.141615524291992188e+02
4.389129638671875000e+01
1.818761706352233887e+00
1.549290275573730469e+01
5.063910007476806641e+00
3.707054138183593750e+01
1.605417251586914062e+00
4.452626800537109375e+01
1.146206283569335938e+02
2.264067230224609375e+02
1.937124328613281250e+02
5.847112426757812500e+02
3.874240722656250000e+02
3.961452102661132812e+01
1.680611267089843750e+02
5.162255859375000000e+01
5.310711669921875000e+02
6.745615959167480469e+00
6.380739135742187500e+02
5.696208496093750000e+02
6.895985107421875000e+02
7.467911987304687500e+02
1.995123443603515625e+02
2.928209066390991211e+00
7.590538330078125000e+02
3.328241882324218750e+02
3.861896896362304688e+01
7.051681876182556152e-01
7.151837158203125000e+02
2.593877792358398438e+01
7.578292083740234375e+01
3.538508300781250000e+02
6.865778808593750000e+02
3.024554443359375000e+02
1.159298133850097656e+01
1.345652008056640625e+02
5.586968231201171875e+01
1.704506530761718750e+02
1.608508110046386719e+01
2.886592407226562500e+02
4.928916320800781250e+02
6.802645111083984375e+01
3.270788955688476562e+01
1.153552093505859375e+02
7.879581451416015625e+01
1.166922760009765625e+01
6.968748474121093750e+01
1.056589508056640625e+01
1.046153488159179688e+02
2.773053407669067383e+00
3.328814697265625000e+02
1.571161651611328125e+02
2.643183898925781250e+02
2.728001403808593750e+02
8.190224456787109375e+01
2.790451288223266602e+00
2.239844665527343750e+02
1.771525115966796875e+02
4.680321216583251953e+00
1.873181909322738647e-01
3.345373229980468750e+02
5.832832336425781250e+00
3.019769668579101562e+01
1.585871582031250000e+02
1.525220489501953125e+02
4.355722808837890625e+01
3.479848384857177734e+00
1.411565399169921875e+01
8.565190315246582031e+00
6.678452301025390625e+01
8.349618315696716309e-01
1.013640518188476562e+02
1.686869812011718750e+02
-1.605093994140625000e+02
1.210005879402160645e+00
1.022628631591796875e+02
1.643760681152343750e+02
-3.001226902008056641e+00
-9.284442138671875000e+01
1.804091572761535645e+00
3.347637329101562500e+02
3.927022933959960938e+00
-1.552551269531250000e+00
-3.343683776855468750e+02
9.561044311523437500e+01
5.541660766601562500e+02
5.368832015991210938e+01
-1.524874782562255859e+01
-8.689064788818359375e+01
1.709846191406250000e+02
5.060064697265625000e+01
1.745940595865249634e-01
1.376390075683593750e+02
-1.661181330680847168e+00
-7.250811004638671875e+01
1.908248901367187500e+02
-4.524667358398437500e+02
8.826083374023437500e+01
2.324297714233398438e+01
-1.065180969238281250e+02
3.313766860961914062e+01
7.334502410888671875e+01
3.259277725219726562e+01
3.581593017578125000e+02
-1.935631752014160156e+01
1.118334426879882812e+02
8.762312316894531250e+01
2.441456909179687500e+02
2.305956726074218750e+02
2.366903305053710938e+01
1.052730484008789062e+02
1.644453430175781250e+01
1.588907775878906250e+02
5.223874092102050781e+00
4.842229919433593750e+02
4.043543090820312500e+02
4.416648559570312500e+02
3.498940429687500000e+02
5.113393402099609375e+01
4.202485561370849609e+00
4.279714965820312500e+02
2.323464660644531250e+02
1.388616657257080078e+01
3.121326565742492676e-01
4.353984375000000000e+02
1.412859725952148438e+01
5.931370925903320312e+01
2.335973663330078125e+02
3.468578186035156250e+02
1.008785476684570312e+02
7.253705263137817383e-01
6.741330718994140625e+01
1.935757827758789062e+01
7.504482269287109375e+01
4.986353874206542969e+00
3.505471038818359375e+01
2.968471984863281250e+02
-1.404509258270263672e+01
-4.008329868316650391e+00
-7.513891696929931641e+00
-7.677927017211914062e+00
-1.798712372779846191e+00
-1.029804420471191406e+01
-2.120520114898681641e+00
-6.358617782592773438e+00
-1.690201908349990845e-01
-3.640817642211914062e+01
-1.807368278503417969e+01
-2.657925796508789062e+01
-3.161463356018066406e+01
-1.535667133331298828e+01
-3.532878160476684570e-01
-2.718785667419433594e+01
-1.461233234405517578e+01
-2.228177487850189209e-01
-2.791059017181396484e-02
-3.990516281127929688e+01
-9.071728587150573730e-01
-3.427173614501953125e+00
-1.741530990600585938e+01
-1.399229145050048828e+01
-6.116363048553466797e+00
-2.845797836780548096e-01
-3.707546234130859375e+00
-1.552321553230285645e+00
-5.398435115814208984e+00
-3.028440773487091064e-01
-1.329045486450195312e+01
-2.089120292663574219e+01
3.432116699218750000e+01
4.196793365478515625e+01
7.586804199218750000e+01
8.284510803222656250e+01
9.273268699645996094e+00
2.002709197998046875e+01
7.225030422210693359e+00
6.485668945312500000e+01
1.376653671264648438e+00
2.089637908935546875e+02
1.203764877319335938e+02
1.598438568115234375e+02
1.384910125732421875e+02
2.482743835449218750e+01
9.879424571990966797e-01
1.405050811767578125e+02
1.003030929565429688e+02
6.188883781433105469e+00
9.470195323228836060e-02
1.429539794921875000e+02
3.532710552215576172e+00
1.609177970886230469e+01
4.994232177734375000e+01
1.155821685791015625e+02
5.155620193481445312e+01
2.953937053680419922e+00
3.763888549804687500e+01
5.504914283752441406e+00
1.966088104248046875e+01
3.371065855026245117e+00
3.390948486328125000e+01
1.075014419555664062e+02
-4.507457613945007324e-01
-1.399091243743896484e+00
-7.055694580078125000e+00
-1.536490058898925781e+01
-1.410444259643554688e+00
-2.885082244873046875e+00
-5.611009001731872559e-01
-7.447337150573730469e+00
-1.916512548923492432e-01
-1.396578693389892578e+01
-1.867667388916015625e+01
-1.753940010070800781e+01
-1.289755058288574219e+01
3.635480701923370361e-01
-2.698962762951850891e-02
-1.524140834808349609e+01
-6.967283725738525391e+00
-8.776586055755615234e-01
-1.699759811162948608e-02
-1.258971595764160156e+01
-6.887789368629455566e-01
-1.685473918914794922e+00
-7.884126663208007812e+00
-7.558415889739990234e+00
-5.344439029693603516e+00
-1.381484121084213257e-01
-1.582883954048156738e+00
-6.718310713768005371e-01
-1.361203312873840332e+00
-8.925403356552124023e-01
3.918442726135253906e+00
-7.607402324676513672e+00
7.662614440917968750e+01
2.315626525878906250e+01
5.095748138427734375e+01
6.617668914794921875e+01
8.387221336364746094e+00
5.592021942138671875e+01
1.008248138427734375e+01
6.996092987060546875e+01
1.910092949867248535e+00
3.079073791503906250e+02
1.494444122314453125e+02
1.909966735839843750e+02
2.191966552734375000e+02
7.519738006591796875e+01
1.544199705123901367e+00
1.934648437500000000e+02
1.412647705078125000e+02
2.031885385513305664e+00
1.533671617507934570e-01
2.618760986328125000e+02
3.961656332015991211e+00
1.649963569641113281e+01
1.245234527587890625e+02
1.572236022949218750e+02
4.870620346069335938e+01
1.758383214473724365e-01
1.548766136169433594e+01
9.780338287353515625e+00
4.284138107299804688e+01
-7.510226964950561523e-01
7.320870208740234375e+01
1.370016784667968750e+02
3.073043212890625000e+02
1.863762664794921875e+02
3.612536315917968750e+02
1.473661041259765625e+02
4.185079956054687500e+01
1.966143341064453125e+02
3.756641769409179688e+01
2.785244445800781250e+02
6.942908763885498047e+00
8.960428466796875000e+02
4.969956665039062500e+02
6.969180908203125000e+02
6.636199340820312500e+02
2.793746948242187500e+02
9.435880661010742188e+00
7.069750366210937500e+02
4.642190551757812500e+02
1.271234703063964844e+01
6.156930327415466309e-01
9.650009155273437500e+02
2.763072013854980469e+01
9.376091003417968750e+01
4.893146362304687500e+02
5.684180297851562500e+02
1.236428375244140625e+02
5.577215671539306641e+00
9.657302093505859375e+01
2.856541633605957031e+01
1.363312225341796875e+02
3.111027956008911133e+00
2.396208343505859375e+02
5.540765991210937500e+02
1.117695770263671875e+02
8.077306365966796875e+01
2.352461242675781250e+02
1.896063079833984375e+02
2.076648139953613281e+01
9.220107269287109375e+01
2.111891746520996094e+01
1.982980194091796875e+02
4.433085441589355469e+00
5.299742431640625000e+02
3.217179260253906250e+02
4.217399291992187500e+02
4.215133666992187500e+02
9.665083312988281250e+01
3.338178634643554688e+00
3.878414916992187500e+02
2.486426239013671875e+02
1.555220890045166016e+01
3.451876938343048096e-01
4.532207641601562500e+02
1.153053951263427734e+01
4.573902893066406250e+01
2.184416503906250000e+02
3.236822814941406250e+02
1.111815261840820312e+02
4.066219806671142578e+00
5.349417114257812500e+01
1.945596122741699219e+01
8.591069030761718750e+01
6.194391250610351562e+00
1.264199447631835938e+02
2.724151306152343750e+02
1.997237243652343750e+02
1.327876281738281250e+02
2.833331298828125000e+02
2.412947235107421875e+02
3.381803512573242188e+01
1.832478790283203125e+02
2.389292716979980469e+01
1.876403503417968750e+02
6.136410236358642578e+00
6.693776245117187500e+02
5.540521240234375000e+02
6.358414306640625000e+02
4.348881225585937500e+02
7.803121185302734375e+01
5.544718265533447266e+00
5.826104736328125000e+02
3.494525756835937500e+02
6.431357860565185547e+00
3.810387849807739258e-01
7.394877319335937500e+02
1.939673805236816406e+01
9.521895599365234375e+01
3.931384887695312500e+02
5.277554321289062500e+02
1.111046905517578125e+02
-2.073798179626464844e+00
9.958865356445312500e+01
2.148613548278808594e+01
1.000787887573242188e+02
3.171929359436035156e+00
-5.757645797729492188e+01
4.638144531250000000e+02
7.339110851287841797e+00
9.077536582946777344e+00
1.392203330993652344e+01
2.667367935180664062e+00
-1.890077739953994751e-01
1.015966296195983887e+00
-3.275206089019775391e-01
2.251364517211914062e+01
4.551603794097900391e-01
-2.207067298889160156e+01
1.719695663452148438e+01
1.743180274963378906e+01
1.200873088836669922e+01
1.174365878105163574e+00
2.100983858108520508e-01
3.908323645591735840e-01
1.982210755348205566e+00
1.236459970474243164e+00
9.785816073417663574e-03
1.024060726165771484e+01
2.954272925853729248e-01
2.157848596572875977e+00
2.521514129638671875e+01
1.059764194488525391e+01
1.290931463241577148e+00
7.428990006446838379e-01
-5.799637794494628906e+00
-4.068502187728881836e-01
6.258952617645263672e+00
7.829181551933288574e-01
3.879129409790039062e+00
7.381359577178955078e+00
1.340251464843750000e+02
1.000023651123046875e+02
2.247096252441406250e+02
2.088138122558593750e+02
2.068851280212402344e+01
1.177005767822265625e+02
2.435141181945800781e+01
1.910854492187500000e+02
4.412068367004394531e+00
5.420842895507812500e+02
3.732237243652343750e+02
4.549127807617187500e+02
3.992898254394531250e+02
1.008402099609375000e+02
3.895451784133911133e+00
4.185579833984375000e+02
2.545997619628906250e+02
1.009859752655029297e+01
3.399505019187927246e-01
5.353518066406250000e+02
1.176738643646240234e+01
5.211796569824218750e+01
2.420292205810546875e+02
3.729260864257812500e+02
1.086551361083984375e+02
2.364977836608886719e+00
6.085601425170898438e+01
1.984040069580078125e+01
8.608141326904296875e+01
3.838773727416992188e+00
7.215247344970703125e+01
3.294247131347656250e+02
-6.962304115295410156e-01
2.862120246887207031e+01
-6.684906005859375000e+01
-5.851725006103515625e+01
-1.185888290405273438e+01
-3.334335327148437500e+01
-1.433352470397949219e+00
5.276882553100585938e+01
-2.514606475830078125e+00
-1.557310295104980469e+01
-2.376403503417968750e+02
-1.638538360595703125e+02
3.238177490234375000e+01
5.815145874023437500e+01
2.536877393722534180e+00
-1.517798767089843750e+02
-4.220446014404296875e+01
3.729657411575317383e+00
6.688905414193868637e-03
-9.769354248046875000e+01
-1.009302902221679688e+01
-4.526226043701171875e+01
-9.130091857910156250e+01
-6.769048309326171875e+01
4.484080886840820312e+01
1.005310416221618652e+00
-1.861004638671875000e+01
9.534749984741210938e+00
-1.204158592224121094e+01
2.439355611801147461e+00
1.461286468505859375e+02
-7.930506896972656250e+01
2.244979858398437500e+00
4.929430007934570312e+00
4.533585548400878906e+00
5.169711112976074219e+00
3.704337477684020996e-01
1.986895084381103516e+00
3.323639631271362305e-01
2.041436195373535156e+00
5.638350173830986023e-02
1.203248119354248047e+01
5.236095428466796875e+00
1.167992210388183594e+01
7.812595844268798828e+00
1.237356424331665039e+00
5.157331004738807678e-02
9.120065689086914062e+00
2.185471296310424805e+00
1.063119247555732727e-01
4.548619966953992844e-03
8.928101539611816406e+00
2.623227834701538086e-01
6.496090292930603027e-01
4.485431671142578125e+00
1.169805717468261719e+01
3.008518457412719727e+00
0.000000000000000000e+00
2.408888101577758789e+00
3.778655827045440674e-01
3.041823208332061768e-01
7.409243262372910976e-04
1.250534176826477051e+00
8.698242187500000000e+00
1.210187988281250000e+02
9.638722991943359375e+01
2.720778808593750000e+02
1.822473754882812500e+02
3.192688369750976562e+01
1.097575836181640625e+02
1.997518730163574219e+01
1.840220184326171875e+02
4.722195625305175781e+00
4.734693298339843750e+02
3.674730224609375000e+02
4.307084655761718750e+02
3.999781188964843750e+02
1.054515991210937500e+02
6.069958686828613281e+00
4.052143859863281250e+02
2.175324249267578125e+02
1.562623023986816406e+01
4.180248379707336426e-01
4.204688720703125000e+02
1.730410003662109375e+01
5.761220169067382812e+01
2.537871093750000000e+02
3.955415344238281250e+02
9.899346160888671875e+01
3.904820442199707031e+00
6.585002136230468750e+01
1.948423576354980469e+01
7.065426635742187500e+01
4.607972145080566406e+00
1.086808624267578125e+02
2.629776306152343750e+02
4.404145812988281250e+02
3.183758544921875000e+02
7.983591918945312500e+02
5.741588745117187500e+02
8.338333129882812500e+01
3.794227905273437500e+02
6.967755889892578125e+01
5.888665161132812500e+02
1.644382858276367188e+01
1.873323364257812500e+03
1.282294311523437500e+03
1.519793334960937500e+03
1.406427490234375000e+03
3.536660156250000000e+02
1.696827888488769531e+01
1.416002075195312500e+03
9.255794067382812500e+02
4.121576690673828125e+01
1.223792910575866699e+00
1.773592285156250000e+03
4.789984130859375000e+01
1.872266693115234375e+02
9.440908813476562500e+02
1.208711669921875000e+03
3.224336242675781250e+02
9.797026634216308594e+00
1.870311584472656250e+02
5.956959915161132812e+01
3.088200073242187500e+02
1.279077339172363281e+01
3.178451843261718750e+02
1.049597290039062500e+03
-5.426870822906494141e+00
-4.872200012207031250e+00
-1.729452514648437500e+01
-9.665052413940429688e+00
-1.358022570610046387e+00
2.275722920894622803e-01
-1.167357683181762695e+00
-1.520408821105957031e+01
-2.938476204872131348e-01
-3.088259506225585938e+01
-6.316998004913330078e+00
-1.667247009277343750e+01
-2.606820106506347656e+01
-8.024357795715332031e+00
2.736226841807365417e-02
-1.243486213684082031e+01
-1.024940776824951172e+01
-2.770735502243041992e+00
-2.224229462444782257e-02
-7.933218002319335938e+00
-3.207233846187591553e-01
-3.054836988449096680e-01
-6.799416065216064453e+00
-7.491164207458496094e+00
-5.873902320861816406e+00
-1.916633605957031250e+00
-2.522532224655151367e+00
-1.654024243354797363e+00
-4.132850170135498047e+00
-9.829990267753601074e-01
-2.845265197753906250e+01
-7.896767616271972656e+00
1.451771697998046875e+02
1.112146072387695312e+02
2.115212860107421875e+02
1.536325988769531250e+02
2.760630226135253906e+01
1.239428253173828125e+02
2.597742271423339844e+01
1.690225067138671875e+02
5.347485542297363281e+00
6.401298828125000000e+02
3.995590820312500000e+02
4.821833496093750000e+02
4.514722900390625000e+02
1.118843002319335938e+02
3.630411624908447266e+00
4.393300781250000000e+02
3.347011108398437500e+02
1.273379516601562500e+01
3.621923327445983887e-01
5.823899536132812500e+02
1.617282867431640625e+01
5.734251785278320312e+01
3.351264038085937500e+02
4.061356811523437500e+02
1.056621093750000000e+02
1.761678576469421387e+00
5.037244415283203125e+01
1.708922767639160156e+01
9.168859863281250000e+01
3.334827661514282227e+00
8.782464599609375000e+01
3.507396545410156250e+02
8.194944858551025391e-01
1.657487869262695312e+00
2.151871442794799805e+00
2.963225364685058594e+00
2.944913208484649658e-01
4.246028363704681396e-01
4.920694231986999512e-02
1.744197607040405273e+00
2.363880537450313568e-02
3.026602268218994141e+00
3.150591850280761719e+00
2.921405315399169922e+00
2.214531898498535156e+00
5.924845933914184570e-01
0.000000000000000000e+00
3.592673063278198242e+00
6.662194728851318359e-01
8.063081651926040649e-02
2.551316749304533005e-03
1.440129876136779785e+00
2.051056176424026489e-01
6.434217095375061035e-01
1.248412013053894043e+00
4.876221179962158203e+00
1.523335814476013184e+00
7.258677855134010315e-03
8.463834524154663086e-01
3.880014121532440186e-01
5.198693871498107910e-01
4.064616188406944275e-02
6.635785102844238281e-01
1.710362911224365234e+00
1.621903839111328125e+02
1.101827163696289062e+02
2.779209594726562500e+02
1.358779144287109375e+02
2.606619834899902344e+01
2.021190795898437500e+02
1.892999076843261719e+01
2.403533020019531250e+02
5.407241821289062500e+00
5.485227050781250000e+02
4.164914855957031250e+02
5.231019287109375000e+02
4.998775329589843750e+02
1.528870849609375000e+02
8.635038375854492188e+00
4.751890563964843750e+02
2.742398986816406250e+02
9.692801475524902344e+00
5.926674604415893555e-01
7.113771362304687500e+02
1.524592685699462891e+01
6.922043609619140625e+01
4.162777404785156250e+02
4.676131591796875000e+02
1.264813232421875000e+02
2.815630435943603516e+00
3.316411972045898438e+01
2.644559478759765625e+01
1.199875564575195312e+02
4.274592876434326172e+00
8.211888885498046875e+01
3.085031433105468750e+02
2.486825195312500000e+03
2.797572021484375000e+03
1.313530859375000000e+04
1.352936035156250000e+04
8.347685546875000000e+02
1.480196655273437500e+03
8.136171875000000000e+02
1.241854492187500000e+04
2.253483276367187500e+02
2.089271093750000000e+04
1.292142773437500000e+04
1.774397070312500000e+04
2.151039648437500000e+04
3.012689208984375000e+03
-1.264726829528808594e+01
1.621882910156250000e+04
8.707486328125000000e+03
1.184680175781250000e+03
1.371175670623779297e+01
1.416018652343750000e+04
4.631016845703125000e+02
1.427310302734375000e+03
7.338885253906250000e+03
7.660707031250000000e+03
6.827437500000000000e+03
3.826750793457031250e+02
2.587898437500000000e+03
8.955541992187500000e+02
3.951373779296875000e+03
6.400848999023437500e+02
9.116562500000000000e+03
1.008378906250000000e+04
1.527458578348159790e-01
6.162722036242485046e-02
2.752954661846160889e-01
1.133568882942199707e-01
8.244948089122772217e-02
2.793250083923339844e-01
3.059642203152179718e-02
4.591839015483856201e-01
3.052275860682129860e-03
2.412816584110260010e-01
2.312092185020446777e-01
8.577963113784790039e-01
9.893867373466491699e-01
3.467523455619812012e-01
0.000000000000000000e+00
7.586538195610046387e-01
7.517534494400024414e-01
7.578427903354167938e-03
3.681016387417912483e-04
1.168730854988098145e+00
8.208579383790493011e-03
8.471490442752838135e-02
4.847499430179595947e-01
1.393217742443084717e-01
5.209664106369018555e-01
2.901986800134181976e-02
7.811763882637023926e-02
6.654847878962755203e-03
2.881650328636169434e-01
0.000000000000000000e+00
3.950470685958862305e-01
4.439695179462432861e-01
3.433054199218750000e+02
1.813058166503906250e+02
3.514280090332031250e+02
2.000276336669921875e+02
5.772402572631835938e+01
3.267713623046875000e+02
3.975592041015625000e+01
2.475475463867187500e+02
9.638450622558593750e+00
1.096496704101562500e+03
8.066027221679687500e+02
9.863626708984375000e+02
7.879385375976562500e+02
2.429895324707031250e+02
1.318284511566162109e+01
8.593631591796875000e+02
6.538767089843750000e+02
2.592536687850952148e+00
7.275625467300415039e-01
1.291027832031250000e+03
3.128061103820800781e+01
1.361757965087890625e+02
6.782484130859375000e+02
8.036882324218750000e+02
1.535539855957031250e+02
-1.681776285171508789e+00
9.230519866943359375e+01
3.293651199340820312e+01
1.934273681640625000e+02
-2.386251449584960938e+00
3.991072082519531250e+01
6.966914062500000000e+02
2.585196838378906250e+02
1.853802337646484375e+02
4.010752563476562500e+02
3.378514709472656250e+02
4.561458969116210938e+01
2.169037780761718750e+02
4.131092071533203125e+01
2.946631164550781250e+02
8.842888832092285156e+00
1.141747924804687500e+03
7.462386474609375000e+02
9.061708374023437500e+02
7.590443115234375000e+02
1.726176910400390625e+02
7.991551399230957031e+00
8.185275878906250000e+02
5.382513427734375000e+02
1.626045799255371094e+01
6.440242528915405273e-01
1.021096984863281250e+03
2.488182830810546875e+01
1.045650558471679688e+02
5.094730529785156250e+02
7.322914428710937500e+02
1.900797119140625000e+02
3.995085000991821289e+00
1.149738311767578125e+02
3.063809394836425781e+01
1.593574371337890625e+02
4.750515937805175781e+00
1.000316009521484375e+02
6.189442138671875000e+02
8.137759399414062500e+01
4.881048202514648438e+01
1.377210693359375000e+02
8.032077026367187500e+01
1.626887512207031250e+01
5.919102096557617188e+01
1.036171150207519531e+01
9.802848815917968750e+01
3.363007545471191406e+00
3.169801025390625000e+02
2.351380615234375000e+02
3.164012756347656250e+02
2.558957977294921875e+02
7.798416137695312500e+01
1.404338479042053223e+00
2.613768310546875000e+02
2.020096435546875000e+02
7.549548149108886719e+00
1.673823148012161255e-01
3.487384033203125000e+02
1.002474689483642578e+01
4.008133697509765625e+01
1.752945861816406250e+02
1.975907592773437500e+02
5.275845336914062500e+01
2.426554918289184570e+00
2.929185104370117188e+01
6.787999153137207031e+00
4.923555755615234375e+01
2.044726610183715820e+00
7.574174499511718750e+01
2.135341491699218750e+02
-1.789109611511230469e+01
-3.272167587280273438e+01
-1.901826477050781250e+01
-2.688595962524414062e+01
-2.175056934356689453e+00
-1.650638008117675781e+01
-2.485742807388305664e+00
-2.366660881042480469e+01
-4.588850438594818115e-01
-9.818374633789062500e+01
-5.821257019042968750e+01
-6.669842529296875000e+01
-5.321459197998046875e+01
-1.236420631408691406e+01
-1.002584815025329590e+00
-4.758450317382812500e+01
-3.642286682128906250e+01
-8.735830783843994141e-01
-4.838116094470024109e-02
-6.209377288818359375e+01
-1.983538866043090820e+00
-5.413649559020996094e+00
-3.283706283569335938e+01
-9.227872467041015625e+01
-2.491291618347167969e+01
-1.392886340618133545e-01
-1.311908149719238281e+01
-4.514742851257324219e+00
-7.286108016967773438e+00
-4.853569567203521729e-01
-1.089595794677734375e+00
-4.582416915893554688e+01
3.707934570312500000e+01
3.311984634399414062e+01
6.216638183593750000e+01
2.546426582336425781e+01
7.267686367034912109e+00
3.902296066284179688e+01
3.184060335159301758e+00
3.676844787597656250e+01
1.547526597976684570e+00
1.227195968627929688e+02
1.004618988037109375e+02
1.159111862182617188e+02
9.137158203125000000e+01
2.281351661682128906e+01
1.597239732742309570e+00
1.161913299560546875e+02
7.582500457763671875e+01
2.731635570526123047e+00
1.013472080230712891e-01
1.379946594238281250e+02
4.206231117248535156e+00
1.697548294067382812e+01
8.262037658691406250e+01
1.149111022949218750e+02
1.831554985046386719e+01
8.247106671333312988e-01
1.738159561157226562e+01
7.096103191375732422e+00
2.613259696960449219e+01
3.013996183872222900e-01
1.319033336639404297e+01
9.314904785156250000e+01
-2.678588867187500000e+00
1.115575122833251953e+01
6.232168579101562500e+01
6.663851165771484375e+01
4.843011498451232910e-01
-2.433890104293823242e+00
-1.101615950465202332e-01
6.260314559936523438e+01
1.066129922866821289e+00
6.998706817626953125e+01
3.704994583129882812e+01
5.587307739257812500e+01
9.746957397460937500e+01
3.326404094696044922e+00
-5.333911180496215820e-01
5.589976501464843750e+01
2.037797927856445312e+01
9.315711021423339844e+00
6.896431744098663330e-02
1.468877506256103516e+01
1.210390329360961914e+00
1.406276702880859375e+00
1.479233646392822266e+01
1.136280632019042969e+01
3.476044464111328125e+01
1.238198280334472656e+00
6.359984874725341797e+00
7.199077606201171875e+00
1.616936492919921875e+01
5.975452899932861328e+00
5.355553817749023438e+01
2.279590415954589844e+01
2.576743888854980469e+01
1.208242225646972656e+01
-3.359978485107421875e+01
-3.295181274414062500e+01
3.962577819824218750e+00
2.476569366455078125e+01
1.942033290863037109e+00
-2.387431716918945312e+01
3.142603635787963867e-01
6.333265686035156250e+01
2.471413803100585938e+01
5.109719467163085938e+01
1.717834472656250000e+01
2.294857215881347656e+01
1.288462877273559570e+00
2.615816116333007812e+01
6.640953063964843750e+01
-6.274253845214843750e+00
5.936161149293184280e-03
1.027822799682617188e+02
1.993203282356262207e+00
6.112096786499023438e+00
5.371651077270507812e+01
4.437651824951171875e+01
-8.669859886169433594e+00
-1.779731750488281250e+00
-4.306467533111572266e+00
-4.410758018493652344e+00
7.737236499786376953e+00
-3.800524711608886719e+00
-2.076570320129394531e+01
4.869905853271484375e+01
2.429006042480468750e+02
1.256116638183593750e+02
4.412028503417968750e+02
3.686956176757812500e+02
3.675984191894531250e+01
9.662154388427734375e+01
4.604652023315429688e+01
3.459454345703125000e+02
9.839073181152343750e+00
1.307329589843750000e+03
6.209982910156250000e+02
8.355897827148437500e+02
8.810814208984375000e+02
2.371319274902343750e+02
7.275037169456481934e-01
7.716401367187500000e+02
5.749422607421875000e+02
3.766338729858398438e+01
5.872568488121032715e-01
9.006334838867187500e+02
1.853627777099609375e+01
7.423446655273437500e+01
4.997242126464843750e+02
4.114330139160156250e+02
1.617114868164062500e+02
3.314102554321289062e+01
1.469448089599609375e+02
1.495923042297363281e+01
1.488688049316406250e+02
1.343043994903564453e+01
3.973180847167968750e+02
6.322768554687500000e+02
1.623802032470703125e+02
8.704312896728515625e+01
1.715561065673828125e+02
1.275122528076171875e+02
2.213376998901367188e+01
1.316866912841796875e+02
2.491820144653320312e+01
1.509457092285156250e+02
4.013184070587158203e+00
5.784078979492187500e+02
3.427869567871093750e+02
4.468356323242187500e+02
4.034574279785156250e+02
1.348057250976562500e+02
5.399061679840087891e+00
3.901485900878906250e+02
2.837281188964843750e+02
3.208735466003417969e+00
3.507115244865417480e-01
6.048082885742187500e+02
1.289804077148437500e+01
5.115719985961914062e+01
3.007736816406250000e+02
3.483822937011718750e+02
8.232642364501953125e+01
1.498508930206298828e+00
4.456078338623046875e+01
1.363446331024169922e+01
9.237174224853515625e+01
3.324618935585021973e-01
7.583438110351562500e+01
3.189139099121093750e+02
9.532073974609375000e+01
1.226898422241210938e+02
5.564782714843750000e+02
3.845538635253906250e+02
3.558202362060546875e+01
1.327382659912109375e+02
2.548487663269042969e+01
3.655709228515625000e+02
8.627999305725097656e+00
6.699166259765625000e+02
5.046716613769531250e+02
6.549865112304687500e+02
7.644409179687500000e+02
1.163875656127929688e+02
4.180178165435791016e+00
5.752610473632812500e+02
3.130007324218750000e+02
4.258510589599609375e+01
6.406102180480957031e-01
4.962397460937500000e+02
2.197301483154296875e+01
6.459107971191406250e+01
2.928129272460937500e+02
5.557958984375000000e+02
2.386043090820312500e+02
1.351868057250976562e+01
1.143654022216796875e+02
4.693656921386718750e+01
1.507490234375000000e+02
1.360366535186767578e+01
3.054899902343750000e+02
4.022165527343750000e+02
2.413884735107421875e+01
1.905976867675781250e+01
3.809786605834960938e+01
3.166757774353027344e+01
3.098776102066040039e+00
1.672385978698730469e+01
4.389074802398681641e+00
2.492889785766601562e+01
4.127227067947387695e-01
8.789955139160156250e+01
5.177374267578125000e+01
4.103134918212890625e+01
4.714642333984375000e+01
1.285724163055419922e+01
8.591004014015197754e-01
6.429002380371093750e+01
2.666802787780761719e+01
1.129920125007629395e+00
4.248781502246856689e-02
6.865107727050781250e+01
1.624396920204162598e+00
7.446662425994873047e+00
3.005915451049804688e+01
6.816437530517578125e+01
1.879580688476562500e+01
2.528286576271057129e-01
1.868648529052734375e+01
3.167760848999023438e+00
1.011350536346435547e+01
7.036202549934387207e-01
6.756004810333251953e+00
5.241506958007812500e+01
1.157582321166992188e+02
1.112276687622070312e+02
3.201961975097656250e+02
2.827811584472656250e+02
2.783904457092285156e+01
1.126149749755859375e+02
2.327640724182128906e+01
2.528154144287109375e+02
5.921924114227294922e+00
6.675712890625000000e+02
4.577146911621093750e+02
5.612355346679687500e+02
5.330297241210937500e+02
9.573824310302734375e+01
3.914304256439208984e+00
5.051243896484375000e+02
3.169889526367187500e+02
1.976099586486816406e+01
4.286407232284545898e-01
5.572056274414062500e+02
1.591579151153564453e+01
6.153344726562500000e+01
2.761585998535156250e+02
4.199429931640625000e+02
1.517170867919921875e+02
2.940443992614746094e+00
7.920867919921875000e+01
2.449041748046875000e+01
1.057378845214843750e+02
9.701002120971679688e+00
1.148334426879882812e+02
3.660788269042968750e+02
-6.271137714385986328e+00
-6.954023838043212891e+00
8.392350196838378906e+00
1.247348499298095703e+01
-8.276061415672302246e-01
-4.707415103912353516e+00
-7.636395692825317383e-01
8.235598564147949219e+00
1.343643814325332642e-01
-2.632456970214843750e+01
-8.473070144653320312e+00
-1.215074539184570312e+01
7.753359079360961914e-01
-3.382234334945678711e+00
-2.091836929321289062e-01
-4.055341720581054688e+00
-1.190005111694335938e+01
1.422815084457397461e+00
-3.056102141272276640e-04
-2.195415687561035156e+01
-3.243814408779144287e-01
-1.432097434997558594e+00
-5.134331703186035156e+00
-1.665822982788085938e+01
-6.245001554489135742e-01
5.479855537414550781e-01
-1.067186519503593445e-01
1.998164802789688110e-01
-1.607920408248901367e+00
1.027812242507934570e+00
1.022085380554199219e+01
-8.312285423278808594e+00
1.211258239746093750e+02
7.490962982177734375e+01
2.388425292968750000e+02
1.870544738769531250e+02
1.617080307006835938e+01
8.584375000000000000e+01
2.475736808776855469e+01
2.151528167724609375e+02
4.852671623229980469e+00
5.134312133789062500e+02
2.741539611816406250e+02
3.637455444335937500e+02
4.321495666503906250e+02
8.285032653808593750e+01
2.696058273315429688e+00
3.632020874023437500e+02
2.099471588134765625e+02
2.163908767700195312e+01
3.424958884716033936e-01
3.910191040039062500e+02
9.279223442077636719e+00
3.360659790039062500e+01
1.986750946044921875e+02
2.761775207519531250e+02
1.096907653808593750e+02
6.390292644500732422e+00
5.720492553710937500e+01
2.494630622863769531e+01
8.630065155029296875e+01
8.113949775695800781e+00
1.525686950683593750e+02
2.489947814941406250e+02
6.900393066406250000e+02
5.127158203125000000e+02
1.254888793945312500e+03
1.135449340820312500e+03
1.281027374267578125e+02
5.082672119140625000e+02
1.180415725708007812e+02
1.108238281250000000e+03
2.746328735351562500e+01
3.438637695312500000e+03
2.085111328125000000e+03
2.684648193359375000e+03
2.471169189453125000e+03
5.624276733398437500e+02
1.864674949645996094e+01
2.299835937500000000e+03
1.580802001953125000e+03
8.724779510498046875e+01
1.910739183425903320e+00
2.728322021484375000e+03
6.690071105957031250e+01
2.724975585937500000e+02
1.325797485351562500e+03
1.960193115234375000e+03
6.089299316406250000e+02
2.450907707214355469e+01
3.083780212402343750e+02
9.525317382812500000e+01
4.695563964843750000e+02
2.854928588867187500e+01
6.922994995117187500e+02
1.697558105468750000e+03
1.090996551513671875e+02
4.504334259033203125e+01
1.407880249023437500e+02
1.125629501342773438e+02
2.201521873474121094e+01
8.777495574951171875e+01
1.269613933563232422e+01
7.787761688232421875e+01
3.957854986190795898e+00
3.871283874511718750e+02
3.070722351074218750e+02
3.491401977539062500e+02
2.415453796386718750e+02
5.204367065429687500e+01
4.113316059112548828e+00
3.277762756347656250e+02
2.093381958007812500e+02
3.897294282913208008e+00
2.133426815271377563e-01
3.974861145019531250e+02
1.202174663543701172e+01
5.240478897094726562e+01
2.175364990234375000e+02
2.387110595703125000e+02
3.793146896362304688e+01
-2.233686745166778564e-01
3.844751358032226562e+01
7.241775989532470703e+00
5.808553314208984375e+01
-5.534985661506652832e-01
5.747943401336669922e+00
2.382488555908203125e+02
3.822305297851562500e+01
2.174091529846191406e+01
2.730806732177734375e+01
3.932489871978759766e+00
2.407289028167724609e+00
2.587675285339355469e+01
4.065941810607910156e+00
3.923405075073242188e+01
4.219273626804351807e-01
1.164518661499023438e+02
3.092012596130371094e+01
7.103534698486328125e+01
9.624330139160156250e+01
4.645021057128906250e+01
8.877399563789367676e-01
6.307955551147460938e+01
4.928311157226562500e+01
1.865371584892272949e+00
8.707906305789947510e-02
1.229438400268554688e+02
1.717342853546142578e+00
5.025847911834716797e+00
6.798206329345703125e+01
6.795886993408203125e+01
2.291965866088867188e+01
2.274192094802856445e+00
6.786980152130126953e+00
5.617856502532958984e+00
1.816469192504882812e+01
1.071311354637145996e+00
4.677553176879882812e+01
5.952845764160156250e+01
