2.719854116439819336e+00
3.516600370407104492e+00
5.584811687469482422e+00
2.286672830581665039e+00
3.275942564010620117e+00
5.502367019653320312e+00
2.948430538177490234e+00
3.681732177734375000e+00
5.019100666046142578e+00
-6.509627699851989746e-01
-8.293816447257995605e-01
-6.168023347854614258e-01
-1.085466593503952026e-01
-3.174697756767272949e-01
-1.752502620220184326e-01
2.246572077274322510e-01
-1.278268396854400635e-01
5.475701019167900085e-02
6.033942699432373047e-01
8.116186857223510742e-01
1.432152390480041504e+00
9.768337607383728027e-01
1.069662570953369141e+00
1.236160635948181152e+00
1.439277291297912598e+00
8.917191624641418457e-01
6.943942904472351074e-01
1.283252716064453125e+00
1.924318313598632812e+00
2.442694187164306641e+00
1.425123929977416992e+00
2.267595052719116211e+00
2.880295276641845703e+00
1.852636218070983887e+00
2.740932226181030273e+00
3.155160427093505859e+00
-5.469757318496704102e-01
-4.989036619663238525e-01
-4.715912938117980957e-01
-7.760401368141174316e-01
-5.975566506385803223e-01
-3.177926540374755859e-01
-7.337172031402587891e-01
-6.828289031982421875e-01
-2.379146218299865723e-01
4.264557063579559326e-01
6.148509383201599121e-01
3.972197175025939941e-01
4.970117807388305664e-01
4.107887446880340576e-01
1.946832835674285889e-01
8.519908785820007324e-02
-1.998949646949768066e-01
-2.046188414096832275e-01
-7.707958221435546875e-01
-5.894355177879333496e-01
-7.207345366477966309e-01
-8.944045901298522949e-01
-5.214218497276306152e-01
-4.804522693157196045e-01
-9.049781560897827148e-01
-5.002561211585998535e-01
-4.869527220726013184e-01
1.141321468353271484e+01
1.503030204772949219e+01
1.852145385742187500e+01
1.315749168395996094e+01
1.723843574523925781e+01
2.090125465393066406e+01
1.719945716857910156e+01
2.082802963256835938e+01
2.269855499267578125e+01
-5.352969765663146973e-01
-1.264802813529968262e+00
-2.697598457336425781e+00
-3.839061975479125977e+00
-5.468761444091796875e+00
-6.557274341583251953e+00
-7.264909744262695312e+00
-9.086352348327636719e+00
-9.490928649902343750e+00
2.369090616703033447e-01
2.664692401885986328e-01
1.926588714122772217e-01
7.471145689487457275e-02
-1.652533304877579212e-03
2.833882868289947510e-01
-3.813030421733856201e-01
-3.693423569202423096e-01
-1.858246773481369019e-01
7.797952890396118164e-01
1.811396360397338867e+00
2.142621278762817383e+00
1.285331606864929199e+00
2.699220657348632812e+00
3.022782802581787109e+00
1.687484741210937500e+00
3.013534784317016602e+00
3.077499389648437500e+00
7.772063016891479492e-01
1.946798801422119141e+00
2.848551034927368164e+00
1.334660053253173828e+00
2.823381662368774414e+00
4.167835235595703125e+00
1.063167929649353027e+00
3.356253862380981445e+00
4.743140697479248047e+00
-2.238880395889282227e+00
-2.082186698913574219e+00
-2.673239707946777344e+00
-1.243884682655334473e+00
-1.049824237823486328e+00
-1.438055276870727539e+00
-2.437168598175048828e+00
-1.930329799652099609e+00
-1.485033273696899414e+00
1.876971840858459473e+00
2.457214593887329102e+00
2.640406847000122070e+00
2.319459676742553711e+00
3.024330854415893555e+00
3.062550067901611328e+00
2.825618267059326172e+00
3.602586507797241211e+00
3.507503986358642578e+00
-3.667222499847412109e+00
-4.403859138488769531e+00
-6.087809562683105469e+00
-5.990706443786621094e+00
-6.016094684600830078e+00
-7.180244445800781250e+00
-1.030603313446044922e+01
-9.206264495849609375e+00
-8.803081512451171875e+00
2.639029026031494141e+00
2.403310298919677734e+00
3.185183286666870117e+00
3.041871070861816406e+00
2.498271942138671875e+00
3.020886182785034180e+00
3.739334583282470703e+00
2.703229665756225586e+00
2.319101095199584961e+00
6.558901786804199219e+00
6.935196876525878906e+00
6.561022758483886719e+00
8.275011062622070312e+00
8.844212532043457031e+00
7.952492713928222656e+00
9.583985328674316406e+00
9.515794754028320312e+00
8.209786415100097656e+00
1.161592602729797363e+00
1.294404387474060059e+00
1.108942866325378418e+00
1.345589280128479004e+00
1.415499329566955566e+00
1.155901074409484863e+00
1.592045903205871582e+00
1.431657433509826660e+00
1.060045838356018066e+00
9.531930685043334961e-01
1.520994424819946289e+00
9.853896498680114746e-01
1.165998935699462891e+00
1.986944913864135742e+00
9.517313241958618164e-01
1.256974220275878906e+00
1.796173214912414551e+00
8.799821138381958008e-01
1.456966876983642578e+00
1.592718839645385742e+00
1.383518815040588379e+00
1.613285303115844727e+00
1.538810014724731445e+00
1.502576589584350586e+00
1.807594537734985352e+00
1.695767164230346680e+00
1.626608848571777344e+00
5.345322489738464355e-01
5.655187368392944336e-01
5.575301647186279297e-01
9.070714712142944336e-01
1.032933950424194336e+00
8.395547866821289062e-01
8.414044976234436035e-01
9.051894545555114746e-01
7.219595313072204590e-01
3.139779567718505859e-01
1.928661763668060303e-01
-8.375821635127067566e-04
4.580821990966796875e-01
3.660059273242950439e-01
7.457952201366424561e-02
1.603319495916366577e-01
2.036374807357788086e-01
2.769324779510498047e-01
4.517359137535095215e-01
3.370085954666137695e-01
2.307579815387725830e-01
6.756621599197387695e-01
4.886008501052856445e-01
1.355884969234466553e-01
8.005855679512023926e-01
5.245841145515441895e-01
1.217362508177757263e-01
1.222269821166992188e+01
1.287097072601318359e+01
1.231019687652587891e+01
1.539006233215332031e+01
1.550064182281494141e+01
1.471340465545654297e+01
1.521492481231689453e+01
1.467765903472900391e+01
1.356531047821044922e+01
1.541506528854370117e+00
1.003600239753723145e+00
6.837316155433654785e-01
2.172598838806152344e+00
1.979861140251159668e+00
1.618115663528442383e+00
2.434153556823730469e+00
3.073718309402465820e+00
3.781332015991210938e+00
1.318963617086410522e-01
3.610496595501899719e-02
1.161638796329498291e-01
1.531186550855636597e-01
2.082307636737823486e-01
2.711986899375915527e-01
3.491340279579162598e-01
5.904312133789062500e-01
5.098016262054443359e-01
1.494753360748291016e+00
1.479663252830505371e+00
1.102909684181213379e+00
1.962741971015930176e+00
1.908405065536499023e+00
1.229856967926025391e+00
2.261432886123657227e+00
2.150465965270996094e+00
1.401756286621093750e+00
2.161961317062377930e+00
2.124950408935546875e+00
2.475652217864990234e+00
2.680299282073974609e+00
2.849967002868652344e+00
2.967731475830078125e+00
2.839289188385009766e+00
3.176380872726440430e+00
2.954687356948852539e+00
3.747794389724731445e+00
3.074222326278686523e+00
1.993798136711120605e+00
4.345159530639648438e+00
3.445499897003173828e+00
2.247213840484619141e+00
4.896407127380371094e+00
4.105832576751708984e+00
2.662849664688110352e+00
1.450097799301147461e+00
1.153426527976989746e+00
1.082271099090576172e+00
1.688383579254150391e+00
1.263401269912719727e+00
1.020029902458190918e+00
1.864544034004211426e+00
1.341166496276855469e+00
9.388673901557922363e-01
1.156225442886352539e+00
4.735775291919708252e-01
1.081629633903503418e+00
9.869992733001708984e-01
5.789374709129333496e-01
1.392679691314697266e+00
1.223451852798461914e+00
1.253674507141113281e+00
1.658046841621398926e+00
3.904016017913818359e+00
5.136680603027343750e+00
5.119933128356933594e+00
4.945282459259033203e+00
6.202185153961181641e+00
6.299599170684814453e+00
5.448585510253906250e+00
6.815886497497558594e+00
6.727541923522949219e+00
1.703093886375427246e+00
1.940777540206909180e+00
2.196275234222412109e+00
1.469106793403625488e+00
1.415581345558166504e+00
1.655066967010498047e+00
1.668612837791442871e+00
1.376670837402343750e+00
1.640471577644348145e+00
1.527509838342666626e-01
1.364657431840896606e-01
2.170433551073074341e-01
1.436250954866409302e-01
2.488844096660614014e-01
4.830302298069000244e-01
7.033655792474746704e-02
1.498782932758331299e-01
4.566640555858612061e-01
4.968979954719543457e-02
-4.359611123800277710e-02
1.574043333530426025e-01
-3.161241067573428154e-03
-1.231198683381080627e-01
1.046892330050468445e-01
-1.275704056024551392e-01
-2.216072566807270050e-02
3.524031639099121094e-01
1.762837469577789307e-01
1.317215114831924438e-01
1.558416783809661865e-01
1.035880818963050842e-01
3.476012870669364929e-02
-3.953457623720169067e-02
1.328013185411691666e-02
-4.353424161672592163e-02
-4.548660665750503540e-02
4.733297228813171387e-01
3.949460387229919434e-01
3.314287960529327393e-01
3.208471238613128662e-01
2.852120399475097656e-01
2.692454159259796143e-01
3.344804048538208008e-01
3.204140067100524902e-01
2.920666933059692383e-01
2.486449852585792542e-02
-2.631819434463977814e-02
1.707556992769241333e-01
-3.107992187142372131e-02
3.210811316967010498e-02
5.081413686275482178e-02
6.072888150811195374e-02
6.604756414890289307e-02
1.057631522417068481e-01
1.019278019666671753e-01
1.734919548034667969e-01
1.684450209140777588e-01
8.190058916807174683e-02
1.415157616138458252e-01
1.531017422676086426e-01
2.298505976796150208e-02
1.411125510931015015e-01
1.297076046466827393e-01
2.741159677505493164e+00
2.668359518051147461e+00
2.573142766952514648e+00
1.594377636909484863e+00
1.649829983711242676e+00
1.958811044692993164e+00
1.562304973602294922e+00
2.065991401672363281e+00
2.378199815750122070e+00
1.940264225006103516e+00
2.746400356292724609e+00
3.622336864471435547e+00
2.584001064300537109e+00
2.474019765853881836e+00
2.882720947265625000e+00
3.935636997222900391e+00
3.413469314575195312e+00
3.101391315460205078e+00
1.719790250062942505e-01
2.183962166309356689e-01
1.782520115375518799e-01
1.312336176633834839e-01
9.117211401462554932e-02
2.144361138343811035e-01
1.209760755300521851e-01
3.244226425886154175e-02
7.962640374898910522e-02
6.229094266891479492e-01
5.920117497444152832e-01
5.237896442413330078e-01
3.901591897010803223e-01
4.208908379077911377e-01
4.797441363334655762e-01
2.714898288249969482e-01
3.474971950054168701e-01
4.705002903938293457e-01
9.741994142532348633e-01
7.290971279144287109e-01
4.730222225189208984e-01
8.368754982948303223e-01
6.350427865982055664e-01
3.280593454837799072e-01
2.667943835258483887e-01
1.693568676710128784e-01
1.348384618759155273e-01
5.590409636497497559e-01
7.565950155258178711e-01
8.988876342773437500e-01
5.349614620208740234e-01
8.857434988021850586e-01
1.034882545471191406e+00
7.588115334510803223e-02
3.372288048267364502e-01
5.442178845405578613e-01
2.750069200992584229e-01
1.739161759614944458e-01
1.867476403713226318e-01
2.318915575742721558e-01
1.534029990434646606e-01
1.630500704050064087e-01
1.751569956541061401e-01
1.838144212961196899e-01
2.555419504642486572e-01
1.638715147972106934e+00
2.284647464752197266e+00
1.754918217658996582e+00
1.462820410728454590e+00
1.744204044342041016e+00
1.204988360404968262e+00
1.841681718826293945e+00
2.012947082519531250e+00
1.513674020767211914e+00
1.071543335914611816e+00
9.946353435516357422e-01
1.305851221084594727e+00
8.657428622245788574e-01
8.246027827262878418e-01
1.235918879508972168e+00
8.265265822410583496e-01
7.004243135452270508e-01
1.228908896446228027e+00
-8.262847900390625000e+00
-8.081075668334960938e+00
-6.540693283081054688e+00
-8.171977043151855469e+00
-7.772309780120849609e+00
-6.423371315002441406e+00
-7.335733890533447266e+00
-6.861099243164062500e+00
-5.971863746643066406e+00
-7.724707722663879395e-01
-8.022475242614746094e-01
-7.761405706405639648e-01
-7.717801928520202637e-01
-8.193833827972412109e-01
-8.447074890136718750e-01
-7.822444438934326172e-01
-8.322291970252990723e-01
-8.267884850502014160e-01
-2.505685389041900635e-01
6.651227362453937531e-03
3.386402130126953125e-02
-1.593129038810729980e-01
6.041823420673608780e-03
-1.621207296848297119e-01
-1.775933206081390381e-01
-1.171256974339485168e-01
-1.582227945327758789e-01
-1.989327073097229004e+00
-1.843253135681152344e+00
-1.461315393447875977e+00
-1.926002383232116699e+00
-1.737252950668334961e+00
-1.284704923629760742e+00
-1.883566498756408691e+00
-1.608795285224914551e+00
-1.265318512916564941e+00
-3.565756380558013916e-01
-1.749285161495208740e-01
-2.454834282398223877e-01
-4.548851549625396729e-01
-2.572904825210571289e-01
-3.719041645526885986e-01
-1.772596389055252075e-01
-2.264926955103874207e-02
-2.043877989053726196e-01
-1.582185626029968262e-01
-1.101685017347335815e-01
-1.015284955501556396e-01
-5.822450295090675354e-02
-8.571837842464447021e-02
-1.528898775577545166e-01
1.682517863810062408e-02
-2.007984556257724762e-02
-2.976691350340843201e-03
4.069161135703325272e-03
9.083388000726699829e-02
1.416536122560501099e-01
-7.995471358299255371e-02
1.921143569052219391e-02
2.003979124128818512e-02
2.980935387313365936e-03
-3.425773931667208672e-03
3.230604901909828186e-02
-1.651475524902343750e+01
-1.443122577667236328e+01
-1.219399833679199219e+01
-1.550564765930175781e+01
-1.380506706237792969e+01
-1.201637554168701172e+01
-1.592230987548828125e+01
-1.449303054809570312e+01
-1.292944812774658203e+01
1.240784764289855957e+00
1.485484719276428223e+00
1.355025291442871094e+00
1.004814624786376953e+00
1.508181571960449219e+00
1.644383907318115234e+00
1.114399313926696777e+00
2.136521577835083008e+00
1.852105379104614258e+00
-1.475832611322402954e-02
-6.334564648568630219e-03
1.014773920178413391e-02
-8.450594544410705566e-02
-7.889316976070404053e-02
-3.265168890357017517e-02
6.145332753658294678e-02
1.402745693922042847e-01
8.134634047746658325e-02
-1.788086295127868652e+00
-1.598089933395385742e+00
-1.296911239624023438e+00
-1.639501810073852539e+00
-1.540182113647460938e+00
-1.349404811859130859e+00
-1.491451859474182129e+00
-1.514903903007507324e+00
-1.427431583404541016e+00
-2.735702753067016602e+00
-3.629615783691406250e+00
-3.451426982879638672e+00
-2.709542989730834961e+00
-3.394879102706909180e+00
-3.281513929367065430e+00
-2.466272592544555664e+00
-3.026275873184204102e+00
-2.735911130905151367e+00
-3.038122892379760742e+00
-3.166476249694824219e+00
-2.970172643661499023e+00
-2.883642196655273438e+00
-2.997023582458496094e+00
-2.696979522705078125e+00
-2.832392454147338867e+00
-2.889380931854248047e+00
-2.417291879653930664e+00
-2.229579210281372070e+00
-2.009223461151123047e+00
-1.564880847930908203e+00
-2.130206108093261719e+00
-1.845431566238403320e+00
-1.479544639587402344e+00
-2.094581604003906250e+00
-1.852954626083374023e+00
-1.519639134407043457e+00
5.261877179145812988e-01
1.378214210271835327e-01
-5.863628536462783813e-02
6.685199737548828125e-01
5.302777290344238281e-01
7.350250482559204102e-01
5.406804680824279785e-01
6.401106715202331543e-01
9.107117652893066406e-01
-3.978574991226196289e+00
-2.436655521392822266e+00
-2.413140535354614258e+00
-3.931349039077758789e+00
-2.408738136291503906e+00
-2.620186328887939453e+00
-3.942140102386474609e+00
-2.466003894805908203e+00
-2.712725162506103516e+00
2.784716129302978516e+00
2.905189514160156250e+00
3.582177877426147461e+00
3.069378852844238281e+00
3.279304742813110352e+00
3.923705577850341797e+00
3.232449293136596680e+00
3.520702600479125977e+00
4.215044498443603516e+00
1.173202633857727051e+00
1.267671227455139160e+00
1.341709733009338379e+00
1.071955561637878418e+00
1.173654437065124512e+00
1.183590412139892578e+00
1.364250183105468750e+00
1.443786144256591797e+00
1.414604306221008301e+00
9.781412035226821899e-02
2.670750021934509277e-01
4.251147806644439697e-01
2.811215221881866455e-01
5.239297747611999512e-01
6.227554082870483398e-01
3.681094348430633545e-01
4.028634727001190186e-01
5.348104238510131836e-01
2.331180423498153687e-01
3.101755380630493164e-01
2.146991938352584839e-01
2.292059212923049927e-01
3.130721449851989746e-01
3.488754034042358398e-01
1.750801205635070801e-01
2.889029085636138916e-01
3.251052796840667725e-01
1.938577741384506226e-01
2.353576570749282837e-01
1.973147690296173096e-01
3.117712438106536865e-01
3.712615072727203369e-01
3.450246155261993408e-01
2.105309963226318359e-01
2.821916639804840088e-01
2.932764589786529541e-01
2.557972073554992676e-01
3.162811398506164551e-01
2.153261005878448486e-01
1.478829234838485718e-01
1.423681080341339111e-01
9.766728430986404419e-02
4.163517057895660400e-01
4.906287789344787598e-01
4.882443547248840332e-01
1.027828574180603027e+00
1.189168334007263184e+00
1.201466679573059082e+00
1.012252569198608398e+00
1.133790493011474609e+00
1.136511206626892090e+00
8.109418749809265137e-01
8.804402947425842285e-01
9.084158539772033691e-01
2.701734781265258789e+00
2.977869033813476562e+00
3.068807840347290039e+00
2.113254547119140625e+00
2.652690410614013672e+00
3.064356327056884766e+00
1.978008270263671875e+00
2.555153608322143555e+00
3.030997037887573242e+00
8.064316511154174805e-01
1.414700388908386230e+00
1.120057225227355957e+00
1.328074812889099121e+00
2.029289007186889648e+00
1.777390241622924805e+00
1.012238740921020508e+00
1.609846591949462891e+00
1.191126346588134766e+00
1.242083013057708740e-01
1.429444551467895508e-01
1.484935581684112549e-01
1.847699135541915894e-01
1.801123321056365967e-01
1.909782886505126953e-01
6.045936048030853271e-02
1.213315725326538086e-01
1.099931821227073669e-01
3.343495130538940430e-01
4.245984554290771484e-01
4.571557343006134033e-01
3.009996414184570312e-01
3.961679637432098389e-01
4.269997179508209229e-01
1.718931496143341064e-01
3.267875611782073975e-01
4.309188723564147949e-01
1.796864420175552368e-01
2.480200082063674927e-01
3.691651821136474609e-01
9.946977347135543823e-02
2.131271809339523315e-01
3.976064622402191162e-01
2.300139516592025757e-01
3.336589336395263672e-01
4.734181165695190430e-01
4.543067455291748047e+00
4.898189544677734375e+00
4.993137836456298828e+00
4.386503696441650391e+00
4.678130626678466797e+00
4.736967086791992188e+00
4.399995803833007812e+00
4.573213100433349609e+00
4.521143913269042969e+00
3.844109773635864258e-01
5.370193123817443848e-01
5.849950313568115234e-01
3.298525810241699219e-01
5.075708031654357910e-01
6.278991699218750000e-01
3.521151542663574219e-01
4.484324455261230469e-01
5.137151479721069336e-01
1.823300480842590332e+00
1.993351817131042480e+00
1.528249382972717285e+00
1.815221667289733887e+00
2.202197313308715820e+00
1.780613422393798828e+00
1.133536458015441895e+00
1.401002287864685059e+00
9.079105257987976074e-01
2.716457605361938477e+00
2.980856895446777344e+00
2.727165222167968750e+00
1.902717113494873047e+00
2.460055589675903320e+00
2.226087331771850586e+00
2.249752759933471680e+00
2.802638292312622070e+00
2.509281396865844727e+00
7.444172501564025879e-01
-6.204746365547180176e-01
-2.025119066238403320e+00
6.961864829063415527e-01
-9.983889460563659668e-01
-1.738919019699096680e+00
-6.741561889648437500e-01
-1.324457764625549316e+00
-2.410160779953002930e+00
-2.543281018733978271e-01
-6.239624619483947754e-01
-1.248402595520019531e-01
-3.164699673652648926e-01
-4.400342404842376709e-01
1.616361737251281738e-01
1.383425667881965637e-02
-7.195149362087249756e-02
6.441860198974609375e-01
-4.215735495090484619e-01
-1.235642194747924805e+00
-6.755123734474182129e-01
-8.081578016281127930e-01
-1.840344667434692383e+00
-7.076823115348815918e-01
-1.440834522247314453e+00
-1.532891392707824707e+00
-1.133918166160583496e-01
5.693188309669494629e-01
2.019375115633010864e-01
-2.561280727386474609e-01
2.005786746740341187e-01
-4.519883170723915100e-02
-7.149076461791992188e-01
1.836064457893371582e-01
-2.462191730737686157e-01
-7.330907583236694336e-01
-1.600404083728790283e-01
-9.319525957107543945e-02
1.187936216592788696e-01
-1.685446351766586304e-01
-3.389340639114379883e-01
-3.206781744956970215e-01
-4.810093045234680176e-01
-6.472677588462829590e-01
-5.929570198059082031e-01
-4.232802689075469971e-01
-3.319795131683349609e-01
-4.187217056751251221e-01
1.271300166845321655e-01
8.406429290771484375e-01
9.923835992813110352e-01
4.062365889549255371e-01
7.694997191429138184e-01
5.409340858459472656e-01
-6.883232295513153076e-02
9.557912498712539673e-02
3.683680593967437744e-01
-2.056205272674560547e-01
-6.481708586215972900e-02
2.205576300621032715e-01
-1.558932065963745117e-01
1.353922188282012939e-01
3.656220734119415283e-01
3.825265467166900635e-01
-2.101321935653686523e+00
-4.760876655578613281e+00
-1.247202873229980469e+00
-4.732145786285400391e+00
-8.821741104125976562e+00
-1.693085551261901855e+00
-4.704809188842773438e+00
-6.646655559539794922e+00
-4.867011070251464844e+00
-3.508097410202026367e+00
-2.294233560562133789e+00
-2.941881418228149414e+00
-9.527310729026794434e-01
-5.779112577438354492e-01
-6.330239176750183105e-01
-5.063988566398620605e-01
-2.006160765886306763e-01
-1.853266358375549316e-01
-4.675819724798202515e-02
-5.800567567348480225e-02
8.727030456066131592e-02
8.287493139505386353e-02
1.866652667522430420e-01
6.469703465700149536e-02
-1.871226355433464050e-02
-8.606072515249252319e-03
1.737992018461227417e-01
-3.250019550323486328e-01
-7.504392862319946289e-01
-2.899403870105743408e-01
-8.222631216049194336e-01
-1.027453780174255371e+00
-8.890479803085327148e-01
-9.594486951828002930e-01
-6.243088841438293457e-01
2.026731491088867188e+00
1.095630407333374023e+00
2.460587620735168457e-01
6.609786152839660645e-01
9.992911815643310547e-01
1.987228244543075562e-01
4.668779671192169189e-01
6.908870935440063477e-01
6.502859294414520264e-02
-1.180319190025329590e+00
-8.287044167518615723e-01
6.373032331466674805e-01
-2.944505810737609863e-01
4.755110442638397217e-01
1.588685870170593262e+00
-1.653505116701126099e-01
2.283599823713302612e-01
5.344403386116027832e-01
5.892373323440551758e-01
3.165182173252105713e-01
-2.664277553558349609e-01
2.057194560766220093e-01
-4.540707170963287354e-02
-5.036699771881103516e-01
1.041295230388641357e-01
3.707471862435340881e-02
-1.843218058347702026e-01
-4.590178966522216797e+00
-1.975182771682739258e+00
-1.121613979339599609e+00
-4.844557046890258789e-01
5.533935427665710449e-01
1.009187936782836914e+00
1.597765982151031494e-01
-2.086990773677825928e-01
1.437022387981414795e-01
-7.898810505867004395e-01
-1.423911571502685547e+00
-1.590264439582824707e+00
-1.012624979019165039e+00
-2.189285516738891602e+00
-2.284672260284423828e+00
-1.308408617973327637e+00
-2.995605468750000000e+00
-2.329203605651855469e+00
5.083608150482177734e+00
4.682779312133789062e+00
4.423675060272216797e+00
4.651815414428710938e+00
3.994248867034912109e+00
3.138194799423217773e+00
3.616803884506225586e+00
3.099583625793457031e+00
2.671585083007812500e+00
5.466896891593933105e-01
4.428657293319702148e-01
4.076272845268249512e-01
3.346098661422729492e-01
2.320771664381027222e-01
1.860915720462799072e-01
1.865439116954803467e-01
2.107001692056655884e-01
3.448456823825836182e-01
3.901242613792419434e-01
-1.657751500606536865e-01
2.929708957672119141e-01
5.277523398399353027e-01
1.096856668591499329e-01
2.859927117824554443e-01
3.279691934585571289e-01
8.006513118743896484e-02
2.031973749399185181e-01
9.052204489707946777e-01
6.918019056320190430e-01
4.461416304111480713e-01
6.962939500808715820e-01
6.403874158859252930e-01
4.942862391471862793e-01
4.851928353309631348e-01
6.540153622627258301e-01
5.523292422294616699e-01
3.972721695899963379e-01
3.721469640731811523e-01
2.896765470504760742e-01
-1.553879119455814362e-03
-1.750222444534301758e-01
-1.288267374038696289e-01
-2.132712863385677338e-02
-1.188499480485916138e-01
-5.309950560331344604e-03
-2.241589128971099854e-01
-1.067924648523330688e-01
1.972655579447746277e-02
1.756888180971145630e-01
1.806588023900985718e-01
2.572315633296966553e-01
1.169134229421615601e-01
2.845195829868316650e-01
1.653804630041122437e-01
-3.457318991422653198e-02
-2.230773493647575378e-02
4.818510264158248901e-02
8.253785967826843262e-02
-5.565846711397171021e-02
-1.480272412300109863e-02
-1.420702040195465088e-01
-1.033709123730659485e-01
1.981639117002487183e-02
1.054339218139648438e+01
8.674141883850097656e+00
6.213786125183105469e+00
7.140029907226562500e+00
5.918219566345214844e+00
5.233717918395996094e+00
5.170654296875000000e+00
5.896659374237060547e+00
5.867014884948730469e+00
2.059428215026855469e+00
2.305668830871582031e+00
1.957699656486511230e+00
3.239065885543823242e+00
2.875517845153808594e+00
2.228270292282104492e+00
1.470362544059753418e+00
-1.153276264667510986e-01
-4.678080379962921143e-01
-1.666297763586044312e-02
4.501860588788986206e-02
1.023368537425994873e-02
1.640797704458236694e-01
2.992631494998931885e-01
3.098029792308807373e-01
3.282372653484344482e-01
1.776312589645385742e-01
2.453528642654418945e-01
1.243726968765258789e+00
9.839465618133544922e-01
8.539719581604003906e-01
6.665255427360534668e-01
6.410075426101684570e-01
7.179164886474609375e-01
5.026100277900695801e-01
7.699364423751831055e-01
8.633910417556762695e-01
2.104614973068237305e+00
2.467181921005249023e+00
2.626356363296508789e+00
1.338596940040588379e+00
1.784987926483154297e+00
1.558673501014709473e+00
8.586604595184326172e-01
1.716862201690673828e+00
2.078645229339599609e+00
1.514670848846435547e+00
1.150163412094116211e+00
1.335117578506469727e+00
1.711915254592895508e+00
1.331937551498413086e+00
1.242411136627197266e+00
1.694377541542053223e+00
1.282916903495788574e+00
1.512312769889831543e+00
8.704797029495239258e-01
6.832703948020935059e-01
6.641772985458374023e-01
8.172459602355957031e-01
6.509978175163269043e-01
7.095029354095458984e-01
7.135190367698669434e-01
8.371680974960327148e-01
9.029196500778198242e-01
-6.879983097314834595e-02
4.404824972152709961e-01
6.956969499588012695e-01
1.691193580627441406e+00
1.814959406852722168e+00
1.158973217010498047e+00
1.277410268783569336e+00
4.213354364037513733e-02
-3.591736853122711182e-01
3.654766798019409180e+00
2.923787117004394531e+00
1.688495039939880371e+00
2.841975688934326172e+00
2.043826341629028320e+00
1.195381760597229004e+00
2.039558887481689453e+00
1.365200996398925781e+00
1.329203128814697266e+00
1.499123096466064453e+01
1.927938270568847656e+01
1.570969390869140625e+01
1.434498023986816406e+01
1.830366134643554688e+01
1.408697414398193359e+01
1.269345951080322266e+01
1.416648101806640625e+01
1.123913288116455078e+01
2.147451162338256836e+00
3.709550142288208008e+00
2.622267007827758789e+00
1.836377739906311035e+00
3.223266363143920898e+00
2.026980876922607422e+00
1.644639015197753906e+00
2.114466428756713867e+00
1.078055262565612793e+00
1.399250864982604980e+00
3.397062063217163086e+00
3.264845132827758789e+00
2.727680921554565430e+00
4.339957714080810547e+00
1.642043948173522949e+00
3.571755170822143555e+00
4.034396171569824219e+00
1.221050098538398743e-01
3.353547096252441406e+00
3.539026975631713867e+00
4.067059993743896484e+00
2.728255510330200195e+00
2.838776111602783203e+00
3.920913457870483398e+00
2.647516489028930664e+00
2.961266517639160156e+00
3.707885980606079102e+00
7.129976153373718262e-01
-2.664283215999603271e-01
4.037098586559295654e-01
1.782707452774047852e+00
7.992165088653564453e-01
5.895936489105224609e-01
8.074347376823425293e-01
-3.048441708087921143e-01
-5.622477531433105469e-01
3.638234436511993408e-01
4.094848930835723877e-01
-4.120412468910217285e-01
1.438715904951095581e-01
-2.013658583164215088e-01
-7.398228645324707031e-01
-3.016976714134216309e-01
-2.118269354104995728e-01
-1.348620653152465820e-01
2.401572316884994507e-01
2.116049826145172119e-01
3.582547605037689209e-01
1.348681211471557617e+00
1.025509476661682129e+00
8.161628842353820801e-01
1.930359721183776855e+00
1.021865010261535645e+00
6.364169716835021973e-01
3.084659385681152344e+01
3.041987419128417969e+01
3.000884628295898438e+01
2.576573181152343750e+01
2.616643905639648438e+01
2.703653335571289062e+01
2.376058006286621094e+01
2.368396377563476562e+01
2.236259078979492188e+01
-3.946981191635131836e+00
-7.597847461700439453e+00
-8.514383316040039062e+00
-2.912601947784423828e+00
-5.743530273437500000e+00
-7.921068191528320312e+00
-4.401479721069335938e+00
-4.693135261535644531e+00
-7.183044433593750000e+00
3.707619011402130127e-01
-7.590011507272720337e-02
-2.609234154224395752e-01
-6.726847887039184570e-01
-3.305343985557556152e-01
-5.111024528741836548e-02
4.781340435147285461e-02
4.033638834953308105e-01
1.058292910456657410e-01
2.943846702575683594e+00
3.504998683929443359e+00
4.156171321868896484e+00
3.076798439025878906e+00
3.442462444305419922e+00
3.398381471633911133e+00
2.278031826019287109e+00
1.852131724357604980e+00
1.562267899513244629e+00
4.638116836547851562e+00
5.109496593475341797e+00
5.336196422576904297e+00
3.989651203155517578e+00
3.303975582122802734e+00
4.121981620788574219e+00
3.878339052200317383e+00
4.436804771423339844e+00
4.875370502471923828e+00
9.817447662353515625e+00
9.399249076843261719e+00
5.806040763854980469e+00
7.900141716003417969e+00
6.710208415985107422e+00
4.763633728027343750e+00
8.276072502136230469e+00
6.395872116088867188e+00
5.084300041198730469e+00
3.977878570556640625e+00
3.549494028091430664e+00
2.895385742187500000e+00
3.717634201049804688e+00
2.817355394363403320e+00
2.502748966217041016e+00
4.158617496490478516e+00
3.102595567703247070e+00
2.459210872650146484e+00
-1.086834788322448730e+00
-5.597711086273193359e+00
-5.138506889343261719e+00
-3.238162517547607422e+00
-5.611816883087158203e+00
-5.082692146301269531e+00
-1.955099701881408691e+00
-2.745177030563354492e+00
-2.042192220687866211e+00
1.235959339141845703e+01
9.801750183105468750e+00
1.010124015808105469e+01
1.037163066864013672e+01
1.028488540649414062e+01
8.668492317199707031e+00
1.031464767456054688e+01
1.094066333770751953e+01
6.866963386535644531e+00
-1.243369865417480469e+01
-1.270105552673339844e+01
-1.357150650024414062e+01
-1.075991153717041016e+01
-1.139006328582763672e+01
-1.216728305816650391e+01
-8.606522560119628906e+00
-9.380636215209960938e+00
-1.036293220520019531e+01
-8.649307489395141602e-01
-7.404952645301818848e-01
-7.873963117599487305e-01
-7.922686338424682617e-01
-7.364265918731689453e-01
-7.040433883666992188e-01
-1.154869556427001953e+00
-1.202356576919555664e+00
-1.198706507682800293e+00
-9.405774474143981934e-01
-9.902623295783996582e-01
-8.334860801696777344e-01
-8.803176879882812500e-01
-8.557966947555541992e-01
-9.240602850914001465e-01
-9.452906250953674316e-01
-7.969574332237243652e-01
-1.077401041984558105e+00
-8.065190315246582031e-01
-1.221060037612915039e+00
-1.377749919891357422e+00
-5.331029295921325684e-01
-7.993210554122924805e-01
-9.937554001808166504e-01
-5.270045995712280273e-01
-7.055817246437072754e-01
-9.286382794380187988e-01
-2.180135011672973633e+00
-2.282337427139282227e+00
-2.026891708374023438e+00
-2.142745256423950195e+00
-2.244357347488403320e+00
-2.028430938720703125e+00
-1.569379329681396484e+00
-1.646563887596130371e+00
-1.480135917663574219e+00
-4.936097562313079834e-01
-4.692474603652954102e-01
-6.650383472442626953e-01
-5.155876874923706055e-01
-5.959389209747314453e-01
-8.110737800598144531e-01
-7.479562759399414062e-01
-9.345362782478332520e-01
-9.368643760681152344e-01
-4.870502352714538574e-01
-5.763704776763916016e-01
-7.298565506935119629e-01
-5.293521285057067871e-01
-6.387857198715209961e-01
-5.703942775726318359e-01
-4.829763770103454590e-01
-5.658503174781799316e-01
-5.194193124771118164e-01
-1.022241592407226562e+01
-1.238988113403320312e+01
-1.389805698394775391e+01
-5.875488758087158203e+00
-7.515674591064453125e+00
-9.335202217102050781e+00
-8.093790054321289062e+00
-9.466221809387207031e+00
-1.114958667755126953e+01
-2.444950485229492188e+01
-2.478334045410156250e+01
-2.406521224975585938e+01
-2.252251625061035156e+01
-2.174420738220214844e+01
-2.160567855834960938e+01
-1.744443321228027344e+01
-1.643785095214843750e+01
-1.545754623413085938e+01
-1.464859247207641602e+00
-1.215730190277099609e+00
-1.012434124946594238e+00
-1.311337947845458984e+00
-1.548040866851806641e+00
-1.289093852043151855e+00
-9.016897082328796387e-01
-7.923456430435180664e-01
-1.091372370719909668e+00
-2.521162509918212891e+00
-2.737600564956665039e+00
-2.868017911911010742e+00
-2.005705833435058594e+00
-2.378623008728027344e+00
-2.771567821502685547e+00
-2.056162834167480469e+00
-2.460311412811279297e+00
-3.088582038879394531e+00
-1.274585366249084473e+00
-1.221649169921875000e+00
-1.802154898643493652e+00
-1.684094429016113281e+00
-2.214853763580322266e+00
-2.694956779479980469e+00
-2.409555196762084961e+00
-3.121241092681884766e+00
-3.825513362884521484e+00
-3.754314661026000977e+00
-3.646118402481079102e+00
-3.272522926330566406e+00
-3.867390155792236328e+00
-4.336731910705566406e+00
-3.797026157379150391e+00
-4.174592018127441406e+00
-4.574220180511474609e+00
-4.439508914947509766e+00
-8.009272217750549316e-01
-1.054622292518615723e+00
-1.060596942901611328e+00
-5.523746013641357422e-01
-9.417690038681030273e-01
-9.563263058662414551e-01
-5.057732462882995605e-01
-1.000939726829528809e+00
-1.177697896957397461e+00
-1.292462730407714844e+01
-1.224252223968505859e+01
-1.151915550231933594e+01
-1.416053962707519531e+01
-1.346179294586181641e+01
-1.211622238159179688e+01
-1.215781879425048828e+01
-1.106106662750244141e+01
-1.005699729919433594e+01
-9.148706436157226562e+00
-9.954568862915039062e+00
-9.453734397888183594e+00
-7.628873825073242188e+00
-7.966969966888427734e+00
-7.642841815948486328e+00
-6.912132740020751953e+00
-7.277555465698242188e+00
-6.913945674896240234e+00
1.186166405677795410e-01
-1.455962657928466797e-01
-2.414176613092422485e-01
2.211423218250274658e-01
-1.134984493255615234e-01
-3.184539377689361572e-01
2.534262835979461670e-01
3.551688045263290405e-02
-1.977368593215942383e-01
3.293386846780776978e-02
1.947046630084514618e-02
4.313933104276657104e-02
4.348292946815490723e-02
2.545297332108020782e-02
4.603554680943489075e-02
3.521161526441574097e-02
1.185254845768213272e-02
4.141086712479591370e-02
8.030444383621215820e-03
2.733896952122449875e-03
4.385703243315219879e-03
1.486195251345634460e-02
-4.183647688478231430e-03
9.069747291505336761e-03
8.128453977406024933e-03
1.493746135383844376e-02
6.978164892643690109e-03
3.223302215337753296e-02
-2.024175785481929779e-02
-4.429904744029045105e-03
5.680792406201362610e-02
-1.013132557272911072e-02
1.218048855662345886e-04
6.015887856483459473e-02
1.250528963282704353e-03
7.758737076073884964e-03
-3.006832860410213470e-02
-2.491869777441024780e-02
-1.399744302034378052e-02
-5.588089674711227417e-02
-6.416817009449005127e-02
-2.598188072443008423e-02
-4.724970087409019470e-02
-4.718573391437530518e-02
-1.912052929401397705e-02
2.394511923193931580e-02
2.135187573730945587e-02
1.776888780295848846e-02
-3.248699754476547241e-02
-1.597113907337188721e-02
-1.308712922036647797e-02
-1.676644943654537201e-02
-5.342863500118255615e-03
-1.434861123561859131e-02
-3.572331368923187256e-02
-2.141566202044487000e-02
-5.683575756847858429e-03
-1.954383775591850281e-02
-2.350097894668579102e-02
1.552749518305063248e-02
-2.302381768822669983e-02
-2.937667630612850189e-02
-1.036319509148597717e-02
-3.181006759405136108e-03
-3.480137884616851807e-01
-2.725807428359985352e-01
2.514965534210205078e-01
-1.371370106935501099e-01
1.637046784162521362e-02
2.818224430084228516e-01
-5.158756673336029053e-02
6.812474131584167480e-02
-6.950323581695556641e-01
-8.006048798561096191e-01
-8.749239444732666016e-01
-4.543992578983306885e-01
-6.458384990692138672e-01
-7.630612254142761230e-01
-1.489819288253784180e-01
-1.507963389158248901e-01
-2.469156682491302490e-01
2.299648243933916092e-03
-8.593359030783176422e-03
-4.439941421151161194e-02
-2.140959538519382477e-02
-2.280956506729125977e-02
-8.339729160070419312e-02
-4.783674143254756927e-03
-8.199709467589855194e-03
-3.983474802225828171e-03
1.970245875418186188e-02
-3.041437594220042229e-03
-7.655982673168182373e-02
-1.013975962996482849e-02
-5.173614714294672012e-03
-3.962805867195129395e-02
-1.689597964286804199e-02
-1.505102775990962982e-02
-4.091663286089897156e-02
3.863725364208221436e-01
2.476748675107955933e-01
-3.351587569341063499e-03
4.664931297302246094e-01
3.064290583133697510e-01
-6.579599529504776001e-02
2.227778136730194092e-01
5.600079894065856934e-02
-1.888376921415328979e-01
7.839166373014450073e-02
6.303791701793670654e-02
1.331838369369506836e-01
5.764510110020637512e-02
3.208961710333824158e-02
9.267848730087280273e-02
4.223325476050376892e-02
-2.804377675056457520e-02
6.796714663505554199e-02
1.254666596651077271e-01
4.963837936520576477e-02
-1.698874495923519135e-02
1.398344784975051880e-01
8.921679109334945679e-02
-5.459407344460487366e-03
1.035616770386695862e-01
9.673028439283370972e-02
4.904574714601039886e-03
-2.196266353130340576e-01
-1.264030933380126953e-01
-2.677441239356994629e-01
-2.385213971138000488e-01
-2.813839316368103027e-01
-4.733068346977233887e-01
-1.615767478942871094e-01
-2.050702571868896484e-01
-2.918998897075653076e-01
-1.330182552337646484e-01
-2.112992405891418457e-01
-5.556810647249221802e-02
-9.809879213571548462e-02
-1.183872595429420471e-01
3.572249412536621094e-02
-1.046225354075431824e-01
-5.589857324957847595e-02
2.247344702482223511e-03
-9.276565551757812500e+00
-1.071726131439208984e+01
-9.568158149719238281e+00
-8.936899185180664062e+00
-9.761634826660156250e+00
-8.567439079284667969e+00
-8.064399719238281250e+00
-8.310625076293945312e+00
-7.145925045013427734e+00
-9.906119704246520996e-01
-1.316370606422424316e+00
-1.165902972221374512e+00
-7.299371957778930664e-01
-9.696589708328247070e-01
-1.014241337776184082e+00
-1.148591160774230957e+00
-1.345923423767089844e+00
-1.369571328163146973e+00
-4.893718063831329346e-01
-7.681966423988342285e-01
-6.659550666809082031e-01
-6.491770744323730469e-01
-8.361266255378723145e-01
-7.822711467742919922e-01
-5.158845782279968262e-01
-6.378812789916992188e-01
-6.571340560913085938e-01
-3.411141633987426758e-01
-2.383147925138473511e-01
-4.206796884536743164e-01
-2.256219089031219482e-01
-8.995084464550018311e-02
-2.230254411697387695e-01
-1.420014351606369019e-01
-1.095716804265975952e-01
-2.967852652072906494e-01
-2.369544267654418945e+00
-1.944245457649230957e+00
-1.727338671684265137e+00
-2.441051006317138672e+00
-1.799585342407226562e+00
-1.633908152580261230e+00
-2.106619358062744141e+00
-1.391959547996520996e+00
-1.466788172721862793e+00
-2.028958797454833984e-01
-3.114111423492431641e-01
-3.581765890121459961e-01
1.798697933554649353e-02
-3.276697397232055664e-01
-2.099545300006866455e-01
-2.588867247104644775e-01
-1.785998642444610596e-01
-2.123952507972717285e-01
-1.109545111656188965e+00
-7.172917127609252930e-01
-8.108205199241638184e-01
-1.448945999145507812e+00
-8.773533701896667480e-01
-9.181392788887023926e-01
-1.187458753585815430e+00
-4.934151768684387207e-01
-9.638120532035827637e-01
-7.788879394531250000e+00
-8.213624000549316406e+00
-8.108994483947753906e+00
-5.105443000793457031e+00
-5.173709869384765625e+00
-5.771410942077636719e+00
-3.638023614883422852e+00
-3.946558237075805664e+00
-4.634056568145751953e+00
-1.663385963439941406e+01
-1.747476959228515625e+01
-1.733583641052246094e+01
-1.952744293212890625e+01
-2.036527252197265625e+01
-2.009891700744628906e+01
-1.701268386840820312e+01
-1.780668067932128906e+01
-1.722983741760253906e+01
-5.727508068084716797e-01
-8.888007998466491699e-01
-8.384737372398376465e-01
-1.129716873168945312e+00
-1.243458390235900879e+00
-1.207855701446533203e+00
-8.698492646217346191e-01
-1.135128140449523926e+00
-6.716307997703552246e-01
-2.462203264236450195e+00
-1.624902367591857910e+00
-1.812824964523315430e+00
-2.456647157669067383e+00
-1.516159534454345703e+00
-1.393748998641967773e+00
-2.079122304916381836e+00
-1.166362404823303223e+00
-1.380286693572998047e+00
-7.328153252601623535e-01
-1.132280707359313965e+00
-5.611509680747985840e-01
-7.732024192810058594e-01
-8.539982438087463379e-01
-4.726245999336242676e-01
-1.779000520706176758e+00
-1.174761772155761719e+00
-8.508636355400085449e-01
-4.117431640625000000e+00
-3.632762193679809570e+00
-3.737240552902221680e+00
-5.458770751953125000e+00
-4.764816761016845703e+00
-5.198045253753662109e+00
-6.919701099395751953e+00
-5.806947708129882812e+00
-6.213493824005126953e+00
-3.165500462055206299e-01
-2.986642718315124512e-01
-4.295403659343719482e-01
-1.611065268516540527e-01
-2.071112394332885742e-02
-1.148080378770828247e-01
-5.085059404373168945e-01
-2.212547808885574341e-01
-2.191805988550186157e-01
-9.729492187500000000e+00
-9.646548271179199219e+00
-1.036479759216308594e+01
-1.384176826477050781e+01
-1.455335330963134766e+01
-1.431130027770996094e+01
-1.383063888549804688e+01
-1.423148632049560547e+01
-1.259401226043701172e+01
-7.469210624694824219e+00
-8.181584358215332031e+00
-7.978049278259277344e+00
-6.254691123962402344e+00
-6.746191978454589844e+00
-6.067403793334960938e+00
-5.325565338134765625e+00
-6.043340682983398438e+00
-4.756964683532714844e+00
-1.452905559539794922e+01
-1.128430938720703125e+01
-8.866250038146972656e+00
-1.524983215332031250e+01
-1.407048034667968750e+01
-1.192969989776611328e+01
-1.576236915588378906e+01
-1.508653926849365234e+01
-1.325736331939697266e+01
-1.406139969825744629e+00
-1.193166494369506836e+00
-8.885737061500549316e-01
-1.716687679290771484e+00
-1.723818302154541016e+00
-1.325833559036254883e+00
-1.541032314300537109e+00
-1.821374893188476562e+00
-1.407331228256225586e+00
-3.680930733680725098e-01
2.901015579700469971e-01
-7.011299729347229004e-01
-2.298270016908645630e-01
-2.876331806182861328e-01
-1.258452534675598145e+00
-6.966245174407958984e-01
-7.373659610748291016e-01
-1.434068918228149414e+00
-2.685412645339965820e+00
-1.528241276741027832e+00
-7.765471339225769043e-01
-2.973735332489013672e+00
-1.991343498229980469e+00
-1.433548092842102051e+00
-2.594324588775634766e+00
-1.869177699089050293e+00
-1.805712223052978516e+00
-1.510152101516723633e+00
-6.308784484863281250e-01
-9.012461304664611816e-01
-1.738868713378906250e+00
-7.458401322364807129e-01
-9.092935919761657715e-01
-2.018136262893676758e+00
-8.866776823997497559e-01
-7.638283967971801758e-01
-2.315783798694610596e-01
-2.531626522541046143e-01
-4.189940392971038818e-01
-2.798397541046142578e-01
-3.097538053989410400e-01
-3.096100986003875732e-01
-3.051257431507110596e-01
-4.716088175773620605e-01
-6.803480386734008789e-01
7.066661119461059570e-01
1.142810821533203125e+00
6.376585364341735840e-01
7.613614797592163086e-01
1.107233643531799316e+00
6.180051565170288086e-01
4.915522933006286621e-01
7.849307656288146973e-01
8.337396383285522461e-01
-2.501421737670898438e+01
-1.970065116882324219e+01
-1.334290695190429688e+01
-3.029761886596679688e+01
-2.615064239501953125e+01
-2.032111549377441406e+01
-2.922054100036621094e+01
-2.771215057373046875e+01
-2.375722503662109375e+01
-9.462888717651367188e+00
-8.847625732421875000e+00
-6.092854022979736328e+00
-1.556298923492431641e+01
-1.416363811492919922e+01
-1.174111270904541016e+01
-1.796257781982421875e+01
-1.598958206176757812e+01
-1.352519130706787109e+01
-7.616221904754638672e-01
-5.059592127799987793e-01
-6.569218635559082031e-01
-6.863369345664978027e-01
-1.886954456567764282e-01
-7.473394870758056641e-01
-5.866416096687316895e-01
-2.238648235797882080e-01
-6.240921020507812500e-01
-2.796661376953125000e+00
-1.826076030731201172e+00
-2.792248487472534180e+00
-3.301111936569213867e+00
-2.340113401412963867e+00
-3.572055816650390625e+00
-3.359977245330810547e+00
-2.671560049057006836e+00
-3.452405452728271484e+00
-6.521261215209960938e+00
-5.769097805023193359e+00
-6.115071773529052734e+00
-5.449453353881835938e+00
-5.274498939514160156e+00
-6.460975646972656250e+00
-4.293408870697021484e+00
-4.177135467529296875e+00
-6.235922813415527344e+00
-3.187545061111450195e+00
-1.705427408218383789e+00
-1.119885683059692383e+00
-2.909845352172851562e+00
-1.482623457908630371e+00
-6.473232507705688477e-01
-3.703378200531005859e+00
-1.959807038307189941e+00
-1.139019012451171875e+00
-2.655434131622314453e+00
-2.079273700714111328e+00
-1.984284996986389160e+00
-2.593647956848144531e+00
-2.357363939285278320e+00
-2.319328784942626953e+00
-2.231131553649902344e+00
-2.241994380950927734e+00
-2.404598236083984375e+00
-6.974239349365234375e+00
-5.180238246917724609e+00
-5.235400676727294922e+00
-8.206130981445312500e+00
-5.203176975250244141e+00
-4.842613220214843750e+00
-9.245179176330566406e+00
-5.281141281127929688e+00
-4.690886020660400391e+00
-5.723546981811523438e+00
-2.676577091217041016e+00
-1.340236902236938477e+00
-8.475952148437500000e+00
-5.337618350982666016e+00
-4.359431743621826172e+00
-1.055832862854003906e+01
-7.858862400054931641e+00
-6.939848899841308594e+00
-1.729327440261840820e+00
-2.315778493881225586e+00
-2.972850799560546875e+00
-1.707701683044433594e+00
-2.097385644912719727e+00
-3.072454690933227539e+00
-1.624211192131042480e+00
-1.770071744918823242e+00
-2.753761291503906250e+00
-3.034891188144683838e-01
-3.483389616012573242e-01
-4.296777546405792236e-01
-2.919014096260070801e-01
-2.991971373558044434e-01
-3.775900900363922119e-01
-1.778387874364852905e-01
-3.085404932498931885e-01
-3.974730074405670166e-01
-4.299927651882171631e-01
-4.166208803653717041e-01
-4.043173044919967651e-02
-4.392359852790832520e-01
-3.098196089267730713e-01
-1.052192598581314087e-01
-3.072956800460815430e-01
-2.726602852344512939e-01
-1.080541908740997314e-01
-3.908039256930351257e-02
-2.244855463504791260e-01
-3.248082995414733887e-01
-1.609602011740207672e-02
-3.006339073181152344e-01
-3.227113783359527588e-01
-1.045906543731689453e-01
-3.054448664188385010e-01
-3.080730736255645752e-01
-4.784193336963653564e-01
-7.082656025886535645e-01
-3.113433420658111572e-01
-5.016998052597045898e-01
-7.460235357284545898e-01
-3.402079343795776367e-01
-4.699460566043853760e-01
-7.063443064689636230e-01
-3.477831184864044189e-01
-1.294429898262023926e-01
-3.239013627171516418e-02
-1.595692150294780731e-02
-2.072118595242500305e-02
-5.898941308259963989e-03
-8.654915541410446167e-02
-7.554571330547332764e-02
-6.952071934938430786e-02
-1.892949342727661133e-01
-3.280198872089385986e-01
-2.927861511707305908e-01
-2.575542330741882324e-01
-3.564342558383941650e-01
-3.186506927013397217e-01
-3.166984319686889648e-01
-2.934139668941497803e-01
-2.694968283176422119e-01
-2.398600578308105469e-01
-1.267623305320739746e+00
-3.535623788833618164e+00
-4.439359664916992188e+00
-1.167728781700134277e+00
-3.247902631759643555e+00
-3.965059757232666016e+00
-1.085942745208740234e+00
-2.447990179061889648e+00
-3.318336963653564453e+00
-1.785076618194580078e+00
-3.047209024429321289e+00
-2.684672355651855469e+00
-1.955080151557922363e+00
-3.533410072326660156e+00
-3.472813367843627930e+00
-1.993289947509765625e+00
-3.416786432266235352e+00
-3.636002540588378906e+00
-1.047080382704734802e-01
-8.594911545515060425e-02
-1.483879089355468750e-01
-1.794508397579193115e-01
-2.187632918357849121e-01
-1.913398504257202148e-01
-1.100138351321220398e-01
-2.228793650865554810e-01
-1.825431287288665771e-01
-6.981182098388671875e-01
-6.070801019668579102e-01
-5.033597946166992188e-01
-7.164986729621887207e-01
-6.064040064811706543e-01
-4.252543151378631592e-01
-4.950526058673858643e-01
-4.750815629959106445e-01
-4.237060248851776123e-01
-3.662910759449005127e-01
-1.059746518731117249e-01
-6.299068927764892578e-01
-6.079494953155517578e-01
-1.780574321746826172e-01
-6.264191865921020508e-01
-8.575998544692993164e-01
-5.361531972885131836e-01
-5.875825285911560059e-01
-1.228906512260437012e+00
-1.191952824592590332e+00
-1.523981571197509766e+00
-1.125577449798583984e+00
-1.247417211532592773e+00
-1.564813256263732910e+00
-1.016226887702941895e+00
-1.432476282119750977e+00
-1.724055767059326172e+00
-3.872058168053627014e-02
-1.614473313093185425e-01
-4.125589430332183838e-01
-1.513040363788604736e-01
-1.793431043624877930e-01
-3.010583817958831787e-01
-3.096621036529541016e-01
-2.896785736083984375e-01
-2.847527265548706055e-01
-1.831406354904174805e+00
-2.207476377487182617e+00
-2.296399354934692383e+00
-2.353044986724853516e+00
-2.857251405715942383e+00
-2.897802352905273438e+00
-2.809898376464843750e+00
-3.494223833084106445e+00
-3.322430849075317383e+00
-1.262338876724243164e+00
-3.076357841491699219e+00
-1.850875854492187500e+00
-1.267820477485656738e+00
-2.873500823974609375e+00
-1.781459212303161621e+00
-9.913938045501708984e-01
-2.276666164398193359e+00
-1.500808477401733398e+00
1.141236686706542969e+01
1.059929084777832031e+01
9.896947860717773438e+00
1.027609443664550781e+01
9.352005004882812500e+00
8.948587417602539062e+00
7.798515319824218750e+00
7.252086639404296875e+00
7.306078433990478516e+00
7.129337191581726074e-01
5.927936434745788574e-01
7.818415760993957520e-01
6.447097063064575195e-01
5.478608012199401855e-01
7.534648776054382324e-01
6.942658424377441406e-01
7.319402694702148438e-01
9.827927350997924805e-01
5.074872374534606934e-01
5.145788192749023438e-01
6.386685371398925781e-01
3.834173679351806641e-01
4.730495214462280273e-01
6.933452486991882324e-01
3.818888962268829346e-01
5.435755252838134766e-01
7.624253630638122559e-01
7.166937589645385742e-01
5.671417117118835449e-01
5.237526893615722656e-01
3.807696700096130371e-01
3.337990939617156982e-01
3.364773392677307129e-01
2.169716656208038330e-01
2.141500711441040039e-01
2.382905185222625732e-01
1.964001536369323730e+00
1.899996757507324219e+00
1.837832570075988770e+00
1.633690595626831055e+00
1.578585386276245117e+00
1.634604215621948242e+00
1.466904759407043457e+00
1.463223934173583984e+00
1.514130830764770508e+00
2.624129652976989746e-01
3.225048780441284180e-01
4.642849564552307129e-01
3.508813381195068359e-01
4.351078867912292480e-01
5.462747812271118164e-01
4.034082591533660889e-01
4.627848565578460693e-01
4.670938551425933838e-01
4.096243083477020264e-01
3.611624538898468018e-01
5.139900445938110352e-01
4.277737736701965332e-01
5.131825804710388184e-01
6.962199211120605469e-01
6.495406627655029297e-01
7.530741691589355469e-01
7.957327365875244141e-01
9.739986419677734375e+00
9.246294021606445312e+00
9.634038925170898438e+00
5.797777175903320312e+00
5.642484664916992188e+00
6.198775768280029297e+00
4.524211406707763672e+00
4.429803848266601562e+00
4.687083244323730469e+00
1.734095382690429688e+01
1.766535377502441406e+01
1.736633682250976562e+01
1.863627052307128906e+01
1.815168952941894531e+01
1.756463241577148438e+01
1.651675605773925781e+01
1.561872673034667969e+01
1.475483226776123047e+01
6.741445660591125488e-01
6.244067549705505371e-01
5.443336963653564453e-01
1.055270314216613770e+00
1.065040826797485352e+00
9.904889464378356934e-01
9.029727578163146973e-01
8.881114721298217773e-01
9.389201402664184570e-01
2.005126237869262695e+00
1.839542746543884277e+00
1.700066328048706055e+00
1.637253046035766602e+00
1.565739512443542480e+00
1.566527485847473145e+00
1.643941640853881836e+00
1.679965376853942871e+00
1.724557638168334961e+00
1.977026939392089844e+00
1.761159896850585938e+00
1.003555059432983398e+00
1.523858428001403809e+00
1.162977933883666992e+00
7.159923911094665527e-01
1.338620066642761230e+00
1.330181837081909180e+00
1.205410957336425781e+00
2.153242111206054688e+00
2.269778013229370117e+00
2.680114507675170898e+00
3.088115692138671875e+00
3.163422822952270508e+00
3.489386796951293945e+00
3.796317815780639648e+00
4.124831676483154297e+00
4.532351493835449219e+00
6.546407341957092285e-01
5.677753686904907227e-01
4.971476197242736816e-01
3.487932682037353516e-01
3.365620672702789307e-01
2.910047769546508789e-01
2.060939967632293701e-01
2.911789417266845703e-01
2.807708680629730225e-01
7.332625865936279297e+00
8.717803955078125000e+00
8.963083267211914062e+00
1.080914688110351562e+01
1.131471633911132812e+01
1.084154796600341797e+01
1.108145046234130859e+01
1.120959186553955078e+01
1.081481075286865234e+01
6.584475517272949219e+00
6.448905944824218750e+00
6.608914852142333984e+00
6.382532119750976562e+00
6.418637275695800781e+00
6.626410484313964844e+00
5.340817451477050781e+00
5.553063869476318359e+00
5.882004261016845703e+00
1.658023376464843750e+02
1.707805023193359375e+02
1.677906646728515625e+02
1.647098236083984375e+02
1.671443328857421875e+02
1.678170471191406250e+02
1.507861328125000000e+02
1.551086273193359375e+02
1.648609466552734375e+02
2.377396774291992188e+01
2.754192352294921875e+01
2.947811317443847656e+01
1.993194961547851562e+01
2.530382919311523438e+01
2.857181739807128906e+01
1.913210678100585938e+01
2.393734550476074219e+01
2.827168083190917969e+01
5.823809623718261719e+00
8.088729858398437500e+00
1.132666778564453125e+01
7.359165668487548828e+00
1.043833446502685547e+01
1.579227352142333984e+01
6.714595317840576172e+00
1.412256240844726562e+01
1.925788307189941406e+01
1.371729564666748047e+01
1.268474483489990234e+01
1.045017814636230469e+01
9.073927879333496094e+00
9.579605102539062500e+00
8.505970001220703125e+00
6.017361164093017578e+00
6.554458141326904297e+00
7.219145774841308594e+00
2.928128051757812500e+01
2.781306838989257812e+01
2.548824119567871094e+01
3.016106605529785156e+01
2.810127639770507812e+01
2.465668106079101562e+01
2.785308456420898438e+01
2.797241973876953125e+01
2.442143440246582031e+01
1.731160521507263184e+00
5.314942002296447754e-01
1.868520021438598633e+00
2.913570165634155273e+00
5.163744926452636719e+00
4.950357913970947266e+00
4.804573059082031250e+00
6.729122638702392578e+00
6.020614147186279297e+00
1.304926013946533203e+01
1.436570835113525391e+01
1.382676029205322266e+01
1.510517311096191406e+01
1.650958824157714844e+01
1.470836639404296875e+01
1.519153404235839844e+01
1.831271934509277344e+01
1.699897003173828125e+01
2.037132873535156250e+02
2.067926025390625000e+02
1.927896575927734375e+02
1.642094116210937500e+02
1.751640167236328125e+02
1.757141113281250000e+02
1.164164352416992188e+02
1.355735168457031250e+02
1.553569793701171875e+02
1.970883636474609375e+02
2.091591033935546875e+02
2.043413848876953125e+02
2.477548065185546875e+02
2.547504425048828125e+02
2.415290527343750000e+02
2.412640686035156250e+02
2.528633422851562500e+02
2.448770141601562500e+02
4.800539016723632812e+00
5.320946216583251953e+00
6.994594097137451172e+00
9.079650878906250000e+00
5.449054241180419922e+00
7.806571483612060547e+00
1.398912811279296875e+01
1.232110691070556641e+01
9.558388710021972656e+00
2.673206329345703125e+01
2.460108184814453125e+01
2.705039978027343750e+01
2.696805763244628906e+01
2.288803291320800781e+01
2.432887077331542969e+01
2.636480522155761719e+01
2.420052337646484375e+01
2.516439819335937500e+01
3.025775527954101562e+01
3.423094940185546875e+01
3.090005493164062500e+01
2.207085037231445312e+01
2.384812164306640625e+01
2.193134689331054688e+01
2.407121658325195312e+01
1.477044200897216797e+01
9.142885208129882812e+00
7.665639495849609375e+01
9.698299407958984375e+01
1.025879974365234375e+02
8.098937225341796875e+01
9.701895141601562500e+01
1.006420288085937500e+02
9.716773223876953125e+01
1.085416183471679688e+02
1.032079238891601562e+02
1.466164970397949219e+01
1.829565620422363281e+01
1.812570190429687500e+01
7.501482009887695312e+00
1.117590618133544922e+01
1.378909015655517578e+01
3.909184932708740234e+00
6.321891784667968750e+00
8.919569015502929688e+00
1.435510253906250000e+02
1.607551574707031250e+02
1.637532501220703125e+02
1.746283721923828125e+02
1.809938659667968750e+02
1.749846343994140625e+02
1.995443115234375000e+02
1.903159027099609375e+02
1.758909301757812500e+02
1.027688903808593750e+02
1.047098159790039062e+02
1.002023010253906250e+02
1.119797134399414062e+02
1.116375808715820312e+02
1.120521774291992188e+02
1.055018920898437500e+02
1.097188034057617188e+02
1.204639739990234375e+02
2.240106201171875000e+01
2.271498870849609375e+01
2.136007690429687500e+01
2.194897651672363281e+01
2.203695297241210938e+01
2.116930961608886719e+01
2.121032333374023438e+01
2.054516410827636719e+01
1.951595306396484375e+01
4.035998821258544922e+00
4.158884048461914062e+00
3.629686355590820312e+00
3.899747371673583984e+00
4.044418334960937500e+00
3.700222730636596680e+00
3.722176313400268555e+00
3.961925745010375977e+00
3.810339212417602539e+00
2.279674768447875977e+00
2.534672737121582031e+00
1.393299221992492676e+00
2.001490116119384766e+00
2.143222332000732422e+00
1.306943655014038086e+00
1.419333696365356445e+00
1.805370450019836426e+00
1.667780637741088867e+00
1.723877429962158203e+00
1.628220915794372559e+00
1.511220455169677734e+00
1.874904036521911621e+00
1.892019271850585938e+00
1.458165049552917480e+00
1.836173892021179199e+00
1.606441140174865723e+00
1.064050674438476562e+00
4.114606857299804688e+00
3.760537862777709961e+00
3.300684213638305664e+00
4.314161777496337891e+00
3.980940103530883789e+00
3.077206373214721680e+00
3.958443641662597656e+00
3.628210544586181641e+00
2.866008520126342773e+00
8.839730620384216309e-01
5.405619144439697266e-01
5.278568863868713379e-01
1.570950001478195190e-01
1.975533664226531982e-01
3.099312782287597656e-01
1.382025778293609619e-01
4.339145421981811523e-01
9.312763214111328125e-01
2.323519945144653320e+00
1.880998134613037109e+00
1.686974287033081055e+00
2.895316362380981445e+00
2.267015695571899414e+00
1.798963189125061035e+00
2.849823474884033203e+00
2.437376260757446289e+00
2.060783147811889648e+00
2.397708702087402344e+01
2.473413658142089844e+01
2.197004318237304688e+01
2.519396781921386719e+01
2.420068168640136719e+01
1.956118583679199219e+01
2.272975349426269531e+01
2.081960105895996094e+01
1.641998672485351562e+01
2.092618560791015625e+01
2.334530448913574219e+01
2.354248046875000000e+01
1.921784973144531250e+01
2.177082633972167969e+01
2.319449424743652344e+01
1.907644462585449219e+01
2.139847183227539062e+01
2.263400840759277344e+01
1.169245958328247070e+00
1.495900273323059082e+00
1.192837476730346680e+00
1.211826086044311523e+00
1.693540334701538086e+00
1.654998898506164551e+00
1.475402235984802246e+00
1.605040073394775391e+00
1.426848173141479492e+00
5.067621707916259766e+00
4.275350093841552734e+00
3.381974935531616211e+00
5.342233657836914062e+00
3.966924190521240234e+00
2.593260288238525391e+00
4.402870655059814453e+00
3.171107769012451172e+00
2.138053894042968750e+00
4.324424266815185547e+00
3.821054697036743164e+00
3.840713500976562500e+00
5.085068702697753906e+00
4.179589748382568359e+00
3.919108390808105469e+00
6.341316699981689453e+00
5.015056610107421875e+00
3.750706672668457031e+00
1.530172538757324219e+01
1.401257801055908203e+01
1.310361289978027344e+01
1.638562965393066406e+01
1.574631214141845703e+01
1.503378105163574219e+01
1.745589065551757812e+01
1.733705329895019531e+01
1.632539176940917969e+01
1.399090290069580078e+00
1.132281064987182617e+00
1.243703603744506836e+00
1.898197889328002930e+00
1.320508599281311035e+00
1.139069437980651855e+00
2.137157917022705078e+00
1.337618231773376465e+00
8.905740976333618164e-01
2.015751838684082031e+01
1.969364356994628906e+01
2.027701568603515625e+01
2.093409347534179688e+01
2.133980941772460938e+01
2.107226371765136719e+01
2.307056045532226562e+01
2.343612098693847656e+01
2.128164672851562500e+01
1.584184455871582031e+01
1.829710578918457031e+01
1.570221805572509766e+01
1.484191131591796875e+01
1.639779472351074219e+01
1.424958705902099609e+01
1.262144470214843750e+01
1.370757865905761719e+01
1.265663528442382812e+01
