1.938569641113281250e+02
2.655797729492187500e+02
3.265726623535156250e+02
2.125101776123046875e+02
2.947927551269531250e+02
3.486621398925781250e+02
2.105672302246093750e+02
2.867811889648437500e+02
3.199361572265625000e+02
-8.039498925209045410e-01
1.802852821350097656e+01
3.454957962036132812e+01
1.139225997924804688e+02
1.187376708984375000e+02
1.060353622436523438e+02
1.379664154052734375e+02
1.187677688598632812e+02
9.241030883789062500e+01
1.827082824707031250e+01
4.886946868896484375e+01
5.942333221435546875e+01
3.466780090332031250e+01
6.299658203125000000e+01
5.398289108276367188e+01
5.172880935668945312e+01
5.537897491455078125e+01
2.194975280761718750e+01
1.178847274780273438e+02
1.751466674804687500e+02
2.117906188964843750e+02
1.505003814697265625e+02
2.195389709472656250e+02
2.683188476562500000e+02
1.826900787353515625e+02
2.635646057128906250e+02
3.024364318847656250e+02
4.437818908691406250e+01
7.701480865478515625e+01
1.129225006103515625e+02
-6.407808685302734375e+01
-3.059751510620117188e+00
3.789636993408203125e+01
-2.296455001831054688e+01
8.929782867431640625e+00
4.711519622802734375e+01
8.387365341186523438e+00
1.312677097320556641e+01
7.574216365814208984e+00
1.401836681365966797e+01
7.199608802795410156e+00
-4.502951622009277344e+00
2.718433618545532227e+00
-4.057150363922119141e+00
-6.865794658660888672e+00
-3.663390731811523438e+01
-1.343841743469238281e+01
-3.761902618408203125e+01
-4.332793426513671875e+01
-1.017707347869873047e+01
-4.060711288452148438e+01
-2.335976600646972656e+01
6.976174354553222656e+00
-3.528781127929687500e+01
1.060500000000000000e+03
1.330864624023437500e+03
1.546494384765625000e+03
1.280542602539062500e+03
1.605425292968750000e+03
1.778744873046875000e+03
1.483072631835937500e+03
1.819253662109375000e+03
1.912141479492187500e+03
1.345757579803466797e+01
8.817334175109863281e+00
1.782771468162536621e+00
1.659674048423767090e+00
-7.499088287353515625e+00
-1.219832611083984375e+01
-1.441878795623779297e+01
-2.287056159973144531e+01
-2.601214981079101562e+01
1.799435234069824219e+01
1.322259235382080078e+01
9.799038887023925781e+00
2.577380180358886719e+00
4.449601173400878906e+00
1.205539989471435547e+01
-1.256917476654052734e+01
-1.179633998870849609e+01
-1.758814215660095215e+00
9.141492462158203125e+01
1.524310302734375000e+02
1.808601226806640625e+02
1.231994552612304688e+02
2.005567169189453125e+02
2.190154724121093750e+02
1.364538726806640625e+02
2.069434661865234375e+02
2.092823791503906250e+02
1.255888519287109375e+02
1.966808013916015625e+02
2.949649658203125000e+02
1.489543762207031250e+02
2.480652008056640625e+02
3.570117797851562500e+02
1.109847717285156250e+02
2.246449737548828125e+02
3.440369262695312500e+02
2.901056671142578125e+01
2.984627342224121094e+01
1.688771820068359375e+01
5.817068862915039062e+01
6.524372100830078125e+01
5.153160095214843750e+01
3.818676757812500000e+01
4.427402877807617188e+01
4.645668792724609375e+01
4.502152404785156250e+02
5.429367675781250000e+02
5.776636962890625000e+02
5.535218505859375000e+02
6.887340698242187500e+02
7.150371093750000000e+02
6.387089233398437500e+02
7.855237426757812500e+02
7.897824096679687500e+02
7.187908935546875000e+01
-6.385963439941406250e+01
-1.488444671630859375e+02
-9.578488922119140625e+01
-1.868920135498046875e+02
-2.097198333740234375e+02
-3.708268127441406250e+02
-4.021268615722656250e+02
-3.617334594726562500e+02
2.000026855468750000e+02
2.452254638671875000e+02
2.709939880371093750e+02
3.031669921875000000e+02
3.243192443847656250e+02
3.227785644531250000e+02
3.177949829101562500e+02
3.018303527832031250e+02
2.456056823730468750e+02
2.427935180664062500e+02
2.582341003417968750e+02
2.418364868164062500e+02
3.036043701171875000e+02
3.166949462890625000e+02
3.046089477539062500e+02
3.447080688476562500e+02
3.482877502441406250e+02
3.173008422851562500e+02
1.638510437011718750e+02
1.721011505126953125e+02
1.714870300292968750e+02
1.708540649414062500e+02
1.688282928466796875e+02
1.700204467773437500e+02
1.841207885742187500e+02
1.687209625244140625e+02
1.598217620849609375e+02
3.300128936767578125e+01
5.191277694702148438e+01
2.866917610168457031e+01
3.250012588500976562e+01
5.437495422363281250e+01
3.055260658264160156e+01
3.020608329772949219e+01
4.150888061523437500e+01
2.774556159973144531e+01
1.253125991821289062e+02
1.338878936767578125e+02
1.240662918090820312e+02
1.518404998779296875e+02
1.476275482177734375e+02
1.433707580566406250e+02
1.500839843750000000e+02
1.357411346435546875e+02
1.274450988769531250e+02
2.033651123046875000e+02
2.166107788085937500e+02
2.333141937255859375e+02
2.932315063476562500e+02
3.265354919433593750e+02
2.999397583007812500e+02
3.053073120117187500e+02
3.615243530273437500e+02
3.116712646484375000e+02
9.031332969665527344e+00
1.216772365570068359e+01
5.926951408386230469e+00
8.142990112304687500e+00
8.384510993957519531e+00
7.069654941558837891e+00
5.247344970703125000e+00
4.773417472839355469e+00
8.959923744201660156e+00
4.164139175415039062e+01
3.223035049438476562e+01
1.602039146423339844e+01
6.025226593017578125e+01
5.207494735717773438e+01
1.994838523864746094e+01
8.106333160400390625e+01
6.106087112426757812e+01
2.110587501525878906e+01
9.118028564453125000e+02
1.048226562500000000e+03
1.018056030273437500e+03
1.119875854492187500e+03
1.215370605468750000e+03
1.141601684570312500e+03
1.035859375000000000e+03
1.060376708984375000e+03
9.781603393554687500e+02
1.472993087768554688e+01
1.136965656280517578e+01
1.183961009979248047e+01
1.875281143188476562e+01
1.710843276977539062e+01
1.983591651916503906e+01
2.191726684570312500e+01
2.310781097412109375e+01
2.836767005920410156e+01
8.943614006042480469e+00
6.413046360015869141e+00
5.582911014556884766e+00
1.314413642883300781e+01
1.149628639221191406e+01
1.006220340728759766e+01
1.247125244140625000e+01
2.268749809265136719e+01
2.331403350830078125e+01
9.872146606445312500e+01
1.028411102294921875e+02
8.324816131591796875e+01
1.253693542480468750e+02
1.216103134155273438e+02
8.737228393554687500e+01
1.363919219970703125e+02
1.304893035888671875e+02
8.755588531494140625e+01
1.496554107666015625e+02
1.310723419189453125e+02
1.412423400878906250e+02
1.875040740966796875e+02
1.734261474609375000e+02
1.691103363037109375e+02
2.124619598388671875e+02
1.894873504638671875e+02
1.735781555175781250e+02
8.501292419433593750e+01
7.574512481689453125e+01
4.584064865112304688e+01
8.559886169433593750e+01
8.093229675292968750e+01
4.648981857299804688e+01
9.983762359619140625e+01
9.983577728271484375e+01
5.982433700561523438e+01
2.738648376464843750e+02
2.214295959472656250e+02
2.288848724365234375e+02
3.257232055664062500e+02
2.492173004150390625e+02
2.024145050048828125e+02
3.281776428222656250e+02
2.284790039062500000e+02
1.542608947753906250e+02
9.662519073486328125e+01
2.999168586730957031e+01
5.153676223754882812e+01
1.286763916015625000e+02
7.914679718017578125e+01
1.015124664306640625e+02
1.652060699462890625e+02
1.627873687744140625e+02
1.652268829345703125e+02
2.557758789062500000e+02
3.167937011718750000e+02
3.512939147949218750e+02
3.057504882812500000e+02
3.744984741210937500e+02
4.193320312500000000e+02
3.187814941406250000e+02
3.679955139160156250e+02
4.251183776855468750e+02
4.195303955078125000e+02
4.740293273925781250e+02
5.053609619140625000e+02
3.424716796875000000e+02
3.156994018554687500e+02
3.378472900390625000e+02
3.252031250000000000e+02
2.742240295410156250e+02
3.454776611328125000e+02
1.983094940185546875e+02
1.726921691894531250e+02
3.168887023925781250e+02
4.491139602661132812e+01
7.063037109375000000e+01
2.720755615234375000e+02
-1.360486412048339844e+01
2.281700325012207031e+01
2.408101043701171875e+02
7.055222511291503906e+00
1.339780044555664062e+01
4.788190078735351562e+01
1.356099700927734375e+01
8.038482666015625000e+00
4.002799606323242188e+01
1.234544372558593750e+01
1.408238506317138672e+01
5.428884506225585938e+01
3.383748626708984375e+01
4.794533729553222656e+00
3.955520629882812500e+01
-2.071695899963378906e+01
-5.870064544677734375e+01
-2.015075683593750000e+01
-7.278179168701171875e+01
-1.332357177734375000e+02
-1.132670516967773438e+02
9.049445800781250000e+02
7.675398559570312500e+02
7.058601684570312500e+02
7.231224975585937500e+02
6.572985839843750000e+02
6.627124023437500000e+02
6.927720336914062500e+02
7.139631347656250000e+02
7.923984375000000000e+02
-3.669554233551025391e+00
2.775734424591064453e+00
1.519841074943542480e+00
1.008406543731689453e+01
-2.526786327362060547e-01
-1.447087883949279785e+00
2.039926910400390625e+01
1.197054290771484375e+01
2.016028976440429688e+01
5.214068603515625000e+01
1.115580215454101562e+02
1.112292022705078125e+02
1.008500747680664062e+02
1.769337768554687500e+02
1.563075561523437500e+02
7.401693725585937500e+01
1.682894592285156250e+02
1.455511932373046875e+02
6.012307739257812500e+02
6.792991333007812500e+02
8.891253051757812500e+02
1.268725395202636719e+00
2.313091430664062500e+02
5.716830444335937500e+02
1.011589508056640625e+02
2.343448638916015625e+02
5.499168090820312500e+02
8.819208526611328125e+01
9.910787963867187500e+01
1.095182418823242188e+02
1.036828842163085938e+02
9.823166656494140625e+01
1.063364410400390625e+02
1.162155151367187500e+02
1.155933990478515625e+02
1.074145584106445312e+02
3.439814376831054688e+01
5.412470626831054688e+01
5.501218795776367188e+01
3.803723144531250000e+01
5.249171066284179688e+01
6.486982727050781250e+01
5.820899581909179688e+01
4.476996994018554688e+01
4.260439300537109375e+01
1.330925445556640625e+02
1.514849395751953125e+02
1.244579620361328125e+02
1.048669128417968750e+02
1.496210479736328125e+02
1.320657653808593750e+02
7.296598815917968750e+01
1.106461715698242188e+02
1.151356506347656250e+02
3.265846252441406250e+02
2.361740875244140625e+02
1.027465744018554688e+02
2.194794311523437500e+02
1.580465850830078125e+02
3.462194442749023438e+00
1.108357467651367188e+02
1.016333999633789062e+02
-5.971067428588867188e+01
8.865602111816406250e+01
1.123883972167968750e+02
1.462124023437500000e+02
3.665652847290039062e+01
8.573289489746093750e+01
1.364671173095703125e+02
4.833528518676757812e+01
8.002277374267578125e+01
1.288349456787109375e+02
9.383937835693359375e+01
4.681847000122070312e+01
9.577333068847656250e+01
-9.244266510009765625e+00
-5.901914596557617188e+01
-5.809925079345703125e+01
-5.012062454223632812e+01
-5.704142379760742188e+01
-1.003536682128906250e+02
1.190168945312500000e+03
1.384108154296875000e+03
1.162075805664062500e+03
1.184272216796875000e+03
1.373126586914062500e+03
1.039648315429687500e+03
1.420581542968750000e+03
1.564921386718750000e+03
1.268953857421875000e+03
3.624808959960937500e+02
3.448669738769531250e+02
4.600570983886718750e+02
3.296106262207031250e+02
3.128084716796875000e+02
4.699088439941406250e+02
3.012651367187500000e+02
2.664007873535156250e+02
4.828507690429687500e+02
-3.954746093750000000e+02
-3.804367065429687500e+02
-3.320521240234375000e+02
-3.915097656250000000e+02
-3.899494628906250000e+02
-3.360674438476562500e+02
-3.812715148925781250e+02
-3.689757385253906250e+02
-3.076720275878906250e+02
-1.807288818359375000e+02
-1.883766479492187500e+02
-1.924208679199218750e+02
-1.490463562011718750e+02
-1.624405822753906250e+02
-1.725561828613281250e+02
-1.511295471191406250e+02
-1.667312622070312500e+02
-1.619315032958984375e+02
-8.201557159423828125e+00
6.388760566711425781e+00
-2.302995920181274414e+00
-6.348364353179931641e-01
2.657844781875610352e+00
-9.267560005187988281e+00
-2.973594903945922852e+00
-6.359896183013916016e+00
-9.127734184265136719e+00
-2.120907745361328125e+02
-1.946856842041015625e+02
-1.572279510498046875e+02
-2.156816253662109375e+02
-1.913520202636718750e+02
-1.437903442382812500e+02
-2.207163848876953125e+02
-1.764807891845703125e+02
-1.413345794677734375e+02
-1.241625518798828125e+02
-2.458182716369628906e+01
-7.953439331054687500e+01
-1.861234130859375000e+02
-8.421250152587890625e+01
-1.475319519042968750e+02
-1.373927459716796875e+02
-5.415076828002929688e+01
-1.166692276000976562e+02
-2.460946321487426758e+00
-5.118393421173095703e+00
-3.235938072204589844e+00
-3.453083992004394531e+00
-5.040720462799072266e+00
-3.510072708129882812e+00
-3.937740564346313477e+00
-4.547801971435546875e+00
-1.195690393447875977e+00
-8.552345275878906250e+00
2.821229457855224609e+00
6.955588340759277344e+00
-1.672844314575195312e+01
-1.305220127105712891e+00
3.125408887863159180e-01
5.320428848266601562e+00
1.431673526763916016e+01
1.063880634307861328e+01
-1.645863159179687500e+03
-1.475723510742187500e+03
-1.218953979492187500e+03
-1.631040771484375000e+03
-1.434757446289062500e+03
-1.223838134765625000e+03
-1.529916015625000000e+03
-1.349900146484375000e+03
-1.187663574218750000e+03
1.385367035865783691e+00
5.985707759857177734e+00
3.138887405395507812e+00
9.917842149734497070e-01
5.333203315734863281e+00
3.253335714340209961e+00
2.389501333236694336e-01
6.646922588348388672e+00
4.622268676757812500e+00
-9.999645948410034180e-01
-1.065666556358337402e+00
-2.001014947891235352e+00
-6.163549423217773438e+00
-7.866419315338134766e+00
-7.498675346374511719e+00
3.072972297668457031e-01
-1.597146034240722656e+00
-2.019187450408935547e+00
-1.494500885009765625e+02
-1.318544616699218750e+02
-1.088141937255859375e+02
-1.438714904785156250e+02
-1.335641937255859375e+02
-1.152800140380859375e+02
-1.184015579223632812e+02
-1.150986328125000000e+02
-1.039209518432617188e+02
-2.550734558105468750e+02
-2.936051025390625000e+02
-2.610127563476562500e+02
-2.314025726318359375e+02
-2.679953308105468750e+02
-2.112651977539062500e+02
-2.185044860839843750e+02
-2.430779266357421875e+02
-1.911363525390625000e+02
-1.098508911132812500e+02
-1.042869415283203125e+02
-1.029990310668945312e+02
-1.061961517333984375e+02
-1.025228805541992188e+02
-9.900885772705078125e+01
-9.939727020263671875e+01
-9.617191314697265625e+01
-8.664655303955078125e+01
-6.042962646484375000e+02
-5.306560058593750000e+02
-4.417905273437500000e+02
-6.395849609375000000e+02
-5.433660278320312500e+02
-4.443251647949218750e+02
-6.317472534179687500e+02
-5.541632690429687500e+02
-4.668736877441406250e+02
-3.029311370849609375e+01
-2.157399559020996094e+01
-1.411138534545898438e+01
-1.741750335693359375e+01
-8.120626449584960938e+00
-3.123896121978759766e+00
-7.702179431915283203e+00
7.232329368591308594e+00
2.290204238891601562e+01
-3.323602905273437500e+02
-2.011300659179687500e+02
-2.002614440917968750e+02
-3.087640380859375000e+02
-1.619855041503906250e+02
-1.919283752441406250e+02
-2.785368347167968750e+02
-1.505629119873046875e+02
-1.988724517822265625e+02
1.132616500854492188e+02
1.171562500000000000e+02
1.291519775390625000e+02
9.506317138671875000e+01
1.022914657592773438e+02
1.211856155395507812e+02
1.188115005493164062e+02
1.264977416992187500e+02
1.442374267578125000e+02
1.459777679443359375e+02
1.424198303222656250e+02
1.385056915283203125e+02
1.511836700439453125e+02
1.519928588867187500e+02
1.491686248779296875e+02
1.970654907226562500e+02
2.022772827148437500e+02
2.034031829833984375e+02
6.867233276367187500e+00
9.842545509338378906e+00
1.609874248504638672e+00
6.442929744720458984e+00
7.995154857635498047e+00
8.341422080993652344e+00
2.989747762680053711e+00
3.556732892990112305e+00
5.425518989562988281e+00
1.634924507141113281e+01
2.439748573303222656e+01
2.314025688171386719e+01
1.430473899841308594e+01
2.244425964355468750e+01
1.926091194152832031e+01
1.618456077575683594e+01
2.423737335205078125e+01
2.020053672790527344e+01
5.650899505615234375e+01
8.342772674560546875e+01
5.832933807373046875e+01
7.979387664794921875e+01
1.035018997192382812e+02
7.734069824218750000e+01
5.349539184570312500e+01
8.322206878662109375e+01
6.560476684570312500e+01
1.296323895454406738e+00
1.758672595024108887e+00
1.800740003585815430e+00
3.376384258270263672e+00
1.932270765304565430e+00
1.120481848716735840e+00
7.796891212463378906e+00
9.449563026428222656e+00
9.815967559814453125e+00
1.496733703613281250e+02
1.465718841552734375e+02
1.588330841064453125e+02
1.425287933349609375e+02
1.406378479003906250e+02
1.476912536621093750e+02
8.509794616699218750e+01
8.884875488281250000e+01
9.842627716064453125e+01
1.934864959716796875e+02
2.325192871093750000e+02
2.329727325439453125e+02
1.238142776489257812e+02
1.696170349121093750e+02
1.758377685546875000e+02
1.680433349609375000e+02
2.096434020996093750e+02
2.246147918701171875e+02
1.348021149635314941e+00
4.333138465881347656e+00
4.155048370361328125e+00
2.735579252243041992e+00
5.959967613220214844e+00
6.048892021179199219e+00
2.601862192153930664e+00
4.555892467498779297e+00
4.812475681304931641e+00
1.065306186676025391e+00
1.242787003517150879e+00
2.977180719375610352e+00
5.245180130004882812e+00
6.628795146942138672e+00
6.686177730560302734e+00
-2.605802536010742188e+00
-2.998967170715332031e+00
-4.484211921691894531e+00
2.563122177124023438e+01
2.404967689514160156e+01
2.674930000305175781e+01
2.060488128662109375e+01
1.747600555419921875e+01
2.054265594482421875e+01
1.005309391021728516e+01
1.128885364532470703e+01
1.590449142456054688e+01
1.161576271057128906e+01
9.420398712158203125e+00
2.224386024475097656e+01
1.586818218231201172e+01
1.374848365783691406e+01
1.958054161071777344e+01
2.926521682739257812e+01
2.349349403381347656e+01
2.645490455627441406e+01
1.057479629516601562e+02
1.105329132080078125e+02
1.133187942504882812e+02
1.085817794799804688e+02
1.144991760253906250e+02
1.182619476318359375e+02
1.019883575439453125e+02
1.092487411499023438e+02
1.115226364135742188e+02
5.969869232177734375e+01
9.497103881835937500e+01
1.175329742431640625e+02
7.461066436767578125e+01
9.962117767333984375e+01
1.162319488525390625e+02
8.708435058593750000e+01
9.748580169677734375e+01
1.174487991333007812e+02
1.168129272460937500e+02
1.280348663330078125e+02
1.391122131347656250e+02
1.413663482666015625e+02
1.522682800292968750e+02
1.613095550537109375e+02
6.034453201293945312e+01
6.821295928955078125e+01
7.343015289306640625e+01
1.530200653076171875e+02
1.901743164062500000e+02
1.497244720458984375e+02
9.499321746826171875e+01
1.337909698486328125e+02
1.017966003417968750e+02
1.070746765136718750e+02
1.522455596923828125e+02
1.256380920410156250e+02
-3.411321640014648438e+01
-5.241226577758789062e+01
-6.143195724487304688e+01
-3.802586746215820312e+01
-5.803882598876953125e+01
-5.852677154541015625e+01
-5.184424591064453125e+01
-6.822487640380859375e+01
-6.573812103271484375e+01
-5.327079772949218750e+01
-7.797477722167968750e+01
-5.391560745239257812e+01
-6.900968170166015625e+01
-8.141904449462890625e+01
-5.072119522094726562e+01
-4.774592208862304688e+01
-4.202421951293945312e+01
-7.755662441253662109e+00
-9.119818687438964844e+00
-2.292672348022460938e+01
-1.744647026062011719e+01
-1.407458591461181641e+01
-2.644869041442871094e+01
-1.387498664855957031e+01
-2.321710014343261719e+01
-2.376205062866210938e+01
-7.313292026519775391e+00
3.581131935119628906e+00
-1.000354290008544922e+01
-2.346431922912597656e+01
-6.498956680297851562e+00
-2.261706733703613281e+01
-4.246728515625000000e+01
-2.469502449035644531e+01
-4.439563751220703125e+01
-5.343313598632812500e+01
-3.366365432739257812e+01
-4.963135147094726562e+01
-4.843515777587890625e+01
-3.122997283935546875e+01
-5.901267242431640625e+01
-6.217952346801757812e+01
-3.996705627441406250e+01
-6.668149566650390625e+01
-7.543106079101562500e+01
-9.349483489990234375e+00
-9.036276817321777344e+00
-8.722634315490722656e+00
-7.382715225219726562e+00
5.552783608436584473e-01
1.765432596206665039e+00
-2.240416288375854492e+00
2.311568021774291992e+00
4.113790512084960938e+00
-3.310219955444335938e+01
-3.552307891845703125e+01
-2.535939598083496094e+01
-1.696152877807617188e+01
-1.778516960144042969e+01
-8.675966262817382812e+00
-1.431015396118164062e+01
-8.349878311157226562e+00
1.445452809333801270e+00
-4.749969482421875000e+01
-1.222625656127929688e+02
-1.829029541015625000e+02
-1.398939971923828125e+02
-2.369159088134765625e+02
-2.955234680175781250e+02
-2.290233306884765625e+02
-3.030230712890625000e+02
-3.052016906738281250e+02
-1.206005573272705078e+01
-1.032546234130859375e+01
-7.957196712493896484e+00
-7.828647613525390625e+00
-6.231778144836425781e+00
-5.720720291137695312e+00
-3.363551139831542969e+00
-2.480012416839599609e+00
-2.311626672744750977e+00
-1.138864421844482422e+01
-7.215968132019042969e+00
-3.977682113647460938e+00
-1.227640390396118164e+00
-2.484732627868652344e+00
-1.726616263389587402e+00
5.981806516647338867e-01
-8.564285039901733398e-01
-1.168164491653442383e+00
-1.367829704284667969e+01
-2.728155708312988281e+01
-3.586795806884765625e+01
-2.671459960937500000e+01
-4.053847122192382812e+01
-4.223426437377929688e+01
-3.616593933105468750e+01
-4.371754455566406250e+01
-3.622354888916015625e+01
3.439055919647216797e+00
-3.164921283721923828e+00
-1.155957698822021484e+01
-1.134888362884521484e+01
-2.027950859069824219e+01
-2.559944534301757812e+01
-2.115206146240234375e+01
-3.640450668334960938e+01
-4.681352233886718750e+01
-4.188336944580078125e+01
-3.812981796264648438e+01
-2.434542274475097656e+01
-3.360399246215820312e+01
-2.734197998046875000e+01
-1.700986480712890625e+01
-1.704743957519531250e+01
-1.352492332458496094e+01
-6.769432067871093750e+00
-2.930855751037597656e-02
-6.555226802825927734e+00
-3.359273147583007812e+01
-3.351781463623046875e+01
-4.568880844116210938e+01
-6.408305358886718750e+01
-6.641622161865234375e+01
-7.087834930419921875e+01
-6.617607879638671875e+01
-1.937525177001953125e+02
-1.192909622192382812e+02
-1.003303451538085938e+02
-8.411441040039062500e+01
-4.858189010620117188e+01
-4.149828338623046875e+01
-2.989756774902343750e+01
-1.747678756713867188e+01
-2.515950393676757812e+01
-3.832035827636718750e+01
-7.034934234619140625e+01
-8.315952301025390625e+01
-4.340630722045898438e+01
-8.281703186035156250e+01
-8.808402252197265625e+01
-5.196092987060546875e+01
-8.228781127929687500e+01
-7.442822265625000000e+01
1.010920654296875000e+03
1.006469726562500000e+03
8.526074218750000000e+02
9.660249023437500000e+02
8.856461791992187500e+02
7.237033691406250000e+02
7.379581298828125000e+02
6.536067504882812500e+02
5.808588256835937500e+02
3.037308654785156250e+02
1.892521972656250000e+02
2.017421417236328125e+02
2.644555969238281250e+02
1.771184692382812500e+02
1.622107086181640625e+02
2.558072204589843750e+02
2.164593811035156250e+02
2.260685577392578125e+02
5.245486068725585938e+01
9.063907623291015625e+00
-8.634471893310546875e+00
5.312440109252929688e+01
9.632525444030761719e+00
2.012191009521484375e+01
6.465924835205078125e+01
4.330205917358398438e+01
4.293244934082031250e+01
5.544392700195312500e+02
4.106908264160156250e+02
3.556919860839843750e+02
4.425942993164062500e+02
3.372728881835937500e+02
2.516599884033203125e+02
2.451021270751953125e+02
2.139026336669921875e+02
1.593802947998046875e+02
6.672225341796875000e+02
5.667763671875000000e+02
5.782565917968750000e+02
5.294077758789062500e+02
2.983117370605468750e+02
3.451282043457031250e+02
2.445863800048828125e+02
2.919973754882812500e+02
4.309085388183593750e+02
-1.776926231384277344e+01
-4.551823616027832031e+00
-1.079048156738281250e+00
1.291280651092529297e+01
2.120746994018554688e+01
2.864559173583984375e+01
3.496237182617187500e+01
3.864448165893554688e+01
1.662996864318847656e+01
2.821016502380371094e+01
2.324107551574707031e+01
2.808812904357910156e+01
2.672624588012695312e+01
1.621588706970214844e+01
1.736131858825683594e+01
-1.536467552185058594e+01
8.103978157043457031e+00
6.172026634216308594e+00
3.745714599609375000e+03
3.127945312500000000e+03
2.573033691406250000e+03
2.534375976562500000e+03
2.122141357421875000e+03
1.926077880859375000e+03
2.045726440429687500e+03
2.133979492187500000e+03
2.136008300781250000e+03
7.855612945556640625e+01
8.040542602539062500e+01
7.385470581054687500e+01
7.498270416259765625e+01
7.387419128417968750e+01
6.005983352661132812e+01
5.881195068359375000e+01
4.627736663818359375e+01
2.086857414245605469e+01
3.905376815795898438e+01
3.935146713256835938e+01
4.040937423706054688e+01
5.380374526977539062e+01
4.205970382690429688e+01
5.233240509033203125e+01
6.417286682128906250e+01
4.253730010986328125e+01
5.547276687622070312e+01
3.391308288574218750e+02
2.868874206542968750e+02
2.412157135009765625e+02
2.179638061523437500e+02
2.065966033935546875e+02
2.109325714111328125e+02
2.368596191406250000e+02
3.051541748046875000e+02
3.113875732421875000e+02
6.216306762695312500e+02
7.644400024414062500e+02
6.375559082031250000e+02
6.227369384765625000e+02
6.645065917968750000e+02
6.116970825195312500e+02
5.328177490234375000e+02
5.776647338867187500e+02
6.600878906250000000e+02
1.591079711914062500e+02
1.263435516357421875e+02
1.662645568847656250e+02
1.997971038818359375e+02
1.644061279296875000e+02
1.876447753906250000e+02
2.218504943847656250e+02
1.626179199218750000e+02
1.697011566162109375e+02
1.080462768554687500e+03
1.084652587890625000e+03
9.346298217773437500e+02
7.907752685546875000e+02
7.384939575195312500e+02
6.987049560546875000e+02
6.275283203125000000e+02
5.872722167968750000e+02
6.516105957031250000e+02
4.398140563964843750e+02
6.279244995117187500e+02
6.587206420898437500e+02
6.794649047851562500e+02
7.795715332031250000e+02
7.149979248046875000e+02
6.003265991210937500e+02
4.445370483398437500e+02
3.655435485839843750e+02
9.476856079101562500e+02
6.552174072265625000e+02
5.104882812500000000e+02
7.893333740234375000e+02
5.596286621093750000e+02
4.560964050292968750e+02
6.292581176757812500e+02
5.112523193359375000e+02
4.597063903808593750e+02
1.169655395507812500e+03
1.474917114257812500e+03
1.257975219726562500e+03
1.161685546875000000e+03
1.390947509765625000e+03
1.183006835937500000e+03
1.288112060546875000e+03
1.354242431640625000e+03
1.143335083007812500e+03
6.700568847656250000e+02
9.250701293945312500e+02
5.801654663085937500e+02
4.958031921386718750e+02
7.742946166992187500e+02
4.229556884765625000e+02
2.427464447021484375e+02
3.262713012695312500e+02
1.074551849365234375e+02
7.848924255371093750e+01
2.308669281005859375e+02
8.468683624267578125e+01
1.134029464721679688e+02
2.215508117675781250e+02
-9.630409240722656250e+00
1.590938720703125000e+02
1.793338928222656250e+02
-5.228189086914062500e+01
7.058240966796875000e+02
7.032686767578125000e+02
8.065995483398437500e+02
5.736868896484375000e+02
5.991392822265625000e+02
8.218765258789062500e+02
5.314233398437500000e+02
5.681576538085937500e+02
6.325134277343750000e+02
5.834078979492187500e+02
1.291043548583984375e+02
3.448295288085937500e+02
1.068554687500000000e+03
5.976732177734375000e+02
6.300118408203125000e+02
5.722537231445312500e+02
7.325459289550781250e+01
2.500672149658203125e+02
6.972243785858154297e+00
6.236073970794677734e+00
-4.117425155639648438e+01
-2.335822296142578125e+01
-1.797689628601074219e+01
-3.108749008178710938e+01
-1.155598449707031250e+01
5.208943367004394531e+00
1.515570449829101562e+01
2.023744964599609375e+02
8.427515411376953125e+01
-3.671425247192382812e+01
3.357986755371093750e+02
2.327038269042968750e+02
5.130999755859375000e+01
4.019441833496093750e+02
2.736178588867187500e+02
1.498320617675781250e+02
5.247134277343750000e+03
5.295159667968750000e+03
5.541872558593750000e+03
4.280250976562500000e+03
4.489137207031250000e+03
4.730581542968750000e+03
3.774409912109375000e+03
3.605043212890625000e+03
3.472594238281250000e+03
-3.190238761901855469e+01
-5.160042953491210938e+01
-5.983418273925781250e+01
-3.759897708892822266e+00
-1.919722557067871094e+01
-3.005233764648437500e+01
1.862430334091186523e+00
-3.623635292053222656e+00
-1.275047206878662109e+01
-6.598956298828125000e+01
-1.369756412506103516e+01
1.005181503295898438e+01
-5.193421554565429688e+01
-1.576903247833251953e+01
-2.114682960510253906e+01
1.606923866271972656e+01
4.893724822998046875e+01
3.115028953552246094e+01
3.783200378417968750e+02
4.662099304199218750e+02
4.813392028808593750e+02
4.406268310546875000e+02
4.690045166015625000e+02
3.604881591796875000e+02
3.492172851562500000e+02
3.293005981445312500e+02
1.958587341308593750e+02
4.708749389648437500e+02
7.221228637695312500e+02
6.544848022460937500e+02
4.263150024414062500e+02
5.559623413085937500e+02
4.888121643066406250e+02
6.270772705078125000e+02
7.207766723632812500e+02
6.141547851562500000e+02
4.365723266601562500e+02
3.850867919921875000e+02
2.190099334716796875e+02
3.617719421386718750e+02
3.108622741699218750e+02
1.984438629150390625e+02
3.785118713378906250e+02
2.928262023925781250e+02
2.064160003662109375e+02
2.177830078125000000e+03
2.108401367187500000e+03
1.988773803710937500e+03
2.165793457031250000e+03
1.900000854492187500e+03
1.588430419921875000e+03
1.999630859375000000e+03
1.687884521484375000e+03
1.177722290039062500e+03
-8.942558593750000000e+02
-1.188082641601562500e+03
-1.163502929687500000e+03
-7.371988525390625000e+02
-8.674855957031250000e+02
-8.404348144531250000e+02
-1.529827575683593750e+02
-3.146282653808593750e+02
-3.067583312988281250e+02
1.408436889648437500e+03
1.279908569335937500e+03
1.538215454101562500e+03
1.322200927734375000e+03
1.246527221679687500e+03
1.330360107421875000e+03
1.209076538085937500e+03
1.102274047851562500e+03
1.114223754882812500e+03
-1.513895751953125000e+03
-1.653776489257812500e+03
-1.856927246093750000e+03
-1.391822753906250000e+03
-1.532471679687500000e+03
-1.731522094726562500e+03
-1.272326538085937500e+03
-1.423366577148437500e+03
-1.598635253906250000e+03
-3.335959167480468750e+02
-3.498833007812500000e+02
-2.664997863769531250e+02
-3.074212951660156250e+02
-3.811465759277343750e+02
-3.460294494628906250e+02
-3.981763610839843750e+02
-5.078577270507812500e+02
-5.260923461914062500e+02
-7.036049652099609375e+01
-1.347366180419921875e+02
-9.187990570068359375e+01
-6.853053283691406250e+01
-1.164244537353515625e+02
-1.205197219848632812e+02
-7.516596984863281250e+01
-1.165877532958984375e+02
-1.366030120849609375e+02
-1.967070007324218750e+02
-3.167515563964843750e+02
-3.603360290527343750e+02
-1.608868103027343750e+02
-3.139867248535156250e+02
-3.518694458007812500e+02
-1.672819519042968750e+02
-2.965632629394531250e+02
-3.411611938476562500e+02
-2.627948730468750000e+03
-2.833967773437500000e+03
-2.427791992187500000e+03
-2.447261718750000000e+03
-2.647418457031250000e+03
-2.239852294921875000e+03
-2.123642089843750000e+03
-2.295500000000000000e+03
-1.926529418945312500e+03
-4.059184646606445312e+01
-5.085712814331054688e+01
-8.818413543701171875e+01
-3.827902603149414062e+01
-5.710391235351562500e+01
-9.284210968017578125e+01
-4.245520019531250000e+01
-6.740999603271484375e+01
-6.659536743164062500e+01
-3.204670104980468750e+02
-2.949351196289062500e+02
-3.645663452148437500e+02
-3.422153625488281250e+02
-3.527254638671875000e+02
-3.471729125976562500e+02
-3.620562438964843750e+02
-3.992048339843750000e+02
-3.428458251953125000e+02
-2.549141113281250000e+03
-3.278948730468750000e+03
-3.631599121093750000e+03
-1.872097412109375000e+03
-2.678771240234375000e+03
-3.076411132812500000e+03
-1.817272460937500000e+03
-2.572693115234375000e+03
-3.061649658203125000e+03
-4.349271850585937500e+02
-4.719657287597656250e+02
-4.518048706054687500e+02
-4.127416687011718750e+02
-4.387256164550781250e+02
-4.244020996093750000e+02
-3.539206542968750000e+02
-3.657572326660156250e+02
-3.582238159179687500e+02
-2.281415863037109375e+02
-2.154200134277343750e+02
-1.919409179687500000e+02
-2.088273010253906250e+02
-2.126263427734375000e+02
-2.091679534912109375e+02
-1.787439422607421875e+02
-1.728042449951171875e+02
-1.849905395507812500e+02
-6.201546630859375000e+02
-6.309226684570312500e+02
-7.123253173828125000e+02
-5.315015869140625000e+02
-5.802231445312500000e+02
-6.577158203125000000e+02
-5.055500793457031250e+02
-5.711137695312500000e+02
-6.634010620117187500e+02
-3.451041259765625000e+02
-3.716143798828125000e+02
-5.907460327148437500e+02
-4.406624450683593750e+02
-4.762593078613281250e+02
-6.751785278320312500e+02
-5.593577880859375000e+02
-6.360646972656250000e+02
-7.869529418945312500e+02
-2.637354125976562500e+02
-2.817666625976562500e+02
-2.574135131835937500e+02
-3.342257690429687500e+02
-3.595135803222656250e+02
-3.342151184082031250e+02
-3.990158081054687500e+02
-4.280166320800781250e+02
-4.008607482910156250e+02
-2.228683624267578125e+02
-5.006754150390625000e+02
-7.303488159179687500e+02
-1.501089477539062500e+02
-4.117684631347656250e+02
-6.344002685546875000e+02
-1.258188781738281250e+02
-4.556995849609375000e+02
-6.588963623046875000e+02
-3.767994140625000000e+03
-3.896351806640625000e+03
-3.845447753906250000e+03
-4.257739257812500000e+03
-4.329269042968750000e+03
-4.107578125000000000e+03
-4.271686035156250000e+03
-4.199963378906250000e+03
-3.854096679687500000e+03
-1.658644531250000000e+03
-2.197744628906250000e+03
-1.848782348632812500e+03
-1.489534790039062500e+03
-1.960527709960937500e+03
-1.657830444335937500e+03
-1.331409179687500000e+03
-1.714550903320312500e+03
-1.501541137695312500e+03
-2.151576805114746094e+01
-2.035915946960449219e+01
-1.989558219909667969e+01
-1.662885856628417969e+01
-1.665711212158203125e+01
-1.703647422790527344e+01
-1.471170330047607422e+01
-1.544061851501464844e+01
-1.325404548645019531e+01
-3.946305274963378906e+00
-2.082560300827026367e+00
-3.610219478607177734e+00
-5.311812400817871094e+00
-3.271783113479614258e+00
-8.437629699707031250e+00
-8.717498779296875000e+00
-3.886776924133300781e+00
-1.198971366882324219e+01
-1.291779398918151855e+00
-1.266122102737426758e+00
-1.655627131462097168e+00
-1.204749703407287598e+00
-6.042559146881103516e-01
-1.968217134475708008e+00
-4.130596220493316650e-01
-4.138383641839027405e-02
-8.913962841033935547e-01
-2.473234415054321289e+00
-1.937469005584716797e+00
-3.595611095428466797e+00
-3.898344039916992188e+00
-6.835052371025085449e-01
-1.450838804244995117e+00
-5.907118797302246094e+00
-1.176226437091827393e-01
3.534472584724426270e-01
-2.699113845825195312e+01
-4.696807098388671875e+01
-4.224664688110351562e+01
-2.809846115112304688e+01
-4.638555145263671875e+01
-4.574173736572265625e+01
-2.036425590515136719e+01
-3.607492828369140625e+01
-4.142482757568359375e+01
-3.710214793682098389e-01
-5.395694375038146973e-01
-7.680969238281250000e-01
-4.418177306652069092e-01
-4.888174682855606079e-02
-2.672945261001586914e-01
-1.163727715611457825e-01
2.445987425744533539e-02
-1.510844081640243530e-01
-9.266871452331542969e+00
-1.007148265838623047e+01
-1.427056789398193359e+01
-4.872940063476562500e+00
-9.196683883666992188e+00
-1.070180320739746094e+01
-2.929811716079711914e+00
-8.168911933898925781e+00
-1.217103099822998047e+01
-1.933125686645507812e+01
-2.085555648803710938e+01
-3.837319946289062500e+01
-2.462653541564941406e+01
-7.112033843994140625e+00
-1.717521667480468750e+01
-4.316710281372070312e+01
-1.657227706909179688e+01
-1.599630546569824219e+01
-3.343949317932128906e+00
-4.130644321441650391e+00
-4.806985378265380859e+00
-1.418560504913330078e+00
-2.346807479858398438e+00
-3.142090797424316406e+00
-4.118494391441345215e-01
-7.579476237297058105e-01
-1.434073209762573242e+00
-1.020689010620117188e+00
-2.093178272247314453e+00
-3.507360219955444336e+00
-8.054347038269042969e-01
-1.361710786819458008e+00
-4.433198928833007812e+00
-2.549099326133728027e-01
-8.170480281114578247e-02
-1.582890748977661133e+00
-9.336117744445800781e+00
-1.089402484893798828e+01
-8.658555984497070312e+00
-9.098337173461914062e+00
-9.712769508361816406e+00
-7.383558273315429688e+00
-7.554267406463623047e+00
-7.941793441772460938e+00
-7.652550697326660156e+00
-6.800373554229736328e+00
-7.145542621612548828e+00
-4.951219081878662109e+00
-1.967623901367187500e+01
-2.264208030700683594e+01
-1.566053581237792969e+01
-2.458287239074707031e+01
-3.111044311523437500e+01
-2.115546226501464844e+01
-4.041907787322998047e+00
-5.158005237579345703e+00
-7.691404342651367188e+00
-4.631329059600830078e+00
-6.986447334289550781e+00
-1.250725746154785156e+01
-5.131495952606201172e+00
-6.567842006683349609e+00
-1.222983837127685547e+01
-6.509192466735839844e+00
-7.128302097320556641e+00
-4.279325008392333984e+00
-8.222085952758789062e+00
-1.169459152221679688e+01
-3.573487281799316406e+00
-1.239457511901855469e+01
-1.346508979797363281e+01
-7.329214096069335938e+00
-4.552025222778320312e+01
-6.419799804687500000e+01
-7.951585388183593750e+01
-3.457511138916015625e+01
-6.111676788330078125e+01
-8.442955780029296875e+01
-2.042611122131347656e+01
-4.053482055664062500e+01
-6.268487930297851562e+01
-1.252256965637207031e+01
-1.960938835144042969e+01
-2.888641357421875000e+01
-8.628249168395996094e+00
-1.178231143951416016e+01
-1.910168457031250000e+01
-6.138949394226074219e+00
-7.858028411865234375e+00
-1.288606071472167969e+01
-6.135928955078125000e+02
-6.973619384765625000e+02
-6.371508789062500000e+02
-5.208540039062500000e+02
-5.839922485351562500e+02
-5.080690612792968750e+02
-4.876850891113281250e+02
-4.729841308593750000e+02
-4.597998352050781250e+02
-2.027560119628906250e+02
-2.083270263671875000e+02
-1.730386047363281250e+02
-1.651546325683593750e+02
-1.813604736328125000e+02
-1.503467407226562500e+02
-2.769927062988281250e+02
-3.173561401367187500e+02
-3.221679382324218750e+02
-2.778356933593750000e+01
-3.061409950256347656e+01
-1.318556785583496094e+01
-3.444654846191406250e+01
-4.109985351562500000e+01
-2.179048061370849609e+00
-2.859262657165527344e+01
-1.727730751037597656e+01
-3.945230245590209961e+00
-5.146967697143554688e+01
-2.841657257080078125e+01
-3.544176864624023438e+01
-2.053565025329589844e+01
-9.006041526794433594e+00
-1.257670688629150391e+01
-2.448593711853027344e+01
1.097277998924255371e+00
1.347144365310668945e+00
-1.099845458984375000e+03
-1.039411987304687500e+03
-9.823467407226562500e+02
-1.061599365234375000e+03
-9.291337890625000000e+02
-8.950581665039062500e+02
-8.962308349609375000e+02
-7.926824951171875000e+02
-7.425563964843750000e+02
-9.373910903930664062e+00
-1.274854373931884766e+01
-2.716588258743286133e+00
-9.664348602294921875e+00
-4.863141059875488281e+00
-1.393101882934570312e+01
-9.773859977722167969e+00
-1.317759227752685547e+01
-2.088995742797851562e+01
-2.656094055175781250e+02
-1.711299133300781250e+02
-1.297967834472656250e+02
-3.417080688476562500e+02
-2.442293243408203125e+02
-1.743743743896484375e+02
-2.474149169921875000e+02
-1.300200653076171875e+02
-1.205587387084960938e+02
-8.392952270507812500e+02
-9.418675537109375000e+02
-8.792419433593750000e+02
-5.512988281250000000e+02
-5.916065063476562500e+02
-4.671371459960937500e+02
-4.387635803222656250e+02
-4.704779663085937500e+02
-3.222067565917968750e+02
-1.547372741699218750e+02
-1.631271820068359375e+02
-1.604165039062500000e+02
-1.520439453125000000e+02
-1.607790985107421875e+02
-1.631948242187500000e+02
-1.399195098876953125e+02
-1.446307678222656250e+02
-1.430635681152343750e+02
-5.894564819335937500e+01
-7.154300689697265625e+01
-7.117427062988281250e+01
-7.477601623535156250e+01
-9.918748474121093750e+01
-8.487686157226562500e+01
-6.738165283203125000e+01
-6.230226898193359375e+01
-6.552421569824218750e+01
-2.630943908691406250e+02
-2.208050537109375000e+02
-2.024139556884765625e+02
-2.557053070068359375e+02
-1.930211181640625000e+02
-1.586863708496093750e+02
-2.344041595458984375e+02
-1.516153411865234375e+02
-1.516854400634765625e+02
-1.041505432128906250e+02
-1.054428710937500000e+02
-1.176986618041992188e+02
-9.966297912597656250e+01
-1.076951980590820312e+02
-1.150348892211914062e+02
-1.431277160644531250e+02
-1.237520446777343750e+02
-1.438809204101562500e+02
-1.873879547119140625e+02
-1.381022491455078125e+02
-1.551683807373046875e+02
-2.220878448486328125e+02
-1.946200256347656250e+02
-2.110298614501953125e+02
-2.362455596923828125e+02
-2.288928070068359375e+02
-2.418133087158203125e+02
-6.641620635986328125e+01
-3.184337234497070312e+01
-5.272406768798828125e+01
-6.360695266723632812e+01
2.076154708862304688e+00
2.248160362243652344e+00
-3.034384918212890625e+01
1.237663078308105469e+01
1.859829902648925781e+01
-1.644371093750000000e+03
-1.564928955078125000e+03
-1.824775146484375000e+03
-1.920555297851562500e+03
-1.944702270507812500e+03
-2.119900146484375000e+03
-1.739823974609375000e+03
-1.755368164062500000e+03
-1.788478271484375000e+03
-6.063988037109375000e+02
-6.928103027343750000e+02
-6.995636596679687500e+02
-5.045962524414062500e+02
-5.624133911132812500e+02
-5.376420288085937500e+02
-4.383456420898437500e+02
-4.783790893554687500e+02
-4.145599365234375000e+02
-1.491221618652343750e+02
4.175138092041015625e+01
1.653390045166015625e+02
-2.332658081054687500e+02
-1.535726623535156250e+02
1.291499710083007812e+01
-2.870470581054687500e+02
-2.520740661621093750e+02
-9.224165344238281250e+01
1.346846466064453125e+02
1.716173706054687500e+02
2.690198974609375000e+02
1.641534805297851562e+01
1.931410217285156250e+01
1.237856369018554688e+02
5.887083816528320312e+01
7.537799835205078125e+01
1.585155334472656250e+02
4.501326751708984375e+01
6.989408874511718750e+01
-3.941313934326171875e+01
4.289650344848632812e+01
3.243212127685546875e+01
-6.322347259521484375e+01
4.301639175415039062e+01
6.221835136413574219e+00
-6.177016067504882812e+01
-2.206162872314453125e+02
8.937773895263671875e+01
2.138383789062500000e+02
-1.952870178222656250e+02
1.015756835937500000e+02
1.624568939208984375e+02
-1.296244659423828125e+02
9.429298400878906250e+01
1.061384124755859375e+02
-3.769271240234375000e+02
6.746852111816406250e+01
-1.450006713867187500e+02
-6.169946899414062500e+02
5.240869522094726562e+00
-2.325985717773437500e+02
-4.791395874023437500e+02
9.043708038330078125e+01
-1.504089355468750000e+02
2.727823972702026367e+00
1.156998872756958008e+00
4.278103828430175781e+00
6.807307720184326172e+00
-7.660134792327880859e+00
-1.452596855163574219e+01
4.855785369873046875e+00
-1.261225414276123047e+01
-8.175284385681152344e+00
4.356180114746093750e+02
4.940556335449218750e+02
3.866497497558593750e+02
4.935351867675781250e+02
4.584590759277343750e+02
3.828677368164062500e+02
3.261634216308593750e+02
2.908949584960937500e+02
3.082709350585937500e+02
-1.053948120117187500e+03
8.530860900878906250e+01
9.721387939453125000e+02
-1.446068237304687500e+03
-5.878218383789062500e+02
1.958236846923828125e+02
-1.114924682617187500e+03
-5.639686889648437500e+02
-2.202140045166015625e+01
-5.460510635375976562e+01
-5.901660537719726562e+01
-4.130017471313476562e+01
-1.075693359375000000e+02
-1.033379821777343750e+02
-7.836560058593750000e+01
-1.206302261352539062e+02
-1.056563720703125000e+02
-8.792678070068359375e+01
-7.785649108886718750e+01
-5.631804656982421875e+01
-6.351425552368164062e+01
-5.024196243286132812e+01
-4.808750534057617188e+01
-2.989288330078125000e+01
-4.937999725341796875e+01
-6.157479858398437500e+01
-3.684935379028320312e+01
-5.761915588378906250e+01
8.460042572021484375e+01
-2.116368675231933594e+01
-1.181361083984375000e+02
-2.208728408813476562e+01
-1.204974594116210938e+02
-1.283035888671875000e+02
-5.247390747070312500e+01
-1.290497436523437500e+02
-5.177448730468750000e+02
-3.951712341308593750e+02
-3.198034057617187500e+02
-4.460011291503906250e+02
-3.364081115722656250e+02
-3.460307312011718750e+02
-4.162887573242187500e+02
-2.376938476562500000e+02
-2.816712951660156250e+02
1.314688873291015625e+02
1.847945404052734375e+02
2.115088806152343750e+02
1.296684570312500000e+02
2.400710601806640625e+02
2.714460754394531250e+02
1.220148620605468750e+02
2.389441070556640625e+02
2.858105163574218750e+02
-1.425631103515625000e+02
1.678568878173828125e+02
3.542959289550781250e+02
-6.266869544982910156e+00
2.352519073486328125e+02
3.183256530761718750e+02
5.037117767333984375e+01
3.340202941894531250e+02
1.943056030273437500e+02
-6.650467529296875000e+02
-6.922481689453125000e+02
-5.098115844726562500e+02
-9.032673339843750000e+02
-5.825879516601562500e+02
-3.463701782226562500e+02
-8.210311889648437500e+02
-2.974779052734375000e+02
-1.011123352050781250e+02
1.490748901367187500e+02
4.899548950195312500e+02
4.822746582031250000e+02
-9.778164672851562500e+01
2.841563415527343750e+02
2.286284790039062500e+02
-2.713833007812500000e+02
5.218904495239257812e+00
-7.442346191406250000e+01
-4.390109252929687500e+01
-6.510063934326171875e+01
-1.020494613647460938e+02
-4.292797088623046875e+01
-6.532055664062500000e+01
-1.086759262084960938e+02
-4.340171051025390625e+01
-6.018719863891601562e+01
-1.014478225708007812e+02
-2.875449943542480469e+01
-3.307461166381835938e+01
-3.133605575561523438e+01
-1.608374023437500000e+01
-2.427879905700683594e+01
-2.947912216186523438e+01
-9.681833267211914062e+00
-2.280623435974121094e+01
-3.195048522949218750e+01
-5.747179031372070312e+00
-8.444616317749023438e+00
-2.230736017227172852e+00
-1.596520066261291504e+00
-8.790325164794921875e+00
-5.033966541290283203e+00
4.391538798809051514e-01
-9.146333694458007812e+00
-5.852898120880126953e+00
-2.277622461318969727e+00
-2.949824714660644531e+01
-2.995432662963867188e+01
-7.923456192016601562e+00
-3.378747177124023438e+01
-3.056720733642578125e+01
-5.693551540374755859e+00
-2.567326736450195312e+01
-2.824281883239746094e+01
-9.511997222900390625e+01
-1.921164703369140625e+02
-9.049533843994140625e+01
-9.267627716064453125e+01
-1.817482147216796875e+02
-7.284721374511718750e+01
-8.597134399414062500e+01
-1.767992706298828125e+02
-7.071057128906250000e+01
5.546982884407043457e-01
-2.118668705224990845e-01
-1.195808291435241699e+00
3.415470942854881287e-02
-1.782353818416595459e-01
-1.693943738937377930e+00
-1.350457191467285156e+00
-1.444554686546325684e+00
-3.965065717697143555e+00
-2.521270942687988281e+01
-2.351110839843750000e+01
-2.784872055053710938e+01
-2.317075920104980469e+01
-2.505027198791503906e+01
-3.165761375427246094e+01
-2.134256172180175781e+01
-2.818306922912597656e+01
-3.014478111267089844e+01
-6.537641906738281250e+01
-2.471542205810546875e+02
-3.177518310546875000e+02
-7.793046569824218750e+01
-2.401157989501953125e+02
-3.104388122558593750e+02
-5.909963607788085938e+01
-1.920195465087890625e+02
-2.705926513671875000e+02
-7.315464019775390625e+00
-1.605788421630859375e+01
-1.441421604156494141e+01
-9.578744888305664062e+00
-1.857859992980957031e+01
-1.794805335998535156e+01
-9.106881141662597656e+00
-1.678216743469238281e+01
-1.633944892883300781e+01
-2.421537637710571289e+00
-5.130832672119140625e+00
-6.554851055145263672e+00
-3.667948246002197266e+00
-5.795203685760498047e+00
-7.519358634948730469e+00
-6.626729965209960938e+00
-7.719316482543945312e+00
-1.019979953765869141e+01
-2.664997100830078125e+01
-2.883479309082031250e+01
-3.749058914184570312e+01
-2.169029426574707031e+01
-2.559752082824707031e+01
-3.082479667663574219e+01
-1.517979717254638672e+01
-2.143186378479003906e+01
-2.900683784484863281e+01
-1.403239154815673828e+01
-4.872869968414306641e+00
-4.664496231079101562e+01
-1.942149734497070312e+01
-1.196828651428222656e+01
-5.001720428466796875e+01
-3.254628372192382812e+01
-1.631306076049804688e+01
-4.982815551757812500e+01
-1.555289363861083984e+01
-1.654928779602050781e+01
-2.067447280883789062e+01
-1.657557296752929688e+01
-1.849298286437988281e+01
-2.404596519470214844e+01
-2.062445640563964844e+01
-2.889497756958007812e+01
-3.026841735839843750e+01
-6.012941837310791016e+00
-5.233412170410156250e+01
-1.003404006958007812e+02
-1.461855125427246094e+01
-5.533296203613281250e+01
-9.568717193603515625e+01
-2.193837165832519531e+01
-5.956052017211914062e+01
-9.055970764160156250e+01
-1.105754852294921875e+02
-1.311921081542968750e+02
-1.382427215576171875e+02
-1.494431915283203125e+02
-1.739202728271484375e+02
-1.819092712402343750e+02
-1.806835327148437500e+02
-2.175193023681640625e+02
-2.144181060791015625e+02
-4.333708190917968750e+01
-1.697289428710937500e+02
-8.442765045166015625e+01
-4.235815429687500000e+01
-1.658337554931640625e+02
-9.284348297119140625e+01
-3.508920288085937500e+01
-1.507152252197265625e+02
-8.044689178466796875e+01
1.745064208984375000e+03
1.655126831054687500e+03
1.575312011718750000e+03
1.588570190429687500e+03
1.471593627929687500e+03
1.446157226562500000e+03
1.265462768554687500e+03
1.187401245117187500e+03
1.221882934570312500e+03
3.741149902343750000e+02
3.173163146972656250e+02
4.072024841308593750e+02
3.489861450195312500e+02
3.200897827148437500e+02
4.444145202636718750e+02
3.941221008300781250e+02
4.021461791992187500e+02
5.874496459960937500e+02
7.831996154785156250e+01
6.884532165527343750e+01
6.974209594726562500e+01
7.232207489013671875e+01
6.893026733398437500e+01
8.338455200195312500e+01
7.652667999267578125e+01
8.118727111816406250e+01
1.222165527343750000e+02
1.895631561279296875e+02
1.502713012695312500e+02
1.648280181884765625e+02
9.711241912841796875e+01
9.945980834960937500e+01
1.101079406738281250e+02
5.506090927124023438e+01
7.358128356933593750e+01
8.438925933837890625e+01
2.424115234375000000e+03
2.393765136718750000e+03
2.219875000000000000e+03
2.161647216796875000e+03
2.069592041015625000e+03
2.003880981445312500e+03
1.911016113281250000e+03
1.858309448242187500e+03
1.843774414062500000e+03
3.066549682617187500e+01
3.085561752319335938e+01
4.537995529174804688e+01
4.328013610839843750e+01
4.940821075439453125e+01
6.079756927490234375e+01
4.078824996948242188e+01
6.574038696289062500e+01
5.927433776855468750e+01
2.579531250000000000e+02
2.477600250244140625e+02
2.887982177734375000e+02
2.975022583007812500e+02
3.080441284179687500e+02
3.450990905761718750e+02
3.986968078613281250e+02
4.519404907226562500e+02
4.398041687011718750e+02
2.693245117187500000e+03
2.675479248046875000e+03
2.777990722656250000e+03
1.731959838867187500e+03
1.781372680664062500e+03
1.869774902343750000e+03
1.357548217773437500e+03
1.428141967773437500e+03
1.428213134765625000e+03
3.772644042968750000e+02
3.787104492187500000e+02
3.647585144042968750e+02
3.936656494140625000e+02
3.843850402832031250e+02
3.668315734863281250e+02
3.634300537109375000e+02
3.430019531250000000e+02
3.249507141113281250e+02
1.559203033447265625e+02
1.456935729980468750e+02
1.388359527587890625e+02
2.156141204833984375e+02
2.052422027587890625e+02
1.915122375488281250e+02
1.944770812988281250e+02
1.675122528076171875e+02
1.794752044677734375e+02
5.698519287109375000e+02
5.099260864257812500e+02
4.915419616699218750e+02
4.935874328613281250e+02
4.434239196777343750e+02
4.493779602050781250e+02
4.455707702636718750e+02
4.257001342773437500e+02
4.372162170410156250e+02
4.833506164550781250e+02
4.194688110351562500e+02
3.214265441894531250e+02
4.196115112304687500e+02
3.283384704589843750e+02
2.596098327636718750e+02
4.140130310058593750e+02
3.454062194824218750e+02
3.138789062500000000e+02
2.301140289306640625e+02
2.244879150390625000e+02
2.658708496093750000e+02
3.144604187011718750e+02
3.287708129882812500e+02
3.745734558105468750e+02
3.848773498535156250e+02
4.116344299316406250e+02
4.658791809082031250e+02
4.242248535156250000e+02
3.835477905273437500e+02
3.562720031738281250e+02
2.304936218261718750e+02
2.228941650390625000e+02
2.211653289794921875e+02
1.388107147216796875e+02
1.787758178710937500e+02
1.961092681884765625e+02
3.005752197265625000e+03
3.386018554687500000e+03
3.451736816406250000e+03
3.871185791015625000e+03
4.055654296875000000e+03
3.895096923828125000e+03
4.101635253906250000e+03
4.117159179687500000e+03
3.914778076171875000e+03
1.609496582031250000e+03
1.673568237304687500e+03
1.651881225585937500e+03
1.533361694335937500e+03
1.590070190429687500e+03
1.600226562500000000e+03
1.273623535156250000e+03
1.313987792968750000e+03
1.382418212890625000e+03
5.997979125976562500e+02
5.901681518554687500e+02
6.376743774414062500e+02
5.911298828125000000e+02
5.938608398437500000e+02
6.270668334960937500e+02
5.112421569824218750e+02
5.305886840820312500e+02
5.788357543945312500e+02
2.623807983398437500e+02
3.116970214843750000e+02
3.716708374023437500e+02
2.398318481445312500e+02
2.705086975097656250e+02
3.478781738281250000e+02
2.279679412841796875e+02
2.798029174804687500e+02
3.357728271484375000e+02
1.124162769317626953e+01
1.711896705627441406e+01
3.357195281982421875e+01
1.560257625579833984e+01
1.998003578186035156e+01
4.355461120605468750e+01
1.980735015869140625e+01
3.031982231140136719e+01
6.079979705810546875e+01
1.080384368896484375e+02
1.282133178710937500e+02
9.691644287109375000e+01
5.692570114135742188e+01
8.862128448486328125e+01
7.281417846679687500e+01
3.437205505371093750e+01
5.706901931762695312e+01
5.294652175903320312e+01
8.390813598632812500e+02
8.720867309570312500e+02
7.522379760742187500e+02
8.121838989257812500e+02
8.313631591796875000e+02
7.281783447265625000e+02
7.034379882812500000e+02
7.619501953125000000e+02
6.886988525390625000e+02
6.146919250488281250e+00
4.150502681732177734e+00
4.879569530487060547e+00
8.900346755981445312e+00
1.778337287902832031e+01
1.762921714782714844e+01
1.191633510589599609e+01
2.096837806701660156e+01
2.234057998657226562e+01
1.798374023437500000e+02
1.953164978027343750e+02
1.943320312500000000e+02
1.580718078613281250e+02
1.961395568847656250e+02
1.918106231689453125e+02
1.547686614990234375e+02
1.943507995605468750e+02
2.123337402343750000e+02
1.260502563476562500e+03
1.367644287109375000e+03
1.345890014648437500e+03
9.441845092773437500e+02
1.063257934570312500e+03
1.134504394531250000e+03
7.122536010742187500e+02
8.201691894531250000e+02
1.000839538574218750e+03
1.013381881713867188e+02
1.079157714843750000e+02
1.040014038085937500e+02
1.230931854248046875e+02
1.289750976562500000e+02
1.238969726562500000e+02
1.125551986694335938e+02
1.172447357177734375e+02
1.163147735595703125e+02
2.682787132263183594e+01
2.377597045898437500e+01
3.640243530273437500e+01
4.337564086914062500e+01
4.008282852172851562e+01
4.144733047485351562e+01
5.587410354614257812e+01
5.715915298461914062e+01
5.420687866210937500e+01
1.705122528076171875e+02
1.558110504150390625e+02
1.645918731689453125e+02
1.569446563720703125e+02
1.554198455810546875e+02
1.560373229980468750e+02
1.466587371826171875e+02
1.571151123046875000e+02
1.674186706542968750e+02
1.657377166748046875e+02
1.769204864501953125e+02
1.880931243896484375e+02
1.422119598388671875e+02
1.245317001342773438e+02
1.290024261474609375e+02
1.658967437744140625e+02
1.015402908325195312e+02
8.957665252685546875e+01
1.574654083251953125e+02
2.041944274902343750e+02
2.209858703613281250e+02
1.660384521484375000e+02
2.070394592285156250e+02
2.125160217285156250e+02
2.061769409179687500e+02
2.420685882568359375e+02
2.292542266845703125e+02
2.282771606445312500e+02
2.769112548828125000e+02
2.794390258789062500e+02
1.293823852539062500e+02
1.707479705810546875e+02
2.030310516357421875e+02
9.362375640869140625e+01
1.024160766601562500e+02
1.447055206298828125e+02
1.107115356445312500e+03
1.262738403320312500e+03
1.247474121093750000e+03
1.338520385742187500e+03
1.424332885742187500e+03
1.361720458984375000e+03
1.467085693359375000e+03
1.520391723632812500e+03
1.386031005859375000e+03
4.937406921386718750e+02
5.527214965820312500e+02
5.312683105468750000e+02
5.528909912109375000e+02
5.969986572265625000e+02
5.885762939453125000e+02
5.136067504882812500e+02
6.055975341796875000e+02
6.058956298828125000e+02
7.746038085937500000e+03
7.556180175781250000e+03
7.298373046875000000e+03
7.693408203125000000e+03
7.442200683593750000e+03
7.115132324218750000e+03
7.381641601562500000e+03
6.970369628906250000e+03
6.621803222656250000e+03
4.987318359375000000e+03
4.974573730468750000e+03
4.527431640625000000e+03
4.590856445312500000e+03
4.505527832031250000e+03
4.445024414062500000e+03
4.438394531250000000e+03
4.559676269531250000e+03
4.696431640625000000e+03
7.559257812500000000e+02
5.900445556640625000e+02
2.954542236328125000e+02
6.688439331054687500e+02
4.744970703125000000e+02
3.281655578613281250e+02
5.025640563964843750e+02
3.522302856445312500e+02
4.256517333984375000e+02
1.280860107421875000e+03
1.254531616210937500e+03
1.139291625976562500e+03
1.396351806640625000e+03
1.375953857421875000e+03
1.125876342773437500e+03
1.446453369140625000e+03
1.193838623046875000e+03
8.164931030273437500e+02
1.109166796875000000e+04
1.074380664062500000e+04
9.578148437500000000e+03
1.132563867187500000e+04
1.057115625000000000e+04
8.551687500000000000e+03
9.917422851562500000e+03
9.087426757812500000e+03
7.354258300781250000e+03
2.337547912597656250e+02
1.708607482910156250e+02
1.833295440673828125e+02
4.602002334594726562e+01
5.727694320678710938e+01
1.400131072998046875e+02
9.102529144287109375e+01
1.229751586914062500e+02
2.191317138671875000e+02
2.729461181640625000e+03
2.250580078125000000e+03
2.079348632812500000e+03
3.331488037109375000e+03
2.699947021484375000e+03
2.446607421875000000e+03
3.512249511718750000e+03
2.840874755859375000e+03
2.675229492187500000e+03
1.585761132812500000e+04
1.620942675781250000e+04
1.438265039062500000e+04
1.655006054687500000e+04
1.574254492187500000e+04
1.298698535156250000e+04
1.515611035156250000e+04
1.348414648437500000e+04
1.091021289062500000e+04
1.090511962890625000e+03
1.157791992187500000e+03
1.145339477539062500e+03
1.074695068359375000e+03
1.176625854492187500e+03
1.194159423828125000e+03
1.015523498535156250e+03
1.104953613281250000e+03
1.123384643554687500e+03
5.081695556640625000e+02
6.196301269531250000e+02
6.518147583007812500e+02
5.217291259765625000e+02
7.593071289062500000e+02
7.498519287109375000e+02
6.122958374023437500e+02
7.706392211914062500e+02
7.424812622070312500e+02
3.019688476562500000e+03
2.541890869140625000e+03
2.124161376953125000e+03
3.081820556640625000e+03
2.331604248046875000e+03
1.689098510742187500e+03
2.571572021484375000e+03
1.927829467773437500e+03
1.431746582031250000e+03
2.502603027343750000e+03
2.296093994140625000e+03
2.523058593750000000e+03
2.835108642578125000e+03
2.482733886718750000e+03
2.582312500000000000e+03
3.596249511718750000e+03
3.143184082031250000e+03
2.712950683593750000e+03
3.172046386718750000e+03
2.932668457031250000e+03
2.904353515625000000e+03
3.431381591796875000e+03
3.267836669921875000e+03
3.256885742187500000e+03
3.760658447265625000e+03
3.737020019531250000e+03
3.653865234375000000e+03
2.540612548828125000e+03
2.167656250000000000e+03
2.399223632812500000e+03
3.174008056640625000e+03
2.260248046875000000e+03
2.040615844726562500e+03
3.699883544921875000e+03
2.555654541015625000e+03
1.776457519531250000e+03
1.395985546875000000e+04
1.472802832031250000e+04
1.585132226562500000e+04
1.524672656250000000e+04
1.636661035156250000e+04
1.697501171875000000e+04
1.681495312500000000e+04
1.773449609375000000e+04
1.711210156250000000e+04
8.507511718750000000e+03
9.374305664062500000e+03
7.944599121093750000e+03
7.777182617187500000e+03
8.311964843750000000e+03
7.072012695312500000e+03
6.675462402343750000e+03
6.856669921875000000e+03
6.163876464843750000e+03
