3.643286743164062500e+02
3.577139282226562500e+02
3.209710388183593750e+02
3.773500366210937500e+02
3.673421630859375000e+02
3.334440307617187500e+02
3.769303588867187500e+02
3.545035705566406250e+02
3.203611145019531250e+02
2.861552429199218750e+02
3.042782897949218750e+02
2.161677093505859375e+02
3.206466674804687500e+02
2.698968200683593750e+02
2.460201721191406250e+02
2.027863311767578125e+02
2.064630584716796875e+02
2.107059326171875000e+02
3.924524784088134766e-02
2.593945264816284180e-01
8.081270009279251099e-02
-1.554333418607711792e-02
-3.268918767571449280e-02
3.499290347099304199e-02
8.801298588514328003e-02
1.338409334421157837e-01
7.489622384309768677e-02
2.399421386718750000e+03
1.535981933593750000e+03
1.219120727539062500e+03
2.376806152343750000e+03
1.811496337890625000e+03
1.924689575195312500e+03
2.026662231445312500e+03
1.570852539062500000e+03
2.052298339843750000e+03
4.000807861328125000e+03
3.358543457031250000e+03
3.596855468750000000e+03
3.693323974609375000e+03
3.225534179687500000e+03
3.722591796875000000e+03
3.946035400390625000e+03
3.817376953125000000e+03
4.214879394531250000e+03
5.212541992187500000e+03
5.233417968750000000e+03
5.038486816406250000e+03
5.318757812500000000e+03
5.555269042968750000e+03
5.007732421875000000e+03
5.148884277343750000e+03
5.121791992187500000e+03
4.405060546875000000e+03
3.101855224609375000e+03
3.277387207031250000e+03
3.460830078125000000e+03
3.854490234375000000e+03
3.963511474609375000e+03
3.999760009765625000e+03
4.401913574218750000e+03
4.379021484375000000e+03
4.291939941406250000e+03
7.565618896484375000e+02
7.544051513671875000e+02
8.161368408203125000e+02
4.625074768066406250e+02
4.541049804687500000e+02
5.349035034179687500e+02
3.359810791015625000e+02
4.215274047851562500e+02
5.762128906250000000e+02
9.889566040039062500e+02
8.929582519531250000e+02
8.816013793945312500e+02
1.044500122070312500e+03
9.734465332031250000e+02
9.021649780273437500e+02
1.182803344726562500e+03
1.027084228515625000e+03
9.032670288085937500e+02
9.148207031250000000e+03
9.675221679687500000e+03
1.039120117187500000e+04
1.001770117187500000e+04
1.111352246093750000e+04
1.143718261718750000e+04
1.093877832031250000e+04
1.246378417968750000e+04
1.164595117187500000e+04
7.864847167968750000e+03
8.392671875000000000e+03
6.906963378906250000e+03
8.759420898437500000e+03
8.400705078125000000e+03
6.679134765625000000e+03
8.759486328125000000e+03
8.137822753906250000e+03
7.086785644531250000e+03
2.106337158203125000e+03
1.823748291015625000e+03
1.591845581054687500e+03
2.008281494140625000e+03
1.547173706054687500e+03
1.538577514648437500e+03
2.013043701171875000e+03
1.533093261718750000e+03
1.731277465820312500e+03
1.735268249511718750e+02
1.500842437744140625e+02
1.615782470703125000e+02
1.854698944091796875e+02
2.100938568115234375e+02
2.268290252685546875e+02
2.114761962890625000e+02
2.632528381347656250e+02
2.567745361328125000e+02
1.231217651367187500e+03
1.117105834960937500e+03
1.148050537109375000e+03
1.082418457031250000e+03
1.207163818359375000e+03
1.295455444335937500e+03
1.142952148437500000e+03
1.450930175781250000e+03
1.502256835937500000e+03
3.463908081054687500e+02
2.157200622558593750e+02
4.281706237792968750e+02
3.594422302246093750e+02
2.997322387695312500e+02
5.373378295898437500e+02
3.690625610351562500e+02
3.368215026855468750e+02
4.661535339355468750e+02
8.284497070312500000e+01
1.096245040893554688e+02
5.349069976806640625e+01
4.461726379394531250e+02
3.847301635742187500e+02
3.550347290039062500e+02
3.564950561523437500e+02
2.628850402832031250e+02
2.480208892822265625e+02
-3.329911041259765625e+01
-3.794343185424804688e+01
-2.750387191772460938e+01
-2.764125251770019531e+01
-3.524979400634765625e+01
-2.636098670959472656e+01
-2.195448875427246094e+01
-2.983254432678222656e+01
-2.477241897583007812e+01
3.024625539779663086e+00
-4.737681746482849121e-01
-4.092221832275390625e+01
1.655867958068847656e+01
-6.295511722564697266e-01
-4.132410049438476562e+01
-8.976977348327636719e+00
-2.063600540161132812e+01
-3.752753448486328125e+01
-4.250301420688629150e-02
-2.326872572302818298e-02
-2.491625025868415833e-02
-4.615787789225578308e-02
-4.779643192887306213e-02
-4.218112211674451828e-03
-2.285109274089336395e-02
4.075867123901844025e-03
-1.150222402065992355e-02
-9.887284851074218750e+01
-3.205259094238281250e+02
-3.607459106445312500e+02
-1.460373992919921875e+02
-3.490473022460937500e+02
-3.425483398437500000e+02
-2.135467224121093750e+02
-3.610711975097656250e+02
-3.123681030273437500e+02
-4.895595703125000000e+02
-3.464203186035156250e+02
-3.190003051757812500e+02
-5.288110961914062500e+02
-3.271700134277343750e+02
-3.044815673828125000e+02
-5.587464599609375000e+02
-3.438950805664062500e+02
-3.283959350585937500e+02
-2.444708862304687500e+02
-3.273823852539062500e+02
2.600950431823730469e+01
-2.182650756835937500e+02
-2.575455017089843750e+02
1.477390899658203125e+02
-2.550172729492187500e+02
-3.066971435546875000e+02
7.410661315917968750e+01
-5.707507324218750000e+02
-4.574017944335937500e+02
-4.511835021972656250e+02
-4.741268920898437500e+02
-3.052915344238281250e+02
-3.661586303710937500e+02
-4.080373229980468750e+02
-2.471806793212890625e+02
-3.285462036132812500e+02
-1.659585952758789062e+01
-9.054000854492187500e+00
-2.754768180847167969e+01
-5.668941116333007812e+01
-4.966559219360351562e+01
-7.804169464111328125e+01
-4.393695449829101562e+01
-5.913654327392578125e+01
-8.036537170410156250e+01
-1.255571670532226562e+02
-7.689243316650390625e+01
-7.822554016113281250e+01
-1.236833648681640625e+02
-5.741408538818359375e+01
-7.034209442138671875e+01
-9.397004699707031250e+01
-1.067019271850585938e+01
-3.931085586547851562e+01
-1.458500244140625000e+03
-1.375639038085937500e+03
-8.586747436523437500e+02
-1.313531250000000000e+03
-1.175626831054687500e+03
-5.954125366210937500e+02
-8.669394531250000000e+02
-7.856031494140625000e+02
-4.430211181640625000e+02
-1.017380432128906250e+03
-9.225389404296875000e+02
-6.983949584960937500e+02
-9.619711914062500000e+02
-9.503475341796875000e+02
-6.492980346679687500e+02
-8.881465454101562500e+02
-8.276309204101562500e+02
-5.360279541015625000e+02
-1.622199401855468750e+02
-1.661440124511718750e+02
-1.679529876708984375e+02
-3.799875640869140625e+01
-1.191902008056640625e+02
-1.134412002563476562e+02
-1.340659332275390625e+01
-1.054756851196289062e+02
-9.079937744140625000e+01
-2.573076248168945312e+01
-3.954296493530273438e+01
-3.079493522644042969e+01
-3.483832550048828125e+01
-4.207144927978515625e+01
-3.199011993408203125e+01
-4.007681274414062500e+01
-4.085561752319335938e+01
-3.286540222167968750e+01
-9.776647186279296875e+01
-1.043458862304687500e+02
-1.228686676025390625e+02
-1.390279235839843750e+02
-1.329289703369140625e+02
-1.422842559814453125e+02
-1.580267333984375000e+02
-1.126069259643554688e+02
-9.104031372070312500e+01
-4.403503036499023438e+01
-2.948263740539550781e+01
-1.324572181701660156e+01
-5.437007141113281250e+01
-1.524839210510253906e+01
-1.692353057861328125e+01
-5.870831680297851562e+01
1.271077156066894531e+01
-2.223922348022460938e+01
-2.280102729797363281e+00
1.853184103965759277e-01
8.623163223266601562e+00
8.043154907226562500e+01
7.772520446777343750e+01
4.868506240844726562e+01
-1.077531695365905762e+00
-8.803347587585449219e+00
-1.879693031311035156e+01
2.043434524536132812e+01
2.612378311157226562e+01
2.908202171325683594e+01
2.085864257812500000e+01
2.796715164184570312e+01
3.100115203857421875e+01
1.691399574279785156e+01
2.080396080017089844e+01
2.374144363403320312e+01
-2.483335256576538086e+00
2.080053520202636719e+01
7.107644081115722656e+00
-7.282859802246093750e+00
1.746105194091796875e+01
1.630247306823730469e+01
-8.695370674133300781e+00
7.449216365814208984e+00
4.429505825042724609e+00
7.707483321428298950e-02
1.153655275702476501e-01
1.138018295168876648e-01
1.538209337741136551e-02
9.908434003591537476e-04
1.093761902302503586e-02
-7.337352260947227478e-03
3.438574960455298424e-03
-1.167862582951784134e-02
2.411795196533203125e+02
2.043164978027343750e+02
5.322992706298828125e+01
2.107592315673828125e+02
2.043000946044921875e+02
4.395079421997070312e+01
1.646552276611328125e+02
1.234320983886718750e+02
8.374850273132324219e+00
3.108254089355468750e+02
3.884672241210937500e+02
4.449606628417968750e+02
1.870768432617187500e+02
2.476065673828125000e+02
3.130840759277343750e+02
1.609555358886718750e+02
2.062524871826171875e+02
2.938334960937500000e+02
7.431652069091796875e+01
1.565597381591796875e+02
4.034534301757812500e+02
8.495562553405761719e+00
5.913935089111328125e+01
3.164411621093750000e+02
-3.823509216308593750e+00
3.147531509399414062e+01
2.406690368652343750e+02
1.674663696289062500e+02
1.585896148681640625e+02
8.576573944091796875e+01
1.561674346923828125e+02
1.898732299804687500e+02
1.170531158447265625e+02
1.210359344482421875e+02
1.880250091552734375e+02
1.662303314208984375e+02
5.201600265502929688e+01
3.529135894775390625e+01
3.766500473022460938e+01
1.104055500030517578e+01
-1.545571327209472656e+01
-4.018240928649902344e+00
-4.836766242980957031e+00
-2.690635681152343750e+00
-9.760947227478027344e+00
4.924535369873046875e+01
5.849214553833007812e+01
3.994939422607421875e+01
4.461892318725585938e+01
5.753007507324218750e+01
3.533376693725585938e+01
3.572296142578125000e+01
5.356258773803710938e+01
2.691187286376953125e+01
2.156395263671875000e+02
1.317369689941406250e+02
2.856419372558593750e+02
4.380444641113281250e+02
3.610977172851562500e+02
4.493286132812500000e+02
4.195742187500000000e+02
4.467914733886718750e+02
5.105157470703125000e+02
5.550664062500000000e+02
6.115956420898437500e+02
7.191099853515625000e+02
5.382656250000000000e+02
5.765650634765625000e+02
6.344255981445312500e+02
4.856670227050781250e+02
5.431304931640625000e+02
5.535724487304687500e+02
5.097205734252929688e+01
9.388222503662109375e+01
9.397324562072753906e+00
3.909663391113281250e+01
6.761798095703125000e+01
5.180344104766845703e+00
2.861418151855468750e+01
4.297600555419921875e+01
7.860045433044433594e+00
1.294622325897216797e+01
4.367198467254638672e+00
-2.321184635162353516e+00
1.393966579437255859e+01
8.294974327087402344e+00
2.469084739685058594e+00
1.145634174346923828e+01
7.704759120941162109e+00
6.080373287200927734e+00
-1.165640735626220703e+01
-1.437963247299194336e-01
4.053547859191894531e+00
-1.301180458068847656e+01
1.597917556762695312e+00
1.334084892272949219e+01
-1.738655447959899902e+00
9.776332855224609375e+00
1.559348106384277344e+01
5.480076980590820312e+01
1.857981491088867188e+01
1.003109359741210938e+01
2.936155891418457031e+01
6.257954120635986328e+00
7.693941116333007812e+00
1.048495864868164062e+01
2.959586620330810547e+00
6.663534164428710938e+00
1.124124050140380859e+01
3.666917800903320312e+00
-2.897549629211425781e+00
1.435924434661865234e+01
8.745999336242675781e+00
2.760194778442382812e+00
8.457877159118652344e+00
9.864336967468261719e+00
1.157449436187744141e+01
6.112713623046875000e+02
7.318399047851562500e+02
6.360461425781250000e+02
7.714018554687500000e+02
8.510737915039062500e+02
7.120348510742187500e+02
8.615360107421875000e+02
8.800202026367187500e+02
7.281378173828125000e+02
5.215171432495117188e+01
-6.333541870117187500e+01
-4.783355331420898438e+01
-4.898709487915039062e+01
-1.779064331054687500e+02
9.557234764099121094e+00
-1.533762207031250000e+02
-2.877702026367187500e+02
-1.550577392578125000e+02
-2.699944078922271729e-01
6.214133650064468384e-02
-6.132780760526657104e-02
3.282022103667259216e-02
4.397507309913635254e-01
2.762578427791595459e-01
3.526943027973175049e-01
3.857196867465972900e-01
-1.365966349840164185e-01
2.944686279296875000e+03
8.437357177734375000e+02
8.525219116210937500e+02
2.047440551757812500e+03
3.257399597167968750e+02
8.259033203125000000e+02
1.343928100585937500e+03
-1.849549255371093750e+02
8.798747558593750000e+02
1.178256738281250000e+04
1.401999316406250000e+04
1.513699609375000000e+04
1.199360546875000000e+04
1.462682519531250000e+04
1.530116992187500000e+04
1.211988671875000000e+04
1.446558789062500000e+04
1.488179492187500000e+04
1.001485449218750000e+04
1.674623632812500000e+04
1.725242578125000000e+04
1.402037890625000000e+04
1.843640234375000000e+04
1.750943750000000000e+04
1.362316210937500000e+04
1.574940039062500000e+04
1.402359472656250000e+04
2.325477050781250000e+03
2.742230468750000000e+03
3.008179443359375000e+03
2.847540527343750000e+03
3.629296142578125000e+03
3.541834228515625000e+03
3.215526123046875000e+03
3.605347167968750000e+03
3.273556396484375000e+03
1.728107299804687500e+03
1.528768188476562500e+03
1.401281372070312500e+03
1.191602905273437500e+03
7.047034301757812500e+02
7.405975952148437500e+02
-5.904463195800781250e+01
-1.424837036132812500e+02
5.686772155761718750e+01
7.703479003906250000e+02
8.376865844726562500e+02
1.285767822265625000e+03
1.240850830078125000e+03
1.777092895507812500e+03
1.979689697265625000e+03
1.684230590820312500e+03
2.450465087890625000e+03
2.643524414062500000e+03
8.405995117187500000e+03
1.372056054687500000e+04
1.609715136718750000e+04
1.459002734375000000e+04
1.853472656250000000e+04
1.869433789062500000e+04
1.854134179687500000e+04
2.027680664062500000e+04
1.863765820312500000e+04
1.423953808593750000e+04
1.897417968750000000e+04
2.407650585937500000e+04
1.870800781250000000e+04
2.396988476562500000e+04
2.839011328125000000e+04
2.196236718750000000e+04
2.745732031250000000e+04
2.994825976562500000e+04
2.454799072265625000e+03
1.152103637695312500e+03
5.022102355957031250e+02
2.137435546875000000e+03
6.988366088867187500e+02
2.771791992187500000e+02
1.881199096679687500e+03
6.526545410156250000e+02
4.858572082519531250e+02
6.468805694580078125e+01
2.451946830749511719e+01
2.589618110656738281e+01
-1.439206361770629883e+00
4.393377304077148438e+01
6.275994491577148438e+01
-1.986270713806152344e+01
9.583415222167968750e+01
6.612205505371093750e+01
1.564317382812500000e+03
1.662046752929687500e+03
1.577188232421875000e+03
1.487057006835937500e+03
1.729297973632812500e+03
1.676345336914062500e+03
1.337036865234375000e+03
1.688389648437500000e+03
2.286925292968750000e+03
3.597411193847656250e+02
1.186892929077148438e+02
1.328867034912109375e+02
1.847440795898437500e+02
1.729240264892578125e+02
1.797155189514160156e+01
1.486593170166015625e+02
1.787634277343750000e+02
-4.934733963012695312e+01
4.382426452636718750e+02
3.213266296386718750e+02
2.061321716308593750e+02
6.435053710937500000e+02
4.681363220214843750e+02
4.322521362304687500e+02
2.171688385009765625e+02
-1.632965469360351562e+01
7.137000274658203125e+01
1.234536170959472656e+01
1.221338272094726562e+01
1.094409370422363281e+01
1.547619342803955078e+01
1.620700263977050781e+01
1.597480869293212891e+01
1.225266361236572266e+01
1.223708534240722656e+01
1.529302978515625000e+01
8.510659217834472656e+00
9.671835899353027344e+00
7.806388854980468750e+00
7.343713760375976562e+00
8.791864395141601562e+00
1.967600631713867188e+01
6.423200130462646484e+00
6.114973068237304688e+00
2.533622169494628906e+01
4.696893971413373947e-03
1.543586980551481247e-02
7.464116904884576797e-03
3.660916164517402649e-02
4.090470820665359497e-02
5.341301485896110535e-02
1.208515185862779617e-02
6.844171322882175446e-03
1.015533041208982468e-02
9.032603454589843750e+01
1.356935882568359375e+02
1.111607284545898438e+02
1.266003112792968750e+02
2.064375610351562500e+02
2.004528961181640625e+02
1.288992614746093750e+02
2.022442321777343750e+02
2.258148498535156250e+02
1.616166076660156250e+02
2.201456146240234375e+02
1.740301361083984375e+02
9.916369628906250000e+01
1.526044464111328125e+02
1.437754821777343750e+02
9.016585540771484375e+01
1.531538238525390625e+02
1.371601409912109375e+02
1.041088714599609375e+02
7.373947143554687500e+01
7.489282226562500000e+01
9.371456146240234375e+01
3.602796554565429688e+01
4.434157943725585938e+01
7.255066680908203125e+01
-1.718434906005859375e+01
-1.503296852111816406e+01
1.768811492919921875e+02
2.351316375732421875e+02
2.151508178710937500e+02
2.784769287109375000e+02
3.348866271972656250e+02
2.948929443359375000e+02
3.288997802734375000e+02
3.640891723632812500e+02
3.258611145019531250e+02
4.765707015991210938e+01
4.358314514160156250e+01
4.545629501342773438e+01
2.781769180297851562e+01
2.637710189819335938e+01
3.909040832519531250e+01
1.029204177856445312e+01
2.156505393981933594e+01
2.550271606445312500e+01
3.572202682495117188e+01
5.166669082641601562e+01
3.283397674560546875e+01
3.254813766479492188e+01
5.959911727905273438e+01
3.480743408203125000e+01
2.280944442749023438e+01
4.163817977905273438e+01
1.507117271423339844e+01
5.180722656250000000e+02
4.227862854003906250e+02
3.545317077636718750e+02
6.508740844726562500e+02
5.588801269531250000e+02
3.827339782714843750e+02
6.697545776367187500e+02
6.098007812500000000e+02
4.050287780761718750e+02
3.817686462402343750e+02
4.067478637695312500e+02
3.058105468750000000e+02
4.358087158203125000e+02
4.297448425292968750e+02
2.750883178710937500e+02
3.712561645507812500e+02
3.615712280273437500e+02
2.434114837646484375e+02
7.747030639648437500e+01
9.426683044433593750e+01
8.110662078857421875e+01
9.336451721191406250e+01
1.189978332519531250e+02
1.204537353515625000e+02
7.876807403564453125e+01
1.050301971435546875e+02
1.191514129638671875e+02
6.995140075683593750e+00
1.396861648559570312e+01
1.278460979461669922e+01
1.668354606628417969e+01
2.624861526489257812e+01
2.450032806396484375e+01
2.170885467529296875e+01
2.765083694458007812e+01
3.005668830871582031e+01
2.334786605834960938e+01
2.382741165161132812e+01
2.337844085693359375e+01
3.051483917236328125e+01
3.851509094238281250e+01
4.581318664550781250e+01
4.075860214233398438e+01
4.779339218139648438e+01
5.510505294799804688e+01
1.770437622070312500e+01
2.399093437194824219e+01
1.224832057952880859e+01
3.623197174072265625e+01
5.745553207397460938e+01
3.428063964843750000e+01
3.268310165405273438e+01
3.997259140014648438e+01
2.407228088378906250e+01
2.404266357421875000e+00
1.180187940597534180e+00
-1.012162685394287109e+00
1.305795288085937500e+01
1.483307647705078125e+01
9.450638771057128906e+00
1.477266693115234375e+01
2.075600051879882812e+01
1.657152938842773438e+01
1.391174316406250000e+00
-2.858174405992031097e-02
-1.837301850318908691e-01
9.798225164413452148e-01
2.391870617866516113e-01
-2.684176564216613770e-01
4.064553976058959961e-01
-2.540616095066070557e-01
-5.978855490684509277e-01
4.381021976470947266e+00
2.850444078445434570e+00
8.891854286193847656e-01
3.970186710357666016e+00
5.530010700225830078e+00
4.215764522552490234e+00
-1.025754570960998535e+00
-4.645406603813171387e-01
9.224700182676315308e-02
8.837619796395301819e-03
5.559978075325489044e-03
1.270654174732044339e-04
-1.565381139516830444e-02
-2.467862097546458244e-03
-6.864723283797502518e-03
6.240046350285410881e-04
-5.957621615380048752e-03
-2.415789989754557610e-03
-1.195917510986328125e+01
-8.219791412353515625e+00
7.869737148284912109e+00
-7.884506225585937500e+00
7.533999919891357422e+00
9.648331642150878906e+00
-9.795627593994140625e+00
1.375284957885742188e+01
1.078025341033935547e+01
-3.447318077087402344e+00
2.616275548934936523e+00
-7.975039005279541016e+00
-1.187842369079589844e+01
-5.648240566253662109e+00
-1.949561119079589844e+01
-1.116108131408691406e+01
-4.984040260314941406e+00
-2.639652633666992188e+01
2.174312400817871094e+01
5.033123493194580078e-01
-5.887285232543945312e+00
1.174523639678955078e+01
-1.589998149871826172e+01
-2.358686447143554688e+01
1.616436195373535156e+01
-1.682229232788085938e+01
-1.666486358642578125e+01
-4.105331420898437500e+00
5.903701782226562500e+00
4.341649413108825684e-01
6.226252079010009766e+00
1.333268928527832031e+01
4.508795738220214844e+00
7.963615894317626953e+00
1.165329742431640625e+01
5.955537796020507812e+00
-1.457657337188720703e+00
-1.714351177215576172e+00
-1.579632759094238281e+00
1.859554409980773926e+00
3.874168157577514648e+00
5.856093406677246094e+00
1.298290348052978516e+01
2.156904220581054688e+01
1.684932708740234375e+01
-3.310903906822204590e-01
1.816510677337646484e+00
-7.782028913497924805e-01
-8.027849197387695312e-01
1.040137648582458496e+00
-1.601829648017883301e+00
-1.965177893638610840e+00
4.866985678672790527e-01
-2.799938440322875977e+00
1.919465637207031250e+01
8.143780708312988281e+00
-5.073852062225341797e+00
3.532270812988281250e+01
9.788853645324707031e+00
-1.097653579711914062e+01
6.422246551513671875e+01
1.027974796295166016e+01
-2.855125045776367188e+01
7.869480133056640625e+00
-1.814075469970703125e+01
-2.629984474182128906e+01
-2.702889442443847656e+00
-2.075429916381835938e+01
-3.129033279418945312e+01
9.858053207397460938e+00
-9.387306213378906250e+00
-4.735493469238281250e+01
3.417366981506347656e+00
8.011713981628417969e+00
1.711698293685913086e+00
2.398593425750732422e+00
1.087384891510009766e+01
9.697008132934570312e+00
4.049628257751464844e+00
1.131814384460449219e+01
7.515475749969482422e+00
1.018245369195938110e-01
1.065950036048889160e+00
5.588282346725463867e-01
7.144154310226440430e-01
1.848740696907043457e+00
3.117612600326538086e-01
1.192084312438964844e+00
1.720477461814880371e+00
-2.668463438749313354e-02
6.575165271759033203e+00
6.511360645294189453e+00
3.041138648986816406e+00
3.506998300552368164e+00
5.726682662963867188e+00
1.362532377243041992e+00
2.138548135757446289e+00
-7.112412452697753906e-01
-1.832251548767089844e-01
-2.845258474349975586e+00
-2.106184005737304688e+00
3.456227302551269531e+00
-3.830996274948120117e+00
1.316714167594909668e+00
4.251875400543212891e+00
-6.627345561981201172e+00
2.328327894210815430e+00
2.853750944137573242e+00
1.015103101730346680e+00
-1.584302067756652832e+00
-4.386962890625000000e+00
7.909539222717285156e+00
5.631933689117431641e+00
6.813372611999511719e+00
1.448059082031250000e-01
2.597039461135864258e+00
-4.802152514457702637e-01
1.741308403015136719e+01
1.641391754150390625e+01
1.167953586578369141e+01
2.350701141357421875e+01
2.070520782470703125e+01
1.542053794860839844e+01
2.713784217834472656e+01
2.526705551147460938e+01
1.828369140625000000e+01
1.702118492126464844e+01
3.391250228881835938e+01
1.873130989074707031e+01
3.690078735351562500e+01
3.295338821411132812e+01
-2.217725515365600586e+00
2.892094802856445312e+01
2.248454284667968750e+01
1.335657685995101929e-01
8.852955885231494904e-03
-1.074816659092903137e-02
-3.885498270392417908e-02
-9.021016769111156464e-03
-8.813704364001750946e-03
-2.284981124103069305e-02
-8.463494479656219482e-03
2.494961721822619438e-03
-3.660128917545080185e-03
-5.742752075195312500e+00
-5.465044403076171875e+01
-2.538225097656250000e+02
2.123034286499023438e+01
-9.259020996093750000e+01
-2.719106750488281250e+02
-4.126968002319335938e+01
-1.306665649414062500e+02
-2.288260040283203125e+02
8.015798950195312500e+01
6.130157947540283203e+00
2.067940139770507812e+01
5.481026840209960938e+01
1.023261070251464844e+01
6.429137420654296875e+01
9.725321769714355469e+00
-1.275484752655029297e+01
1.167375717163085938e+02
3.695880126953125000e+02
3.797848510742187500e+02
4.062981872558593750e+02
4.156198730468750000e+02
4.369474487304687500e+02
4.947896423339843750e+02
4.408213806152343750e+02
4.941387939453125000e+02
5.152792968750000000e+02
-2.840413208007812500e+02
-3.155012512207031250e+02
-2.033558959960937500e+02
-3.287835693359375000e+02
-2.929737243652343750e+02
-2.098630828857421875e+02
-2.574319152832031250e+02
-2.060846710205078125e+02
-1.643267211914062500e+02
3.704494857788085938e+01
2.676291465759277344e+01
-8.922455787658691406e+00
1.056514072418212891e+01
4.950257539749145508e-01
-1.763375473022460938e+01
1.373154830932617188e+01
1.809225273132324219e+01
5.375265479087829590e-01
2.025454139709472656e+01
2.603435325622558594e+01
4.794363784790039062e+01
2.943260002136230469e+01
4.446670913696289062e+01
6.881958770751953125e+01
3.318946075439453125e+01
5.149422073364257812e+01
6.419912719726562500e+01
3.389678344726562500e+02
2.922050476074218750e+02
4.511820983886718750e+02
2.435520324707031250e+02
2.568728027343750000e+02
4.964318237304687500e+02
1.860671844482421875e+02
3.400239562988281250e+02
5.076028137207031250e+02
-2.187733459472656250e+02
-4.428434371948242188e+00
-3.172629356384277344e+00
-3.661738967895507812e+01
1.328210296630859375e+02
2.989889907836914062e+01
9.695780944824218750e+01
1.649859466552734375e+02
2.285467147827148438e+01
1.620366516113281250e+02
2.338627319335937500e+02
1.545332946777343750e+02
1.969725036621093750e+02
2.127504882812500000e+02
1.080486450195312500e+02
1.698927154541015625e+02
1.380494079589843750e+02
5.622190475463867188e+01
-1.581723022460937500e+01
-2.764878845214843750e+01
-1.654387664794921875e+01
-2.613351821899414062e+01
-2.734639167785644531e+01
-1.350536918640136719e+01
-1.816042137145996094e+01
-1.195932102203369141e+01
-5.537499427795410156e+00
1.579123382568359375e+02
1.313218078613281250e+02
1.285040130615234375e+02
1.415502777099609375e+02
1.151865997314453125e+02
1.296927185058593750e+02
1.153373184204101562e+02
1.234760284423828125e+02
1.549042053222656250e+02
-3.992364883422851562e+01
-7.535800170898437500e+01
-6.184341812133789062e+01
-6.048295974731445312e+01
-7.258669281005859375e+01
-6.471785736083984375e+01
-6.699748229980468750e+01
-5.495154571533203125e+01
-2.928220558166503906e+01
-7.211834907531738281e+00
-5.087413787841796875e+00
3.432937860488891602e+00
-4.523959732055664062e+01
-4.981124877929687500e+01
-3.336672973632812500e+01
-4.283473968505859375e+01
-6.613885498046875000e+01
-4.002868270874023438e+01
1.279753398895263672e+01
1.360828304290771484e+01
1.359322834014892578e+01
1.871218872070312500e+01
1.807254600524902344e+01
1.615491104125976562e+01
2.023901939392089844e+01
1.919608497619628906e+01
1.655034065246582031e+01
4.176784753799438477e-01
1.008709549903869629e+00
-1.713649272918701172e+00
-1.571582198143005371e+00
-7.544156074523925781e+00
-3.365060091018676758e-01
-1.458990454673767090e+00
-7.362728118896484375e+00
5.039785385131835938e+00
-1.937583275139331818e-02
-1.366260182112455368e-02
-4.946828819811344147e-03
2.401129901409149170e-02
1.730936765670776367e-02
2.497694641351699829e-02
5.816653370857238770e-03
5.636871792376041412e-03
3.560960525646805763e-03
7.851993560791015625e+01
7.291763305664062500e+01
4.797922897338867188e+01
6.303648757934570312e+01
7.985513305664062500e+01
7.385071563720703125e+01
4.359902572631835938e+01
7.589896392822265625e+01
7.920265197753906250e+01
3.173622131347656250e+02
3.820068054199218750e+02
3.522573547363281250e+02
3.107975769042968750e+02
3.933515930175781250e+02
3.820051269531250000e+02
2.841864013671875000e+02
3.524338378906250000e+02
3.657328186035156250e+02
2.634743652343750000e+02
2.904979858398437500e+02
3.061427612304687500e+02
3.128297729492187500e+02
3.225153808593750000e+02
3.277577514648437500e+02
2.695798645019531250e+02
2.355499114990234375e+02
2.317709045410156250e+02
8.889368438720703125e+01
1.301094360351562500e+02
1.317731933593750000e+02
1.141909790039062500e+02
1.610444488525390625e+02
1.529580383300781250e+02
1.453688507080078125e+02
1.730018310546875000e+02
1.639442596435546875e+02
6.194920349121093750e+01
5.185192108154296875e+01
4.998300933837890625e+01
3.921580123901367188e+01
3.077723693847656250e+01
3.382345199584960938e+01
-9.957111358642578125e+00
-6.847771167755126953e+00
5.177751541137695312e+00
2.231989860534667969e+01
4.056234359741210938e+01
3.692340469360351562e+01
2.938523483276367188e+01
5.649497222900390625e+01
4.887408447265625000e+01
4.133771896362304688e+01
7.044655609130859375e+01
5.497585678100585938e+01
2.610411987304687500e+02
3.036290283203125000e+02
3.347802124023437500e+02
4.021705932617187500e+02
4.621563110351562500e+02
4.479245910644531250e+02
4.340925292968750000e+02
4.599082641601562500e+02
3.848133850097656250e+02
5.465680541992187500e+02
6.186752929687500000e+02
5.889510498046875000e+02
6.429260864257812500e+02
7.264094238281250000e+02
6.865606689453125000e+02
6.690345458984375000e+02
7.340480346679687500e+02
7.101671142578125000e+02
1.155370903015136719e+01
1.866179466247558594e+01
6.365884304046630859e+00
3.193034934997558594e+01
3.799669647216796875e+01
2.586133193969726562e+01
1.250340938568115234e+01
1.589864921569824219e+01
8.998984336853027344e+00
2.429914951324462891e+00
5.777078151702880859e+00
4.678951740264892578e+00
1.805771887302398682e-01
6.690668106079101562e+00
7.539659023284912109e+00
1.469618916511535645e+00
8.867283821105957031e+00
7.017984867095947266e+00
2.499958992004394531e+01
1.707746124267578125e+01
1.177225685119628906e+01
2.371697807312011719e+01
3.477055740356445312e+01
3.824983978271484375e+01
2.036224365234375000e+01
3.543236923217773438e+01
5.106893539428710938e+01
1.374425506591796875e+01
1.387465763092041016e+01
7.002904891967773438e+00
2.087185287475585938e+01
2.826018524169921875e+01
1.548602771759033203e+01
1.629424476623535156e+01
2.044485664367675781e+01
1.346051120758056641e+01
2.578357315063476562e+01
2.159817504882812500e+01
2.209300994873046875e+01
7.016362190246582031e+00
3.259519100189208984e+00
1.022575497627258301e+00
8.077749252319335938e+00
2.123212575912475586e+00
-9.297245740890502930e-01
3.474864959716796875e+01
3.988698959350585938e+01
5.085808563232421875e+01
3.085573577880859375e+01
3.740732574462890625e+01
5.043744659423828125e+01
2.464964485168457031e+01
3.467471694946289062e+01
4.916497802734375000e+01
8.007222175598144531e+00
1.293001937866210938e+01
2.039097785949707031e+01
1.549059104919433594e+01
2.468126678466796875e+01
3.819371414184570312e+01
1.222510814666748047e+01
1.475509738922119141e+01
3.004812431335449219e+01
4.276325926184654236e-02
5.071744322776794434e-02
4.596630856394767761e-02
-1.750686392188072205e-02
-1.165990717709064484e-02
1.119288709014654160e-02
-1.774494769051671028e-03
1.419660635292530060e-02
2.297880686819553375e-02
5.002930297851562500e+02
6.577745971679687500e+02
7.662943115234375000e+02
5.406353149414062500e+02
7.282056274414062500e+02
8.155102539062500000e+02
5.452918701171875000e+02
7.116212158203125000e+02
7.595505981445312500e+02
4.361949157714843750e+02
4.983491821289062500e+02
4.268854064941406250e+02
3.435309448242187500e+02
4.094914245605468750e+02
3.540362854003906250e+02
4.307005920410156250e+02
4.833151550292968750e+02
4.395500488281250000e+02
1.151253662109375000e+02
3.115191841125488281e+01
7.797812652587890625e+01
7.250508880615234375e+01
1.066498565673828125e+01
1.434781188964843750e+02
6.145478057861328125e+01
3.068118476867675781e+01
2.144187774658203125e+02
1.250338134765625000e+03
1.302047241210937500e+03
1.189292724609375000e+03
1.317397460937500000e+03
1.349018188476562500e+03
1.213480834960937500e+03
1.204864868164062500e+03
1.237665893554687500e+03
1.134149291992187500e+03
5.259558868408203125e+01
5.205436325073242188e+01
7.054150390625000000e+01
5.429299545288085938e+01
6.032333755493164062e+01
6.480006408691406250e+01
1.046743927001953125e+02
1.201543045043945312e+02
1.087051544189453125e+02
1.272803039550781250e+02
1.357108459472656250e+02
7.799647521972656250e+01
9.761834716796875000e+01
9.731025695800781250e+01
4.647094726562500000e+01
7.456188964843750000e+01
7.240234375000000000e+01
4.962487411499023438e+01
1.785152709960937500e+03
1.694720581054687500e+03
1.678493164062500000e+03
1.731162597656250000e+03
1.603692016601562500e+03
1.643732543945312500e+03
1.648097290039062500e+03
1.626248901367187500e+03
1.760904541015625000e+03
1.247960205078125000e+03
1.123812133789062500e+03
1.085833862304687500e+03
1.024078857421875000e+03
8.754951171875000000e+02
8.928817749023437500e+02
8.858378295898437500e+02
8.219455566406250000e+02
9.413563232421875000e+02
1.705283203125000000e+02
2.138271179199218750e+02
2.787840270996093750e+02
1.844512329101562500e+02
2.595455017089843750e+02
3.530505981445312500e+02
2.462516479492187500e+02
3.112815246582031250e+02
3.778796386718750000e+02
6.943931579589843750e+01
8.439736938476562500e+01
7.792594909667968750e+01
8.098360443115234375e+01
9.502928161621093750e+01
8.019084167480468750e+01
7.231438446044921875e+01
8.132279968261718750e+01
7.031160736083984375e+01
6.864352416992187500e+01
8.795344543457031250e+01
1.010292358398437500e+02
7.929729461669921875e+01
8.954605102539062500e+01
8.309817504882812500e+01
8.197536468505859375e+01
8.019064331054687500e+01
6.958412933349609375e+01
1.505051727294921875e+02
1.640756225585937500e+02
1.212280349731445312e+02
1.671950225830078125e+02
1.701546325683593750e+02
1.183960800170898438e+02
1.787950286865234375e+02
1.667562713623046875e+02
1.242145156860351562e+02
5.997647476196289062e+01
7.148093414306640625e+01
6.467834472656250000e+01
1.665948944091796875e+02
1.835668334960937500e+02
1.760795288085937500e+02
1.361388549804687500e+02
1.434651336669921875e+02
1.264713745117187500e+02
3.892349481582641602e+00
4.701617717742919922e+00
2.858435630798339844e+00
2.362429141998291016e+00
3.573579788208007812e+00
2.852662801742553711e+00
1.940874338150024414e+00
1.229316711425781250e+00
4.462926387786865234e-01
-2.842081308364868164e+00
-4.685721099376678467e-01
3.962663888931274414e+00
-1.196855187416076660e+00
3.822823524475097656e+00
8.021563529968261719e+00
1.655688643455505371e+00
5.369359970092773438e+00
7.954694747924804688e+00
3.368442878127098083e-02
3.642120212316513062e-02
3.211056813597679138e-02
1.537990104407072067e-02
1.064360328018665314e-02
9.551894851028919220e-03
-1.757089979946613312e-03
-2.734982408583164215e-03
-1.264220941811800003e-02
9.139863967895507812e+00
1.171994018554687500e+01
-1.619326210021972656e+01
4.873604297637939453e+00
7.406122684478759766e+00
-3.205648040771484375e+01
1.242938995361328125e+01
9.407372474670410156e+00
-3.452428054809570312e+01
6.429026794433593750e+01
6.905410766601562500e+01
5.130764770507812500e+01
5.714258575439453125e+01
6.076151275634765625e+01
3.251236343383789062e+01
8.535594177246093750e+01
7.715039825439453125e+01
1.269269561767578125e+01
5.138053131103515625e+01
4.060816192626953125e+01
3.636912155151367188e+01
5.403080749511718750e+01
2.661941528320312500e+01
-2.536481380462646484e+00
4.653330230712890625e+01
2.563410377502441406e+01
-5.285944938659667969e-01
3.338586425781250000e+01
1.439810371398925781e+01
-1.177928543090820312e+01
2.309080886840820312e+01
1.264676666259765625e+01
-4.430065631866455078e+00
3.181809616088867188e+01
2.520530700683593750e+01
1.331099224090576172e+01
1.274655818939208984e+00
6.583502292633056641e+00
7.592434406280517578e+00
2.661390781402587891e+00
-2.501283884048461914e-01
-8.937805175781250000e+00
2.046676063537597656e+01
2.296728134155273438e+00
-7.018082618713378906e+00
9.577284812927246094e+00
7.284784317016601562e+00
4.844970226287841797e+00
2.177755355834960938e+01
8.433672904968261719e+00
1.643747210502624512e+00
2.256307601928710938e+01
1.127228546142578125e+01
2.351449489593505859e+00
3.687322998046875000e+01
6.931335449218750000e+00
-8.354712486267089844e+00
1.197114410400390625e+02
6.033830261230468750e+01
-1.897598648071289062e+01
1.571869964599609375e+02
9.112486267089843750e+01
-7.597901821136474609e+00
1.262300949096679688e+02
8.862222290039062500e+01
6.198265838623046875e+01
1.779587402343750000e+02
1.136438369750976562e+02
5.248360824584960938e+01
1.977384185791015625e+02
1.481676330566406250e+02
7.872272491455078125e+01
1.064342403411865234e+01
9.827240943908691406e+00
2.300160408020019531e+00
-8.298065185546875000e+00
-7.721068382263183594e+00
-2.191977691650390625e+01
-2.967372512817382812e+01
-1.960280799865722656e+01
-2.914435768127441406e+01
1.264822959899902344e+00
-4.077017307281494141e+00
-8.799193382263183594e+00
3.535913705825805664e+00
5.232077598571777344e+00
-5.644235610961914062e+00
8.200420141220092773e-01
2.610660076141357422e+00
-1.211351156234741211e+00
-8.838516235351562500e+00
-6.583429813385009766e+00
4.553906440734863281e+00
-1.129427528381347656e+01
-6.037500858306884766e+00
2.033673524856567383e-01
7.387462139129638672e+00
4.515059471130371094e+00
-3.823112249374389648e+00
2.756903076171875000e+01
7.707835197448730469e+00
1.226460361480712891e+01
2.169723701477050781e+01
-5.665767669677734375e+00
1.122483062744140625e+01
1.398001003265380859e+01
-4.685132503509521484e+00
5.926807880401611328e+00
6.732909202575683594e+00
-1.367964982986450195e+00
-5.867215633392333984e+00
9.591256082057952881e-02
4.658950567245483398e-01
-8.720122337341308594e+00
-1.572772789001464844e+01
-6.106572151184082031e+00
-1.454485416412353516e+00
4.251090393066406250e+02
5.645180053710937500e+02
5.580748901367187500e+02
4.591023559570312500e+02
5.492515258789062500e+02
5.071525268554687500e+02
5.287281494140625000e+02
4.954668273925781250e+02
3.923993835449218750e+02
1.852372741699218750e+02
5.110553283691406250e+02
2.508544769287109375e+02
3.221742630004882812e+01
2.965365982055664062e+01
-7.119787597656250000e+01
7.035756683349609375e+01
-7.812051391601562500e+01
-2.615449829101562500e+02
-1.863843351602554321e-01
-6.036207079887390137e-02
-8.683242648839950562e-02
-2.731513082981109619e-01
-2.279735356569290161e-01
-3.186334967613220215e-01
2.117276489734649658e-01
3.266562148928642273e-02
5.009289458394050598e-02
3.545405517578125000e+03
2.426031982421875000e+03
-1.714569854736328125e+02
2.223195068359375000e+03
2.115553283691406250e+02
-5.921998291015625000e+02
1.517097167968750000e+03
-3.780728454589843750e+02
-2.039098052978515625e+02
7.408243652343750000e+03
7.869490234375000000e+03
1.081182128906250000e+04
6.790646484375000000e+03
6.311288574218750000e+03
9.134840820312500000e+03
6.393758789062500000e+03
7.130188476562500000e+03
9.399223632812500000e+03
6.240083984375000000e+03
7.184882812500000000e+03
1.025812792968750000e+04
7.046914550781250000e+03
8.735938476562500000e+03
9.682035156250000000e+03
7.842496582031250000e+03
1.022084082031250000e+04
9.071669921875000000e+03
1.206748046875000000e+03
2.450916259765625000e+03
3.565362060546875000e+03
2.904806823730468750e+02
1.852033447265625000e+03
3.143812500000000000e+03
1.644608154296875000e+02
1.508585083007812500e+03
2.380323242187500000e+03
7.714226684570312500e+02
6.032600097656250000e+02
1.508720550537109375e+02
5.462269973754882812e+01
-3.154131164550781250e+02
-5.734932861328125000e+02
-2.996364746093750000e+02
-6.137984619140625000e+02
-1.932414245605468750e+02
2.207398376464843750e+02
6.063822631835937500e+02
1.152608398437500000e+03
1.160457458496093750e+02
8.354407958984375000e+02
1.798647827148437500e+03
2.704267578125000000e+02
1.170426513671875000e+03
1.926977416992187500e+03
4.262530273437500000e+03
8.893919921875000000e+03
9.949417968750000000e+03
5.194526367187500000e+03
1.377902832031250000e+04
1.456663378906250000e+04
4.579546386718750000e+03
1.341481933593750000e+04
1.455883886718750000e+04
9.131985351562500000e+03
1.672706835937500000e+04
1.884927929687500000e+04
1.029033984375000000e+04
1.747560546875000000e+04
1.959011132812500000e+04
1.130904394531250000e+04
1.721710351562500000e+04
1.994904296875000000e+04
1.678219726562500000e+03
1.864044189453125000e+03
4.446079711914062500e+02
1.936572875976562500e+03
1.356852539062500000e+03
-1.647801971435546875e+02
1.298890380859375000e+03
5.368328857421875000e+02
-5.791856689453125000e+02
9.168138885498046875e+01
-5.051131057739257812e+01
1.217809295654296875e+02
-1.380133819580078125e+02
-1.309696502685546875e+02
9.931688690185546875e+01
-1.012108840942382812e+02
-1.241021881103515625e+02
1.462857513427734375e+02
5.731885986328125000e+02
7.177830200195312500e+02
4.852554016113281250e+02
5.197167968750000000e+02
3.853677368164062500e+02
3.509418029785156250e+02
3.580628051757812500e+02
5.215952758789062500e+02
7.101456298828125000e+02
5.362618408203125000e+02
2.205084075927734375e+02
-2.777559204101562500e+02
-1.294145660400390625e+02
5.086670303344726562e+01
-9.508632659912109375e+01
4.008596420288085938e+01
4.404471130371093750e+02
2.309027099609375000e+02
8.273258056640625000e+02
1.088595947265625000e+03
7.943294067382812500e+02
2.983742675781250000e+02
2.141154327392578125e+02
5.815462875366210938e+01
7.686376953125000000e+01
-1.227800598144531250e+02
-1.232958297729492188e+02
2.995318412780761719e+01
2.880042648315429688e+01
3.154695129394531250e+01
3.905865478515625000e+01
3.304072189331054688e+01
3.661559295654296875e+01
4.635516738891601562e+01
3.895037841796875000e+01
4.178094482421875000e+01
-6.730793952941894531e+00
-1.044042682647705078e+01
-3.243319034576416016e+00
2.555458068847656250e+00
5.292168617248535156e+00
-1.339603424072265625e+00
1.172550201416015625e+01
4.530899047851562500e+00
9.750902175903320312e+00
7.342796772718429565e-03
-5.264963954687118530e-03
-1.381043624132871628e-02
-3.608870552852749825e-03
6.730930414050817490e-03
5.506567191332578659e-03
-3.850764594972133636e-03
1.759455166757106781e-02
1.104048918932676315e-02
1.600893974304199219e+01
2.676407051086425781e+01
1.329157409667968750e+02
7.012110137939453125e+01
6.196424484252929688e+01
2.008378295898437500e+02
1.183726882934570312e+02
7.178489685058593750e+01
2.504854888916015625e+02
6.878839111328125000e+02
6.501487426757812500e+02
7.877777099609375000e+02
8.361652832031250000e+02
9.241962280273437500e+02
9.986768188476562500e+02
7.031035156250000000e+02
8.401896362304687500e+02
8.746687011718750000e+02
1.087588378906250000e+03
8.229562377929687500e+02
7.547839355468750000e+02
1.039733886718750000e+03
7.881054077148437500e+02
6.982918090820312500e+02
7.056666870117187500e+02
5.057438049316406250e+02
5.260148315429687500e+02
-7.786962127685546875e+01
-5.106511592864990234e+00
-4.632942676544189453e+00
-2.333793640136718750e+01
8.483264160156250000e+01
8.798699188232421875e+01
7.614749145507812500e+01
1.867511138916015625e+02
2.064900817871093750e+02
8.713610076904296875e+01
1.632384490966796875e+02
1.437165832519531250e+02
3.423635864257812500e+01
1.047213211059570312e+02
6.803408813476562500e+01
-4.918904113769531250e+01
1.492765522003173828e+01
2.678337860107421875e+01
8.281824493408203125e+01
1.262146224975585938e+02
9.802681732177734375e+01
1.260013427734375000e+02
1.273576431274414062e+02
1.006692581176757812e+02
1.434832763671875000e+02
1.342742919921875000e+02
1.215279006958007812e+02
7.198157348632812500e+02
9.349004516601562500e+02
7.165507202148437500e+02
6.468391113281250000e+02
1.000214294433593750e+03
8.639605712890625000e+02
5.483547363281250000e+02
9.687802734375000000e+02
9.538395996093750000e+02
1.576738769531250000e+03
1.428631835937500000e+03
1.334272216796875000e+03
1.820479370117187500e+03
1.782610595703125000e+03
1.732091064453125000e+03
1.717450805664062500e+03
1.729816894531250000e+03
1.827222778320312500e+03
-3.988913726806640625e+01
2.650108909606933594e+01
1.540528106689453125e+01
-6.212829971313476562e+01
3.361691951751708984e+00
4.603292846679687500e+01
-2.176097297668457031e+01
7.712271881103515625e+01
9.026728057861328125e+01
-9.347824096679687500e+00
-9.765404462814331055e-01
4.391196727752685547e+00
-3.619987368583679199e-01
-6.988097429275512695e-01
4.805986881256103516e+00
1.882966279983520508e+00
-2.260587453842163086e+00
4.536597728729248047e+00
6.147439193725585938e+01
1.028327178955078125e+02
1.421057128906250000e+02
9.473572540283203125e+01
1.695031127929687500e+02
1.601016693115234375e+02
7.200016021728515625e+01
1.746435546875000000e+02
1.703465423583984375e+02
-2.121398544311523438e+01
-1.940444755554199219e+01
1.852987861633300781e+01
-5.025769805908203125e+01
-2.448324918746948242e+00
1.708376121520996094e+01
-3.963045120239257812e+01
1.562991142272949219e+01
2.423106002807617188e+01
-7.200525665283203125e+01
-7.039830017089843750e+01
-6.437466430664062500e+01
-2.797968292236328125e+01
-1.971653366088867188e+01
-1.383150386810302734e+01
-2.100173187255859375e+01
-4.958838462829589844e+00
-1.430562782287597656e+01
4.615031814575195312e+01
5.129606628417968750e+01
5.358480072021484375e+01
4.478353881835937500e+01
4.929716110229492188e+01
5.030615234375000000e+01
4.422302627563476562e+01
4.904153442382812500e+01
4.533393478393554688e+01
7.172870635986328125e+00
2.248172187805175781e+01
4.723641967773437500e+01
1.309170246124267578e+01
1.664965057373046875e+01
3.317051696777343750e+01
1.441581916809082031e+01
1.528440093994140625e+01
2.374117088317871094e+01
4.036742076277732849e-02
4.399741068482398987e-02
5.010938271880149841e-02
-1.995542645454406738e-02
-3.415563702583312988e-02
-1.836155913770198822e-02
1.366819953545928001e-03
-1.042242627590894699e-02
7.554263342171907425e-03
1.462602081298828125e+02
2.750038757324218750e+02
1.273245620727539062e+02
1.116854324340820312e+02
2.089874114990234375e+02
5.517834091186523438e+01
1.261346511840820312e+02
2.176433258056640625e+02
1.005675582885742188e+02
4.136179504394531250e+02
4.739548645019531250e+02
5.178903198242187500e+02
4.306530761718750000e+02
4.544500732421875000e+02
4.988366088867187500e+02
3.699849853515625000e+02
3.846119079589843750e+02
4.611011962890625000e+02
6.580824584960937500e+02
6.163465576171875000e+02
7.089940795898437500e+02
5.716358642578125000e+02
5.172073364257812500e+02
6.105367431640625000e+02
6.304570312500000000e+02
6.666200561523437500e+02
7.535190429687500000e+02
1.360861511230468750e+02
1.923944091796875000e+02
2.051230926513671875e+02
4.555113220214843750e+01
1.155717163085937500e+02
1.681739654541015625e+02
1.255637645721435547e+00
4.729323577880859375e+01
1.153069381713867188e+02
-1.396320152282714844e+01
-2.931593322753906250e+01
-2.566266441345214844e+01
-1.359558868408203125e+01
-2.336944770812988281e+01
-3.279326248168945312e+01
4.790807342529296875e+01
3.722821044921875000e+01
3.921039962768554688e+01
7.895215606689453125e+01
1.185610122680664062e+02
1.226752700805664062e+02
7.743255615234375000e+01
1.257447052001953125e+02
1.282616271972656250e+02
6.099684143066406250e+01
1.127323608398437500e+02
1.321336822509765625e+02
1.217212036132812500e+03
1.091662109375000000e+03
8.969080810546875000e+02
1.057682373046875000e+03
1.063133789062500000e+03
9.549714965820312500e+02
8.974687500000000000e+02
1.027166015625000000e+03
1.027041870117187500e+03
5.931533203125000000e+02
8.543449707031250000e+02
9.182510375976562500e+02
5.464368896484375000e+02
8.651702880859375000e+02
9.271378784179687500e+02
5.149329833984375000e+02
8.175964355468750000e+02
8.978563842773437500e+02
2.205642700195312500e+02
3.537753601074218750e+02
2.587328186035156250e+02
1.910316467285156250e+02
2.927700500488281250e+02
2.050234832763671875e+02
1.935831451416015625e+02
2.788491821289062500e+02
1.831295776367187500e+02
2.001130485534667969e+01
1.967698478698730469e+01
8.400242805480957031e+00
1.137835216522216797e+01
9.469488143920898438e+00
1.031712436676025391e+01
3.451187372207641602e+00
5.007400035858154297e+00
4.723022460937500000e+00
1.758350219726562500e+02
1.768956451416015625e+02
1.826153259277343750e+02
1.863433990478515625e+02
1.590812683105468750e+02
1.792004699707031250e+02
1.684108428955078125e+02
1.435548248291015625e+02
1.669943542480468750e+02
4.019091796875000000e+01
3.050864219665527344e+01
-2.569211196899414062e+01
1.602265548706054688e+01
1.350928020477294922e+01
-3.985171508789062500e+01
2.884419441223144531e+01
2.189468383789062500e+01
-2.316015815734863281e+01
5.786379241943359375e+01
7.217828369140625000e+01
6.918267059326171875e+01
4.082816314697265625e+01
6.272721099853515625e+01
6.441629791259765625e+01
-2.046583366394042969e+01
-9.042263031005859375e+00
3.911381244659423828e+00
-9.778470993041992188e+00
-9.336716651916503906e+00
-7.575929164886474609e+00
-7.887787818908691406e+00
-8.892024040222167969e+00
-7.783474922180175781e+00
-7.456291675567626953e+00
-9.266776084899902344e+00
-8.379692077636718750e+00
7.269923210144042969e+00
8.833821296691894531e+00
9.299461364746093750e+00
7.907465457916259766e+00
7.252686500549316406e+00
1.059489727020263672e+01
1.434817314147949219e+01
1.090636444091796875e+01
1.572580432891845703e+01
-6.720100063830614090e-03
-1.060507446527481079e-02
1.090284058591350913e-06
1.915475726127624512e-02
7.880866527557373047e-03
4.056362900882959366e-03
-2.116132527589797974e-02
2.367622219026088715e-03
7.005130406469106674e-03
-1.037448043823242188e+02
-6.175366210937500000e+01
-7.469879150390625000e+01
-8.219229125976562500e+01
-4.965267181396484375e+01
-6.214266967773437500e+01
-8.418772888183593750e+01
-3.786759185791015625e+01
-6.258181762695312500e+01
-3.357684936523437500e+02
-3.395404663085937500e+02
-3.359155883789062500e+02
-3.511553649902343750e+02
-3.377890930175781250e+02
-3.271831054687500000e+02
-4.299673156738281250e+02
-3.896498718261718750e+02
-3.566550903320312500e+02
-4.471785736083984375e+01
-8.624864196777343750e+01
-1.263235244750976562e+02
-1.073284454345703125e+02
-1.147357559204101562e+02
-1.499333953857421875e+02
-8.538748168945312500e+01
-1.014562988281250000e+02
-8.471395111083984375e+01
-1.224079437255859375e+02
-1.115526504516601562e+02
-1.043722076416015625e+02
-1.130638122558593750e+02
-1.098492279052734375e+02
-9.897769165039062500e+01
-1.380909576416015625e+02
-1.340668334960937500e+02
-1.338229522705078125e+02
-4.251061248779296875e+01
-3.911251068115234375e+01
-3.526858139038085938e+01
-4.284989166259765625e+01
-3.703422546386718750e+01
-2.840412902832031250e+01
-2.571957588195800781e+01
-3.036998367309570312e+01
-1.922355842590332031e+01
-2.316241645812988281e+01
-4.328719139099121094e+00
-1.122690200805664062e+00
-1.039452362060546875e+01
5.150129795074462891e+00
3.871990919113159180e+00
-2.651174163818359375e+01
-1.719140815734863281e+01
-1.937013626098632812e+01
-1.211683502197265625e+02
-5.046256256103515625e+01
-8.465470123291015625e+01
-1.859471740722656250e+02
-1.482988433837890625e+02
-1.490132446289062500e+02
-1.620445861816406250e+02
-1.642710723876953125e+02
-1.661869201660156250e+02
-6.076185302734375000e+02
-5.723806762695312500e+02
-5.631658935546875000e+02
-6.168958740234375000e+02
-5.625177001953125000e+02
-5.752124023437500000e+02
-7.551302490234375000e+02
-6.935355834960937500e+02
-6.515747680664062500e+02
2.020228004455566406e+01
7.315386962890625000e+01
7.859087371826171875e+01
1.789747619628906250e+01
7.182305145263671875e+01
8.783937835693359375e+01
3.165729904174804688e+01
8.535879516601562500e+01
8.997152709960937500e+01
-4.620663642883300781e+00
-2.644098281860351562e+00
-1.393740177154541016e+00
-2.543092966079711914e+00
-1.380136966705322266e+00
-6.419016420841217041e-02
-3.176131010055541992e+00
1.180160045623779297e-01
1.613641142845153809e+00
2.008110618591308594e+01
1.921670913696289062e+01
2.241981315612792969e+01
1.103417587280273438e+01
1.798158264160156250e+01
3.003043556213378906e+01
2.074632644653320312e+01
4.185701370239257812e+01
5.783474731445312500e+01
-1.734670639038085938e+01
-3.421511173248291016e+00
-1.228805255889892578e+01
-1.134734153747558594e+01
-3.524651229381561279e-01
-1.252699089050292969e+01
-4.034251213073730469e+00
-1.101291179656982422e+00
-1.373858737945556641e+01
-5.109235286712646484e+00
-6.592421531677246094e-01
3.165246963500976562e+00
-7.791773796081542969e+00
-6.274237155914306641e+00
-6.760171890258789062e+00
-6.674748897552490234e+00
-1.137465357780456543e+00
-2.084323167800903320e+00
1.301868343353271484e+01
1.556227970123291016e+01
1.802277565002441406e+01
8.621820449829101562e+00
1.127959632873535156e+01
1.435514068603515625e+01
6.692539691925048828e+00
9.416671752929687500e+00
1.342717170715332031e+01
6.260942935943603516e+00
3.558397293090820312e+00
8.747813224792480469e+00
2.003869295120239258e+00
-7.120758891105651855e-01
5.391890048980712891e+00
2.924119234085083008e+00
3.610480070114135742e+00
6.439730167388916016e+00
7.420410867780447006e-03
5.172882694751024246e-03
1.149864587932825089e-02
-8.037407882511615753e-03
-3.214967902749776840e-03
7.044769823551177979e-03
-1.126727322116494179e-03
1.949059660546481609e-03
2.621341263875365257e-03
1.634321136474609375e+02
2.394654693603515625e+02
2.811118164062500000e+02
1.478835296630859375e+02
2.146014404296875000e+02
2.653724975585937500e+02
1.581605224609375000e+02
2.298821105957031250e+02
2.764584350585937500e+02
1.067259216308593750e+02
8.058368682861328125e+01
9.386579132080078125e+01
8.354313659667968750e+01
5.365205764770507812e+01
7.758811950683593750e+01
1.123742294311523438e+02
9.239864349365234375e+01
1.230886993408203125e+02
1.772223663330078125e+01
-7.825751304626464844e-01
3.301248073577880859e+00
-3.790498018264770508e+00
-8.121965408325195312e+00
8.869883537292480469e+00
2.321276092529296875e+01
3.215982818603515625e+01
3.627029418945312500e+01
4.719149780273437500e+02
4.776829833984375000e+02
4.586464233398437500e+02
4.436933288574218750e+02
4.312016296386718750e+02
4.018613891601562500e+02
4.065654296875000000e+02
3.768173522949218750e+02
3.510075073242187500e+02
9.607689857482910156e+00
3.636082172393798828e+00
1.387238693237304688e+01
9.817121505737304688e+00
1.143487453460693359e+01
1.630128288269042969e+01
3.605976486206054688e+01
3.759376144409179688e+01
3.437131881713867188e+01
4.170206451416015625e+01
3.584536361694335938e+01
3.086644744873046875e+01
2.078126144409179688e+01
1.547026348114013672e+01
1.779410552978515625e+01
1.167992496490478516e+01
8.652125358581542969e+00
1.679765129089355469e+01
6.588641967773437500e+02
6.926735229492187500e+02
6.221627197265625000e+02
5.745009765625000000e+02
6.340060424804687500e+02
5.619730834960937500e+02
4.567904968261718750e+02
5.332859497070312500e+02
4.900709533691406250e+02
3.214835205078125000e+02
3.296389770507812500e+02
3.008708190917968750e+02
1.719912872314453125e+02
1.845339355468750000e+02
1.856668243408203125e+02
9.043045806884765625e+01
1.231416778564453125e+02
1.816295013427734375e+02
9.534993743896484375e+01
1.006820678710937500e+02
1.153743438720703125e+02
8.098037719726562500e+01
8.168737030029296875e+01
9.746574401855468750e+01
6.677378845214843750e+01
7.207690429687500000e+01
8.725395202636718750e+01
2.603582572937011719e+01
3.186339569091796875e+01
3.444083023071289062e+01
2.679557228088378906e+01
3.088273429870605469e+01
3.311565399169921875e+01
2.627806854248046875e+01
2.609479713439941406e+01
2.623718452453613281e+01
2.686617088317871094e+01
3.644549560546875000e+01
3.824061965942382812e+01
3.132351112365722656e+01
3.269031906127929688e+01
3.170133781433105469e+01
2.340241622924804688e+01
2.520531272888183594e+01
2.533848190307617188e+01
6.270865249633789062e+01
6.235932159423828125e+01
4.033686447143554688e+01
6.128609848022460938e+01
5.890670394897460938e+01
4.012240600585937500e+01
6.472538757324218750e+01
6.505436706542968750e+01
4.980857849121093750e+01
4.175500869750976562e+01
3.674184799194335938e+01
3.178351974487304688e+01
3.458598709106445312e+01
3.738023376464843750e+01
3.069365119934082031e+01
5.071267318725585938e+01
5.023977661132812500e+01
4.748955535888671875e+01
9.192139434814453125e+01
8.945297241210937500e+01
7.924759674072265625e+01
8.574676513671875000e+01
8.134276580810546875e+01
7.318977355957031250e+01
8.395974731445312500e+01
7.945534515380859375e+01
6.778238677978515625e+01
2.223045158386230469e+01
6.348292541503906250e+01
5.425967407226562500e+01
3.898229598999023438e+01
5.492830276489257812e+01
4.152267837524414062e+01
7.671391010284423828e+00
2.041226959228515625e+01
1.964083480834960938e+01
1.136707738041877747e-01
1.020186394453048706e-01
8.506953716278076172e-02
-1.037754956632852554e-02
-8.885611779987812042e-03
-2.627929113805294037e-02
7.236512377858161926e-03
-1.716524478979408741e-03
-3.249744325876235962e-02
6.117139282226562500e+02
4.071984252929687500e+02
4.732835083007812500e+02
5.783812866210937500e+02
3.987328491210937500e+02
4.572008361816406250e+02
4.933091430664062500e+02
3.511791992187500000e+02
4.652967224121093750e+02
1.255787963867187500e+03
1.311902099609375000e+03
1.184715820312500000e+03
1.221335327148437500e+03
1.398699829101562500e+03
1.207886474609375000e+03
9.523227539062500000e+02
1.111795532226562500e+03
1.012781066894531250e+03
9.136961669921875000e+02
1.081302001953125000e+03
9.526287841796875000e+02
7.452144165039062500e+02
9.299355468750000000e+02
7.235972290039062500e+02
7.656734619140625000e+02
9.126368408203125000e+02
7.097675170898437500e+02
7.900702514648437500e+02
7.809168090820312500e+02
7.928845825195312500e+02
8.785250854492187500e+02
9.168685302734375000e+02
8.744790649414062500e+02
8.176658325195312500e+02
8.803921508789062500e+02
8.017325439453125000e+02
1.820192146301269531e+01
2.852971839904785156e+01
5.659879684448242188e+00
9.060244750976562500e+01
8.791523742675781250e+01
6.494014739990234375e+01
4.553801727294921875e+01
7.175717926025390625e+01
8.972097015380859375e+01
1.811245880126953125e+02
1.748950805664062500e+02
1.731123199462890625e+02
1.718491668701171875e+02
1.597796630859375000e+02
1.866837310791015625e+02
1.587425537109375000e+02
1.693554687500000000e+02
1.607455444335937500e+02
1.880102172851562500e+03
1.975336181640625000e+03
1.871075561523437500e+03
2.133858642578125000e+03
2.198161132812500000e+03
2.180444580078125000e+03
2.512226562500000000e+03
2.544844238281250000e+03
2.323990478515625000e+03
2.603914794921875000e+03
2.515860107421875000e+03
2.477380615234375000e+03
2.734040283203125000e+03
2.595927978515625000e+03
2.478896484375000000e+03
2.511988037109375000e+03
2.290476806640625000e+03
2.130091308593750000e+03
2.075062408447265625e+02
1.936635589599609375e+02
1.544997100830078125e+02
3.306152343750000000e+02
2.852358703613281250e+02
2.532286834716796875e+02
3.044557189941406250e+02
2.427625427246093750e+02
2.307666625976562500e+02
4.341710662841796875e+01
3.421837234497070312e+01
4.027629089355468750e+01
2.951488113403320312e+01
3.320199584960937500e+01
3.652658843994140625e+01
3.025259017944335938e+01
4.273469161987304688e+01
4.304582977294921875e+01
2.117024078369140625e+02
1.946430816650390625e+02
1.626151733398437500e+02
1.634075927734375000e+02
1.761659698486328125e+02
1.371180419921875000e+02
1.450350494384765625e+02
1.983041534423828125e+02
1.643385620117187500e+02
7.375447082519531250e+01
9.687719726562500000e+01
1.444106140136718750e+02
2.694745254516601562e+01
8.419540405273437500e+01
1.208797531127929688e+02
5.337955856323242188e+01
1.116366348266601562e+02
1.027659301757812500e+02
1.274004058837890625e+02
1.176305541992187500e+02
1.053757095336914062e+02
1.066796951293945312e+02
6.964431762695312500e+01
7.836234283447265625e+01
8.595397186279296875e+01
5.577356719970703125e+01
4.102515792846679688e+01
