-1.709362548828125000e+03
-1.596126953125000000e+03
-1.306773681640625000e+03
-1.808592407226562500e+03
-1.633333496093750000e+03
-1.242149169921875000e+03
-1.642761596679687500e+03
-1.408090820312500000e+03
-1.029576538085937500e+03
-1.752665771484375000e+03
-1.631120361328125000e+03
-1.343406982421875000e+03
-1.822218017578125000e+03
-1.658917480468750000e+03
-1.280541748046875000e+03
-1.634207031250000000e+03
-1.412187866210937500e+03
-1.046118530273437500e+03
-1.864874267578125000e+03
-1.753911376953125000e+03
-1.466002075195312500e+03
-1.883440185546875000e+03
-1.752403930664062500e+03
-1.397843139648437500e+03
-1.674724243164062500e+03
-1.499256225585937500e+03
-1.159848876953125000e+03
-1.586082885742187500e+03
-1.667108032226562500e+03
-1.728420288085937500e+03
-1.691648559570312500e+03
-1.921928222656250000e+03
-2.024783325195312500e+03
-1.980578002929687500e+03
-2.289828125000000000e+03
-2.326177246093750000e+03
-1.479825927734375000e+03
-1.546474609375000000e+03
-1.613995239257812500e+03
-1.517726562500000000e+03
-1.729614135742187500e+03
-1.859382446289062500e+03
-1.763894531250000000e+03
-2.077408935546875000e+03
-2.157052246093750000e+03
-1.346877685546875000e+03
-1.396727539062500000e+03
-1.463921508789062500e+03
-1.378893188476562500e+03
-1.581111694335937500e+03
-1.698825439453125000e+03
-1.605843505859375000e+03
-1.919655517578125000e+03
-1.990222290039062500e+03
-1.518366943359375000e+03
-1.988716796875000000e+03
-2.344813232421875000e+03
-1.502516357421875000e+03
-2.186152343750000000e+03
-2.746778808593750000e+03
-1.555519409179687500e+03
-2.280400390625000000e+03
-2.788993896484375000e+03
-1.059379272460937500e+03
-1.449005981445312500e+03
-1.797033935546875000e+03
-1.021066223144531250e+03
-1.606537353515625000e+03
-2.155560302734375000e+03
-1.076578857421875000e+03
-1.710273681640625000e+03
-2.203906982421875000e+03
-6.281389770507812500e+02
-9.532103271484375000e+02
-1.286584716796875000e+03
-5.800315551757812500e+02
-1.066220703125000000e+03
-1.585464355468750000e+03
-6.530100708007812500e+02
-1.179210937500000000e+03
-1.627063476562500000e+03
-3.607746276855468750e+02
-4.120506286621093750e+02
-4.799803771972656250e+02
-4.973426208496093750e+02
-5.213632202148437500e+02
-5.623463745117187500e+02
-7.306820678710937500e+02
-7.592681274414062500e+02
-7.627099609375000000e+02
-2.513847351074218750e+02
-2.988447875976562500e+02
-3.811682434082031250e+02
-3.539266967773437500e+02
-3.772000122070312500e+02
-4.380497741699218750e+02
-5.834584960937500000e+02
-6.071967773437500000e+02
-6.265686035156250000e+02
-2.233626861572265625e+02
-2.491466979980468750e+02
-3.200479125976562500e+02
-2.757161560058593750e+02
-2.869967956542968750e+02
-3.471623840332031250e+02
-4.892763671875000000e+02
-4.945477294921875000e+02
-5.093078002929687500e+02
-5.972707519531250000e+02
-6.862536621093750000e+02
-7.059253540039062500e+02
-7.739313964843750000e+02
-9.228605957031250000e+02
-8.909998168945312500e+02
-6.305311279296875000e+02
-7.083079223632812500e+02
-6.349108276367187500e+02
-5.759180908203125000e+02
-6.912405395507812500e+02
-7.314902954101562500e+02
-7.422241210937500000e+02
-9.211232299804687500e+02
-9.113839111328125000e+02
-5.843275146484375000e+02
-6.826921997070312500e+02
-6.395520629882812500e+02
-7.730992431640625000e+02
-9.049038085937500000e+02
-9.369911499023437500e+02
-9.700943603515625000e+02
-1.165606201171875000e+03
-1.160987915039062500e+03
-8.068837890625000000e+02
-9.300276489257812500e+02
-9.033740844726562500e+02
2.566929016113281250e+02
2.248149871826171875e+02
1.519034423828125000e+02
7.652200927734375000e+02
5.751876831054687500e+02
3.492762145996093750e+02
7.112435302734375000e+02
4.990776062011718750e+02
2.530749816894531250e+02
1.945138397216796875e+02
1.682372894287109375e+02
1.099939575195312500e+02
7.407993774414062500e+02
5.623281250000000000e+02
3.380386657714843750e+02
6.849828491210937500e+02
4.669384155273437500e+02
2.241620330810546875e+02
1.164787483215332031e+01
9.775057792663574219e+00
-4.415301513671875000e+01
5.944232177734375000e+02
4.394587707519531250e+02
2.335111694335937500e+02
5.180994262695312500e+02
3.184525146484375000e+02
9.955374145507812500e+01
7.812216186523437500e+02
8.062025146484375000e+02
6.853867797851562500e+02
7.867310180664062500e+02
8.036484375000000000e+02
7.435240478515625000e+02
7.867124633789062500e+02
8.800540161132812500e+02
9.005574951171875000e+02
9.360769653320312500e+02
9.629328002929687500e+02
8.334390869140625000e+02
9.212030639648437500e+02
9.306127319335937500e+02
8.690072021484375000e+02
9.062029418945312500e+02
1.000404113769531250e+03
1.028666625976562500e+03
1.133514282226562500e+03
1.176131103515625000e+03
1.048483032226562500e+03
1.111132446289062500e+03
1.133072509765625000e+03
1.073531372070312500e+03
1.077879882812500000e+03
1.185258789062500000e+03
1.204483642578125000e+03
-6.068386840820312500e+02
-8.207038574218750000e+02
-8.687649536132812500e+02
-9.010117797851562500e+02
-1.110413940429687500e+03
-1.119113037109375000e+03
-1.028160766601562500e+03
-1.126845581054687500e+03
-1.077613403320312500e+03
-6.858593750000000000e+02
-9.083410644531250000e+02
-9.556157836914062500e+02
-9.465717773437500000e+02
-1.166720581054687500e+03
-1.172594604492187500e+03
-1.068763916015625000e+03
-1.182054077148437500e+03
-1.133927612304687500e+03
-9.226231689453125000e+02
-1.134101684570312500e+03
-1.175578979492187500e+03
-1.174043457031250000e+03
-1.393864746093750000e+03
-1.407907592773437500e+03
-1.276141601562500000e+03
-1.405034790039062500e+03
-1.369148315429687500e+03
1.415736523437500000e+04
1.353453613281250000e+04
1.394307421875000000e+04
1.732402148437500000e+04
1.721182812500000000e+04
1.687179882812500000e+04
1.694942773437500000e+04
1.733445898437500000e+04
1.707177539062500000e+04
8.196522460937500000e+03
7.172295410156250000e+03
7.521784179687500000e+03
1.106961425781250000e+04
1.047321289062500000e+04
9.960615234375000000e+03
1.080641699218750000e+04
1.070166406250000000e+04
1.025254492187500000e+04
8.735120239257812500e+02
-7.860676269531250000e+02
-5.077117004394531250e+02
3.393424560546875000e+03
2.141680664062500000e+03
1.629748535156250000e+03
3.179900634765625000e+03
2.368874755859375000e+03
1.830909790039062500e+03
3.306972656250000000e+02
3.476822814941406250e+02
4.251703186035156250e+02
2.677648925781250000e+02
3.892796020507812500e+02
5.778425903320312500e+02
3.908903198242187500e+02
5.897811279296875000e+02
6.794965209960937500e+02
3.809346313476562500e+02
3.815354003906250000e+02
4.380305175781250000e+02
2.869497680664062500e+02
3.869651794433593750e+02
5.735657958984375000e+02
3.902131652832031250e+02
5.788081665039062500e+02
6.794102783203125000e+02
3.894062805175781250e+02
3.557531738281250000e+02
3.939299011230468750e+02
2.795883178710937500e+02
3.466860046386718750e+02
5.113073425292968750e+02
3.753197937011718750e+02
5.349646606445312500e+02
6.063784179687500000e+02
4.345149902343750000e+03
4.405287109375000000e+03
2.984048583984375000e+03
4.317198242187500000e+03
4.429008789062500000e+03
3.081582519531250000e+03
3.608536132812500000e+03
3.822605224609375000e+03
3.163353027343750000e+03
2.787892089843750000e+03
2.688930419921875000e+03
1.187571777343750000e+03
2.824239257812500000e+03
2.765562011718750000e+03
1.322626342773437500e+03
2.203449707031250000e+03
2.301056396484375000e+03
1.573974487304687500e+03
9.964136352539062500e+02
8.607956542968750000e+02
-5.208002319335937500e+02
1.128693359375000000e+03
1.015790893554687500e+03
-3.257831420898437500e+02
6.036652832031250000e+02
6.361046752929687500e+02
-2.623122406005859375e+01
-1.265293823242187500e+03
-1.060105224609375000e+03
-9.361029663085937500e+02
-1.512422363281250000e+03
-1.208990234375000000e+03
-1.012645751953125000e+03
-1.606638549804687500e+03
-1.274714111328125000e+03
-1.051939208984375000e+03
-1.275631469726562500e+03
-1.074123413085937500e+03
-9.454719238281250000e+02
-1.448365234375000000e+03
-1.157073242187500000e+03
-9.648375854492187500e+02
-1.495581787109375000e+03
-1.170515014648437500e+03
-9.464285278320312500e+02
-1.363895141601562500e+03
-1.154333129882812500e+03
-1.022000671386718750e+03
-1.519311645507812500e+03
-1.235618164062500000e+03
-1.070548950195312500e+03
-1.554536132812500000e+03
-1.246068847656250000e+03
-1.053320434570312500e+03
1.832420898437500000e+03
1.875495117187500000e+03
1.237967651367187500e+03
1.999856933593750000e+03
2.445230468750000000e+03
1.881542968750000000e+03
2.307385009765625000e+03
2.588501464843750000e+03
1.975152099609375000e+03
2.289611572265625000e+03
2.351775634765625000e+03
1.651315917968750000e+03
2.544307617187500000e+03
3.001117919921875000e+03
2.356968994140625000e+03
2.842051269531250000e+03
3.172062500000000000e+03
2.511217529296875000e+03
2.703118408203125000e+03
2.841251708984375000e+03
2.089358398437500000e+03
3.055316894531250000e+03
3.562436279296875000e+03
2.872543701171875000e+03
3.304460693359375000e+03
3.654545410156250000e+03
2.943354492187500000e+03
-6.260902099609375000e+02
-6.533234863281250000e+02
-5.762834472656250000e+02
-5.550365600585937500e+02
-6.032469482421875000e+02
-5.197766723632812500e+02
-3.949784851074218750e+02
-4.651051330566406250e+02
-4.338110046386718750e+02
-4.982446594238281250e+02
-5.339567260742187500e+02
-4.868774719238281250e+02
-4.485866699218750000e+02
-4.992175292968750000e+02
-4.341854248046875000e+02
-3.363616943359375000e+02
-3.953876037597656250e+02
-3.729492797851562500e+02
-3.508876953125000000e+02
-3.736421813964843750e+02
-3.304252319335937500e+02
-2.912658996582031250e+02
-3.303373107910156250e+02
-2.752719421386718750e+02
-1.881202239990234375e+02
-2.361458129882812500e+02
-2.184798278808593750e+02
1.972968994140625000e+03
2.193726806640625000e+03
2.326146728515625000e+03
2.313685302734375000e+03
2.658687988281250000e+03
2.807385253906250000e+03
2.617083740234375000e+03
2.999250488281250000e+03
3.083156250000000000e+03
1.157012084960937500e+03
1.365273437500000000e+03
1.529400390625000000e+03
1.381108642578125000e+03
1.722568603515625000e+03
1.924069824218750000e+03
1.659749633789062500e+03
2.036418457031250000e+03
2.181216308593750000e+03
3.261260681152343750e+02
4.889218444824218750e+02
6.646842041015625000e+02
5.071318054199218750e+02
7.999118652343750000e+02
1.022516296386718750e+03
7.947922363281250000e+02
1.135121826171875000e+03
1.304542480468750000e+03
-8.679257812500000000e+02
-1.335264526367187500e+03
-1.320086547851562500e+03
-2.504381103515625000e+02
-7.462113647460937500e+02
-7.837327880859375000e+02
-2.649405097961425781e+01
-3.197804565429687500e+02
-3.404584350585937500e+02
-8.782863159179687500e+02
-1.375942993164062500e+03
-1.348526000976562500e+03
-2.763895568847656250e+02
-7.789047851562500000e+02
-8.055820312500000000e+02
-7.847551727294921875e+01
-3.728629760742187500e+02
-3.863468017578125000e+02
-1.028343627929687500e+03
-1.478734008789062500e+03
-1.442130126953125000e+03
-4.341991271972656250e+02
-9.010269165039062500e+02
-9.267742919921875000e+02
-2.845657348632812500e+02
-5.666326904296875000e+02
-5.739356689453125000e+02
