5.265863769531250000e+03
4.827752441406250000e+03
3.971326416015625000e+03
5.820750488281250000e+03
5.172033203125000000e+03
4.136273437500000000e+03
5.839316894531250000e+03
5.177325195312500000e+03
4.358559082031250000e+03
1.195083236694335938e+02
1.882740783691406250e+02
1.460126495361328125e+02
1.291201477050781250e+02
1.565811614990234375e+02
1.081793594360351562e+02
1.899079895019531250e+02
1.682828521728515625e+02
1.276041717529296875e+02
1.660357971191406250e+02
1.335045318603515625e+02
1.021033401489257812e+02
1.353310852050781250e+02
9.440841674804687500e+01
7.904103088378906250e+01
9.849212646484375000e+01
8.138613128662109375e+01
6.418191528320312500e+01
9.352066650390625000e+02
8.681068725585937500e+02
7.795473632812500000e+02
1.191238281250000000e+03
1.073800048828125000e+03
8.233461303710937500e+02
1.188919921875000000e+03
9.642272949218750000e+02
8.269227294921875000e+02
2.646388671875000000e+03
2.712058105468750000e+03
2.743201660156250000e+03
2.634745117187500000e+03
2.682370117187500000e+03
2.625570556640625000e+03
2.693528564453125000e+03
2.655459716796875000e+03
2.578971679687500000e+03
3.467057495117187500e+02
3.132051086425781250e+02
2.035226745605468750e+02
1.738179016113281250e+02
1.465500793457031250e+02
1.529524536132812500e+02
7.974551391601562500e+01
1.345773010253906250e+02
2.246929473876953125e+02
5.186368942260742188e+01
7.250636291503906250e+01
6.725477600097656250e+01
5.757573318481445312e+01
8.124746704101562500e+01
8.090396881103515625e+01
8.422597503662109375e+01
8.465903472900390625e+01
6.464456176757812500e+01
5.086820800781250000e+03
5.147165527343750000e+03
4.695561523437500000e+03
4.991958007812500000e+03
4.807805175781250000e+03
4.253159667968750000e+03
4.886042480468750000e+03
4.628354003906250000e+03
4.271864257812500000e+03
7.229081630706787109e+00
7.640100479125976562e+00
1.686550140380859375e+01
2.271343612670898438e+01
5.834731578826904297e+00
7.323932647705078125e+00
2.051921844482421875e+01
9.682627677917480469e+00
1.274041366577148438e+01
1.325195431709289551e+00
3.675201416015625000e+00
2.434764385223388672e+00
-4.114644825458526611e-01
2.986861705780029297e+00
3.579585313796997070e+00
-2.344400435686111450e-01
3.866889715194702148e+00
1.436655759811401367e+00
1.024699584960937500e+03
8.166269531250000000e+02
1.033308349609375000e+03
1.260222045898437500e+03
1.235946289062500000e+03
1.367301879882812500e+03
1.451391113281250000e+03
1.210825683593750000e+03
1.491300170898437500e+03
3.006693847656250000e+03
3.116726806640625000e+03
3.204117431640625000e+03
3.615649658203125000e+03
3.792905517578125000e+03
3.375765625000000000e+03
4.809908203125000000e+03
4.767281738281250000e+03
4.025771240234375000e+03
-7.214360237121582031e+00
2.127050399780273438e+01
2.256090736389160156e+01
2.011454391479492188e+01
4.134393310546875000e+01
3.001757812500000000e+01
5.783524322509765625e+01
5.893990325927734375e+01
3.121282005310058594e+01
6.770165252685546875e+01
9.414411926269531250e+01
1.850913848876953125e+02
2.091850433349609375e+02
1.441870117187500000e+02
2.186024475097656250e+02
1.303852691650390625e+02
2.001894531250000000e+02
5.019584045410156250e+02
2.471372314453125000e+03
1.464073364257812500e+03
1.650044067382812500e+03
2.313468017578125000e+03
1.919779418945312500e+03
2.553042968750000000e+03
2.970406738281250000e+03
3.190806396484375000e+03
3.701508056640625000e+03
6.172663574218750000e+02
1.474380371093750000e+03
2.163252441406250000e+03
1.307509765625000000e+03
2.407769531250000000e+03
2.628204101562500000e+03
2.000420166015625000e+03
2.262186035156250000e+03
1.780778564453125000e+03
-1.057140380859375000e+03
-9.030150756835937500e+02
-7.019273071289062500e+02
-1.086007934570312500e+03
-9.349342041015625000e+02
-8.433062133789062500e+02
-1.135709228515625000e+03
-1.031997314453125000e+03
-9.813201904296875000e+02
-4.240871047973632812e+01
-4.304515457153320312e+01
-1.496506690979003906e+01
-3.998873901367187500e+01
-4.120009613037109375e+01
-2.176613044738769531e+01
-3.431037139892578125e+01
-2.870980072021484375e+01
-9.107221603393554688e+00
-1.636510467529296875e+01
-9.872511863708496094e+00
-1.503070449829101562e+01
-2.411611938476562500e+01
-2.394408226013183594e+01
-3.406607055664062500e+01
-2.339970779418945312e+01
-2.576034164428710938e+01
-2.522010612487792969e+01
-2.733614501953125000e+02
-3.304087524414062500e+02
-1.660757904052734375e+02
-2.308397674560546875e+02
-3.017955017089843750e+02
-1.455789184570312500e+02
-1.460797576904296875e+02
-2.175084228515625000e+02
-1.053591384887695312e+02
-1.835600471496582031e+01
8.804008483886718750e+01
5.126138305664062500e+01
-3.394789505004882812e+01
9.546112823486328125e+01
4.576277542114257812e+01
4.800973129272460938e+01
2.021015777587890625e+02
1.207009811401367188e+02
-3.148225402832031250e+01
-4.031980514526367188e+01
-2.580917739868164062e+01
-4.989478302001953125e+01
-5.054102325439453125e+01
-9.094876098632812500e+01
-7.932514953613281250e+01
-8.713955688476562500e+01
-9.987644195556640625e+01
-1.130599594116210938e+01
-1.512377166748046875e+01
-1.312032413482666016e+01
-1.214194488525390625e+01
-1.442417049407958984e+01
-1.184428119659423828e+01
-8.202887535095214844e+00
-1.091371440887451172e+01
-8.388401031494140625e+00
-6.371409301757812500e+02
-6.219202270507812500e+02
-3.421778869628906250e+02
-6.398158569335937500e+02
-7.063978271484375000e+02
-4.521083984375000000e+02
-6.315754394531250000e+02
-7.884492187500000000e+02
-5.305407714843750000e+02
-1.243376922607421875e+01
-1.441283321380615234e+01
-1.496468305587768555e+00
-1.416508483886718750e+01
-1.625062179565429688e+01
-3.628715276718139648e+00
-1.017299652099609375e+01
-1.297358131408691406e+01
-1.100575447082519531e+00
-4.846176207065582275e-01
-3.132968246936798096e-01
-2.711260020732879639e-01
-8.368932008743286133e-01
-1.870726048946380615e-01
-4.566513001918792725e-01
-6.200648546218872070e-01
-2.755995690822601318e-01
-4.628834426403045654e-01
-5.294066162109375000e+02
-4.786921081542968750e+02
-4.399017639160156250e+02
-5.076847229003906250e+02
-4.612609558105468750e+02
-3.488589782714843750e+02
-4.324796752929687500e+02
-4.117859191894531250e+02
-2.851040649414062500e+02
-1.105749389648437500e+03
-8.833704833984375000e+02
-7.714409790039062500e+02
-1.013640808105468750e+03
-8.168988037109375000e+02
-6.737998046875000000e+02
-8.200004272460937500e+02
-6.774321289062500000e+02
-5.990157470703125000e+02
-1.760992050170898438e+01
5.306126117706298828e+00
-2.023372352123260498e-01
-2.152712631225585938e+01
5.816037178039550781e+00
9.810026288032531738e-01
-2.167449378967285156e+01
7.748187541961669922e+00
-1.252176403999328613e+00
-1.383918151855468750e+02
-1.709095764160156250e+02
-1.454967346191406250e+02
-1.716383972167968750e+02
-1.608396301269531250e+02
-1.687967834472656250e+02
-1.122665328979492188e+02
-9.644467926025390625e+01
-1.105759201049804688e+02
-1.047271850585937500e+03
-1.123926147460937500e+03
-1.125284179687500000e+03
-1.145677612304687500e+03
-1.119191650390625000e+03
-1.014602966308593750e+03
-1.091195556640625000e+03
-9.616383666992187500e+02
-8.015728759765625000e+02
-5.938170776367187500e+02
-5.471270751953125000e+02
-5.063452148437500000e+02
-5.423644409179687500e+02
-4.752172546386718750e+02
-4.212512512207031250e+02
-3.765724487304687500e+02
-2.489278717041015625e+02
-2.548511047363281250e+02
2.340832031250000000e+03
2.260422363281250000e+03
2.014218505859375000e+03
2.329465576171875000e+03
2.233687988281250000e+03
1.988500610351562500e+03
2.048641601562500000e+03
1.965818725585937500e+03
1.785726562500000000e+03
6.426022338867187500e+01
7.657038879394531250e+01
6.858078765869140625e+01
6.542116546630859375e+01
7.388570404052734375e+01
6.939783477783203125e+01
6.137273025512695312e+01
6.397416305541992188e+01
6.049763107299804688e+01
3.722907638549804688e+01
2.827478790283203125e+01
1.751437568664550781e+01
1.067259883880615234e+01
6.376302242279052734e+00
5.157176971435546875e+00
9.240825653076171875e+00
1.111506175994873047e+01
1.193084907531738281e+01
5.357686157226562500e+02
4.968420715332031250e+02
4.993737792968750000e+02
6.018167114257812500e+02
5.667684936523437500e+02
5.157635498046875000e+02
5.331555175781250000e+02
4.656879577636718750e+02
4.141696777343750000e+02
-1.853383636474609375e+01
3.033739852905273438e+01
-2.934314727783203125e+00
1.177297897338867188e+02
1.692126617431640625e+02
1.327241210937500000e+02
2.149217681884765625e+02
2.606719360351562500e+02
2.133188323974609375e+02
3.492114639282226562e+01
1.277787780761718750e+01
-2.683988809585571289e-01
-1.718699836730957031e+01
-1.196328926086425781e+01
1.252012825012207031e+01
5.276736450195312500e+01
6.398760986328125000e+01
8.100805664062500000e+01
1.795219612121582031e+01
2.543070220947265625e+01
2.693143463134765625e+01
2.349258422851562500e+01
2.977709197998046875e+01
3.005634117126464844e+01
2.326235771179199219e+01
2.643275642395019531e+01
2.425181198120117188e+01
1.467009643554687500e+03
1.253340087890625000e+03
1.115818237304687500e+03
1.419031250000000000e+03
1.218831542968750000e+03
1.141477539062500000e+03
1.435473022460937500e+03
1.318513061523437500e+03
1.305122070312500000e+03
8.957998275756835938e+00
5.161665439605712891e+00
6.402154922485351562e+00
9.757161140441894531e+00
5.624263763427734375e+00
9.518764495849609375e+00
1.249686622619628906e+01
8.337871551513671875e+00
1.330727672576904297e+01
3.046588599681854248e-01
4.327848255634307861e-01
2.829810976982116699e-01
6.911307573318481445e-01
9.025116562843322754e-01
8.000693917274475098e-01
8.016895055770874023e-01
1.132706761360168457e+00
6.776506900787353516e-01
3.155424499511718750e+02
2.958931884765625000e+02
3.496612548828125000e+02
3.375381469726562500e+02
3.110638427734375000e+02
3.545677795410156250e+02
3.715238647460937500e+02
3.332764282226562500e+02
3.451917114257812500e+02
1.255143676757812500e+03
1.251139038085937500e+03
1.123475097656250000e+03
1.526685546875000000e+03
1.496520996093750000e+03
1.336614868164062500e+03
1.483171264648437500e+03
1.418396484375000000e+03
1.304637207031250000e+03
5.970383167266845703e+00
6.955370903015136719e+00
6.260206699371337891e+00
1.250390052795410156e+01
1.195422649383544922e+01
6.138833522796630859e+00
1.163951396942138672e+01
1.298243808746337891e+01
6.986246585845947266e+00
4.999943161010742188e+01
5.552536392211914062e+01
4.807342910766601562e+01
8.718144989013671875e+01
9.721006774902343750e+01
1.048219375610351562e+02
1.322331542968750000e+02
1.631959838867187500e+02
1.929884490966796875e+02
6.287943115234375000e+02
6.691186523437500000e+02
6.998750000000000000e+02
8.701560668945312500e+02
8.976094360351562500e+02
9.686284179687500000e+02
1.104380126953125000e+03
1.073720703125000000e+03
1.043098022460937500e+03
4.203180847167968750e+02
4.851966552734375000e+02
5.648482666015625000e+02
5.376560058593750000e+02
5.916216430664062500e+02
5.719282226562500000e+02
4.536012573242187500e+02
4.404573059082031250e+02
3.850646972656250000e+02
4.073479980468750000e+03
2.202916503906250000e+03
2.034407653808593750e+02
2.689338378906250000e+03
4.288268737792968750e+02
-9.046843872070312500e+02
7.756391601562500000e+02
2.068747711181640625e+02
3.899320373535156250e+02
3.229904785156250000e+02
3.535205688476562500e+02
2.621733703613281250e+02
1.522663879394531250e+02
3.068613281250000000e+02
6.169451522827148438e+01
1.439681549072265625e+02
3.161447753906250000e+02
1.346910247802734375e+02
3.344887084960937500e+02
1.494897003173828125e+02
9.817985534667968750e+01
1.501384582519531250e+02
-4.026924514770507812e+01
-3.341730880737304688e+01
-1.595508384704589844e+01
1.985656261444091797e+00
3.873006439208984375e+01
5.315840530395507812e+01
7.287137451171875000e+02
5.727735595703125000e+02
5.913310546875000000e+02
7.759887695312500000e+02
1.217390258789062500e+03
6.242598876953125000e+02
3.554850769042968750e+02
3.811947937011718750e+02
9.576250610351562500e+02
8.317098999023437500e+02
1.310974243164062500e+03
1.064091186523437500e+03
8.413985595703125000e+02
1.184992187500000000e+03
9.680939941406250000e+02
6.346638183593750000e+02
1.027094726562500000e+03
7.405271606445312500e+02
5.669619140625000000e+02
3.052710876464843750e+02
-1.263430252075195312e+02
-1.045489501953125000e+02
-2.350335693359375000e+02
-2.902648010253906250e+02
1.901098327636718750e+02
3.257198791503906250e+02
1.395668182373046875e+02
1.609903106689453125e+02
1.086558609008789062e+02
1.579162445068359375e+02
1.528636932373046875e+02
1.319195251464843750e+02
1.690788269042968750e+02
9.282341766357421875e+01
7.840766906738281250e+01
2.479534423828125000e+03
1.972889892578125000e+03
2.593684326171875000e+03
5.302355346679687500e+02
1.312852325439453125e+02
1.412810302734375000e+03
1.454151855468750000e+03
1.578620361328125000e+03
3.301309082031250000e+03
1.244200229644775391e+01
8.869419097900390625e+00
5.037004470825195312e+01
-1.776045417785644531e+01
-9.932237863540649414e-01
4.489922714233398438e+01
4.860890960693359375e+01
1.053128128051757812e+02
1.423796386718750000e+02
-1.814883232116699219e+00
3.159865140914916992e+00
4.341224193572998047e+00
-1.153686881065368652e+00
9.689958572387695312e+00
2.538719892501831055e+00
8.593263626098632812e+00
1.630327606201171875e+01
6.962862491607666016e+00
3.248773193359375000e+03
5.840766601562500000e+03
6.836849121093750000e+03
4.221959960937500000e+03
6.980573730468750000e+03
7.917852050781250000e+03
5.269486816406250000e+03
8.209492187500000000e+03
8.122020019531250000e+03
4.863057617187500000e+03
5.996937011718750000e+03
5.883588867187500000e+03
7.094937988281250000e+03
8.344075195312500000e+03
7.009556152343750000e+03
9.326532226562500000e+03
1.064072363281250000e+04
8.195912109375000000e+03
8.050809478759765625e+01
1.533506469726562500e+02
4.625508499145507812e+01
1.220246887207031250e+02
2.479520568847656250e+02
1.137813262939453125e+02
8.219021606445312500e+01
1.653277282714843750e+02
4.708358383178710938e+01
-2.631345214843750000e+02
1.529780426025390625e+02
1.624622650146484375e+02
5.426126708984375000e+02
1.062138183593750000e+03
7.845086669921875000e+02
1.362872070312500000e+03
1.021106689453125000e+03
1.399222412109375000e+03
4.381493164062500000e+03
5.816203125000000000e+03
7.064894042968750000e+03
4.149644531250000000e+03
8.445006835937500000e+03
1.114162402343750000e+04
5.779881347656250000e+03
1.118933203125000000e+04
1.390794628906250000e+04
5.091298339843750000e+03
9.041750976562500000e+03
1.006745800781250000e+04
6.624484863281250000e+03
1.072992285156250000e+04
9.877532226562500000e+03
6.875972167968750000e+03
7.558442871093750000e+03
5.423975585937500000e+03
6.455325317382812500e+02
7.130615234375000000e+02
6.732242431640625000e+02
6.922707519531250000e+02
7.984413452148437500e+02
7.838250122070312500e+02
6.931147460937500000e+02
8.262081298828125000e+02
8.297351684570312500e+02
1.958981513977050781e+01
3.181060791015625000e+01
2.514919853210449219e+01
1.920536994934082031e+01
3.459281539916992188e+01
2.620279312133789062e+01
1.575861263275146484e+01
2.949713325500488281e+01
2.308322143554687500e+01
2.677350425720214844e+01
2.786786842346191406e+01
2.170768356323242188e+01
2.728927612304687500e+01
2.922784614562988281e+01
2.603454208374023438e+01
2.345976066589355469e+01
2.603689956665039062e+01
2.221591949462890625e+01
1.649017028808593750e+02
1.780901947021484375e+02
1.718977050781250000e+02
1.814043426513671875e+02
1.949371490478515625e+02
1.935442962646484375e+02
1.992101287841796875e+02
1.948269958496093750e+02
2.126409912109375000e+02
4.971255111694335938e+01
5.608127212524414062e+01
4.081395339965820312e+01
5.106891632080078125e+01
5.472190475463867188e+01
3.780561065673828125e+01
4.598627853393554688e+01
5.675932693481445312e+01
4.032649612426757812e+01
2.064321899414062500e+01
3.136489105224609375e+01
3.276034545898437500e+01
2.027385902404785156e+01
3.676837539672851562e+01
4.761312866210937500e+01
2.029150199890136719e+01
3.069662094116210938e+01
4.559825515747070312e+01
5.567245960235595703e+00
8.375796318054199219e+00
1.026584720611572266e+01
5.104008197784423828e+00
7.073585987091064453e+00
9.824475288391113281e+00
5.046969890594482422e+00
7.541709423065185547e+00
9.564491271972656250e+00
4.404718933105468750e+02
4.017083740234375000e+02
4.951071166992187500e+02
4.654596252441406250e+02
4.533093261718750000e+02
5.354517822265625000e+02
4.837901306152343750e+02
4.819552917480468750e+02
5.532617797851562500e+02
7.163494586944580078e+00
7.035129070281982422e+00
8.505446434020996094e+00
9.575865745544433594e+00
9.847592353820800781e+00
1.137521076202392578e+01
1.127857208251953125e+01
1.091524505615234375e+01
1.170086288452148438e+01
2.452997267246246338e-01
2.282374650239944458e-01
5.443198978900909424e-02
2.325940281152725220e-01
2.891505956649780273e-01
3.059946894645690918e-01
1.938416063785552979e-01
2.648729979991912842e-01
1.658955365419387817e-01
2.638005676269531250e+02
3.091166687011718750e+02
3.019271545410156250e+02
3.075278015136718750e+02
3.378182983398437500e+02
3.322549743652343750e+02
3.197202453613281250e+02
3.524560852050781250e+02
3.505304260253906250e+02
5.595723876953125000e+02
5.715897827148437500e+02
5.718308715820312500e+02
6.405903320312500000e+02
6.611164550781250000e+02
6.310922851562500000e+02
6.796914062500000000e+02
7.204648437500000000e+02
6.847105102539062500e+02
5.615470409393310547e+00
8.056200981140136719e+00
2.399905204772949219e+00
5.117177486419677734e+00
8.298778533935546875e+00
4.418302536010742188e+00
4.460538387298583984e+00
8.414400100708007812e+00
6.756891250610351562e+00
5.762013626098632812e+01
6.708112335205078125e+01
6.885209655761718750e+01
7.521950531005859375e+01
9.059428405761718750e+01
9.557511901855468750e+01
9.909089660644531250e+01
1.128811950683593750e+02
1.187310714721679688e+02
6.312185668945312500e+02
6.983336791992187500e+02
6.448668823242187500e+02
7.050509643554687500e+02
7.662249145507812500e+02
7.125606689453125000e+02
7.947169799804687500e+02
8.496394042968750000e+02
7.672371826171875000e+02
2.178299255371093750e+02
2.765415344238281250e+02
2.947470092773437500e+02
2.251010437011718750e+02
2.597328796386718750e+02
3.168761596679687500e+02
2.447177429199218750e+02
2.365057525634765625e+02
3.415355529785156250e+02
1.249272460937500000e+02
1.073534469604492188e+02
1.033900451660156250e+02
9.267006683349609375e+01
1.008840713500976562e+02
8.723964691162109375e+01
7.704970550537109375e+01
1.098204956054687500e+02
9.986027526855468750e+01
1.355715656280517578e+01
2.303674459457397461e+00
7.639043927192687988e-01
1.171234893798828125e+01
4.693808078765869141e+00
2.023945569992065430e+00
8.948858261108398438e+00
6.417591094970703125e+00
1.068582534790039062e+00
7.713140487670898438e+00
4.573572158813476562e+00
3.766280174255371094e+00
6.655020236968994141e+00
4.218104362487792969e+00
3.824089765548706055e+00
7.310709953308105469e+00
4.970096111297607422e+00
4.472214698791503906e+00
3.122083091735839844e+01
3.240245056152343750e+01
6.008056259155273438e+01
1.991851997375488281e+01
1.900755882263183594e+01
6.525463867187500000e+01
1.499034786224365234e+01
5.906531810760498047e+00
5.352327728271484375e+01
6.738754272460937500e+00
4.872119426727294922e+00
1.022426033020019531e+01
2.323977470397949219e+00
1.531270503997802734e+00
5.600496768951416016e+00
3.566836595535278320e+00
9.425975680351257324e-01
6.703888893127441406e+00
2.715950250625610352e+00
5.035861015319824219e+00
1.271551251411437988e+00
4.436801910400390625e+00
1.309149742126464844e+01
7.474896430969238281e+00
4.062454223632812500e+00
1.206697463989257812e+01
5.229337215423583984e+00
1.226554751396179199e+00
1.348108053207397461e+00
1.590280055999755859e+00
9.341807365417480469e-01
1.168533086776733398e+00
1.875134825706481934e+00
1.001313328742980957e+00
1.026610851287841797e+00
1.921306490898132324e+00
4.381935501098632812e+01
7.543901824951171875e+01
5.830914688110351562e+01
3.653468322753906250e+01
7.706844329833984375e+01
6.044558334350585938e+01
4.483237838745117188e+01
9.249163055419921875e+01
6.923216247558593750e+01
1.800129294395446777e+00
1.549808263778686523e+00
3.095401763916015625e+00
2.987722635269165039e+00
2.532172441482543945e+00
2.913634777069091797e+00
4.042897224426269531e+00
3.201167821884155273e+00
3.234005689620971680e+00
8.428219705820083618e-03
-1.926686987280845642e-02
1.511799730360507965e-02
7.438105531036853790e-03
-8.205959573388099670e-03
5.347976461052894592e-03
7.222104072570800781e-02
3.652315214276313782e-02
2.155526913702487946e-02
7.251242065429687500e+01
7.028982543945312500e+01
6.845726776123046875e+01
8.332473754882812500e+01
8.179991149902343750e+01
7.472061920166015625e+01
8.997657775878906250e+01
8.160842132568359375e+01
8.651113891601562500e+01
1.353716735839843750e+02
1.098411865234375000e+02
1.214809951782226562e+02
1.304245300292968750e+02
1.027915802001953125e+02
1.197188110351562500e+02
1.314705963134765625e+02
1.056361999511718750e+02
1.202263641357421875e+02
1.319905638694763184e+00
4.859750568866729736e-01
4.562267959117889404e-01
5.542246699333190918e-01
3.297718465328216553e-01
1.512916386127471924e-01
7.515551447868347168e-01
9.947064518928527832e-01
4.202606678009033203e-01
3.730036544799804688e+01
4.012277603149414062e+01
3.833362960815429688e+01
5.782413101196289062e+01
4.195241928100585938e+01
4.045940017700195312e+01
4.676325225830078125e+01
2.884877777099609375e+01
3.965110397338867188e+01
2.636496582031250000e+02
2.048346405029296875e+02
1.993246612548828125e+02
2.614800720214843750e+02
1.981976928710937500e+02
1.769560699462890625e+02
2.308560028076171875e+02
1.827868957519531250e+02
1.640624542236328125e+02
4.156179809570312500e+01
4.902279663085937500e+01
2.124535560607910156e+01
2.105871391296386719e+01
4.059228134155273438e+01
2.690803527832031250e+01
3.954114913940429688e+01
5.830619049072265625e+01
4.523273086547851562e+01
1.558905334472656250e+02
9.158589935302734375e+01
1.546129584312438965e+00
6.585775756835937500e+01
4.780476570129394531e+00
-3.404046249389648438e+01
2.321241378784179688e+01
-3.637713432312011719e+00
5.703193187713623047e+00
1.439045143127441406e+01
1.346740341186523438e+01
1.020264053344726562e+01
8.545673370361328125e+00
1.196861362457275391e+01
2.754398822784423828e+00
2.809032917022705078e+00
4.060245513916015625e+00
1.059238195419311523e+00
-1.054320096969604492e+00
-2.751527726650238037e-01
-5.308748245239257812e+00
-7.710562229156494141e+00
-4.760410308837890625e+00
-9.004919052124023438e+00
-1.028845691680908203e+01
-5.218248844146728516e+00
-7.181998252868652344e+00
2.570895957946777344e+01
-1.041974782943725586e+00
2.004075288772583008e+00
2.699661254882812500e+01
1.633387947082519531e+01
6.867094039916992188e-01
3.840355682373046875e+01
1.300574588775634766e+01
-1.097787952423095703e+01
1.289891815185546875e+01
5.884095668792724609e+00
2.071837997436523438e+01
2.284317207336425781e+01
2.125170516967773438e+01
2.617927742004394531e+01
-6.123245716094970703e+00
-1.322147369384765625e+01
-9.150428175926208496e-01
4.846388339996337891e+00
1.225365877151489258e+00
-2.931702613830566406e+00
-2.533222198486328125e+00
1.933898091316223145e+00
-3.969969272613525391e+00
9.860199689865112305e-01
3.302726507186889648e+00
2.818886041641235352e+00
6.801984786987304688e+00
6.714257717132568359e+00
3.054184913635253906e+00
6.847864151000976562e+00
7.890585422515869141e+00
3.140791893005371094e+00
7.444732666015625000e+00
5.329798698425292969e+00
8.321332931518554688e-01
1.033830413818359375e+02
1.572081851959228516e+01
3.158891487121582031e+01
3.382158660888671875e+01
-9.607750892639160156e+00
1.310374259948730469e+01
1.023178710937500000e+02
5.734004974365234375e+01
8.161862182617187500e+01
-2.146088600158691406e+00
-2.560859918594360352e+00
-2.901674985885620117e+00
-3.496132612228393555e+00
-3.763505458831787109e+00
-3.411101579666137695e+00
-3.512136042118072510e-01
-1.113560795783996582e-02
-9.176092147827148438e-01
-6.585031747817993164e-02
-4.425674304366111755e-02
-9.008760750293731689e-02
-2.208301573991775513e-01
-4.062227532267570496e-02
1.799499839544296265e-01
1.241550967097282410e-01
3.244773745536804199e-01
9.632208384573459625e-03
9.482359313964843750e+01
1.303910217285156250e+02
1.475110015869140625e+02
9.725300598144531250e+01
1.190581359863281250e+02
1.477610168457031250e+02
1.192415313720703125e+02
1.313051300048828125e+02
1.250526809692382812e+02
1.583023529052734375e+02
1.656644744873046875e+02
1.601900024414062500e+02
1.903798828125000000e+02
2.087127838134765625e+02
1.609379119873046875e+02
2.752981567382812500e+02
2.594796142578125000e+02
1.623287200927734375e+02
1.235607504844665527e+00
5.803471803665161133e-01
1.727872937917709351e-01
2.234888076782226562e+00
2.944482326507568359e+00
2.631561756134033203e+00
-1.685066670179367065e-01
1.851296424865722656e+00
5.451883673667907715e-01
-1.177262783050537109e+00
1.666710090637207031e+01
6.754917621612548828e+00
2.562326622009277344e+01
2.670550727844238281e+01
-8.191404342651367188e-01
5.396328735351562500e+01
3.634464263916015625e+01
1.546750068664550781e+01
9.323108673095703125e+01
1.032115249633789062e+02
8.231083679199218750e+01
1.272792510986328125e+02
1.970733184814453125e+02
1.810261535644531250e+02
1.130450897216796875e+02
2.152481079101562500e+02
2.230315704345703125e+02
2.695326538085937500e+02
2.674784545898437500e+02
2.685237426757812500e+02
2.924703674316406250e+02
3.225750122070312500e+02
2.961980895996093750e+02
2.356565704345703125e+02
2.237256927490234375e+02
1.291656951904296875e+02
1.089328193664550781e+01
-4.203162765502929688e+01
-6.147163391113281250e+01
7.008190917968750000e+01
3.081912231445312500e+01
7.103009223937988281e+00
7.732297515869140625e+01
5.216734313964843750e+01
3.131056594848632812e+01
8.215776681900024414e-01
5.253991484642028809e-01
1.074008345603942871e+00
3.319485664367675781e+00
5.966217994689941406e+00
2.534751653671264648e+00
2.504546642303466797e+00
7.029052257537841797e+00
3.647084474563598633e+00
6.957968711853027344e+00
4.833366394042968750e+00
2.777565479278564453e+00
5.722565650939941406e+00
4.802277565002441406e+00
2.700501441955566406e+00
-1.305977344512939453e+00
-4.688644707202911377e-01
4.697740077972412109e-01
-1.525824165344238281e+01
-2.033711433410644531e+01
-3.008219337463378906e+01
6.364619731903076172e+00
-9.969606399536132812e+00
-1.080688858032226562e+01
1.528320503234863281e+01
-3.236088752746582031e+00
8.257749557495117188e+00
-2.038595390319824219e+01
-1.529989337921142578e+01
-9.297129631042480469e+00
-7.091884136199951172e+00
9.993857145309448242e-01
5.700275421142578125e+00
-1.917559623718261719e+00
7.398360252380371094e+00
1.021184635162353516e+01
1.620743179321289062e+01
1.149201107025146484e+01
6.334784030914306641e+00
-1.320700287818908691e+00
-2.300701141357421875e+00
-8.917128562927246094e+00
-1.083385848999023438e+01
-4.251803874969482422e+00
-2.786337137222290039e+00
1.249946236610412598e+00
1.527840495109558105e+00
1.464593768119812012e+00
1.450027465820312500e+00
2.309687376022338867e+00
1.852261781692504883e+00
2.833372116088867188e+00
3.241602420806884766e+00
2.155305385589599609e+00
-3.265762329101562500e+00
-4.325584793090820312e+01
-2.396056556701660156e+01
2.645592308044433594e+01
-1.911440277099609375e+01
-8.309508323669433594e+00
-2.742131471633911133e+00
-4.181591415405273438e+01
-2.595036315917968750e+01
-6.052791476249694824e-01
-1.439131975173950195e+00
-4.371288046240806580e-02
-9.476329088211059570e-01
-1.590470433235168457e+00
-1.003070026636123657e-01
-9.949321746826171875e-01
-2.690354108810424805e+00
-1.553380966186523438e+00
4.343362897634506226e-02
-7.229470461606979370e-02
8.862099051475524902e-02
1.202514022588729858e-01
1.020913273096084595e-01
7.173100858926773071e-02
1.477960795164108276e-01
3.118852898478507996e-02
-5.275253579020500183e-02
7.399559020996093750e-02
2.953446197509765625e+01
3.083027076721191406e+01
1.561218166351318359e+01
4.534743118286132812e+01
4.334387207031250000e+01
2.705344009399414062e+01
4.877427673339843750e+01
4.596360015869140625e+01
-2.514032745361328125e+01
-3.969513320922851562e+01
-3.543872451782226562e+01
3.329772949218750000e+01
1.811991119384765625e+01
6.136916637420654297e+00
6.912221527099609375e+01
3.861209869384765625e+01
1.718937683105468750e+01
-1.533015727996826172e+00
-1.854257881641387939e-01
-2.889048457145690918e-01
-5.442806482315063477e-01
1.719236224889755249e-01
-1.385805755853652954e-01
1.959956735372543335e-01
8.093393445014953613e-01
2.449005842208862305e-01
-6.015843391418457031e+00
-5.736742019653320312e+00
-1.408002257347106934e+00
-1.256915950775146484e+01
-8.633144378662109375e+00
-1.617037534713745117e+00
-9.628973960876464844e+00
-1.006149196624755859e+01
-1.273125052452087402e+00
-2.599398612976074219e+01
-4.127153396606445312e+01
-3.085541915893554688e+01
4.005518913269042969e+00
1.696130180358886719e+01
1.797994804382324219e+01
4.531195831298828125e+01
8.068087005615234375e+01
6.610021209716796875e+01
1.299285984039306641e+01
4.652908706665039062e+01
4.333753967285156250e+01
4.420068359375000000e+01
8.632888793945312500e+01
6.687135314941406250e+01
6.397825241088867188e+01
7.479001617431640625e+01
4.851225280761718750e+01
8.752666015625000000e+02
9.006412353515625000e+02
1.145804931640625000e+03
8.887561035156250000e+02
1.003025817871093750e+03
1.291052856445312500e+03
9.820998535156250000e+02
1.211914184570312500e+03
1.487208129882812500e+03
4.550923156738281250e+01
4.893821334838867188e+01
5.589038467407226562e+01
3.988452529907226562e+01
4.826630401611328125e+01
5.618972778320312500e+01
2.036481285095214844e+01
3.587382507324218750e+01
4.737516403198242188e+01
5.244499588012695312e+01
6.355189514160156250e+01
7.045067596435546875e+01
5.306084823608398438e+01
6.614710235595703125e+01
7.179235076904296875e+01
6.439000701904296875e+01
7.653415679931640625e+01
7.592655944824218750e+01
2.810998229980468750e+02
2.992835388183593750e+02
2.958264465332031250e+02
2.418900756835937500e+02
2.599930114746093750e+02
2.927519836425781250e+02
1.969313964843750000e+02
2.309886474609375000e+02
3.053281555175781250e+02
4.697499465942382812e+01
4.960594177246093750e+01
8.419427490234375000e+01
7.093639373779296875e+01
6.904596710205078125e+01
1.122899856567382812e+02
8.223777770996093750e+01
8.847814178466796875e+01
1.409594573974609375e+02
3.040653991699218750e+01
2.904636764526367188e+01
4.493940734863281250e+01
4.167323684692382812e+01
6.013173675537109375e+01
7.119641113281250000e+01
1.015669097900390625e+02
1.198591690063476562e+02
1.304727020263671875e+02
2.591040229797363281e+01
2.072664451599121094e+01
1.617818832397460938e+01
2.180471038818359375e+01
1.758234405517578125e+01
1.519673347473144531e+01
1.720403289794921875e+01
1.331525707244873047e+01
1.312593650817871094e+01
5.337781982421875000e+02
5.606325073242187500e+02
7.794099121093750000e+02
7.048292846679687500e+02
7.922296142578125000e+02
1.033222290039062500e+03
8.825973510742187500e+02
9.918989257812500000e+02
1.225887084960937500e+03
1.977986717224121094e+01
2.152773475646972656e+01
2.201494026184082031e+01
2.751798057556152344e+01
3.012521362304687500e+01
3.081871032714843750e+01
3.257534790039062500e+01
3.667844009399414062e+01
3.736865615844726562e+01
6.244620084762573242e-01
3.280012309551239014e-01
7.123219966888427734e-02
1.237829446792602539e+00
1.157195806503295898e+00
7.862454652786254883e-01
1.101690173149108887e+00
8.837292790412902832e-01
6.045820116996765137e-01
1.131126831054687500e+03
1.284390136718750000e+03
1.245779174804687500e+03
1.207099243164062500e+03
1.334994018554687500e+03
1.267446777343750000e+03
1.188886230468750000e+03
1.268819580078125000e+03
1.183654785156250000e+03
1.614346435546875000e+03
1.650418701171875000e+03
1.652005615234375000e+03
1.732414428710937500e+03
1.766980102539062500e+03
1.747202270507812500e+03
1.665909912109375000e+03
1.743536743164062500e+03
1.764676025390625000e+03
1.342949390411376953e+01
1.529870510101318359e+01
9.284836769104003906e+00
1.728403282165527344e+01
1.399657726287841797e+01
1.124218559265136719e+01
1.596420860290527344e+01
1.161567115783691406e+01
1.259343051910400391e+01
2.451004943847656250e+02
2.841292114257812500e+02
3.172318420410156250e+02
3.102155761718750000e+02
3.487377624511718750e+02
3.613416442871093750e+02
3.000794982910156250e+02
3.593671569824218750e+02
3.465014648437500000e+02
2.243106445312500000e+03
2.533765380859375000e+03
2.615072021484375000e+03
2.313405761718750000e+03
2.607143798828125000e+03
2.592376464843750000e+03
2.404639404296875000e+03
2.622094482421875000e+03
2.474640380859375000e+03
1.092260620117187500e+03
1.145869506835937500e+03
9.594943237304687500e+02
1.123512939453125000e+03
1.081857299804687500e+03
9.082256469726562500e+02
1.058431274414062500e+03
9.280202026367187500e+02
8.995078735351562500e+02
-8.413989868164062500e+02
-7.946700439453125000e+02
-7.632589111328125000e+02
-7.595498657226562500e+02
-7.685250244140625000e+02
-8.050321655273437500e+02
-7.349226074218750000e+02
-8.036329345703125000e+02
-8.946362304687500000e+02
-2.886615943908691406e+01
-2.685159492492675781e+01
-2.974698257446289062e+01
-2.222861480712890625e+01
-2.028737640380859375e+01
-2.969826126098632812e+01
-2.300857925415039062e+01
-2.007238578796386719e+01
-2.700304794311523438e+01
-5.926082611083984375e+00
-1.531469058990478516e+01
-2.184970092773437500e+01
-6.418901443481445312e+00
-1.540134429931640625e+01
-2.216932678222656250e+01
-9.064087867736816406e+00
-1.511572933197021484e+01
-2.433594703674316406e+01
-2.438253784179687500e+02
-2.255852355957031250e+02
-2.004385681152343750e+02
-2.360650634765625000e+02
-2.214513702392578125e+02
-1.683759002685546875e+02
-1.985186462402343750e+02
-1.976388092041015625e+02
-1.598461761474609375e+02
-9.616967773437500000e+01
-1.061353988647460938e+02
-7.958100128173828125e+01
-8.238060760498046875e+01
-1.017429656982421875e+02
-8.654184722900390625e+01
-6.106561279296875000e+01
-6.927634429931640625e+01
-5.773211669921875000e+01
-1.114420795440673828e+01
-2.311114883422851562e+01
-2.184627151489257812e+01
-2.025550651550292969e+01
-4.139770889282226562e+01
-4.370763778686523438e+01
-5.083041000366210938e+01
-7.320384216308593750e+01
-8.073826599121093750e+01
-1.694029998779296875e+01
-1.478122711181640625e+01
-1.047641754150390625e+01
-1.362306690216064453e+01
-1.142536544799804688e+01
-1.027397918701171875e+01
-1.136142539978027344e+01
-1.099234867095947266e+01
-9.573523521423339844e+00
-5.066885681152343750e+02
-5.124539794921875000e+02
-4.589468994140625000e+02
-5.315935058593750000e+02
-5.732631835937500000e+02
-5.515410766601562500e+02
-6.477592773437500000e+02
-7.011510009765625000e+02
-6.554433593750000000e+02
-5.513437271118164062e+00
-7.333878993988037109e+00
-5.103227615356445312e+00
-7.350700378417968750e+00
-1.180580615997314453e+01
-9.549597740173339844e+00
-1.009580135345458984e+01
-1.463824748992919922e+01
-1.295448207855224609e+01
-3.357208967208862305e-01
-2.087213695049285889e-01
-1.247143745422363281e-01
-9.080264717340469360e-02
-4.221659302711486816e-01
-3.182651698589324951e-01
-2.063434123992919922e-01
-3.427135050296783447e-01
-4.923985302448272705e-01
-3.454571228027343750e+02
-3.429243469238281250e+02
-3.686890258789062500e+02
-3.774442749023437500e+02
-3.629496459960937500e+02
-3.779333801269531250e+02
-3.822903137207031250e+02
-3.560957641601562500e+02
-3.563602600097656250e+02
-7.715549926757812500e+02
-7.592838745117187500e+02
-7.163700561523437500e+02
-8.101666259765625000e+02
-7.937924804687500000e+02
-7.585235595703125000e+02
-7.043869018554687500e+02
-7.384302978515625000e+02
-7.192184448242187500e+02
-8.079533576965332031e+00
-8.752408981323242188e+00
-4.567016601562500000e+00
-5.909080505371093750e+00
-5.304941654205322266e+00
-2.248145580291748047e+00
-3.035973072052001953e+00
-2.237777471542358398e+00
-4.176064491271972656e+00
-7.100296020507812500e+01
-8.707645416259765625e+01
-1.139554367065429688e+02
-1.222059707641601562e+02
-1.346502380371093750e+02
-1.158279418945312500e+02
-1.303278350830078125e+02
-1.316229095458984375e+02
-1.017769012451171875e+02
-6.293117065429687500e+02
-8.026698608398437500e+02
-9.257180786132812500e+02
-7.858947753906250000e+02
-9.477476806640625000e+02
-1.009071105957031250e+03
-7.798139038085937500e+02
-8.406607666015625000e+02
-8.592097778320312500e+02
-4.786167297363281250e+02
-4.469371948242187500e+02
-3.776502380371093750e+02
-4.571765136718750000e+02
-3.407862548828125000e+02
-2.822307128906250000e+02
-3.634570922851562500e+02
-2.338049468994140625e+02
-2.693277893066406250e+02
1.280219433593750000e+04
1.668769531250000000e+04
1.573286230468750000e+04
1.553629492187500000e+04
1.706829492187500000e+04
1.472557421875000000e+04
1.604412304687500000e+04
1.555785156250000000e+04
1.186234472656250000e+04
1.289991607666015625e+02
3.868433532714843750e+02
3.912346801757812500e+02
2.056932220458984375e+02
2.497281036376953125e+02
4.296806945800781250e+02
4.204838562011718750e+02
2.588361511230468750e+02
3.411131591796875000e+02
3.646537475585937500e+02
1.466204833984375000e+02
7.920055389404296875e+01
3.807640991210937500e+02
1.252450704574584961e+00
-9.476265716552734375e+01
2.212792816162109375e+02
-7.130898284912109375e+01
-1.245278625488281250e+02
1.781031982421875000e+03
1.797241455078125000e+03
3.124133056640625000e+03
2.653040039062500000e+03
3.018140380859375000e+03
3.589820556640625000e+03
3.610412109375000000e+03
3.689366943359375000e+03
3.070256347656250000e+03
2.303710479736328125e+02
7.608779296875000000e+02
9.811328125000000000e+01
5.416851806640625000e+02
1.026041503906250000e+03
3.744393615722656250e+02
7.022931518554687500e+02
9.220393066406250000e+02
2.594085998535156250e+02
6.695715942382812500e+02
1.002583496093750000e+03
4.471423950195312500e+02
6.861779174804687500e+02
4.905257873535156250e+02
7.730949401855468750e+01
2.085278930664062500e+02
1.405403442382812500e+02
-2.350866088867187500e+02
-6.726798248291015625e+01
-2.007466316223144531e+01
7.198513031005859375e+01
-4.870042419433593750e+01
5.153864288330078125e+01
1.781275939941406250e+02
1.732517242431640625e+01
1.444904479980468750e+02
1.917579040527343750e+02
9.270042968750000000e+03
1.206775000000000000e+04
9.891600585937500000e+03
1.049333105468750000e+04
1.226119433593750000e+04
9.192051757812500000e+03
9.324041992187500000e+03
9.658651367187500000e+03
6.475623535156250000e+03
1.195708465576171875e+02
1.187496337890625000e+02
8.839338684082031250e+01
7.105091857910156250e+01
1.136221923828125000e+02
6.308655166625976562e+01
-1.581011295318603516e+01
2.761209869384765625e+01
-1.339734077453613281e+01
4.712131023406982422e-01
-4.091868400573730469e+00
3.684523820877075195e+00
2.075212001800537109e+00
-2.623968720436096191e-01
1.135374259948730469e+01
-1.039297133684158325e-01
1.468397855758666992e+00
1.270799255371093750e+01
7.011071166992187500e+02
-1.525125122070312500e+03
-1.090950683593750000e+03
2.424586486816406250e+02
-2.213714355468750000e+03
-1.686182617187500000e+03
-5.806091308593750000e+02
-2.548678466796875000e+03
-1.931603149414062500e+03
5.533162109375000000e+03
6.473787109375000000e+03
6.550847656250000000e+03
4.705387695312500000e+03
6.248046875000000000e+03
6.669273437500000000e+03
5.416453613281250000e+03
5.823994140625000000e+03
5.881565917968750000e+03
-2.046930694580078125e+01
1.418520355224609375e+01
5.456722259521484375e+01
-3.899219131469726562e+01
6.800393676757812500e+01
5.865879058837890625e+01
7.451780796051025391e+00
1.225245285034179688e+02
7.708623504638671875e+01
6.590322265625000000e+02
3.122824401855468750e+02
-2.414673919677734375e+02
1.897247161865234375e+02
-1.984384307861328125e+02
-4.087374877929687500e+02
-6.087381591796875000e+02
-6.997625732421875000e+02
-5.610076904296875000e+02
4.577040527343750000e+03
7.187921142578125000e+02
-1.478048706054687500e+03
2.284945556640625000e+03
-2.805269531250000000e+03
-2.733134277343750000e+03
-1.776764678955078125e+01
-4.384277343750000000e+03
-2.762409423828125000e+03
-3.462422851562500000e+03
-3.289616210937500000e+03
1.187907836914062500e+03
-3.214153076171875000e+03
-5.193509521484375000e+02
3.938392333984375000e+03
-2.615788574218750000e+03
1.595757812500000000e+03
3.360522460937500000e+03
2.872860839843750000e+03
2.843208251953125000e+03
2.640383056640625000e+03
2.892979248046875000e+03
2.915836181640625000e+03
2.787772949218750000e+03
2.619249267578125000e+03
2.652846679687500000e+03
2.740708007812500000e+03
5.141212463378906250e+01
6.858361816406250000e+01
7.278245544433593750e+01
5.834160614013671875e+01
6.981447601318359375e+01
8.301280975341796875e+01
4.358567428588867188e+01
5.962274551391601562e+01
8.107170104980468750e+01
3.432368850708007812e+01
4.064498138427734375e+01
3.701159667968750000e+01
2.343692588806152344e+01
4.146809005737304688e+01
4.373991394042968750e+01
2.029605674743652344e+01
3.956555938720703125e+01
4.885993576049804688e+01
7.164843139648437500e+02
6.150116577148437500e+02
6.481333007812500000e+02
7.967969360351562500e+02
5.971970825195312500e+02
6.307477416992187500e+02
7.285047607421875000e+02
5.193832397460937500e+02
6.149754028320312500e+02
3.993313293457031250e+02
4.845460205078125000e+02
4.562697143554687500e+02
4.233612365722656250e+02
5.212279052734375000e+02
5.031326599121093750e+02
5.077337341308593750e+02
6.323303833007812500e+02
5.998286132812500000e+02
8.813299560546875000e+01
4.800894927978515625e+01
7.457761383056640625e+01
4.905459594726562500e+01
4.326977539062500000e+01
6.834131622314453125e+01
2.487527275085449219e+01
4.497484207153320312e+01
9.389744567871093750e+01
3.005721855163574219e+01
2.990451431274414062e+01
3.232232666015625000e+01
3.447620773315429688e+01
2.941787910461425781e+01
2.654181289672851562e+01
3.174087142944335938e+01
2.511204528808593750e+01
2.553309059143066406e+01
2.099431640625000000e+03
1.829848388671875000e+03
2.033407836914062500e+03
2.041841796875000000e+03
1.722019042968750000e+03
2.116311279296875000e+03
2.040454956054687500e+03
1.825332885742187500e+03
2.316892822265625000e+03
1.522738838195800781e+01
6.949281215667724609e+00
1.983824729919433594e+01
1.866401863098144531e+01
9.796948432922363281e+00
2.375520706176757812e+01
2.332974815368652344e+01
1.226265621185302734e+01
2.567998313903808594e+01
6.576142907142639160e-01
1.915849685668945312e+00
1.437603235244750977e+00
8.057749867439270020e-01
1.519636034965515137e+00
4.717833995819091797e-01
7.820472717285156250e-01
5.344277024269104004e-01
3.143101632595062256e-01
2.973528442382812500e+02
5.521181640625000000e+02
6.664114379882812500e+02
3.266281738281250000e+02
5.743462524414062500e+02
6.549342041015625000e+02
3.822741088867187500e+02
6.052262573242187500e+02
7.539199829101562500e+02
1.687847534179687500e+03
2.071011474609375000e+03
1.761388793945312500e+03
1.927384033203125000e+03
2.254070800781250000e+03
2.003859497070312500e+03
1.890697875976562500e+03
2.214988037109375000e+03
2.036837524414062500e+03
3.624431848526000977e+00
3.298834228515625000e+01
1.109744071960449219e+01
7.839088916778564453e+00
3.465486907958984375e+01
1.385133838653564453e+01
3.122061967849731445e+00
2.650960350036621094e+01
1.232682037353515625e+01
8.214678192138671875e+01
6.009161758422851562e+01
8.493980407714843750e+01
8.043956756591796875e+01
1.340238952636718750e+02
1.783172607421875000e+02
1.300918731689453125e+02
2.385924224853515625e+02
1.727188110351562500e+02
7.622319946289062500e+02
1.194447021484375000e+03
1.392096923828125000e+03
1.054488037109375000e+03
1.582383056640625000e+03
1.658711914062500000e+03
1.378852539062500000e+03
1.886220581054687500e+03
1.883097412109375000e+03
5.636807861328125000e+02
8.909473266601562500e+02
9.646741333007812500e+02
5.619215087890625000e+02
6.407699584960937500e+02
6.541644287109375000e+02
4.978114013671875000e+02
5.088729553222656250e+02
6.180317382812500000e+02
3.639247436523437500e+02
4.840029296875000000e+02
5.677969970703125000e+02
3.046244812011718750e+02
4.763763732910156250e+02
5.906209716796875000e+02
3.283663940429687500e+02
5.107585144042968750e+02
6.120448608398437500e+02
9.760298728942871094e+00
1.005270385742187500e+01
1.775229692459106445e+00
6.049499034881591797e+00
8.521045684814453125e+00
3.346845149993896484e+00
1.508447647094726562e+00
7.009985923767089844e+00
-1.491810321807861328e+00
4.687966823577880859e+00
3.420697450637817383e+00
5.069207191467285156e+00
9.654969215393066406e+00
1.044525051116943359e+01
1.076108741760253906e+01
2.137512779235839844e+01
1.686425018310546875e+01
1.219264507293701172e+01
6.970317840576171875e+01
6.661183929443359375e+01
6.056456375122070312e+01
-1.431911468505859375e+01
3.856065750122070312e+01
4.584883880615234375e+01
4.304680347442626953e+00
4.845903778076171875e+01
7.240952301025390625e+01
2.750312805175781250e+02
2.769965515136718750e+02
2.642893371582031250e+02
2.941639709472656250e+02
2.946618652343750000e+02
2.854928588867187500e+02
2.883084106445312500e+02
2.957433471679687500e+02
2.764253845214843750e+02
-2.491309738159179688e+01
4.177765846252441406e+00
1.109185314178466797e+01
3.998300170898437500e+01
7.670819091796875000e+01
6.851286315917968750e+01
5.337927246093750000e+01
7.247904205322265625e+01
6.621780395507812500e+01
1.001376509666442871e+00
5.364685058593750000e-01
-1.748727560043334961e-01
-3.192914009094238281e+00
-2.256327152252197266e+00
-9.132079482078552246e-01
-6.332760334014892578e+00
-4.015600204467773438e+00
-1.060391306877136230e+00
4.103759765625000000e+02
4.608738098144531250e+02
5.361132812500000000e+02
4.906442260742187500e+02
5.816199951171875000e+02
6.921528320312500000e+02
5.870015258789062500e+02
7.051614379882812500e+02
7.608933715820312500e+02
3.512843847274780273e+00
2.928495883941650391e+00
4.140303134918212891e+00
4.999620437622070312e+00
5.715989112854003906e+00
6.882053852081298828e+00
7.965357303619384766e+00
5.633163928985595703e+00
4.774344444274902344e+00
5.136274695396423340e-01
2.655410207808017731e-02
-3.914788365364074707e-01
4.059479534626007080e-01
4.714754875749349594e-03
-1.113077923655509949e-01
-3.053435683250427246e-01
-4.417832791805267334e-01
8.965143561363220215e-02
2.260738830566406250e+02
1.815363616943359375e+02
1.408136596679687500e+02
2.370273742675781250e+02
1.930250549316406250e+02
1.178146057128906250e+02
2.314981994628906250e+02
2.079008331298828125e+02
9.691477203369140625e+01
5.566943359375000000e+02
4.925506286621093750e+02
4.750132751464843750e+02
4.748848266601562500e+02
4.385498046875000000e+02
4.887226257324218750e+02
3.421406250000000000e+02
3.284958801269531250e+02
3.906459350585937500e+02
1.085356903076171875e+01
5.889978408813476562e+00
1.126451611518859863e+00
4.164888858795166016e+00
2.518658876419067383e+00
9.692872762680053711e-01
5.558962225914001465e-01
1.469483256340026855e+00
2.661379814147949219e+00
4.985829162597656250e+01
7.156491088867187500e+01
6.898597717285156250e+01
5.680138778686523438e+01
7.091323852539062500e+01
6.846127319335937500e+01
7.572339630126953125e+01
6.306262207031250000e+01
5.794317626953125000e+01
4.292424621582031250e+02
4.873998107910156250e+02
3.709995727539062500e+02
5.222398681640625000e+02
4.788636169433593750e+02
2.752258911132812500e+02
4.883694458007812500e+02
3.585120239257812500e+02
1.634825744628906250e+02
2.461879730224609375e+02
9.087274169921875000e+01
3.760258436203002930e+00
9.898534393310546875e+01
-1.879489898681640625e+00
7.904074192047119141e-01
9.538809204101562500e+01
9.150232696533203125e+01
1.700164947509765625e+02
5.284086303710937500e+02
5.419129638671875000e+02
4.587870788574218750e+02
5.410516967773437500e+02
5.896688232421875000e+02
4.695063171386718750e+02
4.919054565429687500e+02
5.338905639648437500e+02
4.333980407714843750e+02
9.840078353881835938e-01
1.287191390991210938e+00
1.304294824600219727e+00
6.218916893005371094e+00
8.825752258300781250e+00
7.095560550689697266e+00
3.180399656295776367e+00
1.063204574584960938e+01
4.094558238983154297e+00
5.479400157928466797e+00
5.254869937896728516e+00
2.963644027709960938e+00
2.953863382339477539e+00
3.020493268966674805e+00
-2.949442148208618164e+00
-5.775365233421325684e-01
-1.969539284706115723e+00
-5.360185146331787109e+00
1.175876312255859375e+02
6.786322021484375000e+01
7.407545471191406250e+01
1.973370361328125000e+02
1.487043914794921875e+02
1.240735244750976562e+02
2.030080261230468750e+02
1.405911254882812500e+02
1.236904907226562500e+02
7.180014038085937500e+01
8.886641693115234375e+01
1.066609191894531250e+02
7.830104064941406250e+01
1.002283325195312500e+02
1.106775131225585938e+02
1.240627670288085938e+02
1.515881652832031250e+02
1.394241485595703125e+02
2.507321166992187500e+01
1.820688819885253906e+01
2.975870704650878906e+01
-1.246691894531250000e+01
-8.056098222732543945e-01
5.349472999572753906e+00
-1.114138126373291016e+01
-3.861244916915893555e+00
6.630095958709716797e+00
2.473555654287338257e-01
9.498873949050903320e-01
4.292370319366455078e+00
8.991171717643737793e-01
2.905419349670410156e+00
6.327713012695312500e+00
2.930656194686889648e+00
4.803184986114501953e+00
7.113861083984375000e+00
4.198270263671875000e+02
4.072453308105468750e+02
3.570844116210937500e+02
3.576793212890625000e+02
3.312877502441406250e+02
2.979958496093750000e+02
3.530919189453125000e+02
3.063979187011718750e+02
2.895744018554687500e+02
1.096495389938354492e+00
-1.544008970260620117e+00
-1.353141665458679199e+00
1.440234422683715820e+00
-2.478380441665649414e+00
-1.350643157958984375e+00
2.940920114517211914e+00
-1.641966104507446289e+00
-7.618027329444885254e-01
7.789742201566696167e-02
1.258098930120468140e-01
1.241779252886772156e-01
-1.543088704347610474e-01
3.475004062056541443e-02
-1.456053256988525391e-01
-1.331676691770553589e-01
-4.932617768645286560e-02
-1.714963465929031372e-02
-3.198986768722534180e+00
-2.451696586608886719e+01
-5.655550003051757812e+01
6.580223560333251953e+00
-7.427547454833984375e+00
-4.275955200195312500e+01
1.546704292297363281e+01
-1.473184108734130859e+01
-3.850207901000976562e+01
1.620675964355468750e+02
1.592487487792968750e+02
1.020918807983398438e+02
2.248973236083984375e+02
2.269771423339843750e+02
1.598178100585937500e+02
2.696080322265625000e+02
2.461973419189453125e+02
1.670751800537109375e+02
1.182593107223510742e-01
5.262067317962646484e-01
-1.297186613082885742e+00
-7.342227697372436523e-01
5.003122687339782715e-01
-1.755975335836410522e-01
-6.155563592910766602e-01
1.224247217178344727e+00
8.970398902893066406e-01
-1.125911426544189453e+01
-1.770585823059082031e+01
-1.868889999389648438e+01
-1.439378643035888672e+01
-1.594191932678222656e+01
-1.472850799560546875e+01
-9.499932289123535156e+00
-5.309832572937011719e+00
-4.020981311798095703e+00
1.175048828125000000e+01
-3.277250528335571289e+00
-1.201858291625976562e+02
1.830489349365234375e+01
1.970882415771484375e+01
-8.705109405517578125e+01
7.596097564697265625e+01
9.494297027587890625e+01
-9.610628128051757812e+00
-3.680955123901367188e+01
-3.530619812011718750e+01
1.884125137329101562e+01
-5.058177185058593750e+01
-3.672237014770507812e+01
3.572690963745117188e+01
-2.632023239135742188e+01
-1.912931823730468750e+01
3.962479782104492188e+01
2.402726898193359375e+02
2.808271179199218750e+02
3.223074340820312500e+02
1.399952850341796875e+02
2.183999328613281250e+02
2.686621704101562500e+02
5.861748123168945312e+01
1.658112182617187500e+02
2.396013641357421875e+02
6.598230361938476562e+00
7.005146026611328125e+00
7.600626468658447266e+00
3.974466800689697266e+00
7.003943920135498047e+00
8.054941177368164062e+00
1.503792881965637207e+00
6.534329414367675781e+00
6.522517204284667969e+00
1.359612369537353516e+01
1.347922325134277344e+01
1.252210617065429688e+01
1.001379680633544922e+01
1.175860118865966797e+01
9.691619873046875000e+00
1.038858890533447266e+01
1.337531757354736328e+01
1.302305221557617188e+01
7.707304382324218750e+01
8.563912963867187500e+01
9.596107482910156250e+01
6.283555603027343750e+01
7.506481933593750000e+01
9.345265197753906250e+01
6.418208312988281250e+01
7.010717010498046875e+01
7.700511169433593750e+01
2.564187812805175781e+01
8.655381202697753906e+00
1.629345321655273438e+01
2.832827758789062500e+01
1.673602485656738281e+01
2.978131103515625000e+01
1.390400028228759766e+01
1.559443664550781250e+01
1.925466346740722656e+01
-3.666860103607177734e+00
-6.502785205841064453e+00
-1.370288729667663574e+00
2.617569923400878906e+00
9.614412307739257812e+00
1.446736526489257812e+01
9.029105186462402344e+00
1.515822982788085938e+01
2.605672836303710938e+01
1.425654649734497070e+00
2.278936386108398438e+00
3.033972024917602539e+00
1.682880997657775879e+00
2.401817321777343750e+00
2.811151981353759766e+00
2.906519770622253418e-01
4.160968363285064697e-01
1.351041913032531738e+00
9.147173309326171875e+01
1.605238494873046875e+02
1.959353027343750000e+02
7.735826110839843750e+01
1.618028411865234375e+02
1.985008697509765625e+02
6.542987823486328125e+01
1.501872100830078125e+02
1.979895935058593750e+02
4.101735591888427734e+00
4.847524166107177734e+00
4.557936668395996094e+00
5.501459121704101562e+00
6.343960285186767578e+00
5.439305305480957031e+00
8.149729728698730469e+00
8.332513809204101562e+00
6.787529468536376953e+00
1.132412701845169067e-01
5.025184154510498047e-02
-9.510065615177154541e-02
2.178169935941696167e-01
2.466894499957561493e-02
9.694273769855499268e-02
3.561697900295257568e-01
1.457501053810119629e-01
1.300962567329406738e-01
2.056057434082031250e+02
2.355444335937500000e+02
2.210996551513671875e+02
2.122097625732421875e+02
2.526299591064453125e+02
2.423407287597656250e+02
2.095102081298828125e+02
2.635608215332031250e+02
2.378686370849609375e+02
3.575790710449218750e+02
3.742019958496093750e+02
3.619637451171875000e+02
3.405050048828125000e+02
3.606062011718750000e+02
3.491514587402343750e+02
2.820363769531250000e+02
3.052526550292968750e+02
2.741578369140625000e+02
5.375952243804931641e+00
5.569522857666015625e+00
3.436014652252197266e+00
4.079982757568359375e+00
5.677852630615234375e+00
3.678229808807373047e+00
1.590510129928588867e+00
3.266683340072631836e+00
2.166593074798583984e+00
3.776671981811523438e+01
5.178503417968750000e+01
5.709500885009765625e+01
6.268357849121093750e+01
6.834735107421875000e+01
6.313929748535156250e+01
8.229291534423828125e+01
6.435169982910156250e+01
6.119439315795898438e+01
4.445123291015625000e+02
4.683032836914062500e+02
4.402974548339843750e+02
4.505209350585937500e+02
4.924838562011718750e+02
4.671984863281250000e+02
4.041150817871093750e+02
4.605731506347656250e+02
4.556163024902343750e+02
1.466467590332031250e+02
1.872964782714843750e+02
2.010412292480468750e+02
1.214135208129882812e+02
1.875405731201171875e+02
1.915441131591796875e+02
1.235371017456054688e+02
1.735334320068359375e+02
1.593784332275390625e+02
1.069193725585937500e+03
7.644053955078125000e+02
5.787336425781250000e+02
9.170614624023437500e+02
6.241356811523437500e+02
4.445728149414062500e+02
7.963720703125000000e+02
5.248980102539062500e+02
4.252751770019531250e+02
8.000646972656250000e+01
6.313841247558593750e+01
5.824803161621093750e+01
8.066741180419921875e+01
4.638088226318359375e+01
5.377396392822265625e+01
5.308812332153320312e+01
1.512112712860107422e+01
2.924112701416015625e+01
2.107040023803710938e+01
2.202650642395019531e+01
3.576518630981445312e+01
9.942808151245117188e+00
1.696088409423828125e+01
3.034277153015136719e+01
1.799706077575683594e+01
2.916781616210937500e+01
3.736828994750976562e+01
4.560004882812500000e+02
3.488762817382812500e+02
3.112278747558593750e+02
3.894774169921875000e+02
2.934707641601562500e+02
2.469654083251953125e+02
2.918881530761718750e+02
2.098429870605468750e+02
1.940238342285156250e+02
-5.740371704101562500e+02
-5.659894409179687500e+02
-5.593760986328125000e+02
-5.416885375976562500e+02
-5.324917602539062500e+02
-5.309439697265625000e+02
-5.011266479492187500e+02
-4.932569580078125000e+02
-4.922294616699218750e+02
-1.605614662170410156e+01
-2.771109771728515625e+01
-3.910002136230468750e+01
7.293992042541503906e+00
2.470013427734375000e+01
2.260242462158203125e+01
7.378697967529296875e+01
9.634371185302734375e+01
6.115249252319335938e+01
2.679382133483886719e+01
2.442231369018554688e+01
2.704937744140625000e+01
2.409256172180175781e+01
2.053828620910644531e+01
2.401249313354492188e+01
1.888169670104980469e+01
1.920197486877441406e+01
2.049698638916015625e+01
1.582078399658203125e+02
-4.404193878173828125e+01
-3.253857116699218750e+02
2.679215698242187500e+02
1.711723518371582031e+01
-1.583956146240234375e+02
3.982496643066406250e+02
1.976680755615234375e+02
4.101441955566406250e+01
1.741871833801269531e+01
9.061506271362304688e+00
8.515576362609863281e+00
2.503180122375488281e+01
1.694045829772949219e+01
1.521796798706054688e+01
3.432781219482421875e+01
2.210497474670410156e+01
2.120793342590332031e+01
5.598388314247131348e-01
7.464771270751953125e-01
2.425149269402027130e-02
8.948474526405334473e-01
6.608238220214843750e-01
7.584982514381408691e-01
1.075234293937683105e+00
8.860905766487121582e-01
8.017207980155944824e-01
7.727214965820312500e+02
7.979101562500000000e+02
8.559965820312500000e+02
8.405069580078125000e+02
8.314395141601562500e+02
8.805544433593750000e+02
8.471926879882812500e+02
8.150643310546875000e+02
8.852412719726562500e+02
1.167390991210937500e+03
1.087105346679687500e+03
8.956788940429687500e+02
1.317418701171875000e+03
1.171401977539062500e+03
9.921803588867187500e+02
1.172308715820312500e+03
9.766713867187500000e+02
8.630097656250000000e+02
8.210872650146484375e+00
4.471702575683593750e+00
4.263796806335449219e+00
1.068407154083251953e+01
1.932220816612243652e+00
2.414270162582397461e+00
9.776596069335937500e+00
6.071321964263916016e-01
2.440081834793090820e+00
1.997097015380859375e+02
2.153876953125000000e+02
2.614764709472656250e+02
2.726252746582031250e+02
2.916597595214843750e+02
3.205281372070312500e+02
2.806251220703125000e+02
3.041604614257812500e+02
2.935674133300781250e+02
1.537242553710937500e+03
1.609098144531250000e+03
1.786993041992187500e+03
1.761503540039062500e+03
1.775854614257812500e+03
1.932772583007812500e+03
1.736927001953125000e+03
1.719311401367187500e+03
1.771415771484375000e+03
7.702802734375000000e+02
8.607048950195312500e+02
7.285468750000000000e+02
7.786843261718750000e+02
8.125328979492187500e+02
6.829896240234375000e+02
7.253638916015625000e+02
8.287662963867187500e+02
7.371195068359375000e+02
