-8.150939331054687500e+02
-7.461234130859375000e+02
-5.752373046875000000e+02
-9.121510009765625000e+02
-8.072737426757812500e+02
-6.069163208007812500e+02
-8.209691772460937500e+02
-6.853558349609375000e+02
-5.205601196289062500e+02
-5.883111572265625000e+02
-5.251650390625000000e+02
-3.497708435058593750e+02
-6.778716430664062500e+02
-5.768253173828125000e+02
-3.809514160156250000e+02
-5.916792602539062500e+02
-4.585981750488281250e+02
-2.937769775390625000e+02
-5.150853271484375000e+02
-4.605379028320312500e+02
-2.878736572265625000e+02
-5.822597045898437500e+02
-5.002767639160156250e+02
-3.187274780273437500e+02
-4.970313110351562500e+02
-3.813427124023437500e+02
-2.296862335205078125e+02
-1.933066558837890625e+02
-2.442742156982421875e+02
-2.721103210449218750e+02
-2.668288269042968750e+02
-3.593038330078125000e+02
-3.841090698242187500e+02
-3.905033569335937500e+02
-5.044409790039062500e+02
-5.003514099121093750e+02
-1.826082000732421875e+02
-2.227613677978515625e+02
-2.381028747558593750e+02
-2.495332946777343750e+02
-3.353417968750000000e+02
-3.488098754882812500e+02
-3.775025329589843750e+02
-4.858412475585937500e+02
-4.680181274414062500e+02
-1.316315155029296875e+02
-1.612149505615234375e+02
-1.769202880859375000e+02
-2.005861511230468750e+02
-2.777813110351562500e+02
-2.863999633789062500e+02
-3.252301940917968750e+02
-4.312654724121093750e+02
-4.067070617675781250e+02
-1.302468261718750000e+02
-1.824164123535156250e+02
-2.797457275390625000e+02
-1.370762176513671875e+02
-2.328222503662109375e+02
-3.776206054687500000e+02
-1.094248428344726562e+02
-2.058408966064453125e+02
-3.578398437500000000e+02
-1.097364883422851562e+02
-1.362279205322265625e+02
-2.284017944335937500e+02
-1.042207489013671875e+02
-1.718456726074218750e+02
-3.116070556640625000e+02
-7.410993194580078125e+01
-1.466950988769531250e+02
-2.940975646972656250e+02
-6.275148010253906250e+01
-7.361557006835937500e+01
-1.604823303222656250e+02
-4.626757049560546875e+01
-9.801716613769531250e+01
-2.304764404296875000e+02
-1.204746437072753906e+01
-6.980926513671875000e+01
-2.135291442871093750e+02
-1.765662078857421875e+02
-2.233076934814453125e+02
-2.946990661621093750e+02
-2.905903015136718750e+02
-3.303282165527343750e+02
-3.560796508789062500e+02
-4.400388488769531250e+02
-4.668619384765625000e+02
-4.475943908691406250e+02
-6.255711364746093750e+01
-9.850520324707031250e+01
-1.668550872802734375e+02
-1.769352569580078125e+02
-2.099998779296875000e+02
-2.299458312988281250e+02
-3.157299194335937500e+02
-3.433130798339843750e+02
-3.282821350097656250e+02
-4.782575607299804688e+01
-7.979203033447265625e+01
-1.418748626708984375e+02
-1.357157440185546875e+02
-1.669947814941406250e+02
-1.920671234130859375e+02
-2.628579101562500000e+02
-2.878904113769531250e+02
-2.735266113281250000e+02
-4.489441833496093750e+02
-5.134742431640625000e+02
-6.209997558593750000e+02
-5.843707885742187500e+02
-6.766998291015625000e+02
-7.118021240234375000e+02
-4.882045593261718750e+02
-5.383101806640625000e+02
-4.920724792480468750e+02
-3.440356445312500000e+02
-4.257879943847656250e+02
-5.441268310546875000e+02
-4.778551330566406250e+02
-5.820314331054687500e+02
-6.356254272460937500e+02
-3.914295654296875000e+02
-4.422920227050781250e+02
-4.138253784179687500e+02
-4.964706115722656250e+02
-5.827676391601562500e+02
-6.899146118164062500e+02
-6.347160034179687500e+02
-7.454295043945312500e+02
-7.959619140625000000e+02
-5.509986572265625000e+02
-6.216228637695312500e+02
-5.897479858398437500e+02
1.750313232421875000e+03
1.918484619140625000e+03
1.381877075195312500e+03
4.069748291015625000e+03
2.351506835937500000e+03
6.204780273437500000e+02
2.767183105468750000e+03
6.046968994140625000e+02
-9.957028808593750000e+02
5.206254882812500000e+02
8.332912597656250000e+02
4.837703552246093750e+02
2.917437011718750000e+03
1.330485717773437500e+03
-1.467987976074218750e+02
1.543544067382812500e+03
-5.110116882324218750e+02
-1.841315795898437500e+03
-1.067592041015625000e+03
-4.783099060058593750e+02
-5.777560424804687500e+02
1.423889526367187500e+03
9.187706756591796875e+01
-1.161802978515625000e+03
-4.625868225097656250e+01
-1.935435058593750000e+03
-2.996310302734375000e+03
1.404068145751953125e+02
1.790837402343750000e+02
4.963749694824218750e+01
1.367031402587890625e+02
1.646662292480468750e+02
5.768460083007812500e+01
1.894340820312500000e+02
2.612647094726562500e+02
1.968610839843750000e+02
4.551029968261718750e+02
5.013268737792968750e+02
3.575713500976562500e+02
4.594579467773437500e+02
4.927688598632812500e+02
3.678940124511718750e+02
5.009837646484375000e+02
5.791356811523437500e+02
4.994094543457031250e+02
6.905321044921875000e+02
7.434918823242187500e+02
5.875482788085937500e+02
6.885133056640625000e+02
7.362095947265625000e+02
6.032286987304687500e+02
7.196909790039062500e+02
8.105618286132812500e+02
7.248134155273437500e+02
-2.529970703125000000e+02
-4.812952575683593750e+02
-5.697627563476562500e+02
-4.836000366210937500e+02
-7.063479614257812500e+02
-7.579504394531250000e+02
-5.951262207031250000e+02
-6.981918945312500000e+02
-7.010397949218750000e+02
-2.845465698242187500e+02
-5.095735168457031250e+02
-5.927102050781250000e+02
-5.133728637695312500e+02
-7.294656372070312500e+02
-7.719058227539062500e+02
-6.307996215820312500e+02
-7.258275146484375000e+02
-7.144817504882812500e+02
-4.864593505859375000e+02
-6.961166381835937500e+02
-7.641959228515625000e+02
-7.378357543945312500e+02
-9.401964721679687500e+02
-9.640620117187500000e+02
-8.562565917968750000e+02
-9.579884033203125000e+02
-9.321116333007812500e+02
6.250065917968750000e+02
5.739086914062500000e+02
7.352277832031250000e+02
1.047534423828125000e+03
1.012519531250000000e+03
1.105685546875000000e+03
1.050057373046875000e+03
1.110235473632812500e+03
1.145342529296875000e+03
1.941446990966796875e+02
1.085218353271484375e+02
2.577396545410156250e+02
5.541691894531250000e+02
4.864032592773437500e+02
5.751286010742187500e+02
5.535996093750000000e+02
5.863361816406250000e+02
6.200762329101562500e+02
-6.314050903320312500e+02
-7.643670043945312500e+02
-6.328316040039062500e+02
-3.200335388183593750e+02
-4.488169860839843750e+02
-3.678242492675781250e+02
-3.214337768554687500e+02
-3.636650085449218750e+02
-3.332223510742187500e+02
1.548781299591064453e+01
5.676539421081542969e+00
2.289440155029296875e+01
4.335207366943359375e+01
7.765929412841796875e+01
1.011151504516601562e+02
8.752391815185546875e+01
1.426882629394531250e+02
1.802642364501953125e+02
4.351046371459960938e+01
2.871210670471191406e+01
4.207595443725585938e+01
6.273822021484375000e+01
9.118912506103515625e+01
1.117532577514648438e+02
1.014665985107421875e+02
1.525290069580078125e+02
1.865019683837890625e+02
1.091902236938476562e+02
8.536377716064453125e+01
9.228630065917968750e+01
1.099044570922851562e+02
1.304715881347656250e+02
1.466161499023437500e+02
1.349443054199218750e+02
1.800835571289062500e+02
2.156315460205078125e+02
2.748923828125000000e+03
2.812026611328125000e+03
9.323225708007812500e+02
2.671779296875000000e+03
2.748925781250000000e+03
7.611353759765625000e+02
1.692476562500000000e+03
2.003507568359375000e+03
8.509561767578125000e+02
1.933568603515625000e+03
1.985330810546875000e+03
6.322727966308593750e+01
1.894269531250000000e+03
1.888991455078125000e+03
-1.726269683837890625e+02
8.893182373046875000e+02
1.115868286132812500e+03
-1.020793914794921875e+02
1.734525299072265625e+02
2.265462188720703125e+02
-1.543392333984375000e+03
1.434826202392578125e+02
1.036549377441406250e+02
-1.852565551757812500e+03
-8.139536743164062500e+02
-6.480960693359375000e+02
-1.845860717773437500e+03
-6.035005493164062500e+02
-5.241119995117187500e+02
-4.360249633789062500e+02
-7.508898925781250000e+02
-5.986334838867187500e+02
-4.698401184082031250e+02
-7.705468139648437500e+02
-5.997526245117187500e+02
-4.725613098144531250e+02
-5.562811889648437500e+02
-4.542102050781250000e+02
-3.606852722167968750e+02
-6.796401977539062500e+02
-5.024153137207031250e+02
-3.727451782226562500e+02
-7.063513183593750000e+02
-5.085259704589843750e+02
-3.792431945800781250e+02
-5.810584106445312500e+02
-4.639634704589843750e+02
-3.643135375976562500e+02
-6.905455932617187500e+02
-5.040509033203125000e+02
-3.814296569824218750e+02
-7.136969604492187500e+02
-5.078108825683593750e+02
-3.879587402343750000e+02
1.065772094726562500e+02
1.024751052856445312e+02
-1.558209609985351562e+01
2.286991882324218750e+02
2.903779907226562500e+02
1.460198669433593750e+02
2.913249816894531250e+02
3.608683471679687500e+02
1.964956054687500000e+02
2.703026123046875000e+02
2.669805908203125000e+02
1.402082977294921875e+02
3.918619689941406250e+02
4.587911376953125000e+02
3.032175598144531250e+02
4.376934814453125000e+02
5.149293212890625000e+02
3.408852539062500000e+02
3.984668579101562500e+02
3.894434509277343750e+02
2.530672607421875000e+02
5.087003784179687500e+02
5.750392456054687500e+02
4.187165832519531250e+02
5.233881835937500000e+02
6.060273437500000000e+02
4.264536132812500000e+02
-2.751801452636718750e+02
-2.783898010253906250e+02
-2.427489013671875000e+02
-2.287093811035156250e+02
-2.535652008056640625e+02
-1.911354370117187500e+02
-1.382484130859375000e+02
-1.939777526855468750e+02
-1.566670532226562500e+02
-2.067714843750000000e+02
-2.076366424560546875e+02
-1.819301452636718750e+02
-1.759232482910156250e+02
-1.907836456298828125e+02
-1.297773895263671875e+02
-9.509046936035156250e+01
-1.381967315673828125e+02
-9.144068145751953125e+01
-1.069933700561523438e+02
-1.161862030029296875e+02
-1.010098800659179688e+02
-8.261689758300781250e+01
-9.630954742431640625e+01
-4.282797622680664062e+01
-9.095574378967285156e+00
-4.712104415893554688e+01
-3.507338047027587891e+00
7.113292236328125000e+02
8.653703002929687500e+02
9.704854736328125000e+02
1.019521179199218750e+03
1.253219848632812500e+03
1.371068115234375000e+03
1.299268676757812500e+03
1.546001586914062500e+03
1.596353881835937500e+03
2.766842651367187500e+02
4.228822326660156250e+02
5.469084472656250000e+02
5.358937377929687500e+02
7.595859985351562500e+02
8.981605224609375000e+02
8.052813720703125000e+02
1.038317138671875000e+03
1.109951538085937500e+03
-3.836239318847656250e+02
-2.609323120117187500e+02
-1.231168518066406250e+02
-1.937412567138671875e+02
-9.119529724121093750e+00
1.570949401855468750e+02
5.838471984863281250e+01
2.486466979980468750e+02
3.515222473144531250e+02
-2.758087158203125000e+02
-5.545074462890625000e+02
-6.067847290039062500e+02
-1.077722549438476562e+02
-4.680350952148437500e+02
-5.007206420898437500e+02
-1.154500350952148438e+02
-3.722927246093750000e+02
-3.838810729980468750e+02
-2.386628875732421875e+02
-5.188477172851562500e+02
-5.691709594726562500e+02
-7.026959991455078125e+01
-4.301107177734375000e+02
-4.622372741699218750e+02
-8.806509399414062500e+01
-3.565275573730468750e+02
-3.690152893066406250e+02
-3.353146972656250000e+02
-5.916628417968750000e+02
-6.287225341796875000e+02
-1.776749572753906250e+02
-5.157777709960937500e+02
-5.340128173828125000e+02
-2.173145904541015625e+02
-4.674396972656250000e+02
-4.629773254394531250e+02
