1.654461822509765625e+02
1.328039093017578125e+02
2.617599182128906250e+02
1.602323455810546875e+02
2.469965171813964844e+01
1.199998397827148438e+02
2.254840278625488281e+01
2.164194793701171875e+02
3.605741977691650391e+00
5.400611572265625000e+02
3.312760925292968750e+02
4.098208312988281250e+02
4.344462585449218750e+02
1.378491058349609375e+02
5.182654857635498047e+00
4.149877319335937500e+02
2.524177551269531250e+02
1.385844802856445312e+01
3.977735340595245361e-01
5.147201538085937500e+02
1.405893039703369141e+01
4.794958496093750000e+01
2.351447753906250000e+02
4.262590026855468750e+02
1.249418334960937500e+02
4.054952144622802734e+00
6.906612396240234375e+01
2.648862457275390625e+01
8.840213775634765625e+01
6.179433345794677734e+00
1.208964233398437500e+02
3.214890441894531250e+02
7.350698089599609375e+01
7.859146118164062500e+01
2.295249786376953125e+02
1.735258789062500000e+02
2.226474189758300781e+01
9.131910705566406250e+01
9.498506546020507812e+00
1.584582366943359375e+02
4.116704940795898438e+00
3.439710388183593750e+02
3.179511413574218750e+02
3.719714355468750000e+02
2.755926818847656250e+02
3.262221527099609375e+01
3.833656549453735352e+00
3.539532165527343750e+02
1.977941284179687500e+02
1.513921928405761719e+01
2.599968016147613525e-01
3.158279724121093750e+02
1.249937534332275391e+01
5.645935440063476562e+01
1.766940460205078125e+02
3.187252197265625000e+02
7.837898254394531250e+01
5.685475468635559082e-01
6.978578186035156250e+01
2.243456840515136719e+01
7.030290985107421875e+01
6.427797317504882812e+00
3.316421890258789062e+01
2.239684448242187500e+02
9.138891601562500000e+01
5.946157455444335938e+01
1.419920654296875000e+02
8.053441619873046875e+01
1.726472091674804688e+01
8.487856292724609375e+01
1.430367565155029297e+01
1.111521072387695312e+02
3.110900402069091797e+00
3.650867004394531250e+02
2.184795227050781250e+02
3.179541931152343750e+02
2.927556762695312500e+02
8.880068206787109375e+01
2.743833065032958984e+00
2.650587158203125000e+02
2.035324401855468750e+02
6.437374591827392578e+00
2.472810447216033936e-01
3.901403198242187500e+02
9.774900436401367188e+00
3.472990036010742188e+01
2.120702667236328125e+02
2.332910461425781250e+02
5.623435211181640625e+01
1.578564167022705078e+00
2.455709838867187500e+01
9.333611488342285156e+00
6.476662445068359375e+01
2.002019882202148438e+00
7.426999664306640625e+01
2.147631072998046875e+02
8.358633041381835938e+00
4.832892894744873047e+00
1.289019584655761719e+01
1.232391166687011719e+01
6.338406801223754883e-01
2.659365415573120117e+00
1.186135053634643555e+00
1.433355045318603516e+01
2.076740860939025879e-01
3.994610977172851562e+01
1.770150184631347656e+01
2.355287361145019531e+01
2.794353866577148438e+01
4.681690216064453125e+00
1.056879833340644836e-01
2.135502243041992188e+01
2.036034202575683594e+01
9.688330292701721191e-01
1.246461551636457443e-02
3.634340667724609375e+01
3.172203302383422852e-01
1.710124850273132324e+00
1.673904418945312500e+01
1.133290672302246094e+01
7.016926288604736328e+00
2.877026200294494629e-01
4.492455959320068359e+00
3.254461884498596191e-01
5.304440498352050781e+00
3.050707876682281494e-01
4.404944419860839844e+00
1.924566268920898438e+01
1.882640719413757324e-01
2.438616305589675903e-01
1.132980108261108398e+00
1.947321742773056030e-01
1.017185300588607788e-02
7.126638200134038925e-03
-1.350902579724788666e-02
6.224525570869445801e-01
3.257167339324951172e-02
2.105951786041259766e+00
6.272919476032257080e-02
1.274240255355834961e+00
1.781331062316894531e+00
5.516687631607055664e-01
0.000000000000000000e+00
3.670541048049926758e-01
6.514863371849060059e-01
2.818834185600280762e-01
1.177995232865214348e-03
4.161516427993774414e-01
8.987465873360633850e-03
-5.832818802446126938e-03
7.745855450630187988e-01
-2.854824066162109375e-01
-7.150433957576751709e-02
4.954140186309814453e-01
-5.887755751609802246e-02
2.901005093008279800e-03
6.085711345076560974e-02
7.959173619747161865e-02
1.881501078605651855e+00
6.140232682228088379e-01
8.973621368408203125e+01
4.501905822753906250e+01
1.712987823486328125e+02
1.724387664794921875e+02
2.336284255981445312e+01
9.002279663085937500e+01
1.596916770935058594e+01
1.157209625244140625e+02
4.893185138702392578e+00
5.347239990234375000e+02
2.827792663574218750e+02
4.468533325195312500e+02
4.134501647949218750e+02
8.577709197998046875e+01
1.295142769813537598e-01
4.370187683105468750e+02
3.231091003417968750e+02
1.545116543769836426e+00
1.888896971940994263e-01
5.971956176757812500e+02
1.169143676757812500e+01
4.366489791870117188e+01
3.173912048339843750e+02
1.941756286621093750e+02
1.011870040893554688e+02
9.384357929229736328e-01
4.064253616333007812e+01
7.472424030303955078e+00
9.457153320312500000e+01
6.931584477424621582e-01
5.464541625976562500e+01
3.492057189941406250e+02
4.997824478149414062e+01
3.883477783203125000e+01
6.343615341186523438e+01
6.503051757812500000e+01
6.841366767883300781e+00
4.147691726684570312e+01
1.104513931274414062e+01
5.874661636352539062e+01
1.484849572181701660e+00
2.343431701660156250e+02
1.369818420410156250e+02
1.454802551269531250e+02
1.386285095214843750e+02
3.378023910522460938e+01
9.603399038314819336e-01
1.442781677246093750e+02
9.799011230468750000e+01
8.296205401420593262e-01
9.165035933256149292e-02
2.100933532714843750e+02
3.843930721282958984e+00
1.859782600402832031e+01
9.300080108642578125e+01
1.303463897705078125e+02
4.381382369995117188e+01
-4.726262688636779785e-01
2.712269973754882812e+01
5.699886322021484375e+00
2.749952316284179688e+01
1.240223646163940430e+00
4.823962211608886719e+00
1.248094177246093750e+02
2.079290618896484375e+02
1.412886810302734375e+02
3.557731933593750000e+02
2.724494018554687500e+02
3.932744979858398438e+01
2.003446502685546875e+02
3.152565956115722656e+01
2.771943054199218750e+02
7.890739440917968750e+00
8.856966552734375000e+02
6.113379516601562500e+02
7.648256835937500000e+02
6.537238769531250000e+02
1.607190704345703125e+02
7.720291137695312500e+00
6.781682739257812500e+02
4.739433593750000000e+02
1.501881504058837891e+01
5.629748106002807617e-01
9.075626220703125000e+02
2.180427551269531250e+01
9.512128448486328125e+01
4.731379394531250000e+02
5.625197143554687500e+02
1.481757507324218750e+02
3.608154296875000000e+00
8.071137237548828125e+01
2.410554885864257812e+01
1.514033508300781250e+02
6.079263210296630859e+00
9.546760559082031250e+01
5.301219482421875000e+02
1.819935035705566406e+01
1.285168552398681641e+01
3.498951721191406250e+01
1.859716987609863281e+01
3.497220754623413086e+00
4.442609310150146484e+00
4.418275833129882812e+00
3.778040695190429688e+01
5.299820899963378906e-01
9.578561401367187500e+01
1.686176681518554688e+01
5.190298080444335938e+01
7.912561035156250000e+01
3.047044563293457031e+01
2.406556531786918640e-02
4.082100296020507812e+01
3.766627502441406250e+01
4.014657974243164062e+00
4.632809758186340332e-02
4.364049148559570312e+01
9.393702149391174316e-01
1.367565512657165527e+00
2.401344108581542969e+01
3.391056442260742188e+01
1.657403945922851562e+01
2.229191064834594727e+00
4.784304618835449219e+00
3.345439672470092773e+00
1.543249702453613281e+01
1.448891878128051758e+00
6.945453643798828125e+01
2.919844818115234375e+01
3.881490173339843750e+02
3.425446777343750000e+02
8.311570434570312500e+02
7.154691772460937500e+02
7.244949340820312500e+01
3.372880249023437500e+02
7.398477172851562500e+01
6.331209106445312500e+02
1.768955039978027344e+01
1.991145263671875000e+03
1.296724487304687500e+03
1.548645629882812500e+03
1.454105224609375000e+03
2.790683898925781250e+02
1.033206748962402344e+01
1.464978393554687500e+03
9.489744262695312500e+02
4.800892257690429688e+01
1.112200975418090820e+00
1.743020874023437500e+03
4.098548126220703125e+01
1.743372192382812500e+02
8.485184326171875000e+02
1.233602905273437500e+03
3.935166320800781250e+02
1.131334877014160156e+01
2.245694274902343750e+02
6.211515426635742188e+01
2.898915405273437500e+02
2.157339859008789062e+01
2.647817993164062500e+02
1.127737426757812500e+03
1.392991542816162109e+00
1.092074108123779297e+01
2.043090438842773438e+01
1.561094570159912109e+01
-6.017211675643920898e-01
-2.683294415473937988e-01
4.448961019515991211e-01
2.585318565368652344e+01
2.304663509130477905e-01
1.993971824645996094e+01
1.110721683502197266e+01
1.676167678833007812e+01
2.575111389160156250e+01
6.427962779998779297e+00
2.119202017784118652e-01
1.121400356292724609e+01
-7.336771488189697266e-01
2.751507997512817383e+00
2.527286484837532043e-02
3.448271036148071289e+00
1.687735021114349365e-01
-9.082463383674621582e-01
5.623060703277587891e+00
1.899033546447753906e+01
1.443128204345703125e+01
9.261236786842346191e-01
9.499166607856750488e-01
2.573979377746582031e+00
4.483144283294677734e+00
6.926551461219787598e-01
2.402191543579101562e+01
9.054012298583984375e+00
5.708823013305664062e+01
1.347003459930419922e+01
8.802131652832031250e+01
9.553765106201171875e+01
1.047326850891113281e+01
4.556383514404296875e+01
1.122337055206298828e+01
8.361920928955078125e+01
2.395721197128295898e+00
2.377530059814453125e+02
1.501572418212890625e+02
1.986650390625000000e+02
1.743395233154296875e+02
4.178460693359375000e+01
1.545290589332580566e+00
1.668007812500000000e+02
1.210656280517578125e+02
4.070390224456787109e+00
1.281516402959823608e-01
2.425715789794921875e+02
4.021045207977294922e+00
2.265779304504394531e+01
9.861408996582031250e+01
7.747019195556640625e+01
2.823848915100097656e+01
1.706775426864624023e+00
1.592612075805664062e+01
3.749720096588134766e+00
4.887647628784179688e+01
1.431310772895812988e+00
5.739971542358398438e+01
1.248210296630859375e+02
2.372499465942382812e+00
2.057780981063842773e+00
-3.532442808151245117e+00
-1.723134422302246094e+01
-7.896919250488281250e-01
-1.852426409721374512e+00
-6.571082592010498047e+00
8.009429931640625000e+00
-5.263527631759643555e-01
-1.085509643554687500e+02
-5.041602325439453125e+01
-6.799571990966796875e+01
-5.706978225708007812e+01
-5.449170112609863281e+00
1.353293538093566895e+00
-5.398080444335937500e+01
-6.543901824951171875e+01
3.635624408721923828e+00
2.251217700541019440e-02
-1.040346603393554688e+02
-7.261306643486022949e-01
-6.845823764801025391e+00
-3.509570312500000000e+01
-1.942974662780761719e+01
3.803262710571289062e-01
1.569108486175537109e+00
-8.796366453170776367e-01
5.177478313446044922e+00
-1.493108558654785156e+01
1.595809102058410645e+00
4.958051204681396484e+00
-5.281392288208007812e+01
1.345871925354003906e+01
-1.650647735595703125e+01
-7.785308074951171875e+01
-7.761373138427734375e+01
-2.265759944915771484e+00
1.747098541259765625e+01
4.409405231475830078e+00
-7.925028991699218750e+01
-1.774478554725646973e+00
-6.262960433959960938e+01
-7.869402313232421875e+01
-9.455842590332031250e+01
-8.854669189453125000e+01
1.450934314727783203e+01
-2.586578726768493652e-01
-4.424188995361328125e+01
-2.724673652648925781e+01
-1.253841400146484375e+01
-6.575471162796020508e-02
4.553931045532226562e+01
-1.278645753860473633e+00
-4.540337085723876953e+00
1.372309923171997070e+00
-1.151540374755859375e+01
-2.424896812438964844e+01
-1.324164748191833496e+00
-9.307514190673828125e+00
-4.136487960815429688e+00
-5.146795272827148438e+00
-6.053118228912353516e+00
-4.839917373657226562e+01
-1.383813285827636719e+01
-2.248326539993286133e+00
-2.766378164291381836e+00
-1.849024772644042969e+01
-1.812355422973632812e+01
-1.590165376663208008e+00
-1.579103708267211914e+00
-5.578123927116394043e-01
-1.486523246765136719e+01
-3.915908634662628174e-01
-2.959641647338867188e+01
-1.755004882812500000e+01
-2.122055244445800781e+01
-2.967388534545898438e+01
-3.825228214263916016e+00
-6.643406301736831665e-02
-2.333049011230468750e+01
-1.123384571075439453e+01
-2.052386045455932617e+00
-1.761333085596561432e-02
-1.428444194793701172e+01
-6.843722462654113770e-01
-1.865306138992309570e+00
-8.079343795776367188e+00
-1.707641220092773438e+01
-7.599870204925537109e+00
-2.473172843456268311e-01
-3.669728517532348633e+00
-2.029214620590209961e+00
-6.088289260864257812e+00
-1.072183728218078613e+00
-1.472643852233886719e+01
-1.081079101562500000e+01
5.261798858642578125e+01
3.358490371704101562e+01
7.536209106445312500e+01
6.077051162719726562e+01
5.754426002502441406e+00
4.458338165283203125e+01
1.609948539733886719e+01
8.941187286376953125e+01
8.996866941452026367e-01
2.455368652343750000e+02
1.013140716552734375e+02
1.309648132324218750e+02
1.750583496093750000e+02
5.849783325195312500e+01
1.959919691085815430e+00
1.230222320556640625e+02
1.009578552246093750e+02
2.663492202758789062e+00
1.305679529905319214e-01
2.312828521728515625e+02
3.467416524887084961e+00
1.345960712432861328e+01
9.541648864746093750e+01
1.175142898559570312e+02
4.443238067626953125e+01
1.613849401473999023e+00
1.773303985595703125e+01
5.208841323852539062e+00
3.356513977050781250e+01
3.182130098342895508e+00
4.511179351806640625e+01
8.995447540283203125e+01
-2.076544046401977539e+00
-4.941557884216308594e+00
-1.638341712951660156e+01
-2.077821350097656250e+01
-5.194185376167297363e-01
-5.620570778846740723e-01
-4.595109820365905762e-01
-1.230642986297607422e+01
-3.375546038150787354e-01
-3.447217559814453125e+01
-1.810384178161621094e+01
-2.302130126953125000e+01
-2.786378288269042969e+01
-2.018259286880493164e+00
-2.937819249927997589e-02
-2.410450744628906250e+01
-8.938649177551269531e+00
-2.307799100875854492e+00
-1.797067746520042419e-02
-1.662035942077636719e+01
-6.048928499221801758e-01
-1.335985660552978516e+00
-1.263201808929443359e+01
-1.409387493133544922e+01
-8.630095481872558594e+00
-6.150136590003967285e-01
-3.116720676422119141e+00
-2.689872741699218750e+00
-5.917015075683593750e+00
-5.609088540077209473e-01
-1.564756870269775391e+01
-1.483379840850830078e+01
-1.459801483154296875e+01
-1.515205574035644531e+01
-5.183206939697265625e+01
-4.428252029418945312e+01
-1.073730468750000000e+00
-2.021844863891601562e+01
-4.725008487701416016e+00
-2.734931564331054688e+01
-1.101215481758117676e+00
-9.671665191650390625e+01
-7.544275665283203125e+01
-5.625595474243164062e+01
-5.884960556030273438e+01
-2.569038867950439453e+00
-2.429298013448715210e-01
-9.251744079589843750e+01
-2.690468788146972656e+01
-2.191234827041625977e+00
-4.053669795393943787e-02
-8.629502868652343750e+01
-2.478258132934570312e+00
-1.157740211486816406e+01
-5.462340545654296875e+01
-7.353302001953125000e+01
-1.832310295104980469e+01
-2.324850857257843018e-01
-1.572294139862060547e+01
-5.653918743133544922e+00
-1.633093643188476562e+01
-8.114269971847534180e-01
1.519905090332031250e+00
-6.418476867675781250e+01
4.779886722564697266e+00
-6.571771621704101562e+00
-2.887846946716308594e+01
-3.101514816284179688e+01
-1.958703756332397461e+00
-1.550565719604492188e+00
-4.554266035556793213e-01
-2.469863700866699219e+01
-9.251458644866943359e-01
-6.208180618286132812e+01
-5.153507995605468750e+01
-5.712625885009765625e+01
-4.226312255859375000e+01
6.092122554779052734e+00
5.133841037750244141e-01
-3.933055496215820312e+01
-3.029811668395996094e+01
-3.090313196182250977e+00
-2.839441969990730286e-02
-2.462988471984863281e+01
-5.344319343566894531e-01
-5.139494419097900391e+00
-1.440305423736572266e+01
-2.518364906311035156e+01
-1.162450313568115234e+01
-4.465851485729217529e-01
-4.599842071533203125e+00
-1.602683424949645996e+00
-8.607372283935546875e+00
-2.056505203247070312e+00
-9.897027015686035156e+00
-2.268983840942382812e+01
4.461021804809570312e+01
2.663426399230957031e+01
1.442900085449218750e+02
1.295274963378906250e+02
1.376920127868652344e+01
4.623091888427734375e+01
6.737341403961181641e+00
1.037524642944335938e+02
3.497862577438354492e+00
2.724428405761718750e+02
2.255575103759765625e+02
2.578912963867187500e+02
2.142936401367187500e+02
2.712565612792968750e+01
2.427934169769287109e+00
2.238756256103515625e+02
1.399907226562500000e+02
1.235803794860839844e+01
1.768888086080551147e-01
2.299069366455078125e+02
7.658984661102294922e+00
3.382934951782226562e+01
1.294620666503906250e+02
1.453330535888671875e+02
4.667898559570312500e+01
1.969467759132385254e+00
2.479191780090332031e+01
1.029230880737304688e+01
5.326551055908203125e+01
4.549705982208251953e+00
5.262580871582031250e+01
1.441837310791015625e+02
1.134745117187500000e+04
6.696445312500000000e+03
2.135129882812500000e+04
1.883997851562500000e+04
3.042144531250000000e+03
8.922501953125000000e+03
1.578856079101562500e+03
1.802348046875000000e+04
7.244756469726562500e+02
5.458833593750000000e+04
4.204850781250000000e+04
5.122172265625000000e+04
4.389146093750000000e+04
7.871506835937500000e+03
1.993369750976562500e+02
4.124650000000000000e+04
3.259094140625000000e+04
1.408443725585937500e+03
3.366096496582031250e+01
4.995030468750000000e+04
1.543871093750000000e+03
6.417020507812500000e+03
3.121954101562500000e+04
2.438143164062500000e+04
7.965443847656250000e+03
2.888395690917968750e+02
4.508312011718750000e+03
1.336551391601562500e+03
9.988805664062500000e+03
4.621406555175781250e+02
1.164241113281250000e+04
2.790883007812500000e+04
5.432602310180664062e+01
1.397422695159912109e+01
8.525608062744140625e+00
-4.212582397460937500e+01
1.625055885314941406e+01
9.173770141601562500e+01
9.820413589477539062e+00
-3.700441741943359375e+01
-3.033187985420227051e-01
1.539107360839843750e+02
1.517392120361328125e+02
1.441522369384765625e+02
4.548323822021484375e+01
5.116160202026367188e+01
3.323793649673461914e+00
1.298557128906250000e+02
8.271292114257812500e+01
-1.173392581939697266e+01
1.064933761954307556e-01
2.318046264648437500e+02
7.691090106964111328e+00
3.994881057739257812e+01
9.462274169921875000e+01
2.136129302978515625e+02
-1.948386955261230469e+01
-1.317980051040649414e+00
5.672180652618408203e+00
-7.942355155944824219e+00
1.497111701965332031e+01
-4.469545841217041016e+00
-8.451702117919921875e+01
9.751031494140625000e+01
5.070530891418457031e+00
1.622266578674316406e+01
7.303126525878906250e+01
3.869201660156250000e+01
2.808096170425415039e+00
1.057725048065185547e+01
1.078685402870178223e+00
5.046348190307617188e+01
1.200443863868713379e+00
6.165658187866210938e+01
4.820976638793945312e+01
6.818850708007812500e+01
9.212339019775390625e+01
1.234607791900634766e+01
3.857897827401757240e-03
6.814359283447265625e+01
4.260193634033203125e+01
6.974540710449218750e+00
6.851219385862350464e-02
4.122592544555664062e+01
1.910105228424072266e+00
5.903451919555664062e+00
3.358364868164062500e+01
4.327499008178710938e+01
2.838923835754394531e+01
2.136221647262573242e+00
8.587453842163085938e+00
8.126816749572753906e+00
2.124113273620605469e+01
1.927023768424987793e+00
4.347972869873046875e+01
4.199232482910156250e+01
5.061616516113281250e+01
3.726470947265625000e+01
7.347216033935546875e+01
8.332785034179687500e+01
5.484418869018554688e+00
3.484075546264648438e+01
1.192659187316894531e+01
8.470957946777343750e+01
1.475926995277404785e+00
2.279666137695312500e+02
1.202852706909179688e+02
1.633055725097656250e+02
1.787979583740234375e+02
4.987888336181640625e+01
8.624187707901000977e-01
1.533289031982421875e+02
9.968824768066406250e+01
2.417290449142456055e+00
1.218578293919563293e-01
2.311090698242187500e+02
3.794342517852783203e+00
1.360768318176269531e+01
1.074662704467773438e+02
1.249232406616210938e+02
4.537493133544921875e+01
1.970474243164062500e+00
1.658496284484863281e+01
5.485531330108642578e+00
3.858948135375976562e+01
1.418919205665588379e+00
4.781530380249023438e+01
1.195139083862304688e+02
2.257215118408203125e+02
1.979055175781250000e+02
5.966035766601562500e+02
3.914926452636718750e+02
3.991676712036132812e+01
1.688612213134765625e+02
5.154889678955078125e+01
5.412109985351562500e+02
6.871105670928955078e+00
6.406356201171875000e+02
5.695856933593750000e+02
6.938679199218750000e+02
7.580648803710937500e+02
1.992834320068359375e+02
2.902456283569335938e+00
7.662420043945312500e+02
3.348989868164062500e+02
4.031586837768554688e+01
7.132546305656433105e-01
7.129794311523437500e+02
2.624335479736328125e+01
7.604652404785156250e+01
3.536612243652343750e+02
6.966718750000000000e+02
3.111942749023437500e+02
1.150944614410400391e+01
1.363415679931640625e+02
5.827218627929687500e+01
1.724978637695312500e+02
1.700526428222656250e+01
2.961752014160156250e+02
4.964822082519531250e+02
7.002097320556640625e+01
3.188742065429687500e+01
1.136771392822265625e+02
7.513738250732421875e+01
1.214204597473144531e+01
7.045188140869140625e+01
1.029619693756103516e+01
9.909841918945312500e+01
2.768600940704345703e+00
3.248638000488281250e+02
1.603795928955078125e+02
2.593937683105468750e+02
2.595756225585937500e+02
7.764779663085937500e+01
2.994168281555175781e+00
2.240555572509765625e+02
1.746407165527343750e+02
4.454011440277099609e+00
1.822245270013809204e-01
3.286807250976562500e+02
6.022593021392822266e+00
3.138002586364746094e+01
1.561137084960937500e+02
1.541065216064453125e+02
4.013762283325195312e+01
3.234352111816406250e+00
1.517733192443847656e+01
8.361104965209960938e+00
6.524830627441406250e+01
5.941774845123291016e-01
9.172698974609375000e+01
1.673105926513671875e+02
-8.038957595825195312e+00
8.595670318603515625e+01
2.292975769042968750e+02
2.983183288574218750e+02
2.080743217468261719e+01
2.891411018371582031e+01
2.850065612792968750e+01
4.379432678222656250e+02
6.850966453552246094e+00
5.191709594726562500e+02
4.611750030517578125e+01
4.629398498535156250e+02
8.357010498046875000e+02
1.338912353515625000e+02
-9.834247589111328125e+00
3.025750427246093750e+02
4.081958007812500000e+02
4.812278366088867188e+01
4.598071277141571045e-01
6.584308471679687500e+02
1.160037612915039062e+01
-1.049687862396240234e+01
4.170328369140625000e+02
-1.014005737304687500e+02
1.771065216064453125e+02
1.860349655151367188e+01
-2.734525680541992188e+01
4.526099014282226562e+01
1.160095825195312500e+02
3.356344223022460938e+01
3.057729492187500000e+02
2.798113098144531250e+02
9.572719573974609375e+01
7.550251007080078125e+01
2.086503143310546875e+02
2.006856384277343750e+02
2.026445960998535156e+01
8.932198333740234375e+01
1.373480129241943359e+01
1.312261505126953125e+02
4.451751708984375000e+00
4.040026245117187500e+02
3.499217834472656250e+02
3.735437316894531250e+02
2.891725769042968750e+02
3.913864898681640625e+01
3.702131986618041992e+00
3.675022888183593750e+02
1.936350860595703125e+02
1.159019279479980469e+01
2.629863917827606201e-01
3.636464843750000000e+02
1.218460750579833984e+01
5.144594955444335938e+01
1.940475921630859375e+02
2.977106018066406250e+02
8.496213531494140625e+01
2.149462699890136719e-01
5.914059448242187500e+01
1.627420997619628906e+01
6.203799438476562500e+01
4.214107036590576172e+00
2.159905433654785156e+01
2.525179443359375000e+02
-1.592219066619873047e+01
-4.102827548980712891e+00
-8.729746818542480469e+00
-8.364164352416992188e+00
-2.093467235565185547e+00
-1.115880775451660156e+01
-2.646103382110595703e+00
-9.059283256530761719e+00
-1.978452801704406738e-01
-4.659542465209960938e+01
-2.021340942382812500e+01
-3.277820205688476562e+01
-4.058200454711914062e+01
-1.924037361145019531e+01
-3.556026220321655273e-01
-3.182268905639648438e+01
-2.085535430908203125e+01
-3.815375566482543945e-01
-3.272914141416549683e-02
-4.859224700927734375e+01
-9.670671820640563965e-01
-3.778945684432983398e+00
-2.014086914062500000e+01
-1.640972900390625000e+01
-6.871140956878662109e+00
-4.002115130424499512e-01
-3.972195386886596680e+00
-1.409271001815795898e+00
-6.944832324981689453e+00
-3.479937911033630371e-01
-1.968750762939453125e+01
-2.490595245361328125e+01
3.480844497680664062e+01
4.344261169433593750e+01
7.762430572509765625e+01
8.316259002685546875e+01
9.276587486267089844e+00
2.059330749511718750e+01
7.345509529113769531e+00
6.579423522949218750e+01
1.388248324394226074e+00
2.110218048095703125e+02
1.209422378540039062e+02
1.618320617675781250e+02
1.418945312500000000e+02
2.569585037231445312e+01
9.525542259216308594e-01
1.422176818847656250e+02
1.017872924804687500e+02
6.262645721435546875e+00
9.736764430999755859e-02
1.469639892578125000e+02
3.601979255676269531e+00
1.604146385192871094e+01
5.170940017700195312e+01
1.181722564697265625e+02
5.327639770507812500e+01
2.953696250915527344e+00
3.848723602294921875e+01
5.635004997253417969e+00
2.004278182983398438e+01
3.480950355529785156e+00
3.420227050781250000e+01
1.104398040771484375e+02
-2.286844104528427124e-01
-1.270321965217590332e+00
-6.198454856872558594e+00
-1.339036846160888672e+01
-1.237453222274780273e+00
-2.564064025878906250e+00
-4.637694060802459717e-01
-6.429720401763916016e+00
-1.751319617033004761e-01
-1.130807495117187500e+01
-1.635815429687500000e+01
-1.467711830139160156e+01
-1.085327720642089844e+01
6.121115684509277344e-01
-9.919732809066772461e-03
-1.326951599121093750e+01
-5.845595836639404297e+00
-8.130050897598266602e-01
-1.514337398111820221e-02
-1.051298904418945312e+01
-6.106040477752685547e-01
-1.453897595405578613e+00
-6.684054374694824219e+00
-6.600201606750488281e+00
-4.738972187042236328e+00
-1.127328723669052124e-01
-1.383978724479675293e+00
-6.202009916305541992e-01
-1.154822468757629395e+00
-8.701621890068054199e-01
3.955438375473022461e+00
-6.474813461303710938e+00
6.994267272949218750e+01
2.177783966064453125e+01
5.448953247070312500e+01
7.265946960449218750e+01
8.902624130249023438e+00
5.176016998291015625e+01
9.969914436340332031e+00
6.625021362304687500e+01
2.070883274078369141e+00
3.017398986816406250e+02
1.615339813232421875e+02
1.996850433349609375e+02
2.102302856445312500e+02
6.486113739013671875e+01
1.300860047340393066e+00
1.967798309326171875e+02
1.389128570556640625e+02
2.880346536636352539e+00
1.487241238355636597e-01
2.461951141357421875e+02
4.293576717376708984e+00
1.794948387145996094e+01
1.208092193603515625e+02
1.551734313964843750e+02
4.808298110961914062e+01
3.513227775692939758e-02
1.750927543640136719e+01
9.812311172485351562e+00
4.106215667724609375e+01
-8.170074224472045898e-01
6.615612030029296875e+01
1.362863616943359375e+02
3.074419555664062500e+02
1.884146423339843750e+02
3.648205566406250000e+02
1.489107513427734375e+02
4.203997039794921875e+01
1.959983978271484375e+02
3.819491577148437500e+01
2.826257019042968750e+02
6.951697349548339844e+00
9.093678588867187500e+02
5.022204895019531250e+02
7.027407226562500000e+02
6.677769775390625000e+02
2.795130615234375000e+02
9.429720878601074219e+00
7.112120361328125000e+02
4.686696777343750000e+02
1.279648017883300781e+01
6.175892949104309082e-01
9.693028564453125000e+02
2.773342514038085938e+01
9.402252960205078125e+01
4.904393615722656250e+02
5.715222778320312500e+02
1.249509124755859375e+02
5.708158969879150391e+00
9.837947082519531250e+01
2.853746604919433594e+01
1.361463470458984375e+02
3.196897029876708984e+00
2.392195434570312500e+02
5.583972778320312500e+02
1.049420013427734375e+02
7.747973632812500000e+01
2.212135925292968750e+02
1.782410278320312500e+02
1.942450332641601562e+01
8.606159210205078125e+01
2.016110992431640625e+01
1.874771118164062500e+02
4.122071266174316406e+00
4.985604248046875000e+02
3.022149963378906250e+02
3.963735351562500000e+02
3.969475097656250000e+02
9.149315643310546875e+01
3.106339693069458008e+00
3.653665466308593750e+02
2.338715515136718750e+02
1.441878128051757812e+01
3.249951303005218506e-01
4.268818359375000000e+02
1.075278377532958984e+01
4.263154602050781250e+01
2.029878540039062500e+02
3.066338500976562500e+02
1.059593811035156250e+02
3.873194217681884766e+00
5.091304397583007812e+01
1.792855072021484375e+01
8.064419555664062500e+01
5.795138359069824219e+00
1.191312103271484375e+02
2.574788513183593750e+02
2.195664520263671875e+02
1.462378845214843750e+02
3.128201599121093750e+02
2.686227416992187500e+02
3.724916839599609375e+01
2.003684844970703125e+02
2.759876823425292969e+01
2.150891418457031250e+02
6.838470458984375000e+00
7.673509521484375000e+02
6.111472167968750000e+02
7.097094116210937500e+02
5.018015136718750000e+02
9.449668121337890625e+01
5.930749416351318359e+00
6.476066284179687500e+02
3.952441101074218750e+02
7.252742767333984375e+00
4.298109114170074463e-01
8.336453247070312500e+02
2.116695785522460938e+01
1.027773971557617188e+02
4.397019653320312500e+02
5.791934204101562500e+02
1.270288009643554688e+02
-1.952669739723205566e+00
1.065426177978515625e+02
2.305444335937500000e+01
1.144274673461914062e+02
3.435125827789306641e+00
-4.685950469970703125e+01
5.143944702148437500e+02
2.215253829956054688e+01
1.675423240661621094e+01
3.160950469970703125e+01
1.604102706909179688e+01
1.964310526847839355e+00
1.086216354370117188e+01
2.501138687133789062e+00
4.262685775756835938e+01
7.591713666915893555e-01
3.835414123535156250e+01
4.469818115234375000e+01
5.927740478515625000e+01
5.854005050659179688e+01
1.737896728515625000e+01
5.320642590522766113e-01
3.677255249023437500e+01
2.927266693115234375e+01
1.900070548057556152e+00
4.379587993025779724e-02
6.826197052001953125e+01
1.371526837348937988e+00
5.946070671081542969e+00
5.338361358642578125e+01
4.493848037719726562e+01
1.095616817474365234e+01
9.323490858078002930e-01
-2.957788467407226562e+00
8.545633554458618164e-01
1.564989948272705078e+01
8.720623254776000977e-01
2.064031982421875000e+01
3.624663162231445312e+01
1.358249511718750000e+02
1.001934890747070312e+02
2.229298400878906250e+02
2.070660552978515625e+02
2.071138381958007812e+01
1.201740264892578125e+02
2.415864944458007812e+01
1.882723388671875000e+02
4.416841983795166016e+00
5.426726684570312500e+02
3.760111694335937500e+02
4.558634033203125000e+02
3.972456359863281250e+02
1.006911468505859375e+02
4.007037639617919922e+00
4.210664672851562500e+02
2.559148559570312500e+02
9.707027435302734375e+00
3.391031324863433838e-01
5.393633422851562500e+02
1.178831577301025391e+01
5.281292343139648438e+01
2.434479370117187500e+02
3.772698059082031250e+02
1.084433364868164062e+02
2.229327678680419922e+00
6.165824127197265625e+01
1.989108467102050781e+01
8.597850036621093750e+01
3.755820989608764648e+00
6.788477325439453125e+01
3.325599060058593750e+02
8.333943176269531250e+01
9.189473724365234375e+01
1.061291198730468750e+02
5.375813674926757812e+01
5.645050048828125000e+00
3.378528594970703125e+01
1.223633670806884766e+01
1.808921356201171875e+02
4.458205103874206543e-01
3.589409484863281250e+02
-1.233466911315917969e+01
1.248378982543945312e+02
3.445727233886718750e+02
1.549196319580078125e+02
4.755180835723876953e+00
1.291341705322265625e+02
1.356613159179687500e+02
1.230030441284179688e+01
2.633230686187744141e-01
2.323808898925781250e+02
-1.456642150878906250e+00
-1.100639820098876953e+01
6.570114135742187500e+01
1.834206390380859375e+02
1.171509094238281250e+02
4.019151687622070312e+00
2.211034011840820312e+01
2.376438903808593750e+01
5.543206405639648438e+01
5.536056518554687500e+00
2.528825836181640625e+02
1.273810958862304688e+02
1.348271846771240234e+00
3.322677612304687500e+00
3.144817352294921875e+00
3.693522214889526367e+00
2.536169588565826416e-01
1.231400251388549805e+00
2.341509163379669189e-01
1.438873410224914551e+00
3.155763819813728333e-02
8.554485321044921875e+00
3.188493490219116211e+00
7.925651550292968750e+00
5.237777233123779297e+00
7.002425193786621094e-01
4.979531839489936829e-02
5.768505573272705078e+00
1.482854008674621582e+00
6.530380249023437500e-02
2.545699477195739746e-03
5.882269859313964844e+00
1.809266060590744019e-01
3.952364027500152588e-01
2.883608341217041016e+00
7.940191268920898438e+00
1.781346678733825684e+00
0.000000000000000000e+00
1.527333021163940430e+00
1.629853993654251099e-01
1.321535408496856689e-01
2.147877676179632545e-04
9.274968504905700684e-01
5.698434829711914062e+00
1.294361572265625000e+02
1.038100585937500000e+02
2.892271118164062500e+02
1.942898254394531250e+02
3.385778045654296875e+01
1.180715789794921875e+02
2.175476646423339844e+01
1.956861724853515625e+02
5.002588748931884766e+00
5.056930236816406250e+02
3.931217956542968750e+02
4.579205322265625000e+02
4.245319824218750000e+02
1.117854614257812500e+02
6.423197746276855469e+00
4.325790100097656250e+02
2.313856811523437500e+02
1.630804061889648438e+01
4.433981776237487793e-01
4.511953735351562500e+02
1.837623977661132812e+01
6.161584091186523438e+01
2.707277221679687500e+02
4.240994567871093750e+02
1.067738113403320312e+02
4.024669647216796875e+00
7.119108581542968750e+01
2.093491172790527344e+01
7.500153350830078125e+01
4.887499809265136719e+00
1.115349273681640625e+02
2.825194091796875000e+02
3.959616394042968750e+02
2.878090209960937500e+02
6.916464233398437500e+02
4.988936462402343750e+02
7.238016510009765625e+01
3.431488647460937500e+02
6.251750564575195312e+01
5.220156860351562500e+02
1.428995418548583984e+01
1.669139160156250000e+03
1.136671386718750000e+03
1.352395019531250000e+03
1.251648437500000000e+03
3.204621582031250000e+02
1.531598472595214844e+01
1.248528076171875000e+03
8.256199340820312500e+02
3.417574691772460938e+01
1.094318866729736328e+00
1.597724609375000000e+03
4.229247665405273438e+01
1.647926940917968750e+02
8.497443847656250000e+02
1.083836547851562500e+03
2.877692260742187500e+02
7.978169918060302734e+00
1.637958374023437500e+02
5.243144226074218750e+01
2.734031982421875000e+02
1.068507862091064453e+01
2.728199768066406250e+02
9.342685546875000000e+02
-4.539249420166015625e+00
-4.578293800354003906e+00
-1.693870162963867188e+01
-8.940464973449707031e+00
-1.298944473266601562e+00
3.284129500389099121e-01
-9.929866790771484375e-01
-1.465861892700195312e+01
-2.797566950321197510e-01
-2.683502197265625000e+01
-5.523138523101806641e+00
-1.535067367553710938e+01
-2.414413070678710938e+01
-7.345888614654541016e+00
2.210981771349906921e-02
-1.127257251739501953e+01
-8.517822265625000000e+00
-2.711538791656494141e+00
-2.130390889942646027e-02
-5.881867408752441406e+00
-3.130913078784942627e-01
-2.659038305282592773e-01
-6.318915367126464844e+00
-6.794022083282470703e+00
-5.871981620788574219e+00
-1.752243041992187500e+00
-2.296561241149902344e+00
-1.758573532104492188e+00
-3.916225910186767578e+00
-1.002871632575988770e+00
-2.733608055114746094e+01
-6.912946224212646484e+00
1.408122863769531250e+02
1.090669326782226562e+02
2.035004119873046875e+02
1.462162933349609375e+02
2.703671073913574219e+01
1.222978439331054688e+02
2.534733963012695312e+01
1.620313262939453125e+02
5.132925033569335938e+00
6.148138427734375000e+02
3.838746032714843750e+02
4.633525695800781250e+02
4.365433959960937500e+02
1.084257507324218750e+02
3.728851318359375000e+00
4.228247680664062500e+02
3.220012817382812500e+02
1.223031330108642578e+01
3.548367023468017578e-01
5.632803955078125000e+02
1.570315647125244141e+01
5.520925903320312500e+01
3.265645751953125000e+02
3.969495239257812500e+02
1.038678894042968750e+02
1.303863525390625000e+00
4.802356719970703125e+01
1.700208854675292969e+01
8.880249786376953125e+01
3.363435268402099609e+00
8.339289093017578125e+01
3.390940856933593750e+02
6.328733563423156738e-01
1.263937473297119141e+00
1.803163528442382812e+00
2.358909606933593750e+00
2.500440776348114014e-01
3.119960129261016846e-01
4.250952228903770447e-02
1.475013971328735352e+00
2.081570774316787720e-02
2.278748273849487305e+00
2.504248857498168945e+00
2.289603233337402344e+00
1.819335103034973145e+00
4.403568506240844727e-01
0.000000000000000000e+00
2.927724838256835938e+00
4.808986485004425049e-01
7.177328318357467651e-02
2.099962905049324036e-03
1.072178959846496582e+00
1.674006730318069458e-01
4.935151040554046631e-01
1.029049158096313477e+00
3.886606216430664062e+00
1.222282528877258301e+00
5.004298873245716095e-03
6.221164464950561523e-01
3.185679316520690918e-01
4.399684369564056396e-01
3.315802663564682007e-02
5.918599963188171387e-01
1.365032911300659180e+00
1.474518127441406250e+02
1.050136642456054688e+02
2.655921936035156250e+02
1.307789611816406250e+02
2.467191314697265625e+01
1.884422912597656250e+02
1.866515159606933594e+01
2.321105194091796875e+02
5.266723155975341797e+00
5.380225219726562500e+02
3.998698120117187500e+02
5.051578063964843750e+02
4.816253967285156250e+02
1.460834808349609375e+02
7.755713462829589844e+00
4.523880310058593750e+02
2.691851806640625000e+02
9.435656547546386719e+00
5.629951953887939453e-01
6.807721557617187500e+02
1.425327205657958984e+01
6.489244079589843750e+01
3.962720031738281250e+02
4.404773254394531250e+02
1.212039642333984375e+02
2.879836797714233398e+00
3.131741905212402344e+01
2.431295204162597656e+01
1.149248275756835938e+02
4.230264663696289062e+00
8.204871368408203125e+01
2.949729614257812500e+02
3.453837890625000000e+03
3.283351562500000000e+03
1.506887792968750000e+04
1.517017578125000000e+04
1.050449096679687500e+03
2.244076171875000000e+03
9.714326171875000000e+02
1.391399902343750000e+04
2.674412841796875000e+02
2.555584570312500000e+04
1.602329980468750000e+04
2.152318554687500000e+04
2.476212109375000000e+04
3.665807617187500000e+03
1.779280662536621094e+01
1.963094921875000000e+04
1.101146972656250000e+04
1.335511230468750000e+03
1.639184761047363281e+01
1.787202343750000000e+04
5.726453857421875000e+02
1.940351074218750000e+03
9.097019531250000000e+03
9.967766601562500000e+03
7.559977539062500000e+03
4.155111694335937500e+02
3.105174316406250000e+03
1.039982666015625000e+03
4.693401367187500000e+03
6.967108154296875000e+02
9.976029296875000000e+03
1.238459570312500000e+04
1.651967912912368774e-01
7.607588917016983032e-02
3.350452780723571777e-01
1.483257114887237549e-01
8.800084143877029419e-02
3.227101564407348633e-01
3.324522078037261963e-02
5.675070285797119141e-01
2.981258556246757507e-03
2.510883212089538574e-01
2.674007713794708252e-01
9.887770414352416992e-01
1.166960358619689941e+00
4.056992828845977783e-01
0.000000000000000000e+00
8.876679539680480957e-01
8.544816374778747559e-01
1.023643836379051208e-02
4.636567318812012672e-04
1.338410139083862305e+00
1.057251729071140289e-02
1.013896614313125610e-01
5.904831290245056152e-01
1.869729757308959961e-01
6.072768568992614746e-01
3.090542927384376526e-02
8.742773532867431641e-02
1.180073060095310211e-02
3.351440429687500000e-01
0.000000000000000000e+00
4.443821609020233154e-01
5.163120031356811523e-01
3.327221679687500000e+02
1.763030090332031250e+02
3.550260314941406250e+02
2.108228149414062500e+02
5.697744369506835938e+01
3.147215576171875000e+02
4.027973937988281250e+01
2.607623901367187500e+02
9.620700836181640625e+00
1.102418212890625000e+03
7.981813354492187500e+02
9.830941772460937500e+02
7.977960815429687500e+02
2.389791412353515625e+02
1.275654125213623047e+01
8.506995849609375000e+02
6.484545898437500000e+02
4.773060798645019531e+00
7.283903956413269043e-01
1.268234619140625000e+03
3.065091705322265625e+01
1.329946441650390625e+02
6.651186523437500000e+02
7.904862060546875000e+02
1.582162780761718750e+02
-9.120376706123352051e-01
9.141819000244140625e+01
3.274175643920898438e+01
1.929064178466796875e+02
-1.809839367866516113e+00
5.962232971191406250e+01
6.812276611328125000e+02
2.729080810546875000e+02
1.960992279052734375e+02
4.227658081054687500e+02
3.567022705078125000e+02
4.834719848632812500e+01
2.279057006835937500e+02
4.339407730102539062e+01
3.118875732421875000e+02
9.351065635681152344e+00
1.203808349609375000e+03
7.872355346679687500e+02
9.566163940429687500e+02
8.010402221679687500e+02
1.822050476074218750e+02
8.377567291259765625e+00
8.635134277343750000e+02
5.674116210937500000e+02
1.754026794433593750e+01
6.824088692665100098e-01
1.072662353515625000e+03
2.628170204162597656e+01
1.102017364501953125e+02
5.350346679687500000e+02
7.734730834960937500e+02
2.015648498535156250e+02
4.185094833374023438e+00
1.218813400268554688e+02
3.274639511108398438e+01
1.678960418701171875e+02
5.172413349151611328e+00
1.085477905273437500e+02
6.515159301757812500e+02
9.937968444824218750e+01
5.994517517089843750e+01
1.659333190917968750e+02
9.547115325927734375e+01
1.966805839538574219e+01
7.361553192138671875e+01
1.280177116394042969e+01
1.163206100463867188e+02
4.066886901855468750e+00
3.850292053222656250e+02
2.870913085937500000e+02
3.826419067382812500e+02
3.048643798828125000e+02
9.226483154296875000e+01
1.852458477020263672e+00
3.165049133300781250e+02
2.416120452880859375e+02
9.022121429443359375e+00
2.065820991992950439e-01
4.214610290527343750e+02
1.213413047790527344e+01
4.893621063232421875e+01
2.126255187988281250e+02
2.461228027343750000e+02
6.297024536132812500e+01
2.707258939743041992e+00
3.660592651367187500e+01
8.629675865173339844e+00
5.977666854858398438e+01
2.481496572494506836e+00
8.590599060058593750e+01
2.565719299316406250e+02
-1.513749313354492188e+01
-3.099325752258300781e+01
-1.696501350402832031e+01
-2.415399742126464844e+01
-1.872818231582641602e+00
-1.488537025451660156e+01
-2.213351011276245117e+00
-2.154637336730957031e+01
-4.246679842472076416e-01
-9.077182769775390625e+01
-5.222373580932617188e+01
-6.172466659545898438e+01
-5.035362243652343750e+01
-1.138343811035156250e+01
-8.654135465621948242e-01
-4.287408828735351562e+01
-3.522119903564453125e+01
-7.867414951324462891e-01
-4.394266754388809204e-02
-5.793123245239257812e+01
-1.725780367851257324e+00
-4.514542102813720703e+00
-3.008481979370117188e+01
-8.670304870605468750e+01
-2.450936317443847656e+01
-9.845635294914245605e-02
-1.195591831207275391e+01
-4.327565670013427734e+00
-6.831556320190429688e+00
-4.291481375694274902e-01
-7.704410552978515625e-01
-4.361682128906250000e+01
4.219604492187500000e+01
3.697769546508789062e+01
6.689212036132812500e+01
2.640924644470214844e+01
8.200639724731445312e+00
4.408743286132812500e+01
3.592308521270751953e+00
3.803275299072265625e+01
1.688915014266967773e+00
1.383356781005859375e+02
1.134642486572265625e+02
1.293982849121093750e+02
9.895318603515625000e+01
2.534155845642089844e+01
1.747648715972900391e+00
1.285886077880859375e+02
8.588378906250000000e+01
2.839539051055908203e+00
1.131074279546737671e-01
1.535881958007812500e+02
4.669863224029541016e+00
1.911933898925781250e+01
9.284291076660156250e+01
1.314301757812500000e+02
1.963043975830078125e+01
8.459437489509582520e-01
1.905547332763671875e+01
7.553637027740478516e+00
2.839423370361328125e+01
1.079676747322082520e-01
1.236276626586914062e+01
1.046118850708007812e+02
-1.039143443107604980e+00
1.520308780670166016e+01
7.414849090576171875e+01
7.413650512695312500e+01
1.157841682434082031e+00
-9.786588549613952637e-01
1.213426589965820312e-01
7.275543975830078125e+01
1.268116593360900879e+00
8.328511047363281250e+01
4.706431961059570312e+01
6.884780883789062500e+01
1.136817779541015625e+02
5.291119575500488281e+00
-4.071942567825317383e-01
6.821765899658203125e+01
2.640312576293945312e+01
1.058639430999755859e+01
8.296734094619750977e-02
2.155025482177734375e+01
1.615800261497497559e+00
2.600289821624755859e+00
2.041074562072753906e+01
2.057866477966308594e+01
4.051230239868164062e+01
1.574172258377075195e+00
8.520736694335937500e+00
8.669012069702148438e+00
1.921195411682128906e+01
6.807037830352783203e+00
6.151373672485351562e+01
3.020268249511718750e+01
6.515710449218750000e+01
4.429782867431640625e+01
6.532770538330078125e+01
5.151121520996093750e+01
1.348934841156005859e+01
5.924728775024414062e+01
1.018811702728271484e+01
6.105391693115234375e+01
2.665434598922729492e+00
2.943787841796875000e+02
1.642293243408203125e+02
2.433873901367187500e+02
2.037657470703125000e+02
5.881410217285156250e+01
1.891066789627075195e+00
1.884957885742187500e+02
1.857355041503906250e+02
1.340119361877441406e+00
1.335824429988861084e-01
2.964747924804687500e+02
7.104917049407958984e+00
2.444091033935546875e+01
1.580087738037109375e+02
1.572636566162109375e+02
3.777387237548828125e+01
5.464646220207214355e-01
1.466927337646484375e+01
2.896476984024047852e+00
4.767228698730468750e+01
-6.628428697586059570e-01
3.837298583984375000e+01
1.694775543212890625e+02
2.884136352539062500e+02
1.560590972900390625e+02
4.974948425292968750e+02
4.195007934570312500e+02
4.149154663085937500e+01
1.200801773071289062e+02
5.671213912963867188e+01
4.099323120117187500e+02
1.083946228027343750e+01
1.515637695312500000e+03
7.335823364257812500e+02
9.861126708984375000e+02
1.031916503906250000e+03
2.866642761230468750e+02
1.000703811645507812e+00
9.153921508789062500e+02
6.750416870117187500e+02
3.971084976196289062e+01
6.926966905593872070e-01
1.080345336914062500e+03
2.222374534606933594e+01
8.777091979980468750e+01
5.818757324218750000e+02
5.395229492187500000e+02
2.124814758300781250e+02
3.258360290527343750e+01
1.751656646728515625e+02
2.043931198120117188e+01
1.710900878906250000e+02
1.529071235656738281e+01
4.399562683105468750e+02
7.552436523437500000e+02
1.304696197509765625e+02
6.286769104003906250e+01
1.098758773803710938e+02
7.727098083496093750e+01
1.638138008117675781e+01
1.013142776489257812e+02
1.895112228393554688e+01
1.013342819213867188e+02
2.726196527481079102e+00
4.319917297363281250e+02
2.464322814941406250e+02
3.249485778808593750e+02
2.903426513671875000e+02
1.075256958007812500e+02
4.374729633331298828e+00
2.802687072753906250e+02
2.125169525146484375e+02
1.251883208751678467e-01
2.572751641273498535e-01
4.619494934082031250e+02
9.295268058776855469e+00
3.758830642700195312e+01
2.277628173828125000e+02
2.565888977050781250e+02
5.186352157592773438e+01
8.863137960433959961e-01
3.008130645751953125e+01
8.523257255554199219e+00
6.781272125244140625e+01
-1.026231765747070312e+00
5.331935882568359375e+01
2.355227203369140625e+02
8.676853942871093750e+01
1.125718765258789062e+02
4.990531616210937500e+02
3.443830566406250000e+02
3.257111358642578125e+01
1.225436019897460938e+02
2.369888496398925781e+01
3.288437500000000000e+02
7.705400466918945312e+00
6.141198120117187500e+02
4.606745300292968750e+02
5.964970703125000000e+02
6.915882568359375000e+02
1.060750961303710938e+02
3.865960359573364258e+00
5.219360961914062500e+02
2.878093566894531250e+02
3.752687835693359375e+01
5.797112584114074707e-01
4.606736755371093750e+02
2.003675651550292969e+01
5.906328582763671875e+01
2.686617126464843750e+02
5.099896545410156250e+02
2.164765472412109375e+02
1.139152145385742188e+01
1.029839172363281250e+02
4.194079208374023438e+01
1.366342010498046875e+02
1.225037574768066406e+01
2.676340942382812500e+02
3.679341735839843750e+02
2.431523895263671875e+01
1.916540718078613281e+01
3.843249130249023438e+01
3.143383026123046875e+01
2.919766664505004883e+00
1.655592536926269531e+01
4.659412384033203125e+00
2.481367492675781250e+01
4.002501070499420166e-01
8.860060119628906250e+01
5.167361831665039062e+01
4.030672836303710938e+01
4.766292572021484375e+01
1.288825607299804688e+01
8.355184793472290039e-01
6.493449401855468750e+01
2.701602172851562500e+01
1.142215371131896973e+00
4.120086878538131714e-02
6.871327972412109375e+01
1.601312398910522461e+00
7.348298549652099609e+00
2.943910598754882812e+01
6.784239959716796875e+01
1.970437049865722656e+01
2.444604933261871338e-01
1.882315826416015625e+01
3.304846763610839844e+00
1.024178886413574219e+01
7.589918971061706543e-01
7.112782001495361328e+00
5.269954681396484375e+01
1.353627777099609375e+02
1.257893142700195312e+02
3.546930541992187500e+02
3.118567199707031250e+02
3.086314201354980469e+01
1.281797485351562500e+02
2.676532745361328125e+01
2.815773925781250000e+02
6.537837982177734375e+00
7.554696044921875000e+02
5.080175476074218750e+02
6.232348632812500000e+02
5.974992675781250000e+02
1.121059799194335938e+02
4.461092472076416016e+00
5.668220825195312500e+02
3.537859802246093750e+02
2.149790382385253906e+01
4.811421930789947510e-01
6.324731445312500000e+02
1.772012329101562500e+01
6.875275421142578125e+01
3.121954345703125000e+02
4.753121337890625000e+02
1.698506164550781250e+02
3.348669767379760742e+00
8.886855316162109375e+01
2.760345077514648438e+01
1.192299499511718750e+02
1.075238227844238281e+01
1.300809783935546875e+02
4.133441162109375000e+02
-4.996013164520263672e+00
-5.661368846893310547e+00
1.175936412811279297e+01
1.725600242614746094e+01
-4.778909683227539062e-01
-3.738494634628295898e+00
-6.501247882843017578e-01
1.044917774200439453e+01
2.392775565385818481e-01
-1.573346424102783203e+01
-1.090256929397583008e+00
-4.096097469329833984e+00
6.994047164916992188e+00
-2.853056907653808594e+00
-1.590651720762252808e-01
2.456828117370605469e+00
-7.895136356353759766e+00
1.721529245376586914e+00
5.551542621105909348e-03
-1.684347724914550781e+01
-1.693668067455291748e-01
-5.927153825759887695e-01
-2.815229177474975586e+00
-1.122055339813232422e+01
1.451711535453796387e+00
5.426561832427978516e-01
7.765425443649291992e-01
5.681291222572326660e-01
-3.533982038497924805e-01
1.246903538703918457e+00
1.149831008911132812e+01
-4.655086517333984375e+00
1.312895660400390625e+02
8.127532958984375000e+01
2.535860595703125000e+02
1.979312591552734375e+02
1.751585388183593750e+01
9.432167053222656250e+01
2.709553909301757812e+01
2.319226226806640625e+02
5.097096920013427734e+00
5.499116821289062500e+02
2.926857910156250000e+02
3.906655273437500000e+02
4.661747741699218750e+02
9.202001953125000000e+01
3.006152868270874023e+00
3.899454040527343750e+02
2.254970855712890625e+02
2.275735473632812500e+01
3.697908818721771240e-01
4.265150451660156250e+02
9.983116149902343750e+00
3.613842773437500000e+01
2.163361053466796875e+02
2.986386413574218750e+02
1.191509628295898438e+02
6.738264083862304688e+00
6.097193908691406250e+01
2.696792221069335938e+01
9.308612060546875000e+01
8.721732139587402344e+00
1.619055175781250000e+02
2.678114318847656250e+02
6.633242187500000000e+02
4.970043029785156250e+02
1.205175781250000000e+03
1.094511596679687500e+03
1.231494750976562500e+02
4.917115783691406250e+02
1.139707031250000000e+02
1.060241210937500000e+03
2.654797744750976562e+01
3.326486816406250000e+03
2.018403930664062500e+03
2.591033203125000000e+03
2.379798583984375000e+03
5.373074340820312500e+02
1.759188652038574219e+01
2.222223632812500000e+03
1.529364013671875000e+03
8.337375640869140625e+01
1.835588216781616211e+00
2.635159667968750000e+03
6.462901306152343750e+01
2.626333007812500000e+02
1.277357177734375000e+03
1.901997680664062500e+03
5.876940307617187500e+02
2.305361366271972656e+01
2.978467712402343750e+02
9.157363891601562500e+01
4.518276672363281250e+02
2.735610008239746094e+01
6.522211914062500000e+02
1.642965820312500000e+03
1.053646011352539062e+02
4.293885803222656250e+01
1.398837127685546875e+02
1.127884597778320312e+02
2.167740249633789062e+01
8.396037292480468750e+01
1.181034469604492188e+01
7.800473785400390625e+01
3.907558441162109375e+00
3.659406433105468750e+02
2.968816833496093750e+02
3.380502929687500000e+02
2.324051513671875000e+02
4.780470657348632812e+01
3.991697788238525391e+00
3.176401062011718750e+02
1.971383361816406250e+02
4.560918331146240234e+00
2.114115059375762939e-01
3.750763549804687500e+02
1.183180999755859375e+01
5.064699554443359375e+01
2.085536651611328125e+02
2.304334869384765625e+02
3.786588668823242188e+01
-1.507868319749832153e-01
3.780040359497070312e+01
7.565446853637695312e+00
5.543281936645507812e+01
-2.563925385475158691e-01
7.239261150360107422e+00
2.263979339599609375e+02
5.105611038208007812e+01
3.140437126159667969e+01
4.542231750488281250e+01
1.591570186614990234e+01
3.258141040802001953e+00
3.431924819946289062e+01
6.028138637542724609e+00
5.747267532348632812e+01
7.744948863983154297e-01
1.653249053955078125e+02
5.238200759887695312e+01
1.060308303833007812e+02
1.368694458007812500e+02
6.032792282104492188e+01
1.264065861701965332e+00
9.520087432861328125e+01
6.781572723388671875e+01
3.074538707733154297e+00
1.211292296648025513e-01
1.712126007080078125e+02
2.749898910522460938e+00
7.655643463134765625e+00
9.865200042724609375e+01
9.860730743408203125e+01
3.317534255981445312e+01
2.770744323730468750e+00
1.000037288665771484e+01
7.699916362762451172e+00
2.565264129638671875e+01
1.554789066314697266e+00
6.146125411987304688e+01
8.555235290527343750e+01
