1.682110748291015625e+02
1.511011810302734375e+02
2.046734046936035156e+01
1.087082397460937500e+03
2.083069152832031250e+02
2.594468994140625000e+02
3.079211425781250000e+02
6.972222290039062500e+02
5.461904296875000000e+03
3.081187744140625000e+02
3.678997802734375000e+02
4.213457641601562500e+02
8.742369995117187500e+02
5.627954711914062500e+02
1.767350158691406250e+02
3.009928588867187500e+02
-1.156493164062500000e+03
-5.617558593750000000e+02
-5.727352294921875000e+02
-7.071966796875000000e+03
-1.493238769531250000e+03
-2.491722412109375000e+03
-2.600854980468750000e+03
-2.415884521484375000e+03
-2.872313476562500000e+04
-1.622276245117187500e+03
-1.129626342773437500e+03
-3.166024658203125000e+03
-5.874860351562500000e+03
-1.703542114257812500e+03
-1.795902465820312500e+03
-9.355368041992187500e+02
1.192392253875732422e+01
3.563010454177856445e+00
1.968151092529296875e+00
3.635618591308593750e+01
7.323114871978759766e+00
1.855451202392578125e+01
1.352828025817871094e+01
4.269727230072021484e+00
1.375306549072265625e+02
8.555395126342773438e+00
1.818219661712646484e+00
1.024401092529296875e+01
2.565105056762695312e+01
5.644823074340820312e+00
3.636349201202392578e+00
8.990321159362792969e+00
7.139732666015625000e+02
3.865634155273437500e+02
3.566065063476562500e+02
3.937626220703125000e+03
5.900696411132812500e+02
1.499323486328125000e+03
1.120391479492187500e+03
1.673927612304687500e+03
1.321596679687500000e+04
1.398648803710937500e+03
6.636279907226562500e+02
2.305836914062500000e+03
3.801716796875000000e+03
1.325105590820312500e+03
7.328336791992187500e+02
7.638297729492187500e+02
2.355075645446777344e+01
1.117854213714599609e+01
8.822134017944335938e+00
1.024178848266601562e+02
2.751987075805664062e+01
4.532656097412109375e+01
3.094273567199707031e+01
6.755812835693359375e+01
4.204645080566406250e+02
3.350143051147460938e+01
2.736828994750976562e+01
6.824093627929687500e+01
8.159232330322265625e+01
4.469155502319335938e+01
1.951199340820312500e+01
3.296366500854492188e+01
3.571270370483398438e+01
2.105628585815429688e+01
1.838614463806152344e+01
2.809703063964843750e+02
6.375790786743164062e+01
8.016754150390625000e+01
8.016800689697265625e+01
1.578017120361328125e+02
1.340003540039062500e+03
9.169444274902343750e+01
5.020611190795898438e+01
1.321183166503906250e+02
2.748422241210937500e+02
9.670834350585937500e+01
9.463596343994140625e+01
3.868664169311523438e+01
-1.521476864814758301e+00
5.517319679260253906e+00
4.901468753814697266e+00
6.346505641937255859e+00
7.287136077880859375e+00
8.609208106994628906e+00
1.746538162231445312e+00
1.177725601196289062e+01
-1.531572628021240234e+01
5.761294364929199219e+00
4.113204002380371094e+00
7.409197330474853516e+00
1.576428127288818359e+01
4.841846466064453125e+00
-2.172788381576538086e-01
2.889798164367675781e+00
5.757187652587890625e+01
3.122050094604492188e+01
2.907114982604980469e+01
2.817820739746093750e+02
5.618711090087890625e+01
1.371801910400390625e+02
1.093725128173828125e+02
3.315719604492187500e+02
8.425358886718750000e+02
8.743446350097656250e+01
7.645068359375000000e+01
1.925425262451171875e+02
2.262272949218750000e+02
8.657947540283203125e+01
4.415104293823242188e+01
2.133503417968750000e+02
1.325051269531250000e+02
7.426964569091796875e+01
5.885729598999023438e+01
9.341519165039062500e+02
2.320605163574218750e+02
2.560878906250000000e+02
3.897842712402343750e+02
4.802399902343750000e+02
3.945783691406250000e+03
1.782062988281250000e+02
1.133455734252929688e+02
4.512852478027343750e+02
7.343021850585937500e+02
2.264427795410156250e+02
2.901696472167968750e+02
1.293866119384765625e+02
6.550455474853515625e+01
5.660920333862304688e+01
4.506352996826171875e+01
3.550830078125000000e+02
6.618966674804687500e+01
1.570247802734375000e+02
8.068047332763671875e+01
1.862830352783203125e+02
1.115951782226562500e+03
1.613630676269531250e+02
1.011358566284179688e+02
2.001925964355468750e+02
4.474322204589843750e+02
1.559541931152343750e+02
5.427798080444335938e+01
6.664987182617187500e+01
2.291384124755859375e+02
1.736758422851562500e+02
1.773862152099609375e+02
2.808332031250000000e+03
6.811779785156250000e+02
6.801464233398437500e+02
1.077677001953125000e+03
7.189920043945312500e+02
1.306087011718750000e+04
7.094471435546875000e+02
3.592892761230468750e+02
8.228161010742187500e+02
2.443334228515625000e+03
5.180123291015625000e+02
9.976555175781250000e+02
1.396648864746093750e+02
6.285431289672851562e+01
3.609777450561523438e+01
2.605168724060058594e+01
1.096893386840820312e+02
1.749824333190917969e+01
9.069824218750000000e+01
3.340948867797851562e+01
6.456114959716796875e+01
1.526237030029296875e+02
3.055700874328613281e+01
3.116336822509765625e+01
6.589417266845703125e+01
1.208055801391601562e+02
4.333377838134765625e+01
1.976574134826660156e+01
7.899856567382812500e+01
1.073653697967529297e+00
5.384284019470214844e+00
5.634739875793457031e+00
1.438838481903076172e+01
9.766930580139160156e+00
7.041964530944824219e+00
4.919997692108154297e+00
8.664155006408691406e+00
3.917513275146484375e+01
1.712964820861816406e+01
3.604063272476196289e+00
2.338459396362304688e+01
2.389880371093750000e+01
4.139297962188720703e+00
7.204460144042968750e+00
5.561184406280517578e+00
-3.071584701538085938e+01
1.253337287902832031e+01
-1.440920829772949219e+01
-1.637659912109375000e+02
-8.136060714721679688e+00
-5.724090957641601562e+01
-7.423139190673828125e+01
1.229197921752929688e+02
-5.521421508789062500e+02
-1.049035835266113281e+01
2.411848449707031250e+01
-2.314427947998046875e+01
-1.323187561035156250e+02
2.615945816040039062e+01
-1.025262603759765625e+02
2.448189926147460938e+01
5.559490680694580078e+00
4.756678104400634766e+00
-3.262305855751037598e-01
3.967687988281250000e+01
1.249319362640380859e+01
1.536277103424072266e+01
1.536930942535400391e+01
4.454156494140625000e+01
2.229056243896484375e+02
3.801415443420410156e+00
1.595480632781982422e+01
6.258975028991699219e+00
2.506367301940917969e+01
2.761735343933105469e+01
2.043861961364746094e+01
1.981771087646484375e+01
2.348686065673828125e+02
1.064443817138671875e+02
1.115282440185546875e+02
1.024616577148437500e+03
1.504212799072265625e+02
4.149400329589843750e+02
3.494699707031250000e+02
4.495514831542968750e+02
3.214130859375000000e+03
2.690097961425781250e+02
1.848486938476562500e+02
6.526058959960937500e+02
8.516406250000000000e+02
3.364958190917968750e+02
1.416101379394531250e+02
2.919975891113281250e+02
-1.459854841232299805e-02
2.785076759755611420e-02
-1.119873858988285065e-02
7.131111621856689453e-02
6.388036068528890610e-03
1.265866756439208984e-01
2.907981863245368004e-03
-6.393788382411003113e-03
1.392433494329452515e-01
6.973378360271453857e-02
4.843201115727424622e-02
-2.269460633397102356e-02
5.341765284538269043e-02
2.526665478944778442e-02
4.132870957255363464e-02
1.758231373969465494e-04
4.476550598144531250e+02
2.417403564453125000e+02
2.567512207031250000e+02
2.947189453125000000e+03
6.178819580078125000e+02
9.480336303710937500e+02
1.052463134765625000e+03
1.200944091796875000e+03
1.226496679687500000e+04
7.215669555664062500e+02
5.476306762695312500e+02
1.247920288085937500e+03
2.406211669921875000e+03
8.946973876953125000e+02
8.087178344726562500e+02
5.325040283203125000e+02
-2.657710838317871094e+01
-1.964096832275390625e+01
-1.896866416931152344e+01
-9.207802581787109375e+01
-1.662224578857421875e+01
-4.124024581909179688e+01
-2.184840965270996094e+01
-6.703609466552734375e+01
-2.305956420898437500e+02
-3.326643371582031250e+01
-2.639348602294921875e+01
-5.362440490722656250e+01
-1.200745391845703125e+02
-4.520918273925781250e+01
-2.907868385314941406e+00
-3.822794723510742188e+01
4.091479873657226562e+01
2.037435913085937500e+01
1.371187591552734375e+01
1.080772552490234375e+02
1.168919181823730469e+01
5.147946548461914062e+01
3.278342819213867188e+01
4.043867111206054688e+01
4.198584899902343750e+02
6.559700012207031250e+01
4.539881896972656250e+01
4.238551330566406250e+01
8.789876556396484375e+01
1.873162078857421875e+01
2.026291084289550781e+01
6.045775985717773438e+01
2.192010345458984375e+02
9.732548522949218750e+01
1.092850799560546875e+02
1.053848754882812500e+03
1.669781799316406250e+02
4.374895629882812500e+02
4.063115234375000000e+02
9.658701324462890625e+01
2.947616699218750000e+03
2.043887634277343750e+02
8.486022949218750000e+01
4.698524780273437500e+02
9.343009643554687500e+02
2.072832489013671875e+02
3.009822692871093750e+02
2.077332916259765625e+02
2.741871032714843750e+02
2.032115173339843750e+02
1.079722442626953125e+02
1.028561157226562500e+03
1.917888488769531250e+02
4.117019348144531250e+02
2.599963989257812500e+02
5.670641479492187500e+02
3.170386962890625000e+03
3.210892944335937500e+02
1.631416015625000000e+02
5.161263427734375000e+02
1.396288330078125000e+03
4.055239257812500000e+02
4.232019653320312500e+02
3.388041076660156250e+02
3.084884071350097656e+01
1.317639350891113281e+01
-1.634083175659179688e+01
4.145152587890625000e+02
4.626565170288085938e+01
7.230245971679687500e+01
7.490846252441406250e+01
1.719339904785156250e+02
1.610507934570312500e+03
1.337073974609375000e+02
8.723957061767578125e+01
1.938672790527343750e+02
2.712039794921875000e+02
2.239677734375000000e+02
4.238862991333007812e+01
1.074094467163085938e+02
-7.225123596191406250e+01
-5.308483505249023438e+01
-6.459294795989990234e+00
-3.848227539062500000e+02
-8.795852661132812500e+01
-1.939767150878906250e+02
-2.141474151611328125e+02
2.758655929565429688e+01
-1.149068969726562500e+03
6.732112884521484375e+01
-3.854451656341552734e+00
-3.182813835144042969e+01
-2.875819091796875000e+02
3.216815948486328125e+00
-1.699534454345703125e+02
-1.251411437988281250e+02
-2.653533458709716797e+00
-1.460188627243041992e+00
-9.245645999908447266e-02
5.189220905303955078e+00
-8.906142115592956543e-01
-1.559721708297729492e+00
2.849751710891723633e+00
-3.216099166870117188e+01
-3.132785320281982422e+00
-1.678637742996215820e+00
-8.082713484764099121e-01
-1.079513835906982422e+01
-6.581175804138183594e+00
-1.456140995025634766e+00
-3.559138178825378418e-01
1.182784557342529297e+00
1.154262423515319824e+00
1.848135471343994141e+00
-1.327455997467041016e+00
-1.814355850219726562e+01
4.150433540344238281e+00
-1.423735260963439941e+00
-2.733142852783203125e+00
1.087798309326171875e+01
-5.072867965698242188e+01
-5.881488800048828125e+00
-1.937945365905761719e+00
-1.735830116271972656e+01
-7.118926525115966797e+00
-6.600323200225830078e+00
-2.806989669799804688e+00
1.633248567581176758e+00
1.403644204139709473e+00
1.366896986961364746e+00
3.178987503051757812e+00
1.540106773376464844e+01
5.454917907714843750e+00
1.379190683364868164e+00
6.096463680267333984e+00
7.434410858154296875e+01
1.166004104614257812e+02
1.039352226257324219e+01
4.070172786712646484e+00
2.053787803649902344e+01
2.020292472839355469e+01
3.423341035842895508e+00
8.242205381393432617e-01
1.059764194488525391e+01
3.600764870643615723e-01
1.646132469177246094e+00
5.572954177856445312e+00
-2.094757461547851562e+01
-2.476186156272888184e-01
-4.812032699584960938e+00
-5.435323119163513184e-01
4.470169067382812500e+00
-5.166331863403320312e+01
-5.568453788757324219e+00
-5.222071647644042969e+00
-1.740039253234863281e+01
7.889966011047363281e+00
-1.581854438781738281e+01
-3.112743616104125977e+00
1.787425279617309570e+00
-2.320189285278320312e+01
1.436180305480957031e+01
4.812003707885742188e+01
2.614197082519531250e+02
1.096234359741210938e+02
-2.115580749511718750e+01
1.377415924072265625e+02
4.541694641113281250e+02
1.654882080078125000e+03
9.869805908203125000e+01
8.501502990722656250e+01
2.951900939941406250e+02
2.173277893066406250e+02
6.870710754394531250e+01
1.173993453979492188e+02
8.378472137451171875e+01
-3.971681356430053711e+00
-3.239017128944396973e-01
-1.336989521980285645e+00
-1.955051612854003906e+01
-6.980861663818359375e+00
-1.701625108718872070e+00
-1.114661121368408203e+01
-2.340811347961425781e+01
-1.263020706176757812e+02
1.431052386760711670e-01
-2.471002340316772461e+00
-1.609235572814941406e+01
-9.727892875671386719e+00
-2.695945024490356445e+00
-5.917891502380371094e+00
-4.592332243919372559e-01
6.339470214843750000e+02
3.467951660156250000e+02
3.478365478515625000e+02
3.496375976562500000e+03
7.200223388671875000e+02
1.069948852539062500e+03
1.208309570312500000e+03
1.612625000000000000e+03
1.381291699218750000e+04
1.035228637695312500e+03
6.311411132812500000e+02
1.939741699218750000e+03
3.151831054687500000e+03
1.118875000000000000e+03
7.727481689453125000e+02
5.288956909179687500e+02
2.745310211181640625e+01
-8.247313499450683594e+00
2.431894540786743164e+00
-2.784874916076660156e+00
-8.850457191467285156e+00
2.508522033691406250e+01
2.118386650085449219e+01
-1.087734603881835938e+02
-3.340942687988281250e+02
-6.407521820068359375e+01
-2.713820266723632812e+01
-1.756086540222167969e+01
-1.323574523925781250e+02
-4.289598846435546875e+01
-3.938180923461914062e+00
3.944969940185546875e+01
