-3.296547265625000000e+04
-3.155533984375000000e+04
-2.484996875000000000e+04
-3.782702343750000000e+04
-3.342283203125000000e+04
-2.410794140625000000e+04
-3.407835937500000000e+04
-2.861861718750000000e+04
-2.039846484375000000e+04
-3.100376757812500000e+04
-2.963847656250000000e+04
-2.260618750000000000e+04
-3.551010937500000000e+04
-3.138977734375000000e+04
-2.192557421875000000e+04
-3.167051171875000000e+04
-2.628786523437500000e+04
-1.800799804687500000e+04
-2.506066796875000000e+04
-2.384766406250000000e+04
-1.744491601562500000e+04
-2.918566601562500000e+04
-2.554738281250000000e+04
-1.692643750000000000e+04
-2.567616796875000000e+04
-2.082922070312500000e+04
-1.323619726562500000e+04
-3.232350341796875000e+03
-3.996782714843750000e+03
-3.936771484375000000e+03
-4.092769042968750000e+03
-5.696516601562500000e+03
-5.854024414062500000e+03
-5.594325195312500000e+03
-7.541645019531250000e+03
-7.769223632812500000e+03
-2.482428222656250000e+03
-3.127971679687500000e+03
-3.105692871093750000e+03
-3.337678222656250000e+03
-4.895129882812500000e+03
-5.060351074218750000e+03
-4.783049804687500000e+03
-6.709357421875000000e+03
-6.954287597656250000e+03
-1.603815917968750000e+03
-2.230455078125000000e+03
-2.216780273437500000e+03
-2.395126464843750000e+03
-3.979687988281250000e+03
-4.160988769531250000e+03
-3.716691894531250000e+03
-5.671058593750000000e+03
-5.890729492187500000e+03
-2.119108398437500000e+03
-2.854058105468750000e+03
-3.986304443359375000e+03
-2.419235107421875000e+03
-3.127648437500000000e+03
-4.659299316406250000e+03
-1.940395874023437500e+03
-2.906399902343750000e+03
-4.489499023437500000e+03
-1.590461914062500000e+03
-2.036652099609375000e+03
-3.173780517578125000e+03
-1.822385009765625000e+03
-2.197218994140625000e+03
-3.776223876953125000e+03
-1.325354248046875000e+03
-1.980347412109375000e+03
-3.582103515625000000e+03
-7.319709472656250000e+02
-1.066701293945312500e+03
-2.219167480468750000e+03
-8.989696655273437500e+02
-1.189712646484375000e+03
-2.733171386718750000e+03
-2.641848449707031250e+02
-8.676192016601562500e+02
-2.433621337890625000e+03
-1.390510058593750000e+04
-1.559139355468750000e+04
-2.926492187500000000e+04
-4.028899218750000000e+04
-4.212103906250000000e+04
-5.406709375000000000e+04
-6.481529687500000000e+04
-6.861988281250000000e+04
-7.383806250000000000e+04
-6.258724609375000000e+03
-7.340399414062500000e+03
-2.173144140625000000e+04
-2.957657031250000000e+04
-2.948266015625000000e+04
-4.131704296875000000e+04
-5.343162500000000000e+04
-5.541830859375000000e+04
-6.018850781250000000e+04
1.955436523437500000e+03
2.325082092285156250e+02
-1.236332519531250000e+04
-2.211866015625000000e+04
-2.234922656250000000e+04
-3.208578125000000000e+04
-4.487035937500000000e+04
-4.702304296875000000e+04
-5.110446875000000000e+04
-1.670457519531250000e+03
-2.249027832031250000e+03
-2.582383300781250000e+03
-2.197771972656250000e+03
-2.836931640625000000e+03
-2.960240234375000000e+03
-1.970186523437500000e+03
-2.208744140625000000e+03
-2.039867431640625000e+03
-1.684647338867187500e+03
-2.320993408203125000e+03
-2.643785156250000000e+03
-2.137690917968750000e+03
-2.820038085937500000e+03
-2.981570800781250000e+03
-1.856783447265625000e+03
-2.130940185546875000e+03
-2.024167724609375000e+03
-1.864981567382812500e+03
-2.479536865234375000e+03
-2.778813476562500000e+03
-2.292893554687500000e+03
-2.972192382812500000e+03
-3.121460937500000000e+03
-2.034893676757812500e+03
-2.328562500000000000e+03
-2.239264648437500000e+03
1.152000976562500000e+03
1.403553222656250000e+03
1.250683593750000000e+03
2.313333496093750000e+03
1.670826171875000000e+03
9.865107421875000000e+02
2.046753417968750000e+03
1.086976684570312500e+03
4.325785522460937500e+02
8.914769287109375000e+02
1.209626953125000000e+03
1.057880859375000000e+03
2.074206054687500000e+03
1.500925292968750000e+03
8.226177978515625000e+02
1.773652099609375000e+03
8.585070800781250000e+02
2.242259216308593750e+02
5.440560913085937500e+02
8.627380371093750000e+02
7.233361816406250000e+02
1.633142211914062500e+03
1.115791137695312500e+03
5.184957885742187500e+02
1.309719482421875000e+03
4.961653442382812500e+02
-3.478387451171875000e+01
2.127118164062500000e+03
2.470779785156250000e+03
1.477284057617187500e+03
2.013787963867187500e+03
2.102333007812500000e+03
1.142435058593750000e+03
1.749744140625000000e+03
2.357947265625000000e+03
1.921934326171875000e+03
4.103118164062500000e+03
4.416215820312500000e+03
3.397797363281250000e+03
3.974893554687500000e+03
3.899774169921875000e+03
2.910411865234375000e+03
3.521041503906250000e+03
3.979372070312500000e+03
3.527712402343750000e+03
6.663363281250000000e+03
7.071785156250000000e+03
6.079184570312500000e+03
6.575714355468750000e+03
6.614040039062500000e+03
5.658502929687500000e+03
6.016340820312500000e+03
6.621688476562500000e+03
6.182958984375000000e+03
-7.717788085937500000e+02
-1.771370849609375000e+03
-2.138433349609375000e+03
-1.731408813476562500e+03
-2.673288085937500000e+03
-2.819464843750000000e+03
-2.401138671875000000e+03
-2.789927978515625000e+03
-2.477843994140625000e+03
-1.318407226562500000e+03
-2.252232421875000000e+03
-2.611486328125000000e+03
-2.325241455078125000e+03
-3.221966308593750000e+03
-3.350702392578125000e+03
-3.004293457031250000e+03
-3.416003906250000000e+03
-3.086488281250000000e+03
-2.066017089843750000e+03
-2.957974609375000000e+03
-3.257602050781250000e+03
-3.054259277343750000e+03
-3.928268554687500000e+03
-4.055814453125000000e+03
-3.658270507812500000e+03
-4.093817871093750000e+03
-3.830685058593750000e+03
4.301017089843750000e+03
4.390889648437500000e+03
4.742650390625000000e+03
5.915902832031250000e+03
5.950593750000000000e+03
5.903312500000000000e+03
5.965807128906250000e+03
6.314303222656250000e+03
5.969995117187500000e+03
1.554013427734375000e+03
1.229156494140625000e+03
1.437625854492187500e+03
3.031833984375000000e+03
2.619566406250000000e+03
2.439556152343750000e+03
3.054877441406250000e+03
2.992594726562500000e+03
2.532768798828125000e+03
-1.642537841796875000e+03
-2.260684326171875000e+03
-2.070124267578125000e+03
-4.613295593261718750e+02
-1.141688964843750000e+03
-1.304728027343750000e+03
-3.931777954101562500e+02
-7.518960571289062500e+02
-1.214693237304687500e+03
2.190587768554687500e+02
5.748587036132812500e+01
1.436656036376953125e+02
-8.561785125732421875e+01
6.945954132080078125e+01
4.588984375000000000e+02
4.855310821533203125e+01
4.178289184570312500e+02
9.200670166015625000e+02
1.679740905761718750e+02
-9.808117866516113281e+00
7.829862976074218750e+01
-1.721712036132812500e+02
-4.887331008911132812e+01
3.382487792968750000e+02
-5.556764221191406250e+01
2.992625122070312500e+02
7.878476562500000000e+02
3.686942749023437500e+02
8.763858032226562500e+01
2.011370391845703125e+02
-2.281406021118164062e+01
-1.919859886169433594e+01
3.755637207031250000e+02
1.010596466064453125e+02
3.567130737304687500e+02
8.323775634765625000e+02
6.586412500000000000e+04
6.079289843750000000e+04
1.994129101562500000e+04
6.543933984375000000e+04
5.768965625000000000e+04
1.957108984375000000e+04
4.294971093750000000e+04
4.273327343750000000e+04
2.324201757812500000e+04
3.756153125000000000e+04
3.003813281250000000e+04
-1.064817773437500000e+04
3.782366406250000000e+04
2.763303906250000000e+04
-1.074815332031250000e+04
1.636451171875000000e+04
1.434374414062500000e+04
-5.752949707031250000e+03
7.949598632812500000e+03
1.596015625000000000e+03
-3.517841406250000000e+04
8.755074218750000000e+03
-5.297500610351562500e+01
-3.440221875000000000e+04
-1.085584863281250000e+04
-1.197969531250000000e+04
-2.934967578125000000e+04
-1.012918750000000000e+04
-9.455411132812500000e+03
-8.279518554687500000e+03
-1.250637597656250000e+04
-9.491140625000000000e+03
-7.222382812500000000e+03
-1.324655468750000000e+04
-9.323347656250000000e+03
-6.558569335937500000e+03
-9.662250976562500000e+03
-8.903957031250000000e+03
-7.629147460937500000e+03
-1.179603710937500000e+04
-8.611462890625000000e+03
-6.309826171875000000e+03
-1.261562500000000000e+04
-8.466873046875000000e+03
-5.829701660156250000e+03
-9.236568359375000000e+03
-8.381184570312500000e+03
-7.101344726562500000e+03
-1.120702343750000000e+04
-8.192416015625000000e+03
-6.085738281250000000e+03
-1.196715625000000000e+04
-8.218883789062500000e+03
-5.873470703125000000e+03
1.228603027343750000e+03
1.689700317382812500e+03
7.105106811523437500e+02
1.838906494140625000e+03
2.598081542968750000e+03
1.505807739257812500e+03
1.896293212890625000e+03
2.551371093750000000e+03
1.528369018554687500e+03
1.539923339843750000e+03
2.098339355468750000e+03
1.142662475585937500e+03
2.341837890625000000e+03
3.185730468750000000e+03
2.091801025390625000e+03
2.419292236328125000e+03
3.175724121093750000e+03
2.151853027343750000e+03
2.013484252929687500e+03
2.522510253906250000e+03
1.616986083984375000e+03
2.929236816406250000e+03
3.733250976562500000e+03
2.675152343750000000e+03
2.959187988281250000e+03
3.700830078125000000e+03
2.744129638671875000e+03
-2.249735351562500000e+03
-2.199565917968750000e+03
-2.113761718750000000e+03
-2.337135253906250000e+03
-2.283492675781250000e+03
-1.987608886718750000e+03
-1.521749755859375000e+03
-1.770810546875000000e+03
-1.514625122070312500e+03
-1.797866210937500000e+03
-1.770339843750000000e+03
-1.700773437500000000e+03
-1.901398925781250000e+03
-1.799899414062500000e+03
-1.462327392578125000e+03
-1.126633300781250000e+03
-1.311997802734375000e+03
-9.355997314453125000e+02
-8.083582763671875000e+02
-8.617459716796875000e+02
-8.038240966796875000e+02
-8.622625732421875000e+02
-8.060032958984375000e+02
-4.830371704101562500e+02
-1.285384368896484375e+02
-2.940950317382812500e+02
8.262010955810546875e+01
2.896877929687500000e+03
3.794088867187500000e+03
4.450867187500000000e+03
3.584383789062500000e+03
4.954858886718750000e+03
5.740562988281250000e+03
4.542544921875000000e+03
5.906020507812500000e+03
6.244108398437500000e+03
6.464107055664062500e+02
1.400878906250000000e+03
2.062510253906250000e+03
1.165785644531250000e+03
2.410678466796875000e+03
3.217676757812500000e+03
2.135673339843750000e+03
3.397478271484375000e+03
3.750797607421875000e+03
-1.518453125000000000e+03
-9.881870727539062500e+02
-3.771612548828125000e+02
-1.162840087890625000e+03
-1.747777709960937500e+02
5.731856689453125000e+02
-2.198177337646484375e+02
8.108017578125000000e+02
1.118767944335937500e+03
-2.826025390625000000e+03
-6.712586425781250000e+03
-6.572292968750000000e+03
-7.406260375976562500e+02
-4.975192382812500000e+03
-5.368286132812500000e+03
4.698198699951171875e+01
-3.072469238281250000e+03
-3.514894531250000000e+03
-3.365410156250000000e+03
-7.175621093750000000e+03
-7.042464843750000000e+03
-1.175708496093750000e+03
-5.461297851562500000e+03
-5.901066406250000000e+03
-4.802146911621093750e+02
-3.654322753906250000e+03
-4.189586425781250000e+03
-3.934560546875000000e+03
-7.484780273437500000e+03
-7.150545898437500000e+03
-1.947838378906250000e+03
-6.006237792968750000e+03
-6.222912109375000000e+03
-1.325812011718750000e+03
-4.360186523437500000e+03
-4.778126953125000000e+03
