1.528588409423828125e+02
1.583881835937500000e+02
1.958100280761718750e+02
1.518799285888671875e+02
1.917843780517578125e+02
2.177673645019531250e+02
1.504672546386718750e+02
1.924868011474609375e+02
2.072184448242187500e+02
5.621424674987792969e+00
5.624499797821044922e+00
5.207702636718750000e+00
5.208583831787109375e+00
5.271233081817626953e+00
4.990923404693603516e+00
3.927765130996704102e+00
5.151597499847412109e+00
4.657709121704101562e+00
9.290615234375000000e+02
9.499569702148437500e+02
8.776936035156250000e+02
1.023539794921875000e+03
9.815839233398437500e+02
8.739864501953125000e+02
9.313159790039062500e+02
8.669221801757812500e+02
7.721141357421875000e+02
1.622698642313480377e-02
4.971368238329887390e-02
2.641468122601509094e-02
2.639942429959774017e-02
4.829362034797668457e-03
-6.071521784178912640e-04
1.106769850593991578e-04
-2.324771322309970856e-02
9.628774598240852356e-03
5.248076629638671875e+01
5.301213455200195312e+01
7.669970703125000000e+01
7.105306243896484375e+01
6.054658126831054688e+01
9.051869964599609375e+01
6.354288864135742188e+01
6.819279479980468750e+01
9.540306854248046875e+01
1.293522548675537109e+01
6.160224914550781250e+00
3.820797204971313477e+00
1.053114223480224609e+01
8.552972793579101562e+00
8.733259201049804688e+00
1.808777809143066406e+01
1.330732536315917969e+01
1.937541389465332031e+01
4.444219112396240234e+00
1.439426422119140625e+00
2.138792753219604492e+00
2.453784465789794922e+00
1.529035925865173340e+00
1.511803746223449707e+00
1.045454263687133789e+00
1.763259410858154297e+00
1.549648761749267578e+00
1.833022460937500000e+03
1.727258666992187500e+03
1.670536499023437500e+03
1.820866699218750000e+03
1.771233398437500000e+03
1.813648559570312500e+03
1.824100952148437500e+03
1.845467041015625000e+03
1.894936035156250000e+03
1.939823031425476074e+00
8.401293754577636719e-01
3.691726922988891602e-02
1.000491976737976074e+00
8.379227519035339355e-01
9.286907911300659180e-01
3.645598888397216797e+00
2.513938426971435547e+00
3.411490917205810547e+00
2.149902433156967163e-01
-2.262746095657348633e-01
1.570343852043151855e+00
5.722730159759521484e-01
-4.284285008907318115e-01
1.604652166366577148e+00
2.335496395826339722e-01
-5.660434439778327942e-02
1.281242489814758301e+00
3.013380241394042969e+01
2.917676353454589844e+01
2.674579620361328125e+01
3.965435028076171875e+01
3.546018218994140625e+01
2.961396408081054688e+01
3.031311607360839844e+01
3.756220245361328125e+01
2.546630477905273438e+01
2.739951171875000000e+02
2.774838562011718750e+02
2.903385314941406250e+02
2.846941833496093750e+02
2.947237243652343750e+02
3.089988708496093750e+02
2.575661010742187500e+02
2.494092712402343750e+02
2.599720153808593750e+02
1.094451236724853516e+01
1.528220462799072266e+01
2.130464935302734375e+01
1.348437309265136719e+01
1.671320152282714844e+01
1.597767734527587891e+01
1.520815563201904297e+01
1.578927230834960938e+01
1.143728923797607422e+01
8.409733581542968750e+01
9.082745361328125000e+01
7.310383605957031250e+01
1.038561706542968750e+02
1.157663650512695312e+02
8.608464813232421875e+01
1.265003051757812500e+02
1.217095336914062500e+02
9.158262634277343750e+01
1.589765319824218750e+02
1.602506866455078125e+02
1.502195281982421875e+02
1.657653961181640625e+02
1.732119140625000000e+02
1.633216552734375000e+02
1.665819702148437500e+02
1.707804107666015625e+02
1.620722351074218750e+02
7.693701171875000000e+01
6.964096069335937500e+01
7.438394165039062500e+01
7.753534698486328125e+01
6.799842071533203125e+01
7.515542602539062500e+01
7.316236877441406250e+01
6.473767852783203125e+01
7.335797119140625000e+01
-8.248524475097656250e+01
-5.047212600708007812e+01
1.260705947875976562e+01
-4.976604080200195312e+01
-3.413215398788452148e+00
7.532257843017578125e+01
-1.129544525146484375e+02
-3.376211547851562500e+01
4.812467956542968750e+01
-6.888728141784667969e+00
1.766779899597167969e+01
-1.392260313034057617e+00
-1.097372341156005859e+01
1.098285293579101562e+01
-4.240137100219726562e+00
-6.767386913299560547e+00
9.262987136840820312e+00
-2.583388805389404297e+00
-2.344783477783203125e+02
4.777711791992187500e+02
1.001191528320312500e+03
4.026053771972656250e+02
1.036006347656250000e+03
1.200414306640625000e+03
4.188302307128906250e+02
8.737633056640625000e+02
8.252701416015625000e+02
4.937127605080604553e-02
1.433190405368804932e-01
-1.048280298709869385e-02
-1.899351179599761963e-02
-8.578694611787796021e-02
-4.339564442634582520e-01
-2.625195868313312531e-02
2.940801382064819336e-01
-7.205158472061157227e-02
-1.620034484863281250e+02
-6.046006011962890625e+01
-2.469551849365234375e+01
-1.911441802978515625e+02
-7.742616271972656250e+01
-2.854746627807617188e+01
-1.862376251220703125e+02
-5.562842941284179688e+01
-4.982734680175781250e+01
-2.364343833923339844e+01
6.525399017333984375e+01
5.155987548828125000e+01
4.938842391967773438e+01
6.431066131591796875e+01
1.263103199005126953e+01
4.460198974609375000e+01
7.009500885009765625e+01
-2.790907144546508789e+00
-1.956258392333984375e+01
6.470932769775390625e+01
1.354887676239013672e+01
-2.390088081359863281e+01
6.624958801269531250e+01
1.223304367065429688e+01
-2.841723823547363281e+01
7.461071014404296875e+01
5.567940235137939453e+00
-8.331132202148437500e+02
-8.643010253906250000e+02
-3.252592468261718750e+02
-2.055340881347656250e+02
-1.722936553955078125e+02
4.044484558105468750e+02
7.241730499267578125e+01
1.791385803222656250e+02
6.699477539062500000e+02
-1.498574542999267578e+01
1.793206214904785156e+01
-1.807987213134765625e+00
-1.634718322753906250e+01
1.980948066711425781e+01
1.624228358268737793e+00
-1.778804016113281250e+01
1.774736213684082031e+01
-1.191778182983398438e-01
2.330838143825531006e-01
1.281778097152709961e+00
-7.444327831268310547e+00
-1.633037567138671875e+00
-1.594135522842407227e+00
-7.197476863861083984e+00
1.465208083391189575e-01
-1.138749837875366211e+00
-7.543286800384521484e+00
-3.210701942443847656e-01
-4.064420700073242188e+01
-1.220535945892333984e+01
-7.057275772094726562e+00
-5.074517440795898438e+01
-3.362915802001953125e+01
-1.322282028198242188e+01
-4.644306182861328125e+01
-3.540084075927734375e+01
-9.796084594726562500e+01
-3.782530593872070312e+01
1.695928344726562500e+02
-3.395541381835937500e+01
2.760916900634765625e+01
2.393510284423828125e+02
1.479870510101318359e+01
7.185108184814453125e+01
2.557414245605468750e+02
-1.696154785156250000e+01
1.330487251281738281e+01
5.084407806396484375e+00
-3.708020019531250000e+01
-2.032355499267578125e+01
-1.892656135559082031e+01
-7.000891208648681641e+00
-1.027444648742675781e+01
-2.437493085861206055e+00
-1.573907470703125000e+02
-1.675599822998046875e+02
-2.583660888671875000e+02
-1.259965438842773438e+02
-9.087501525878906250e+01
-1.791236572265625000e+02
-1.157203445434570312e+02
-9.858368682861328125e+01
-2.284017333984375000e+02
-3.676865768432617188e+01
-1.319778633117675781e+01
1.108393192291259766e+01
-5.075526809692382812e+01
-1.955505371093750000e+01
-5.958000183105468750e+00
-5.995048141479492188e+01
-3.800881958007812500e+01
-2.750796127319335938e+01
-3.150915145874023438e+00
-4.964664459228515625e+00
9.513302803039550781e+00
-3.861575698852539062e+01
-5.817195510864257812e+01
-5.017333602905273438e+01
-5.801150894165039062e+01
-7.935333251953125000e+01
-5.566056060791015625e+01
3.333641815185546875e+01
5.265125274658203125e+01
7.499655914306640625e+01
6.642327880859375000e+01
9.516851043701171875e+01
1.177302169799804688e+02
3.510274124145507812e+01
6.988377380371093750e+01
9.782612609863281250e+01
7.977323979139328003e-02
8.036890029907226562e+00
3.004191219806671143e-01
-1.284285485744476318e-01
6.854306221008300781e+00
1.463559865951538086e-01
-2.712464332580566406e-01
6.406116008758544922e+00
-8.135821670293807983e-02
5.320300903320312500e+02
5.014263610839843750e+02
4.745484619140625000e+02
6.482548217773437500e+02
6.514802856445312500e+02
5.866015625000000000e+02
7.469357299804687500e+02
7.106669921875000000e+02
6.355863037109375000e+02
0.000000000000000000e+00
1.069333702325820923e-01
-8.012477308511734009e-03
-3.162530809640884399e-02
-1.873667538166046143e-02
5.747598409652709961e-02
-2.428033053874969482e-01
5.087481811642646790e-02
-1.306069083511829376e-03
6.214548587799072266e+00
-9.941637992858886719e+00
6.799339294433593750e+01
1.072342681884765625e+01
-2.686990976333618164e+00
9.042886352539062500e+01
1.758098220825195312e+01
1.115986061096191406e+01
9.135478973388671875e+01
2.313218355178833008e+00
2.007888317108154297e+00
-3.243846416473388672e+00
-8.872468471527099609e-01
3.122678518295288086e+00
2.086124181747436523e+00
6.776037216186523438e+00
8.320873260498046875e+00
4.348843574523925781e+00
1.521477699279785156e+00
2.138790369033813477e+00
1.382397890090942383e+00
-1.119635403156280518e-01
3.778013885021209717e-01
-2.313471078872680664e+00
7.144874930381774902e-01
6.618514657020568848e-01
-2.138027906417846680e+00
2.348636627197265625e+02
1.687115325927734375e+02
2.428400878906250000e+02
4.562935791015625000e+02
3.943891906738281250e+02
5.105322570800781250e+02
7.494934692382812500e+02
7.127563476562500000e+02
8.442138671875000000e+02
-1.222663819789886475e-01
6.843035697937011719e+00
1.902260482311248779e-01
5.391490459442138672e-01
8.227690696716308594e+00
1.517698168754577637e-01
7.535484433174133301e-01
9.533686637878417969e+00
2.856106758117675781e-01
9.523069113492965698e-02
4.233377277851104736e-01
2.624988317489624023e+00
3.021674454212188721e-01
-6.789590120315551758e-01
3.289896488189697266e+00
2.721420526504516602e-01
-1.059740424156188965e+00
2.129817247390747070e+00
-5.177882909774780273e-01
-4.383403778076171875e+00
-4.441252231597900391e+00
-7.287845611572265625e+00
-4.544528961181640625e+00
-1.167686462402343750e+01
-2.047796440124511719e+01
-2.127465057373046875e+01
-1.613668441772460938e+01
8.249856948852539062e+00
3.686056137084960938e+01
4.559704971313476562e+01
5.432366561889648438e+01
8.250464630126953125e+01
8.409374237060546875e+01
7.330193328857421875e+01
1.030216979980468750e+02
8.636443328857421875e+01
2.393019914627075195e+00
4.110962867736816406e+00
2.303905725479125977e+00
7.736031055450439453e+00
1.451624965667724609e+01
9.530214309692382812e+00
4.420203208923339844e+00
4.921228885650634766e+00
5.607427120208740234e+00
-1.582334518432617188e+01
-4.050184726715087891e+00
4.345237016677856445e-01
-8.687601089477539062e+00
-6.328616738319396973e-01
3.575551509857177734e-02
1.437983322143554688e+01
2.427054977416992188e+01
1.577265262603759766e+01
4.564417648315429688e+01
4.835569000244140625e+01
4.891469573974609375e+01
8.186257934570312500e+01
8.940821838378906250e+01
8.641637420654296875e+01
8.261064147949218750e+01
8.662922668457031250e+01
7.996637725830078125e+01
1.573160457611083984e+01
1.132580661773681641e+01
1.793749046325683594e+01
3.241587448120117188e+01
2.553848838806152344e+01
3.179504013061523438e+01
2.441817855834960938e+01
1.538423919677734375e+01
2.285001373291015625e+01
1.685731353759765625e+02
3.639698486328125000e+02
3.900113830566406250e+02
2.562323303222656250e+02
4.319006347656250000e+02
3.960971069335937500e+02
2.534396820068359375e+02
2.969783325195312500e+02
2.508181610107421875e+02
2.381514310836791992e+00
1.364322280883789062e+01
-1.759926438331604004e+00
-1.360938835144042969e+01
-1.338627099990844727e+00
-9.354664802551269531e+00
-1.207921695709228516e+01
6.306643486022949219e-01
-4.667476654052734375e+00
2.765035156250000000e+03
2.484531005859375000e+03
1.663805297851562500e+03
2.169098144531250000e+03
1.634708129882812500e+03
8.219420776367187500e+02
1.259067504882812500e+03
9.180392456054687500e+02
4.307394714355468750e+02
4.169958829879760742e-02
1.062566563487052917e-01
2.294715046882629395e-01
1.360439956188201904e-01
1.136516481637954712e-01
7.458543032407760620e-02
-8.210463076829910278e-02
9.162404388189315796e-02
1.323086470365524292e-01
1.337062072753906250e+02
9.816681671142578125e+01
1.799240722656250000e+02
1.949265441894531250e+02
1.174143829345703125e+02
1.441553649902343750e+02
1.303540039062500000e+02
6.223238372802734375e+01
1.087338790893554688e+02
9.819331169128417969e+00
-8.243379592895507812e+00
-2.483364486694335938e+01
2.792254066467285156e+01
1.588086318969726562e+01
-1.446510982513427734e+01
3.898453474044799805e+00
4.136301279067993164e-01
-1.300320053100585938e+01
-7.969951152801513672e+00
-1.735484313964843750e+01
-1.753604173660278320e+00
-1.417153930664062500e+01
-1.632641029357910156e+01
-5.722182750701904297e+00
-1.608178901672363281e+01
-1.185876560211181641e+01
-7.465070486068725586e-01
2.961166015625000000e+03
2.716462402343750000e+03
2.712455078125000000e+03
3.342767822265625000e+03
3.165339599609375000e+03
3.080946289062500000e+03
3.053401367187500000e+03
2.801139648437500000e+03
2.827672607421875000e+03
-1.464338397979736328e+01
9.629863739013671875e+00
-5.062484741210937500e-01
-1.138142108917236328e+01
1.160306453704833984e+01
-1.022902369499206543e+00
-4.595976352691650391e+00
1.967132186889648438e+01
5.583673000335693359e+00
1.727066397666931152e+00
3.595905065536499023e+00
8.684727668762207031e+00
-1.513704776763916016e+00
-3.990486860275268555e-01
5.991147518157958984e+00
8.138326406478881836e-01
1.728354573249816895e+00
9.155665397644042969e+00
-2.418394470214843750e+01
-1.840177726745605469e+01
-3.288042449951171875e+01
-3.808349609375000000e+01
-1.769075393676757812e+01
-3.243061447143554688e+01
-2.103162384033203125e+01
3.092473602294921875e+01
8.274041175842285156e+00
5.899458618164062500e+02
6.077572631835937500e+02
4.994305725097656250e+02
5.072078552246093750e+02
4.739955444335937500e+02
3.797129821777343750e+02
3.295201416015625000e+02
2.900518188476562500e+02
1.968225860595703125e+02
1.244327163696289062e+01
1.439081192016601562e+01
2.084886789321899414e+00
-9.015840530395507812e+00
-7.694360733032226562e+00
-2.082876396179199219e+01
8.526481628417968750e+00
1.828370666503906250e+01
5.401415824890136719e-01
1.684753112792968750e+02
1.615912017822265625e+02
1.914815521240234375e+02
2.001732025146484375e+02
1.625995635986328125e+02
1.504470520019531250e+02
1.531478271484375000e+02
1.500004882812500000e+02
2.017777099609375000e+02
3.195625915527343750e+02
3.267480468750000000e+02
2.995410156250000000e+02
3.083694152832031250e+02
3.040378723144531250e+02
2.665427246093750000e+02
2.418735656738281250e+02
2.276080627441406250e+02
2.090611877441406250e+02
1.162296600341796875e+02
7.008417510986328125e+01
7.166913604736328125e+01
7.477648162841796875e+01
4.806432342529296875e+01
7.421040344238281250e+01
6.663616943359375000e+01
4.900558471679687500e+01
9.102749633789062500e+01
1.757414062500000000e+03
1.967915039062500000e+03
2.164120605468750000e+03
2.060886962890625000e+03
2.159843505859375000e+03
2.262408935546875000e+03
1.959367431640625000e+03
1.970083618164062500e+03
1.994142089843750000e+03
1.537979431152343750e+02
1.810096740722656250e+02
1.205276489257812500e+02
1.591358337402343750e+02
1.897958679199218750e+02
1.307717285156250000e+02
1.652636108398437500e+02
2.143094940185546875e+02
1.465894927978515625e+02
1.356498925781250000e+04
1.397102832031250000e+04
1.413856738281250000e+04
1.351099804687500000e+04
1.419152929687500000e+04
1.485167968750000000e+04
1.414868652343750000e+04
1.530559765625000000e+04
1.636212988281250000e+04
2.122542262077331543e-02
1.314922720193862915e-01
6.943155080080032349e-02
7.941342592239379883e-01
3.226996362209320068e-01
6.259437799453735352e-01
-1.330071389675140381e-01
-1.330700218677520752e-01
-9.725902229547500610e-02
1.039904052734375000e+03
1.014567993164062500e+03
1.128628662109375000e+03
1.217695922851562500e+03
1.020448059082031250e+03
1.222696166992187500e+03
1.205508178710937500e+03
9.520111694335937500e+02
1.172291015625000000e+03
1.565788421630859375e+02
2.270363006591796875e+02
1.654942016601562500e+02
1.785773620605468750e+02
2.617829895019531250e+02
1.944012298583984375e+02
1.841555938720703125e+02
2.519096984863281250e+02
2.015236663818359375e+02
5.566298294067382812e+01
1.275737533569335938e+02
5.405035781860351562e+01
7.047366333007812500e+01
1.272838973999023438e+02
6.664115142822265625e+01
7.401749420166015625e+01
1.581567382812500000e+02
7.086707305908203125e+01
2.310568750000000000e+04
2.359282421875000000e+04
2.563774414062500000e+04
2.371696875000000000e+04
2.417612304687500000e+04
2.664711328125000000e+04
2.427052148437500000e+04
2.458429492187500000e+04
2.719563867187500000e+04
1.018224258422851562e+02
1.279474563598632812e+02
5.812561035156250000e+01
1.154372100830078125e+02
1.517191772460937500e+02
7.147515869140625000e+01
1.306005096435546875e+02
1.623334503173828125e+02
7.758257293701171875e+01
8.699880599975585938e+00
9.393018722534179688e+00
2.026777076721191406e+01
1.013235473632812500e+01
1.082643222808837891e+01
2.098189163208007812e+01
2.914690732955932617e+00
4.775575637817382812e+00
1.341296100616455078e+01
3.928290100097656250e+02
4.397766418457031250e+02
5.112828369140625000e+02
4.984886474609375000e+02
5.800544433593750000e+02
6.698140258789062500e+02
5.915220947265625000e+02
6.908316040039062500e+02
8.053715820312500000e+02
3.155154052734375000e+03
3.188117187500000000e+03
3.127084716796875000e+03
3.079301269531250000e+03
3.259015380859375000e+03
3.168630615234375000e+03
2.873901123046875000e+03
3.190705078125000000e+03
3.158230712890625000e+03
3.037797851562500000e+02
3.221079101562500000e+02
2.688434143066406250e+02
3.218257751464843750e+02
3.212496643066406250e+02
2.550328521728515625e+02
2.361996612548828125e+02
2.490912628173828125e+02
1.992682800292968750e+02
1.457703125000000000e+03
1.543824829101562500e+03
1.497776245117187500e+03
1.444604858398437500e+03
1.471687866210937500e+03
1.480577148437500000e+03
1.455490844726562500e+03
1.547236938476562500e+03
1.592122924804687500e+03
2.299056884765625000e+03
2.401690673828125000e+03
2.464828125000000000e+03
2.398980712890625000e+03
2.502913818359375000e+03
2.603406494140625000e+03
2.229498046875000000e+03
2.342980224609375000e+03
2.481657470703125000e+03
1.517365234375000000e+03
1.535384887695312500e+03
1.661356445312500000e+03
1.629743408203125000e+03
1.627361938476562500e+03
1.750147949218750000e+03
1.597789062500000000e+03
1.587500610351562500e+03
1.678805297851562500e+03
3.001087036132812500e+02
3.002441711425781250e+02
2.994747924804687500e+02
2.652735595703125000e+02
2.460388946533203125e+02
2.454607696533203125e+02
2.666707153320312500e+02
2.512893981933593750e+02
2.558619537353515625e+02
2.136220550537109375e+01
3.890435695648193359e+00
5.968662261962890625e+00
2.176382064819335938e+01
4.295192241668701172e+00
8.315952301025390625e+00
2.054082870483398438e+01
5.660542011260986328e+00
9.338391304016113281e+00
1.882440917968750000e+03
1.856240478515625000e+03
1.808192993164062500e+03
1.637152832031250000e+03
1.635735717773437500e+03
1.642944946289062500e+03
1.450725952148437500e+03
1.479589599609375000e+03
1.518698120117187500e+03
3.773142024874687195e-02
1.816865429282188416e-02
9.201142005622386932e-03
7.135790586471557617e-02
7.473567128181457520e-02
4.780579730868339539e-02
1.027772948145866394e-02
1.588605344295501709e-01
1.588224321603775024e-01
1.412838592529296875e+02
1.397415008544921875e+02
7.921849060058593750e+01
1.735830383300781250e+02
1.664354400634765625e+02
9.587114715576171875e+01
1.578613739013671875e+02
1.441022033691406250e+02
8.797956085205078125e+01
4.742234420776367188e+01
2.458927154541015625e+01
1.429628753662109375e+01
4.467230224609375000e+01
2.656879425048828125e+01
1.524012947082519531e+01
3.469134902954101562e+01
2.669495773315429688e+01
2.402324485778808594e+01
7.938093185424804688e+00
5.149442672729492188e+00
1.418010711669921875e+00
7.467358112335205078e+00
4.852914333343505859e+00
-1.806952714920043945e+00
7.826057434082031250e+00
3.766285181045532227e+00
-5.661228895187377930e-01
3.413442626953125000e+03
3.711322998046875000e+03
3.541324218750000000e+03
3.456349121093750000e+03
3.719960205078125000e+03
3.539150634765625000e+03
3.133032470703125000e+03
3.393557617187500000e+03
3.201840576171875000e+03
1.874856567382812500e+01
2.341388463973999023e+00
3.794652223587036133e+00
1.788353157043457031e+01
2.089877128601074219e+00
4.732230663299560547e+00
1.956135940551757812e+01
2.325598239898681641e+00
2.143365859985351562e+00
3.323923349380493164e-01
1.201410055160522461e+00
7.818350791931152344e-01
1.268744617700576782e-01
6.660869717597961426e-01
7.052876949310302734e-01
2.728629708290100098e-01
8.156596422195434570e-01
1.026716113090515137e+00
6.866326141357421875e+01
8.728125000000000000e+01
7.736357116699218750e+01
8.968532562255859375e+01
1.216715393066406250e+02
1.107314605712890625e+02
9.370379638671875000e+01
1.153348007202148438e+02
1.059170608520507812e+02
5.430211181640625000e+02
5.150949096679687500e+02
5.477485351562500000e+02
5.402525024414062500e+02
5.263910522460937500e+02
5.374636230468750000e+02
4.975208129882812500e+02
5.020499572753906250e+02
5.109639587402343750e+02
2.554832267761230469e+01
1.598899936676025391e+01
1.568151760101318359e+01
2.297934913635253906e+01
1.670950126647949219e+01
1.182627773284912109e+01
2.971595382690429688e+01
2.267607307434082031e+01
1.418696498870849609e+01
1.788645324707031250e+02
1.922884368896484375e+02
1.907205963134765625e+02
1.690005950927734375e+02
1.867465515136718750e+02
1.889133911132812500e+02
1.734891662597656250e+02
1.912297058105468750e+02
1.977119445800781250e+02
3.069596557617187500e+02
3.104545593261718750e+02
3.068563232421875000e+02
2.857202148437500000e+02
2.789455566406250000e+02
2.783402709960937500e+02
2.717478027343750000e+02
2.741640930175781250e+02
2.686133422851562500e+02
1.582704772949218750e+02
1.632604522705078125e+02
1.450732269287109375e+02
1.526630859375000000e+02
1.575201568603515625e+02
1.438191375732421875e+02
1.543120727539062500e+02
1.641237792968750000e+02
1.471158752441406250e+02
-1.596694488525390625e+02
-2.190473327636718750e+02
-3.307579956054687500e+02
-8.293158721923828125e+01
-9.448615264892578125e+01
-2.501859130859375000e+02
-8.306632041931152344e+00
-8.231913757324218750e+01
-2.676956176757812500e+02
-1.469515037536621094e+01
-8.039472579956054688e+00
-5.909693717956542969e+00
-2.372838592529296875e+01
-2.269648170471191406e+01
-9.336298942565917969e+00
-3.001704025268554688e+01
-2.446234893798828125e+01
-1.396927738189697266e+01
-2.939388183593750000e+03
-3.831076416015625000e+03
-4.793263183593750000e+03
-3.510829101562500000e+03
-4.570372558593750000e+03
-5.440883789062500000e+03
-4.164055175781250000e+03
-5.002284179687500000e+03
-5.658167480468750000e+03
-5.662040412425994873e-02
1.060869768261909485e-01
6.153223663568496704e-02
2.717082854360342026e-03
-5.846264958381652832e-02
1.335551440715789795e-01
-2.437732666730880737e-01
-2.170818597078323364e-01
-2.881779521703720093e-02
-1.227029190063476562e+02
-3.152462005615234375e+00
-1.977962684631347656e+01
-9.016326904296875000e+01
-3.444286727905273438e+01
-8.322832489013671875e+01
-1.570795593261718750e+02
-9.451651763916015625e+01
-1.378796081542968750e+02
-9.787487030029296875e+01
-1.030394897460937500e+02
-7.753460693359375000e+01
-1.112109756469726562e+02
-1.130807418823242188e+02
-1.096253662109375000e+02
-8.325898742675781250e+01
-1.036512985229492188e+02
-8.226099395751953125e+01
-3.881245422363281250e+01
-6.091614913940429688e+01
-1.842545509338378906e+01
-3.120636367797851562e+01
-6.615464019775390625e+01
-1.808995246887207031e+01
-4.098022079467773438e+01
-7.356299591064453125e+01
-1.790240097045898438e+01
-3.888731689453125000e+03
-4.461879882812500000e+03
-5.447020019531250000e+03
-3.943605712890625000e+03
-4.584908691406250000e+03
-5.619298828125000000e+03
-4.292785156250000000e+03
-4.936241699218750000e+03
-5.818662597656250000e+03
-3.401136779785156250e+01
-1.194645977020263672e+01
-7.052357673645019531e+00
-2.818131637573242188e+01
-1.059501266479492188e+01
-3.254446506500244141e+00
-1.972789382934570312e+01
-1.358183288574218750e+01
6.345279693603515625e+00
-5.451218485832214355e-01
6.391429901123046875e+00
-1.422762572765350342e-01
-1.219284296035766602e+00
4.757939815521240234e+00
-1.899423718452453613e+00
-8.448161482810974121e-01
8.029355049133300781e+00
2.807495594024658203e-01
-1.365734252929687500e+02
-1.458465576171875000e+02
-1.171883544921875000e+02
-1.564571990966796875e+02
-1.770867614746093750e+02
-1.311318969726562500e+02
-1.897145385742187500e+02
-1.601412963867187500e+02
-1.477906188964843750e+02
-5.038775329589843750e+02
-5.157380371093750000e+02
-5.952524414062500000e+02
-5.929744262695312500e+02
-6.595847778320312500e+02
-7.212222900390625000e+02
-8.411130981445312500e+02
-9.420995483398437500e+02
-9.760355834960937500e+02
4.814470291137695312e+00
2.808791637420654297e+00
3.802849292755126953e+00
-1.452901649475097656e+01
-2.427486610412597656e+01
-4.688668823242187500e+01
8.038235664367675781e+00
1.000019311904907227e+00
-1.958033370971679688e+01
-4.504502296447753906e+00
7.444777679443359375e+01
4.558605194091796875e+00
1.471578407287597656e+01
2.180777549743652344e+01
-6.510466003417968750e+01
-1.011754035949707031e+01
2.309935379028320312e+01
-7.799070739746093750e+01
-3.190297851562500000e+02
-3.774803161621093750e+02
-4.622338256835937500e+02
-3.117423400878906250e+02
-3.778175964355468750e+02
-4.767333068847656250e+02
-2.916683654785156250e+02
-3.745412292480468750e+02
-4.517287292480468750e+02
-1.946744842529296875e+02
-1.936354522705078125e+02
-1.926245727539062500e+02
-2.117754821777343750e+02
-1.994646759033203125e+02
-2.001659393310546875e+02
-1.879187011718750000e+02
-1.808656463623046875e+02
-1.692145080566406250e+02
-3.203849792480468750e+01
-1.521168708801269531e+01
-2.710289764404296875e+01
-1.424147033691406250e+01
4.722543239593505859e+00
-8.909362792968750000e+00
1.255434513092041016e+01
2.473271560668945312e+01
1.345756053924560547e+01
-8.019390106201171875e-01
-1.085189700126647949e+00
-1.280562877655029297e+00
8.630937933921813965e-01
-8.136772513389587402e-01
-1.708139181137084961e-01
6.473220586776733398e-01
-7.013576626777648926e-01
1.348041146993637085e-01
1.862196807861328125e+02
1.537318878173828125e+02
1.138539733886718750e+02
2.214770507812500000e+02
1.795258178710937500e+02
1.582348937988281250e+02
2.558894500732421875e+02
2.385219573974609375e+02
2.602580261230468750e+02
6.409311667084693909e-03
6.143726408481597900e-03
-3.034035116434097290e-02
3.317800164222717285e-02
5.329144001007080078e-02
-8.034315705299377441e-02
-7.557559758424758911e-02
1.040828041732311249e-02
8.937175571918487549e-02
4.611589431762695312e+00
-3.966214179992675781e+00
-5.667778491973876953e+00
6.799315452575683594e+00
-4.204361438751220703e+00
-3.958086013793945312e+00
1.882675552368164062e+01
1.496144294738769531e+01
2.127496719360351562e+00
-1.882877349853515625e+00
-8.795816421508789062e+00
-4.428525924682617188e+00
-5.749902248382568359e+00
-6.462075233459472656e+00
-1.253151535987854004e+00
3.532135009765625000e+00
-1.272203207015991211e+00
1.405923366546630859e+00
-4.515957534313201904e-01
2.585294246673583984e+00
-5.045514702796936035e-01
5.047193169593811035e-01
-1.221376061439514160e-01
5.080300569534301758e-01
-2.176673173904418945e+00
-4.404959976673126221e-01
4.811794459819793701e-01
-2.279655218124389648e+00
-3.998380661010742188e+00
-4.750978469848632812e+00
4.715614318847656250e+00
2.212024879455566406e+01
3.351965332031250000e+01
1.495155944824218750e+02
1.614102478027343750e+02
1.855303649902343750e+02
-3.314582407474517822e-01
1.439629495143890381e-01
-5.048473551869392395e-02
-8.163669705390930176e-01
-5.731534957885742188e-01
8.990146219730377197e-02
3.421301245689392090e-01
2.372462451457977295e-01
4.420455098152160645e-01
-1.309435963630676270e-01
-2.077797427773475647e-02
-8.334772586822509766e-01
7.905805110931396484e-01
1.440363407135009766e+00
6.756835579872131348e-01
1.042053773999214172e-01
-8.627454936504364014e-02
-1.811377257108688354e-01
-5.219784736633300781e+00
1.941046118736267090e+00
-2.645331621170043945e+00
-8.527869224548339844e+00
8.354240059852600098e-01
-6.112114429473876953e+00
-1.968611240386962891e+00
-1.068943500518798828e+00
-5.854835033416748047e+00
2.539790630340576172e+00
7.482082366943359375e+00
-1.121413516998291016e+01
8.893512725830078125e+00
1.042417144775390625e+01
-1.696349859237670898e+00
1.384081840515136719e+01
1.026028251647949219e+01
1.507134437561035156e+01
-1.693047285079956055e+00
2.485202312469482422e+00
1.009299278259277344e+00
9.302462577819824219e+00
1.052492523193359375e+01
1.090974044799804688e+01
-1.143822669982910156e+00
1.645370483398437500e+00
1.157396435737609863e+00
9.041174054145812988e-01
-1.941858530044555664e+00
-4.268278598785400391e+00
-3.706816136837005615e-01
-6.624006748199462891e+00
-9.552252769470214844e+00
8.848396301269531250e+00
-5.674667358398437500e+00
-1.785543203353881836e+00
7.045531749725341797e+00
6.127428531646728516e+00
3.380484819412231445e+00
2.681842994689941406e+01
2.742900085449218750e+01
2.474296188354492188e+01
2.471748542785644531e+01
2.523184394836425781e+01
2.446244812011718750e+01
-1.527111768722534180e+00
-3.839723587036132812e+00
-1.474384903907775879e+00
1.115553569793701172e+01
1.102425670623779297e+01
1.144655799865722656e+01
8.631428718566894531e+00
8.523416519165039062e+00
7.770136356353759766e+00
1.645897674560546875e+02
2.042141418457031250e+02
2.211436004638671875e+02
1.688325958251953125e+02
2.478908233642578125e+02
2.621051635742187500e+02
1.588415679931640625e+02
2.108355712890625000e+02
2.321646575927734375e+02
1.655445480346679688e+01
2.030394172668457031e+01
1.161400699615478516e+01
1.559830951690673828e+01
2.200354766845703125e+01
1.356049633026123047e+01
1.323381614685058594e+01
2.233261108398437500e+01
1.410939598083496094e+01
1.741387207031250000e+03
1.805266601562500000e+03
1.805500122070312500e+03
1.870720214843750000e+03
1.945559692382812500e+03
1.979149291992187500e+03
1.928460449218750000e+03
2.046483642578125000e+03
2.133074707031250000e+03
-1.532139815390110016e-02
2.571342699229717255e-02
-8.887173607945442200e-04
6.119532138109207153e-02
-2.585822716355323792e-02
-1.229263842105865479e-02
-1.026684045791625977e-01
-6.912674754858016968e-02
-3.821004927158355713e-02
1.048342208862304688e+02
9.076033020019531250e+01
1.031221237182617188e+02
1.089819946289062500e+02
9.109879302978515625e+01
1.022767028808593750e+02
1.389015045166015625e+02
1.208070068359375000e+02
1.352921142578125000e+02
1.448401451110839844e+01
1.546813869476318359e+01
9.561417579650878906e+00
1.445871162414550781e+01
2.731661605834960938e+01
1.743526458740234375e+01
2.296599960327148438e+01
3.134555816650390625e+01
2.060372161865234375e+01
1.162998294830322266e+01
1.109820652008056641e+01
7.295485019683837891e+00
1.255124855041503906e+01
1.346132278442382812e+01
7.123342990875244141e+00
1.196386718750000000e+01
1.450073432922363281e+01
5.655471324920654297e+00
2.138919677734375000e+03
2.166388916015625000e+03
2.331555908203125000e+03
2.377709960937500000e+03
2.458234375000000000e+03
2.647004150390625000e+03
2.653574218750000000e+03
2.784905029296875000e+03
2.959210937500000000e+03
8.068202018737792969e+00
1.723492813110351562e+01
2.982834815979003906e+00
7.884765625000000000e+00
1.885559082031250000e+01
5.548812389373779297e+00
1.428372573852539062e+01
2.251237106323242188e+01
9.579251289367675781e+00
1.078793406486511230e+00
3.391298353672027588e-01
1.562722086906433105e+00
1.695998191833496094e+00
1.769268870353698730e+00
2.643963336944580078e+00
2.016413956880569458e-01
3.830935806035995483e-02
1.036900639533996582e+00
2.057002830505371094e+01
2.462111663818359375e+01
2.420590972900390625e+01
2.755180931091308594e+01
3.455754852294921875e+01
2.708248329162597656e+01
4.586128234863281250e+01
4.987064743041992188e+01
4.910792922973632812e+01
2.674492797851562500e+02
3.098473510742187500e+02
3.305578002929687500e+02
2.928898925781250000e+02
3.196313171386718750e+02
3.491131591796875000e+02
2.726637573242187500e+02
2.826769104003906250e+02
3.045056152343750000e+02
2.161917495727539062e+01
2.650614929199218750e+01
2.601081085205078125e+01
2.370912742614746094e+01
3.186081314086914062e+01
2.804830741882324219e+01
1.357330608367919922e+01
2.057685089111328125e+01
1.740988349914550781e+01
1.358966369628906250e+02
1.215634536743164062e+02
1.199540481567382812e+02
1.373594360351562500e+02
1.209643554687500000e+02
1.250179519653320312e+02
1.563827972412109375e+02
1.575255737304687500e+02
1.735907135009765625e+02
2.296214752197265625e+02
2.417275543212890625e+02
2.499052581787109375e+02
2.665836181640625000e+02
2.826441345214843750e+02
2.887523193359375000e+02
2.477335052490234375e+02
2.608867492675781250e+02
2.698702392578125000e+02
1.517732238769531250e+02
1.532156372070312500e+02
1.605745544433593750e+02
1.648048400878906250e+02
1.705700225830078125e+02
1.778623199462890625e+02
1.501129302978515625e+02
1.582578430175781250e+02
1.654017333984375000e+02
-4.557955932617187500e+02
-4.720746154785156250e+02
-4.907799987792968750e+02
-4.717209167480468750e+02
-4.680498046875000000e+02
-4.496874389648437500e+02
-4.578922424316406250e+02
-4.292941589355468750e+02
-3.927098999023437500e+02
-1.380704593658447266e+01
-1.485292625427246094e+01
-9.103213310241699219e+00
-8.769805908203125000e+00
-1.547796249389648438e+01
-1.165537548065185547e+01
-1.151395034790039062e+01
-2.044831466674804688e+01
-1.237551403045654297e+01
-3.675598144531250000e+03
-3.580812500000000000e+03
-3.547676025390625000e+03
-3.596118408203125000e+03
-3.496929931640625000e+03
-3.493466552734375000e+03
-3.609111572265625000e+03
-3.619188476562500000e+03
-3.659428955078125000e+03
-3.868046402931213379e-02
2.449405938386917114e-02
-4.537833854556083679e-02
-1.525248736143112183e-01
-9.052100591361522675e-03
-1.353952437639236450e-01
-1.360077559947967529e-01
-2.153497422114014626e-03
-1.296620368957519531e-01
-2.294356842041015625e+02
-2.112260131835937500e+02
-2.390430450439453125e+02
-2.154111175537109375e+02
-2.144174652099609375e+02
-2.388368377685546875e+02
-2.359584808349609375e+02
-2.190232086181640625e+02
-2.649774780273437500e+02
-3.548177337646484375e+01
-3.905520629882812500e+01
-3.813760757446289062e+01
-3.782452774047851562e+01
-4.749213027954101562e+01
-4.340633773803710938e+01
-2.972640228271484375e+01
-4.387471389770507812e+01
-4.046320343017578125e+01
-2.643583679199218750e+01
-3.412391662597656250e+01
-1.095905876159667969e+01
-3.124790954589843750e+01
-3.188471221923828125e+01
-8.571022033691406250e+00
-3.025289344787597656e+01
-3.669879531860351562e+01
-1.118396759033203125e+01
-5.624176269531250000e+03
-5.691243164062500000e+03
-5.821968261718750000e+03
-5.588095214843750000e+03
-5.672567382812500000e+03
-5.828817382812500000e+03
-5.642395996093750000e+03
-5.697582519531250000e+03
-5.862670898437500000e+03
-1.325112724304199219e+01
-1.258071994781494141e+01
-9.043268203735351562e+00
-1.136612796783447266e+01
-1.469835281372070312e+01
-8.369463920593261719e+00
-1.085055637359619141e+01
-1.552098178863525391e+01
-7.923077583312988281e+00
-1.924842238426208496e+00
-1.246055662631988525e-01
-2.138677120208740234e+00
-3.103254079818725586e+00
-1.574794173240661621e+00
-4.326554775238037109e+00
-1.237249493598937988e+00
-3.802992701530456543e-01
-2.946737766265869141e+00
-7.434473419189453125e+01
-9.764372253417968750e+01
-1.052484970092773438e+02
-8.759257507324218750e+01
-1.171198577880859375e+02
-1.239309616088867188e+02
-1.298152008056640625e+02
-1.464103698730468750e+02
-1.451285552978515625e+02
-8.030850219726562500e+02
-8.465973510742187500e+02
-7.680984497070312500e+02
-7.748411865234375000e+02
-8.133344726562500000e+02
-7.313783569335937500e+02
-7.689899291992187500e+02
-8.081885375976562500e+02
-7.568156127929687500e+02
-4.520566940307617188e+01
-4.867443084716796875e+01
-4.733370971679687500e+01
-3.884683227539062500e+01
-5.897887420654296875e+01
-5.087802505493164062e+01
-3.082513236999511719e+01
-3.797974014282226562e+01
-3.461159133911132812e+01
-3.055292358398437500e+02
-3.113143615722656250e+02
-2.942106323242187500e+02
-2.640904846191406250e+02
-2.793171081542968750e+02
-2.970899963378906250e+02
-2.654454040527343750e+02
-2.728638916015625000e+02
-3.205223388671875000e+02
-5.425669555664062500e+02
-5.433773803710937500e+02
-5.442833862304687500e+02
-5.495462036132812500e+02
-5.503945312500000000e+02
-5.494253540039062500e+02
-5.044354553222656250e+02
-5.076262207031250000e+02
-5.095661010742187500e+02
-2.338809204101562500e+02
-2.486893920898437500e+02
-2.633059997558593750e+02
-2.403268585205078125e+02
-2.581008911132812500e+02
-2.824950256347656250e+02
-2.226178436279296875e+02
-2.416283569335937500e+02
-2.653946228027343750e+02
4.977139587402343750e+02
4.603662719726562500e+02
5.964194946289062500e+02
3.579461364746093750e+02
3.746722412109375000e+02
5.754615478515625000e+02
2.183353576660156250e+02
4.014504394531250000e+02
5.755421142578125000e+02
3.831458282470703125e+01
2.607940101623535156e+01
2.091943550109863281e+01
3.721513748168945312e+01
2.924213218688964844e+01
2.106712722778320312e+01
4.449261856079101562e+01
2.964179801940917969e+01
2.206708335876464844e+01
5.302406738281250000e+03
6.623617187500000000e+03
7.398654785156250000e+03
5.527837890625000000e+03
6.845131835937500000e+03
7.115663574218750000e+03
5.721282226562500000e+03
6.587087890625000000e+03
6.370512207031250000e+03
0.000000000000000000e+00
-7.892089337110519409e-02
5.383162200450897217e-02
-2.127338573336601257e-02
-7.865165919065475464e-02
3.195819556713104248e-01
4.593049883842468262e-01
2.122106105089187622e-01
1.982310265302658081e-01
6.987962341308593750e+01
1.017402954101562500e+02
1.152097930908203125e+02
1.370907592773437500e+02
1.998113555908203125e+02
2.108202362060546875e+02
8.740549468994140625e+01
1.345093383789062500e+02
2.150199432373046875e+02
1.424004364013671875e+02
1.012664184570312500e+02
2.615927505493164062e+01
1.421720733642578125e+02
9.467699432373046875e+01
4.628551864624023438e+01
1.122339477539062500e+02
8.281350708007812500e+01
3.744947814941406250e+01
7.887742614746093750e+01
4.826963424682617188e+01
9.763812065124511719e+00
8.205045318603515625e+01
5.130465316772460938e+01
4.881980419158935547e-01
8.656012725830078125e+01
4.585429382324218750e+01
-1.684634327888488770e+00
6.353594726562500000e+03
6.782824707031250000e+03
7.232702148437500000e+03
6.009892578125000000e+03
6.500476562500000000e+03
6.832590332031250000e+03
5.591333984375000000e+03
6.280950683593750000e+03
6.411980957031250000e+03
2.465311622619628906e+01
2.082487869262695312e+01
1.402086830139160156e+01
2.721185302734375000e+01
2.340018272399902344e+01
1.226364517211914062e+01
2.241888427734375000e+01
1.455981349945068359e+01
2.511948108673095703e+00
-1.523694634437561035e+00
-1.037833929061889648e+00
2.848886728286743164e+00
-1.331840872764587402e+00
-1.799029231071472168e+00
2.766381502151489258e+00
5.412801355123519897e-02
-1.419424861669540405e-01
5.232795238494873047e+00
1.635751953125000000e+02
1.460904998779296875e+02
1.126057510375976562e+02
1.680751800537109375e+02
1.908674163818359375e+02
2.013689575195312500e+02
7.940167999267578125e+01
9.341410064697265625e+01
1.149827423095703125e+02
8.190908813476562500e+02
8.747926635742187500e+02
1.062864135742187500e+03
8.796350708007812500e+02
9.286504516601562500e+02
1.021180358886718750e+03
9.406724243164062500e+02
1.008592041015625000e+03
1.062244995117187500e+03
9.047901153564453125e+00
2.458959388732910156e+01
8.761613845825195312e+00
6.247768402099609375e+00
1.866621017456054688e+01
1.767437553405761719e+01
-7.408016920089721680e-02
1.526517391204833984e+01
3.216612243652343750e+01
-1.123729348182678223e+00
3.558440780639648438e+01
9.762628173828125000e+01
3.478332138061523438e+01
1.278787765502929688e+02
1.623984375000000000e+02
6.161556625366210938e+01
1.881473236083984375e+02
1.686789245605468750e+02
4.353083801269531250e+02
5.068388671875000000e+02
5.971254882812500000e+02
3.731366577148437500e+02
4.463715515136718750e+02
5.347855834960937500e+02
3.796462707519531250e+02
4.576264343261718750e+02
5.009848937988281250e+02
2.743325500488281250e+02
2.894967651367187500e+02
2.200979003906250000e+02
2.632387390136718750e+02
2.558375701904296875e+02
2.000201721191406250e+02
2.537866363525390625e+02
2.473143463134765625e+02
1.875601501464843750e+02
9.474505615234375000e+01
1.685773315429687500e+02
1.701063995361328125e+02
1.868319549560546875e+02
2.711065673828125000e+02
2.523012237548828125e+02
1.869595184326171875e+02
2.020529174804687500e+02
1.880906829833984375e+02
1.837118148803710938e+00
1.717623138427734375e+01
3.528155326843261719e+00
-1.733209490776062012e-01
1.536317443847656250e+01
2.284409046173095703e+00
1.313624382019042969e+00
1.660095977783203125e+01
3.307327508926391602e+00
1.381920410156250000e+03
1.280393920898437500e+03
1.060818969726562500e+03
1.357182128906250000e+03
1.202110961914062500e+03
1.043761108398437500e+03
1.379404785156250000e+03
1.323652465820312500e+03
1.255448730468750000e+03
3.661079797893762589e-03
-3.895389148965477943e-03
4.576546698808670044e-02
9.802250564098358154e-02
-8.139357902109622955e-03
8.672273904085159302e-02
-1.076287180185317993e-01
-5.656377598643302917e-02
-4.908936098217964172e-02
1.063323440551757812e+02
8.647444915771484375e+01
1.426448211669921875e+02
1.213110275268554688e+02
9.775535583496093750e+01
1.560386352539062500e+02
1.241182708740234375e+02
8.940274810791015625e+01
1.276152572631835938e+02
3.472851276397705078e+00
4.510419368743896484e+00
1.172870755195617676e+00
6.037051677703857422e+00
1.760412216186523438e+01
9.376719474792480469e+00
4.083252429962158203e+00
1.445126914978027344e+01
1.443335628509521484e+01
-5.741508483886718750e+00
8.446847915649414062e+00
4.113380908966064453e+00
-8.534743309020996094e+00
9.101024627685546875e+00
4.371039867401123047e+00
-7.226471900939941406e+00
1.268801593780517578e+01
6.938056945800781250e+00
1.757619995117187500e+03
1.633405395507812500e+03
2.012714599609375000e+03
1.963838500976562500e+03
1.822040893554687500e+03
2.219369384765625000e+03
2.306417236328125000e+03
2.146711669921875000e+03
2.540783691406250000e+03
-1.833647012710571289e+00
2.136803627014160156e+01
1.448975682258605957e+00
-3.156830966472625732e-01
2.265083694458007812e+01
2.580917835235595703e+00
1.247806310653686523e+00
2.388331222534179688e+01
2.595681667327880859e+00
1.720344424247741699e+00
1.305909276008605957e+00
3.096578598022460938e+00
2.401625156402587891e+00
2.462941646575927734e+00
4.675596237182617188e+00
6.978964805603027344e-01
9.294378757476806641e-01
2.129191160202026367e+00
8.779945373535156250e+00
7.386479377746582031e+00
2.209366798400878906e+01
5.191373348236083984e+00
3.718957901000976562e+00
1.497283363342285156e+01
5.405563831329345703e+00
1.607309722900390625e+01
2.481509208679199219e+01
2.870702209472656250e+02
2.818490600585937500e+02
2.677320556640625000e+02
2.955788269042968750e+02
2.949608459472656250e+02
2.922113647460937500e+02
2.610516662597656250e+02
2.958313293457031250e+02
2.782460327148437500e+02
2.172055625915527344e+01
3.304110336303710938e+01
3.320176696777343750e+01
2.834784126281738281e+01
3.701411819458007812e+01
2.978848266601562500e+01
1.506214809417724609e+01
2.074330520629882812e+01
9.627562522888183594e+00
1.120222473144531250e+02
1.121459808349609375e+02
1.206694564819335938e+02
1.021433258056640625e+02
8.922901153564453125e+01
1.025450668334960938e+02
1.235979995727539062e+02
1.003421859741210938e+02
1.224847869873046875e+02
2.032378387451171875e+02
2.103574676513671875e+02
2.026360015869140625e+02
2.528204803466796875e+02
2.620829467773437500e+02
2.564551086425781250e+02
2.343443908691406250e+02
2.343441467285156250e+02
2.417072143554687500e+02
9.053542327880859375e+01
7.879239654541015625e+01
1.058776931762695312e+02
1.086392364501953125e+02
1.003352279663085938e+02
1.311781768798828125e+02
1.009158935546875000e+02
9.490701293945312500e+01
1.270893630981445312e+02
2.156740417480468750e+02
2.207806396484375000e+02
2.095653991699218750e+02
1.137727584838867188e+02
1.205579299926757812e+02
1.342606964111328125e+02
1.224200363159179688e+02
1.559835052490234375e+02
1.549358520507812500e+02
-7.856233119964599609e+00
2.475970506668090820e+00
-4.617176055908203125e+00
-1.811406254768371582e+00
7.575030803680419922e+00
1.031174063682556152e-01
1.514154791831970215e+00
7.880649566650390625e+00
1.805489182472229004e+00
1.195087280273437500e+03
1.385583740234375000e+03
1.677859619140625000e+03
1.097181884765625000e+03
1.380071044921875000e+03
1.568438110351562500e+03
1.286094482421875000e+03
1.508328002929687500e+03
1.602363525390625000e+03
-6.889000535011291504e-02
-1.121952980756759644e-01
7.633354514837265015e-02
-9.987814724445343018e-02
-1.106654033064842224e-01
-6.137808784842491150e-02
5.641432851552963257e-02
-1.519878976978361607e-03
1.031243726611137390e-01
1.160327987670898438e+02
5.172646331787109375e+01
7.852946472167968750e+01
1.053264999389648438e+02
2.850789070129394531e+01
1.851966285705566406e+01
1.402470397949218750e+02
6.764287567138671875e+01
4.269676589965820312e+01
2.717084693908691406e+01
5.618217849731445312e+01
4.364135742187500000e+01
2.405263328552246094e+01
4.656409072875976562e+01
2.693938446044921875e+01
2.708403778076171875e+01
4.494503784179687500e+01
1.760477638244628906e+01
2.274528026580810547e+00
7.497406959533691406e+00
2.246599674224853516e+00
7.679887294769287109e+00
6.795647621154785156e+00
5.907635211944580078e+00
9.613301277160644531e+00
7.790441989898681641e+00
1.879106044769287109e+00
2.347499511718750000e+03
2.345185058593750000e+03
2.423226562500000000e+03
2.291391357421875000e+03
2.263102539062500000e+03
2.484012451171875000e+03
2.138619384765625000e+03
2.049820312500000000e+03
2.329366943359375000e+03
-6.524428844451904297e+00
1.111975097656250000e+01
2.481350421905517578e+00
-7.140180110931396484e+00
8.066867828369140625e+00
1.130736589431762695e+00
-8.391972541809082031e+00
4.316208362579345703e+00
-5.432362079620361328e+00
-1.350235342979431152e+00
7.037438154220581055e-01
-2.288464456796646118e-01
-1.975034475326538086e-01
8.788892626762390137e-01
1.391555905342102051e+00
8.891448378562927246e-01
-4.152655601501464844e-02
4.612785577774047852e-01
8.101649475097656250e+01
3.301629638671875000e+01
3.502274322509765625e+01
8.956510162353515625e+01
3.915957641601562500e+01
4.523033142089843750e+01
1.018526840209960938e+02
2.615895652770996094e+01
5.652404022216796875e+01
3.332855834960937500e+02
3.026012268066406250e+02
3.134547119140625000e+02
3.890601196289062500e+02
3.684076232910156250e+02
3.439626159667968750e+02
3.835210876464843750e+02
3.858781738281250000e+02
3.628749694824218750e+02
-7.658340334892272949e-01
-1.209749937057495117e+00
-1.474765396118164062e+01
8.291489601135253906e+00
2.546904802322387695e+00
8.144309997558593750e+00
5.526741027832031250e+00
7.824659824371337891e+00
2.079978466033935547e+00
5.220478057861328125e+01
9.046129608154296875e+01
7.758746337890625000e+01
2.227945327758789062e+01
5.578607177734375000e+01
7.890366363525390625e+01
4.171734237670898438e+01
7.434873962402343750e+01
1.035609054565429688e+02
1.959882659912109375e+02
2.028450775146484375e+02
2.036434020996093750e+02
1.750334014892578125e+02
1.821953735351562500e+02
1.901732025146484375e+02
1.649726562500000000e+02
1.737401123046875000e+02
1.889600982666015625e+02
8.080851745605468750e+01
7.046026611328125000e+01
6.845928955078125000e+01
9.598638916015625000e+01
7.551390838623046875e+01
7.051330566406250000e+01
9.878373718261718750e+01
7.608106231689453125e+01
7.249146270751953125e+01
1.081527481079101562e+02
4.125895996093750000e+02
6.160982055664062500e+02
1.185723495483398438e+02
5.023935546875000000e+02
7.019378051757812500e+02
1.721069641113281250e+02
5.040318603515625000e+02
6.967390747070312500e+02
5.241890907287597656e+00
1.478078937530517578e+01
-7.788170337677001953e+00
-1.817681789398193359e+00
5.713441848754882812e+00
-1.212635040283203125e+01
-1.477093219757080078e+01
-3.654492616653442383e+00
-2.410081672668457031e+01
5.672808105468750000e+03
6.856823242187500000e+03
7.266228027343750000e+03
5.994308593750000000e+03
6.871687011718750000e+03
6.955867187500000000e+03
5.372465820312500000e+03
6.124615722656250000e+03
6.230879394531250000e+03
-7.213256508111953735e-02
-5.166114307940006256e-03
-4.908532137051224709e-04
4.498964175581932068e-02
4.016135632991790771e-02
-2.919682860374450684e-02
-3.280229270458221436e-01
-1.733428090810775757e-01
-2.400685250759124756e-01
5.004113769531250000e+01
3.487420272827148438e+01
8.081336212158203125e+01
1.138396682739257812e+02
1.179788894653320312e+02
1.394497985839843750e+02
1.064251632690429688e+02
1.196781616210937500e+02
1.637383422851562500e+02
7.978665924072265625e+01
1.178203506469726562e+02
6.098114776611328125e+01
1.007176971435546875e+02
1.555358428955078125e+02
6.943486022949218750e+01
1.350557556152343750e+02
1.495605773925781250e+02
5.170888137817382812e+01
3.369907379150390625e+01
7.068544006347656250e+01
1.874458122253417969e+01
2.640670204162597656e+01
7.380817413330078125e+01
1.880616950988769531e+01
3.485376739501953125e+01
7.806967926025390625e+01
5.760910034179687500e+00
4.724820800781250000e+03
5.024261718750000000e+03
5.665543945312500000e+03
5.054471679687500000e+03
5.638945312500000000e+03
6.275174316406250000e+03
5.517336425781250000e+03
5.985307617187500000e+03
6.550504394531250000e+03
-9.572554588317871094e+00
1.417263412475585938e+01
-1.047811126708984375e+01
-1.818505096435546875e+01
8.370187759399414062e+00
-1.474774456024169922e+01
-2.626319169998168945e+00
2.456633758544921875e+01
2.930231571197509766e+00
5.069028139114379883e-01
-3.194038271903991699e-01
8.191335797309875488e-01
6.049501895904541016e-01
1.107480764389038086e+00
2.052470207214355469e+00
-6.014987826347351074e-03
1.155268907546997070e+00
4.604712128639221191e-01
1.426408843994140625e+02
2.733426284790039062e+01
-1.078190898895263672e+01
1.200264816284179688e+02
2.453048229217529297e-01
-5.715602493286132812e+01
7.529302215576171875e+01
-4.148231506347656250e+01
-5.447730255126953125e+01
7.066320190429687500e+02
6.859695434570312500e+02
9.237816162109375000e+02
7.623704223632812500e+02
7.022662353515625000e+02
9.266151733398437500e+02
6.190899047851562500e+02
5.057762145996093750e+02
7.155272216796875000e+02
-3.428636550903320312e+01
-2.523620986938476562e+01
1.232136821746826172e+01
-3.361308288574218750e+01
-9.524789810180664062e+00
1.737199401855468750e+01
-4.807779693603515625e+01
-2.560242462158203125e+01
7.372429370880126953e+00
-1.051000900268554688e+02
-1.356399230957031250e+02
-6.745410156250000000e+01
-5.219588088989257812e+01
-5.075266647338867188e+01
-3.954371643066406250e+01
-5.486191177368164062e+01
-4.652435684204101562e+01
2.281292724609375000e+01
3.660411987304687500e+02
4.505538940429687500e+02
4.973654785156250000e+02
4.226213073730468750e+02
5.150797729492187500e+02
5.321881103515625000e+02
3.869999084472656250e+02
4.685235900878906250e+02
4.929686279296875000e+02
1.489949340820312500e+02
7.434040832519531250e+01
2.407555389404296875e+01
1.271601867675781250e+02
6.057265853881835938e+01
2.049516105651855469e+01
8.021683502197265625e+01
4.055116653442382812e+01
1.718733215332031250e+01
3.205935478210449219e+00
-1.653337478637695312e+01
-8.152195930480957031e+00
-1.079847240447998047e+01
-3.093297195434570312e+01
-3.163296508789062500e+01
-3.323815155029296875e+01
-3.400025558471679688e+01
-4.092055892944335938e+01
6.178881525993347168e-01
7.962503433227539062e-01
9.269068390130996704e-02
7.453020215034484863e-01
1.775208488106727600e-02
1.342599540948867798e-01
2.824071407318115234e+00
1.914701461791992188e+00
4.332810878753662109e+00
-1.912835540771484375e+02
-2.030718078613281250e+02
-2.056068267822265625e+02
-2.033390045166015625e+02
-2.130698242187500000e+02
-2.440684814453125000e+02
-2.118424224853515625e+02
-2.361361083984375000e+02
-2.657776794433593750e+02
-4.517781548202037811e-03
-4.298038780689239502e-02
3.269727900624275208e-02
-9.644677862524986267e-03
9.584845975041389465e-03
6.401599384844303131e-03
9.190309792757034302e-02
-2.066072076559066772e-03
6.789924949407577515e-02
-4.762445831298828125e+01
-2.016703224182128906e+01
-2.065337371826171875e+01
-6.092771530151367188e+01
-2.209465980529785156e+01
-2.723385810852050781e+01
-5.211736297607421875e+01
-1.461580848693847656e+01
-1.827157783508300781e+01
3.330532312393188477e+00
-2.909709930419921875e+00
-2.193684816360473633e+00
-1.716856241226196289e+00
-3.831615924835205078e+00
-5.638791084289550781e+00
-7.799306392669677734e+00
-1.064874076843261719e+01
-8.185119628906250000e+00
-5.166122317314147949e-01
-7.899176478385925293e-01
-3.688663244247436523e-02
-1.246142268180847168e+00
-2.126317620277404785e-01
-6.011784076690673828e-02
-1.330093741416931152e+00
1.246287822723388672e+00
-1.001259759068489075e-01
-4.164931640625000000e+02
-3.267828063964843750e+02
-3.692132873535156250e+02
-3.926192016601562500e+02
-3.259575195312500000e+02
-3.868215332031250000e+02
-5.374221801757812500e+02
-5.067246093750000000e+02
-5.472690429687500000e+02
1.814784526824951172e+00
1.209313750267028809e+00
1.213771820068359375e+00
3.132211923599243164e+00
1.259462118148803711e+00
2.429766654968261719e+00
6.956399679183959961e-01
5.967473983764648438e-01
-2.473461627960205078e+00
-5.356562733650207520e-01
1.978213191032409668e-01
-1.555431485176086426e+00
-4.824457466602325439e-01
6.631331145763397217e-02
-1.644977927207946777e+00
5.571061372756958008e-01
-1.523770987987518311e-01
-1.654077887535095215e+00
-1.724967384338378906e+01
-2.047263145446777344e+01
-1.041967105865478516e+01
-1.089385604858398438e+01
-1.106284904479980469e+01
8.791327476501464844e+00
3.995824813842773438e+00
2.319340705871582031e-01
1.887103080749511719e+01
-5.072846603393554688e+01
-5.302978897094726562e+01
-5.446847915649414062e+01
-7.074578094482421875e+01
-6.495423126220703125e+01
-6.956484985351562500e+01
-7.114826202392578125e+01
-6.388091278076171875e+01
-7.367023468017578125e+01
1.144110679626464844e+00
-3.552650451660156250e+00
-3.927490472793579102e+00
-3.002258300781250000e+00
-3.314678668975830078e+00
1.665033400058746338e-01
-4.434057712554931641e+00
5.148118972778320312e+00
-2.094249725341796875e-01
-2.238278007507324219e+01
-4.595019340515136719e+00
-2.506491279602050781e+01
-3.097741127014160156e+01
-2.020366477966308594e+01
-3.115364837646484375e+01
-3.451282501220703125e+01
-2.679158592224121094e+01
-4.355152893066406250e+01
-2.398957061767578125e+01
-2.414684295654296875e+01
-2.304412078857421875e+01
-4.344097137451171875e+01
-4.637262725830078125e+01
-4.807897567749023438e+01
-4.792624664306640625e+01
-4.996020889282226562e+01
-5.413219070434570312e+01
-1.444196128845214844e+01
-6.202505111694335938e+00
-7.558556556701660156e+00
-2.245206642150878906e+01
-1.616331100463867188e+01
-1.531785774230957031e+01
-1.637678527832031250e+01
-1.268938255310058594e+01
-9.513629913330078125e+00
-1.906836395263671875e+02
-2.002662658691406250e+02
-2.164407043457031250e+02
-2.045475311279296875e+02
-2.112627410888671875e+02
-2.203619689941406250e+02
-2.353602447509765625e+02
-2.261720275878906250e+02
-2.306902618408203125e+02
-9.849852561950683594e+00
-1.039493370056152344e+01
-4.003431320190429688e+00
-7.986580848693847656e+00
-9.403347969055175781e+00
-1.992473602294921875e+00
-7.390029430389404297e+00
-9.751291275024414062e+00
-2.382480144500732422e+00
-1.109246093750000000e+03
-1.159324340820312500e+03
-1.256781860351562500e+03
-9.695953979492187500e+02
-1.057609252929687500e+03
-1.119413208007812500e+03
-9.073463745117187500e+02
-1.009419616699218750e+03
-1.073128662109375000e+03
-1.160193700343370438e-03
-4.022133070975542068e-03
-2.041665837168693542e-03
-1.491039432585239410e-02
-2.505860291421413422e-02
1.991248130798339844e-02
6.925051659345626831e-02
4.407187923789024353e-03
4.713679477572441101e-02
-8.454966735839843750e+01
-7.737686157226562500e+01
-7.146502685546875000e+01
-9.063701629638671875e+01
-7.990364837646484375e+01
-6.217536544799804688e+01
-9.070713043212890625e+01
-7.480704498291015625e+01
-6.044327545166015625e+01
-3.741768836975097656e+00
-2.593870162963867188e+01
-2.349370765686035156e+01
-3.366374969482421875e-01
-3.677975845336914062e+01
-2.052921867370605469e+01
-4.463747501373291016e+00
-3.010375022888183594e+01
-1.639429664611816406e+01
-7.659559249877929688e+00
-2.740821456909179688e+01
-1.133751583099365234e+01
-6.018282890319824219e+00
-3.373573303222656250e+01
-1.272964096069335938e+01
-1.126661205291748047e+01
-3.914548873901367188e+01
-1.021946048736572266e+01
-2.047793945312500000e+03
-2.081779296875000000e+03
-2.176602783203125000e+03
-2.121923339843750000e+03
-2.132379638671875000e+03
-2.236486083984375000e+03
-2.095743408203125000e+03
-2.089537109375000000e+03
-2.227751464843750000e+03
-2.004552602767944336e+00
-1.929588794708251953e+00
-2.472735404968261719e+00
-2.439142912626266479e-01
-1.828769087791442871e+00
-3.297988414764404297e+00
-3.562409400939941406e+00
-5.042376995086669922e+00
-3.686745882034301758e+00
-5.767322182655334473e-01
-9.838494658470153809e-01
-2.884136915206909180e+00
-2.762869000434875488e-01
-8.336591124534606934e-01
-2.700677871704101562e+00
-1.406866312026977539e-01
-9.606329202651977539e-01
-2.089339494705200195e+00
-6.354768371582031250e+01
-3.627672958374023438e+01
-3.941796493530273438e+01
-6.652991485595703125e+01
-3.895867156982421875e+01
-4.297965621948242188e+01
-6.820377349853515625e+01
-3.217265701293945312e+01
-5.655105209350585938e+01
-3.719103393554687500e+02
-3.752018127441406250e+02
-3.590043945312500000e+02
-3.763553771972656250e+02
-3.762957458496093750e+02
-3.668292846679687500e+02
-3.026894531250000000e+02
-2.930455627441406250e+02
-3.022770080566406250e+02
-9.885059356689453125e+00
-1.209368896484375000e+01
-9.155383110046386719e+00
-9.325004577636718750e+00
-8.404347419738769531e+00
-7.299764156341552734e+00
-1.400515365600585938e+01
-1.301632785797119141e+01
-1.148874855041503906e+01
-8.940093994140625000e+01
-7.954675292968750000e+01
-8.142661285400390625e+01
-1.083671875000000000e+02
-9.011239624023437500e+01
-9.374737548828125000e+01
-1.209172363281250000e+02
-1.090181121826171875e+02
-1.196880111694335938e+02
-1.753751678466796875e+02
-1.790829315185546875e+02
-1.840208740234375000e+02
-1.853732910156250000e+02
-1.886191406250000000e+02
-1.972598571777343750e+02
-1.792278747558593750e+02
-1.840761871337890625e+02
-1.923798065185546875e+02
-9.075041198730468750e+01
-9.531478881835937500e+01
-9.768544769287109375e+01
-9.792642211914062500e+01
-1.002772216796875000e+02
-1.012229537963867188e+02
-9.906001281738281250e+01
-1.004767837524414062e+02
-9.444874572753906250e+01
