2.943099670410156250e+02
2.894627380371093750e+02
2.594825439453125000e+02
3.035442504882812500e+02
2.949760131835937500e+02
2.677849731445312500e+02
3.023409423828125000e+02
2.847443847656250000e+02
2.571768798828125000e+02
2.259019012451171875e+02
2.447108917236328125e+02
1.686680908203125000e+02
2.496441955566406250e+02
2.149721679687500000e+02
1.867407836914062500e+02
1.569134063720703125e+02
1.636435699462890625e+02
1.611759033203125000e+02
2.090395614504814148e-02
1.990127563476562500e-01
5.871176347136497498e-02
-3.761864732950925827e-03
-9.281504899263381958e-03
4.459034651517868042e-02
6.998213380575180054e-02
1.156361326575279236e-01
5.855324119329452515e-02
1.953024047851562500e+03
1.237795043945312500e+03
9.670969848632812500e+02
1.933308715820312500e+03
1.455581542968750000e+03
1.548733642578125000e+03
1.643292724609375000e+03
1.262848266601562500e+03
1.685087036132812500e+03
3.297663818359375000e+03
2.745502197265625000e+03
2.941823974609375000e+03
3.037796386718750000e+03
2.650470214843750000e+03
3.073193847656250000e+03
3.275740722656250000e+03
3.165110839843750000e+03
3.491032470703125000e+03
4.172687988281250000e+03
4.188812500000000000e+03
4.047624755859375000e+03
4.303686523437500000e+03
4.492978515625000000e+03
4.049837890625000000e+03
4.175550781250000000e+03
4.140021972656250000e+03
3.540578369140625000e+03
2.542339111328125000e+03
2.678825683593750000e+03
2.848183105468750000e+03
3.142917968750000000e+03
3.240274658203125000e+03
3.277132568359375000e+03
3.598407958984375000e+03
3.597243408203125000e+03
3.520519531250000000e+03
6.118199462890625000e+02
6.101817626953125000e+02
6.519468383789062500e+02
3.850289306640625000e+02
3.755562438964843750e+02
4.336855773925781250e+02
2.817411499023437500e+02
3.562649841308593750e+02
4.767804260253906250e+02
8.022780761718750000e+02
7.198177490234375000e+02
7.183033447265625000e+02
8.447946166992187500e+02
7.857869873046875000e+02
7.259879150390625000e+02
9.651175537109375000e+02
8.376390380859375000e+02
7.311262207031250000e+02
7.354708496093750000e+03
7.777456542968750000e+03
8.399194335937500000e+03
8.085439941406250000e+03
8.987335937500000000e+03
9.281250000000000000e+03
8.823169921875000000e+03
1.010022460937500000e+04
9.415794921875000000e+03
6.497466796875000000e+03
6.927376464843750000e+03
5.672537109375000000e+03
7.237202636718750000e+03
6.915061035156250000e+03
5.481360351562500000e+03
7.239892089843750000e+03
6.701664550781250000e+03
5.844054199218750000e+03
1.687905517578125000e+03
1.450870117187500000e+03
1.252784301757812500e+03
1.608201660156250000e+03
1.229228393554687500e+03
1.220221801757812500e+03
1.601989868164062500e+03
1.192756835937500000e+03
1.362411621093750000e+03
1.447451477050781250e+02
1.253358078002929688e+02
1.361902618408203125e+02
1.539260711669921875e+02
1.727979431152343750e+02
1.876473846435546875e+02
1.727565917968750000e+02
2.164328765869140625e+02
2.126418304443359375e+02
9.776019287109375000e+02
8.812142333984375000e+02
9.102813720703125000e+02
8.551403198242187500e+02
9.575679931640625000e+02
1.037775268554687500e+03
8.958934936523437500e+02
1.153804321289062500e+03
1.194239624023437500e+03
2.847779846191406250e+02
1.679185485839843750e+02
3.560246582031250000e+02
2.949543457031250000e+02
2.381053161621093750e+02
4.441624450683593750e+02
3.078198547363281250e+02
2.719861755371093750e+02
3.823604431152343750e+02
8.008877563476562500e+01
1.063925094604492188e+02
4.980511474609375000e+01
3.630705871582031250e+02
3.185393981933593750e+02
2.896062622070312500e+02
2.932720642089843750e+02
2.207125091552734375e+02
1.998023223876953125e+02
-2.894074821472167969e+01
-3.260644912719726562e+01
-2.442609024047851562e+01
-2.415473365783691406e+01
-3.005794143676757812e+01
-2.262585449218750000e+01
-1.970129585266113281e+01
-2.576466178894042969e+01
-2.152094841003417969e+01
1.018788889050483704e-01
-3.838990926742553711e+00
-3.560417175292968750e+01
1.147526264190673828e+01
-1.932005763053894043e+00
-3.177280426025390625e+01
-8.315102577209472656e+00
-1.827990150451660156e+01
-3.010243606567382812e+01
-3.231780230998992920e-02
-1.547549013048410416e-02
-2.258226089179515839e-02
-4.016875475645065308e-02
-4.021779447793960571e-02
-6.594059523195028305e-03
-1.771545037627220154e-02
4.990941844880580902e-03
-7.362740579992532730e-03
-9.182131195068359375e+01
-2.685459594726562500e+02
-2.961836242675781250e+02
-1.280650024414062500e+02
-2.872056884765625000e+02
-2.789834594726562500e+02
-1.870734405517578125e+02
-2.957922668457031250e+02
-2.558089447021484375e+02
-4.159191589355468750e+02
-2.917366027832031250e+02
-2.667468872070312500e+02
-4.535088195800781250e+02
-2.834814453125000000e+02
-2.623871765136718750e+02
-4.751449279785156250e+02
-2.935651245117187500e+02
-2.799987487792968750e+02
-2.237609710693359375e+02
-2.858465881347656250e+02
5.792307376861572266e+00
-2.121237792968750000e+02
-2.365667266845703125e+02
9.575401306152343750e+01
-2.457123413085937500e+02
-2.823887023925781250e+02
2.079824638366699219e+01
-4.713077697753906250e+02
-3.743491210937500000e+02
-3.706949462890625000e+02
-3.917902221679687500e+02
-2.500039215087890625e+02
-3.012901611328125000e+02
-3.347748718261718750e+02
-2.015849609375000000e+02
-2.679426269531250000e+02
-1.615267562866210938e+01
-9.373028755187988281e+00
-2.111840820312500000e+01
-5.067330169677734375e+01
-4.479659652709960938e+01
-6.744130706787109375e+01
-3.518634033203125000e+01
-4.862681579589843750e+01
-6.516830444335937500e+01
-1.046925811767578125e+02
-6.385706329345703125e+01
-6.720659637451171875e+01
-1.033562927246093750e+02
-4.824750137329101562e+01
-6.043892669677734375e+01
-7.889821624755859375e+01
-9.220633506774902344e+00
-3.347057342529296875e+01
-1.215390747070312500e+03
-1.149389404296875000e+03
-7.387051391601562500e+02
-1.108865112304687500e+03
-1.001282226562500000e+03
-5.413188476562500000e+02
-7.421928710937500000e+02
-6.776651611328125000e+02
-4.074679260253906250e+02
-8.516394653320312500e+02
-7.810360107421875000e+02
-5.929262084960937500e+02
-8.079337768554687500e+02
-8.004779052734375000e+02
-5.503188476562500000e+02
-7.538676147460937500e+02
-6.999300537109375000e+02
-4.525429077148437500e+02
-1.384529571533203125e+02
-1.348789672851562500e+02
-1.426472473144531250e+02
-4.621932983398437500e+01
-1.069937820434570312e+02
-1.053125762939453125e+02
-2.342011642456054688e+01
-9.303562927246093750e+01
-8.127732086181640625e+01
-2.202202415466308594e+01
-3.262950897216796875e+01
-2.563024520874023438e+01
-2.868666839599609375e+01
-3.425056838989257812e+01
-2.619158172607421875e+01
-3.323808288574218750e+01
-3.348800659179687500e+01
-2.730880546569824219e+01
-8.407950592041015625e+01
-9.045536804199218750e+01
-1.062989730834960938e+02
-1.175385284423828125e+02
-1.136255111694335938e+02
-1.218359375000000000e+02
-1.360089721679687500e+02
-1.001543273925781250e+02
-8.107764434814453125e+01
-3.617284774780273438e+01
-2.367313957214355469e+01
-1.012395381927490234e+01
-4.374286270141601562e+01
-1.153112697601318359e+01
-1.469171428680419922e+01
-4.785958480834960938e+01
1.231902790069580078e+01
-1.913492012023925781e+01
-8.073749542236328125e+00
-7.199223518371582031e+00
5.243492126464843750e-01
6.674342346191406250e+01
6.351898193359375000e+01
4.111552429199218750e+01
3.216435909271240234e-01
-6.055589675903320312e+00
-1.434331130981445312e+01
1.718366432189941406e+01
2.190961456298828125e+01
2.415695762634277344e+01
1.742180061340332031e+01
2.331206893920898438e+01
2.575867271423339844e+01
1.418419551849365234e+01
1.752585601806640625e+01
1.991508674621582031e+01
-7.068466544151306152e-01
2.027301788330078125e+01
7.205628395080566406e+00
-4.896036624908447266e+00
1.695721817016601562e+01
1.415638160705566406e+01
-6.622275352478027344e+00
7.104114532470703125e+00
4.377453804016113281e+00
5.659507587552070618e-02
8.782318234443664551e-02
8.863264322280883789e-02
1.402873266488313675e-02
-2.780186245217919350e-03
6.448529660701751709e-03
-5.604319740086793900e-03
4.540800116956233978e-03
-8.258169516921043396e-03
2.029629058837890625e+02
1.743850097656250000e+02
4.131211853027343750e+01
1.786049499511718750e+02
1.723512268066406250e+02
3.440651321411132812e+01
1.406182708740234375e+02
1.056025695800781250e+02
5.501725673675537109e+00
2.457120513916015625e+02
3.111800842285156250e+02
3.573428344726562500e+02
1.496013031005859375e+02
2.027683868408203125e+02
2.547657775878906250e+02
1.297326354980468750e+02
1.692531280517578125e+02
2.380338897705078125e+02
6.153353881835937500e+01
1.301178131103515625e+02
3.365586853027343750e+02
1.176811599731445312e+01
5.239982986450195312e+01
2.679189453125000000e+02
3.366287469863891602e+00
3.033226013183593750e+01
2.077469787597656250e+02
1.391921234130859375e+02
1.304435729980468750e+02
6.864895629882812500e+01
1.302466888427734375e+02
1.578444824218750000e+02
9.512224578857421875e+01
9.882996368408203125e+01
1.548937988281250000e+02
1.346973419189453125e+02
4.181701278686523438e+01
2.904180526733398438e+01
2.912885665893554688e+01
1.078824806213378906e+01
-1.020779323577880859e+01
-2.888502597808837891e+00
-6.676128506660461426e-01
-5.367617607116699219e-01
-7.405216217041015625e+00
3.966966247558593750e+01
4.687542724609375000e+01
3.178610420227050781e+01
3.618442153930664062e+01
4.683182907104492188e+01
2.842299842834472656e+01
2.957005691528320312e+01
4.524597930908203125e+01
2.219809532165527344e+01
1.918879852294921875e+02
1.124412536621093750e+02
2.355243530273437500e+02
3.716374816894531250e+02
2.965158691406250000e+02
3.693857421875000000e+02
3.570253601074218750e+02
3.734319763183593750e+02
4.295536193847656250e+02
4.415264892578125000e+02
4.850369567871093750e+02
5.693058471679687500e+02
4.332466430664062500e+02
4.590410766601562500e+02
5.024136962890625000e+02
3.950466308593750000e+02
4.351141052246093750e+02
4.407380981445312500e+02
5.016397476196289062e+01
8.382675933837890625e+01
1.363022899627685547e+01
4.192363357543945312e+01
6.535365295410156250e+01
1.117615222930908203e+01
3.341876602172851562e+01
4.366413497924804688e+01
1.259927558898925781e+01
1.098145103454589844e+01
3.608487129211425781e+00
-1.794060587882995605e+00
1.141562747955322266e+01
6.739865779876708984e+00
2.071223497390747070e+00
9.554224967956542969e+00
6.377490043640136719e+00
4.919504642486572266e+00
-6.035367488861083984e+00
3.923366308212280273e+00
6.513228893280029297e+00
-6.851893424987792969e+00
5.814823150634765625e+00
1.433626842498779297e+01
2.911097288131713867e+00
1.211356353759765625e+01
1.650331878662109375e+01
4.558903503417968750e+01
1.531988048553466797e+01
8.493696212768554688e+00
2.365697860717773438e+01
4.933010101318359375e+00
6.456623077392578125e+00
9.645867347717285156e+00
2.658624172210693359e+00
4.930642127990722656e+00
9.321656227111816406e+00
3.003731966018676758e+00
-2.351615667343139648e+00
1.258138179779052734e+01
7.950484275817871094e+00
2.736862897872924805e+00
7.337585449218750000e+00
9.287424087524414062e+00
1.030152034759521484e+01
5.243237915039062500e+02
6.225479125976562500e+02
5.402365112304687500e+02
6.518881225585937500e+02
7.172391357421875000e+02
6.044120483398437500e+02
7.260590209960937500e+02
7.435169677734375000e+02
6.202963867187500000e+02
3.520890808105468750e+01
-4.771945953369140625e+01
-3.782382202148437500e+01
-5.041138076782226562e+01
-1.461735382080078125e+02
1.289679431915283203e+01
-1.244412994384765625e+02
-2.277626190185546875e+02
-1.203090057373046875e+02
-2.553277015686035156e-01
6.950761377811431885e-02
-3.328511118888854980e-02
6.578985601663589478e-02
3.833029866218566895e-01
2.421607524156570435e-01
2.836963832378387451e-01
3.331810235977172852e-01
-1.194986850023269653e-01
2.394441650390625000e+03
6.994320678710937500e+02
7.489638671875000000e+02
1.663947265625000000e+03
2.904397277832031250e+02
7.500527954101562500e+02
1.158416625976562500e+03
-4.212074279785156250e+01
8.042028198242187500e+02
1.003160351562500000e+04
1.192172656250000000e+04
1.276398046875000000e+04
1.019456347656250000e+04
1.244158300781250000e+04
1.293772558593750000e+04
1.027708496093750000e+04
1.223074121093750000e+04
1.247412792968750000e+04
8.518501953125000000e+03
1.413154980468750000e+04
1.447671191406250000e+04
1.173931347656250000e+04
1.549121875000000000e+04
1.472767675781250000e+04
1.133707324218750000e+04
1.320460156250000000e+04
1.175439550781250000e+04
2.016670288085937500e+03
2.337596191406250000e+03
2.516606201171875000e+03
2.469431640625000000e+03
3.087934814453125000e+03
2.980480468750000000e+03
2.814253906250000000e+03
3.087734375000000000e+03
2.775076171875000000e+03
1.386443725585937500e+03
1.241490600585937500e+03
1.150952270507812500e+03
9.836597290039062500e+02
5.888968505859375000e+02
6.448204956054687500e+02
-2.430681610107421875e+01
-7.906607055664062500e+01
6.763340759277343750e+01
6.888236694335937500e+02
7.339868164062500000e+02
1.117199096679687500e+03
1.105576293945312500e+03
1.529790771484375000e+03
1.692005371093750000e+03
1.466428588867187500e+03
2.096618408203125000e+03
2.226241455078125000e+03
7.410546875000000000e+03
1.178398535156250000e+04
1.373531054687500000e+04
1.245939257812500000e+04
1.566479492187500000e+04
1.574851464843750000e+04
1.569264453125000000e+04
1.706133398437500000e+04
1.576421777343750000e+04
1.235210449218750000e+04
1.625655078125000000e+04
2.057142187500000000e+04
1.606533300781250000e+04
2.035758007812500000e+04
2.404524414062500000e+04
1.872822656250000000e+04
2.318927929687500000e+04
2.530191015625000000e+04
2.005220825195312500e+03
9.516063842773437500e+02
4.311178283691406250e+02
1.762801757812500000e+03
5.879808959960937500e+02
2.415698547363281250e+02
1.596320312500000000e+03
5.796168823242187500e+02
4.268948364257812500e+02
5.202648544311523438e+01
1.843232917785644531e+01
1.788472175598144531e+01
-4.265465736389160156e-01
3.680348968505859375e+01
5.267728424072265625e+01
-1.465198230743408203e+01
7.928726959228515625e+01
5.015046691894531250e+01
1.355739379882812500e+03
1.436456054687500000e+03
1.386833496093750000e+03
1.283199584960937500e+03
1.490133056640625000e+03
1.448377441406250000e+03
1.156528076171875000e+03
1.448342163085937500e+03
1.930557861328125000e+03
2.913973388671875000e+02
1.056481857299804688e+02
1.182905197143554688e+02
1.530767974853515625e+02
1.315134429931640625e+02
1.121975326538085938e+01
1.179605102539062500e+02
1.475975189208984375e+02
-2.979521560668945312e+01
3.601898803710937500e+02
2.728956604003906250e+02
1.804411163330078125e+02
5.399152832031250000e+02
4.062055664062500000e+02
3.553258056640625000e+02
1.629313659667968750e+02
-9.838298797607421875e+00
6.632038879394531250e+01
9.226106643676757812e+00
9.223273277282714844e+00
8.210596084594726562e+00
1.174584388732910156e+01
1.236036872863769531e+01
1.225924110412597656e+01
9.172143936157226562e+00
9.180878639221191406e+00
1.173845386505126953e+01
6.848528385162353516e+00
7.928956508636474609e+00
6.235699653625488281e+00
5.880729198455810547e+00
7.253561973571777344e+00
1.599253654479980469e+01
5.206694602966308594e+00
5.145215511322021484e+00
2.043885231018066406e+01
4.695038311183452606e-03
1.317158062011003494e-02
5.930161569267511368e-03
3.005939349532127380e-02
3.361267596483230591e-02
4.407090693712234497e-02
1.031586155295372009e-02
5.983154755085706711e-03
8.315752260386943817e-03
6.609122467041015625e+01
1.032005386352539062e+02
8.758901214599609375e+01
9.461009979248046875e+01
1.604990997314453125e+02
1.584441986083984375e+02
9.658173370361328125e+01
1.560914306640625000e+02
1.772735748291015625e+02
1.191938171386718750e+02
1.650254516601562500e+02
1.282771759033203125e+02
7.246329498291015625e+01
1.142188568115234375e+02
1.060010299682617188e+02
6.363949966430664062e+01
1.139390258789062500e+02
1.000087585449218750e+02
7.353701019287109375e+01
5.085847091674804688e+01
5.207372283935546875e+01
6.667248535156250000e+01
2.321963882446289062e+01
2.982590484619140625e+01
4.932666015625000000e+01
-1.924782180786132812e+01
-1.799588584899902344e+01
1.343095245361328125e+02
1.819694824218750000e+02
1.635319213867187500e+02
2.165654602050781250e+02
2.622830505371093750e+02
2.292963256835937500e+02
2.568251953125000000e+02
2.857729492187500000e+02
2.549622192382812500e+02
3.622149658203125000e+01
3.389447784423828125e+01
3.628311157226562500e+01
2.205557250976562500e+01
2.148208045959472656e+01
3.168674659729003906e+01
8.168798446655273438e+00
1.706460952758789062e+01
1.986737632751464844e+01
2.770610046386718750e+01
4.008320999145507812e+01
2.456587600708007812e+01
2.519599533081054688e+01
4.707970809936523438e+01
2.593609428405761719e+01
1.761248397827148438e+01
3.247055435180664062e+01
1.013719654083251953e+01
3.972236328125000000e+02
3.220754699707031250e+02
2.636640014648437500e+02
5.022044372558593750e+02
4.310158386230468750e+02
2.896308288574218750e+02
5.168667602539062500e+02
4.715912170410156250e+02
3.074502258300781250e+02
2.841717224121093750e+02
3.053503417968750000e+02
2.236323699951171875e+02
3.301475524902343750e+02
3.256223449707031250e+02
2.023743591308593750e+02
2.809608459472656250e+02
2.699824218750000000e+02
1.774232177734375000e+02
6.113666915893554688e+01
7.366007232666015625e+01
6.348217391967773438e+01
7.344847869873046875e+01
9.393717193603515625e+01
9.613370513916015625e+01
6.144284439086914062e+01
8.242594146728515625e+01
9.427851867675781250e+01
5.410068988800048828e+00
1.097830772399902344e+01
1.007531833648681641e+01
1.309704017639160156e+01
2.092603683471679688e+01
1.941203308105468750e+01
1.692539787292480469e+01
2.200350761413574219e+01
2.399770355224609375e+01
1.653221702575683594e+01
1.825883293151855469e+01
1.698240852355957031e+01
2.311110115051269531e+01
3.024918746948242188e+01
3.614311218261718750e+01
3.135148620605468750e+01
3.726521301269531250e+01
4.343824768066406250e+01
1.286524391174316406e+01
1.939371490478515625e+01
9.826643943786621094e+00
2.799810218811035156e+01
4.685867691040039062e+01
2.811819458007812500e+01
2.479517364501953125e+01
3.168923377990722656e+01
1.968725585937500000e+01
6.133918762207031250e-01
-6.669965982437133789e-01
-2.397386550903320312e+00
9.398163795471191406e+00
1.085987854003906250e+01
5.624634265899658203e+00
1.217896842956542969e+01
1.717745971679687500e+01
1.282791519165039062e+01
8.965386152267456055e-01
-2.002772390842437744e-01
-2.816617488861083984e-01
6.647287607192993164e-01
1.001512780785560608e-01
-2.333615273237228394e-01
2.453564107418060303e-01
-3.069547712802886963e-01
-5.721603631973266602e-01
3.343066930770874023e+00
2.156913757324218750e+00
7.242653965950012207e-01
2.848964691162109375e+00
4.077366828918457031e+00
3.573997735977172852e+00
-1.077140212059020996e+00
-4.433991312980651855e-01
1.975030452013015747e-01
7.960798218846321106e-03
5.080014467239379883e-03
1.081140362657606602e-03
-1.263341028243303299e-02
-1.026015379466116428e-03
-4.408607725054025650e-03
3.902188327629119158e-04
-4.653641022741794586e-03
-2.226446755230426788e-03
-9.129921913146972656e+00
-5.536589145660400391e+00
7.279911518096923828e+00
-4.907954216003417969e+00
8.295462608337402344e+00
9.057636260986328125e+00
-6.968247890472412109e+00
1.281687164306640625e+01
8.663670539855957031e+00
-3.729103088378906250e+00
3.195652008056640625e+00
-6.085314273834228516e+00
-1.061919116973876953e+01
-4.730899333953857422e+00
-1.671512031555175781e+01
-1.093494892120361328e+01
-6.113127708435058594e+00
-2.245767402648925781e+01
1.612377738952636719e+01
-2.101750135421752930e+00
-6.664212226867675781e+00
7.730035305023193359e+00
-1.610857582092285156e+01
-2.142563629150390625e+01
1.147472381591796875e+01
-1.684876251220703125e+01
-1.610038757324218750e+01
-1.612618446350097656e+00
5.857993602752685547e+00
5.219451785087585449e-01
6.463461399078369141e+00
1.201137161254882812e+01
4.496335983276367188e+00
6.368809223175048828e+00
9.491988182067871094e+00
5.238866806030273438e+00
-1.367372512817382812e+00
-1.023820400238037109e+00
-7.134291529655456543e-01
1.131015419960021973e+00
3.193992853164672852e+00
4.752694129943847656e+00
1.002993011474609375e+01
1.726065635681152344e+01
1.360462951660156250e+01
-5.315541625022888184e-01
1.184939503669738770e+00
-8.464216589927673340e-01
-9.624052047729492188e-01
8.226615190505981445e-01
-1.408854603767395020e+00
-1.906010746955871582e+00
2.184962630271911621e-01
-2.425378799438476562e+00
1.505269718170166016e+01
5.231890201568603516e+00
-6.566792964935302734e+00
2.881769561767578125e+01
7.404745578765869141e+00
-1.049494838714599609e+01
5.137583923339843750e+01
7.750477790832519531e+00
-2.369929504394531250e+01
4.887416362762451172e+00
-1.755488586425781250e+01
-2.368947982788085938e+01
-3.793741703033447266e+00
-1.884845733642578125e+01
-2.785487556457519531e+01
5.699473381042480469e+00
-9.913969993591308594e+00
-4.082802200317382812e+01
1.785847425460815430e+00
6.083251953125000000e+00
1.126982450485229492e+00
1.180946826934814453e+00
9.096072196960449219e+00
8.404232978820800781e+00
3.107892990112304688e+00
9.546428680419921875e+00
6.360395908355712891e+00
2.373306900262832642e-01
8.487417101860046387e-01
3.750128746032714844e-01
8.376718163490295410e-01
1.690162181854248047e+00
2.857633531093597412e-01
1.153002142906188965e+00
1.488717913627624512e+00
-3.718081861734390259e-02
5.385550975799560547e+00
5.331226825714111328e+00
1.924825072288513184e+00
2.754068374633789062e+00
4.776857852935791016e+00
8.655453920364379883e-01
1.707063436508178711e+00
-5.264818668365478516e-01
-2.577311992645263672e-01
-2.234181880950927734e+00
-1.157347679138183594e+00
3.310108661651611328e+00
-3.035532236099243164e+00
1.403691887855529785e+00
3.446472167968750000e+00
-5.312681198120117188e+00
1.855005979537963867e+00
2.159240007400512695e+00
1.067100524902343750e+00
-1.306271791458129883e+00
-3.604322671890258789e+00
6.693074226379394531e+00
4.959550380706787109e+00
6.294493198394775391e+00
2.172432988882064819e-01
2.122225522994995117e+00
-2.439232766628265381e-01
1.279238128662109375e+01
1.209887313842773438e+01
8.848869323730468750e+00
1.787750434875488281e+01
1.556330680847167969e+01
1.178193283081054688e+01
2.107516479492187500e+01
1.945022773742675781e+01
1.415798568725585938e+01
1.246936511993408203e+01
2.542743110656738281e+01
1.321409130096435547e+01
2.744006156921386719e+01
2.415555953979492188e+01
-4.009934425354003906e+00
2.177989006042480469e+01
1.642351150512695312e+01
-1.494409561157226562e+00
6.228501442819833755e-03
-1.133854594081640244e-02
-3.212220221757888794e-02
-7.367424201220273972e-03
-5.377590190619230270e-03
-1.579556055366992950e-02
-7.345542311668395996e-03
2.808248857036232948e-03
-2.182458760216832161e-03
-1.081119155883789062e+01
-5.362643051147460938e+01
-2.081827087402343750e+02
1.332882881164550781e+01
-8.445606231689453125e+01
-2.287792663574218750e+02
-3.893813323974609375e+01
-1.141639709472656250e+02
-1.943751373291015625e+02
5.880509185791015625e+01
5.709938526153564453e+00
1.563459205627441406e+01
4.050695037841796875e+01
1.063192844390869141e+01
5.232058334350585938e+01
-1.751624941825866699e+00
-1.044973659515380859e+01
9.277191162109375000e+01
2.808463134765625000e+02
2.934870605468750000e+02
3.203161010742187500e+02
3.191859741210937500e+02
3.393260803222656250e+02
3.953546752929687500e+02
3.414002380371093750e+02
3.864093627929687500e+02
4.126423034667968750e+02
-2.421154174804687500e+02
-2.636448059082031250e+02
-1.741988525390625000e+02
-2.794830017089843750e+02
-2.463226623535156250e+02
-1.793866424560546875e+02
-2.233170623779296875e+02
-1.760050659179687500e+02
-1.428507080078125000e+02
2.985227584838867188e+01
2.203396224975585938e+01
-6.824464321136474609e+00
9.298702239990234375e+00
-4.608397483825683594e-01
-1.620272254943847656e+01
1.015749549865722656e+01
1.253249168395996094e+01
-1.331877708435058594e+00
1.444680023193359375e+01
1.973442077636718750e+01
3.691218566894531250e+01
2.238341522216796875e+01
3.484233093261718750e+01
5.399179077148437500e+01
2.487401771545410156e+01
4.069527053833007812e+01
5.031697082519531250e+01
2.345376281738281250e+02
1.999456481933593750e+02
3.394159240722656250e+02
1.592715148925781250e+02
1.725237579345703125e+02
3.767965393066406250e+02
1.120260925292968750e+02
2.381724548339843750e+02
3.927865905761718750e+02
-1.860506896972656250e+02
-1.232404518127441406e+01
-7.277214050292968750e+00
-3.472400665283203125e+01
1.021853256225585938e+02
2.232560348510742188e+01
7.633427429199218750e+01
1.307511596679687500e+02
1.906309890747070312e+01
1.218673324584960938e+02
1.820496520996093750e+02
1.165668640136718750e+02
1.511667938232421875e+02
1.656694183349609375e+02
8.080571746826171875e+01
1.298233184814453125e+02
1.039437026977539062e+02
3.674876022338867188e+01
-1.402252292633056641e+01
-2.323127555847167969e+01
-1.479736709594726562e+01
-2.232338905334472656e+01
-2.329324340820312500e+01
-1.232786750793457031e+01
-1.561904430389404297e+01
-1.033913040161132812e+01
-6.308970451354980469e+00
1.221461639404296875e+02
1.005442962646484375e+02
9.986846923828125000e+01
1.094329376220703125e+02
8.762467193603515625e+01
9.985625457763671875e+01
8.774488830566406250e+01
9.417573547363281250e+01
1.193960342407226562e+02
-3.628999328613281250e+01
-6.294469451904296875e+01
-5.176505279541015625e+01
-5.113677597045898438e+01
-6.114297103881835938e+01
-5.445550537109375000e+01
-5.550362014770507812e+01
-4.660781860351562500e+01
-2.397137832641601562e+01
-5.627184867858886719e+00
-3.019321918487548828e+00
2.828632354736328125e+00
-3.750802993774414062e+01
-4.026756668090820312e+01
-2.650341224670410156e+01
-3.547933578491210938e+01
-5.400804138183593750e+01
-3.271178436279296875e+01
1.082677459716796875e+01
1.147799587249755859e+01
1.142087554931640625e+01
1.564518642425537109e+01
1.510077762603759766e+01
1.351230335235595703e+01
1.698721694946289062e+01
1.610102081298828125e+01
1.392071342468261719e+01
5.280944108963012695e-01
1.105649352073669434e+00
-1.373422145843505859e+00
-1.063560009002685547e+00
-5.793463706970214844e+00
-5.614328384399414062e-02
-6.165319681167602539e-01
-5.497676849365234375e+00
4.299568653106689453e+00
-1.571683399379253387e-02
-1.056131999939680099e-02
-4.283380229026079178e-03
2.057739160954952240e-02
1.340102031826972961e-02
1.963428407907485962e-02
3.908370621502399445e-03
4.986741114407777786e-03
2.510580001398921013e-03
6.329114913940429688e+01
5.857679748535156250e+01
4.014145660400390625e+01
5.114394760131835938e+01
6.562313079833984375e+01
6.271593856811523438e+01
3.683939743041992188e+01
6.430920410156250000e+01
6.790893554687500000e+01
2.609366149902343750e+02
3.152625427246093750e+02
2.908574218750000000e+02
2.592719421386718750e+02
3.287876281738281250e+02
3.186110839843750000e+02
2.378283081054687500e+02
2.952047119140625000e+02
3.046389770507812500e+02
2.217318572998046875e+02
2.435530700683593750e+02
2.542716064453125000e+02
2.637683410644531250e+02
2.716168823242187500e+02
2.738772277832031250e+02
2.277487030029296875e+02
1.999853820800781250e+02
1.951849975585937500e+02
7.569594573974609375e+01
1.099112854003906250e+02
1.103623046875000000e+02
9.671995544433593750e+01
1.345666656494140625e+02
1.267243881225585938e+02
1.228044738769531250e+02
1.440544586181640625e+02
1.356315612792968750e+02
5.092201232910156250e+01
4.267057800292968750e+01
4.209263229370117188e+01
3.269575881958007812e+01
2.591353225708007812e+01
2.878924179077148438e+01
-6.859894752502441406e+00
-4.465913772583007812e+00
5.723870754241943359e+00
1.880324935913085938e+01
3.422885131835937500e+01
3.062550544738769531e+01
2.501953887939453125e+01
4.709692001342773438e+01
4.026620483398437500e+01
3.510554504394531250e+01
5.867978286743164062e+01
4.560258102416992188e+01
2.276736297607421875e+02
2.619580383300781250e+02
2.860426940917968750e+02
3.404388732910156250e+02
3.891834411621093750e+02
3.756383361816406250e+02
3.667819213867187500e+02
3.854991760253906250e+02
3.225423889160156250e+02
4.548904418945312500e+02
5.127421264648437500e+02
4.888322143554687500e+02
5.324585571289062500e+02
5.997088012695312500e+02
5.691118164062500000e+02
5.549771728515625000e+02
6.078018188476562500e+02
5.891995239257812500e+02
1.232242965698242188e+01
1.729451179504394531e+01
7.241498947143554688e+00
2.844407844543457031e+01
3.267575836181640625e+01
2.280310630798339844e+01
1.209962940216064453e+01
1.419013118743896484e+01
7.750437736511230469e+00
2.063621044158935547e+00
5.030308723449707031e+00
4.066079616546630859e+00
2.058946192264556885e-01
5.638046264648437500e+00
6.349180698394775391e+00
1.291137218475341797e+00
7.440801143646240234e+00
5.882426261901855469e+00
2.152638816833496094e+01
1.587529182434082031e+01
1.156478500366210938e+01
2.121779060363769531e+01
3.045345878601074219e+01
3.342292404174804688e+01
1.827891731262207031e+01
3.063867378234863281e+01
4.323867034912109375e+01
1.103385543823242188e+01
1.214825630187988281e+01
6.168747425079345703e+00
1.661522483825683594e+01
2.357278060913085938e+01
1.249610328674316406e+01
1.348297214508056641e+01
1.671934890747070312e+01
1.099546241760253906e+01
2.131225585937500000e+01
1.806381225585937500e+01
1.848828887939453125e+01
5.911919593811035156e+00
2.466430664062500000e+00
6.627980470657348633e-01
7.029952049255371094e+00
1.939087510108947754e+00
-4.361807703971862793e-01
2.802436256408691406e+01
3.240111160278320312e+01
4.155236053466796875e+01
2.477606773376464844e+01
3.024206733703613281e+01
4.105937576293945312e+01
1.996935653686523438e+01
2.816197586059570312e+01
4.027479934692382812e+01
7.023541450500488281e+00
1.030690383911132812e+01
1.685162162780761719e+01
1.229116535186767578e+01
1.917983436584472656e+01
3.047354125976562500e+01
1.035866451263427734e+01
1.199121665954589844e+01
2.472687339782714844e+01
3.299838304519653320e-02
4.113233461976051331e-02
3.868938609957695007e-02
-1.108428183943033218e-02
-7.093648891896009445e-03
1.235068123787641525e-02
-1.226283377036452293e-03
1.140783820301294327e-02
1.887572184205055237e-02
4.015111694335937500e+02
5.286664428710937500e+02
6.187225341796875000e+02
4.350295104980468750e+02
5.866519775390625000e+02
6.607276611328125000e+02
4.412669677734375000e+02
5.754605102539062500e+02
6.187147827148437500e+02
3.486365966796875000e+02
4.004020996093750000e+02
3.438043212890625000e+02
2.772524108886718750e+02
3.324525146484375000e+02
2.870718994140625000e+02
3.473127746582031250e+02
3.937875671386718750e+02
3.573966369628906250e+02
9.116561889648437500e+01
2.119197845458984375e+01
6.454348754882812500e+01
5.967659378051757812e+01
1.057216453552246094e+01
1.235909729003906250e+02
5.063866806030273438e+01
2.656129837036132812e+01
1.770955810546875000e+02
1.003678405761718750e+03
1.049725097656250000e+03
9.589169921875000000e+02
1.058808837890625000e+03
1.087608032226562500e+03
9.785061645507812500e+02
9.711052856445312500e+02
1.000810241699218750e+03
9.175351562500000000e+02
4.204837799072265625e+01
4.100405502319335938e+01
5.646109390258789062e+01
4.324643707275390625e+01
4.818691253662109375e+01
5.249252700805664062e+01
8.593944549560546875e+01
9.816110229492187500e+01
8.838169860839843750e+01
1.016035461425781250e+02
1.099714660644531250e+02
6.255373382568359375e+01
7.816899108886718750e+01
7.904334259033203125e+01
3.715851593017578125e+01
6.056705093383789062e+01
5.910592269897460938e+01
4.089479446411132812e+01
1.444153198242187500e+03
1.369902587890625000e+03
1.355003051757812500e+03
1.402516235351562500e+03
1.300497680664062500e+03
1.331531494140625000e+03
1.331589965820312500e+03
1.318647338867187500e+03
1.424530151367187500e+03
1.003221740722656250e+03
9.015911865234375000e+02
8.716707763671875000e+02
8.233255615234375000e+02
7.011530761718750000e+02
7.155838623046875000e+02
7.125654907226562500e+02
6.584432983398437500e+02
7.602029418945312500e+02
1.384052734375000000e+02
1.755374145507812500e+02
2.270481109619140625e+02
1.507507781982421875e+02
2.135411224365234375e+02
2.904366149902343750e+02
1.996417083740234375e+02
2.547983856201171875e+02
3.092554626464843750e+02
5.603866195678710938e+01
6.833946990966796875e+01
6.319890213012695312e+01
6.506002044677734375e+01
7.647969818115234375e+01
6.458239746093750000e+01
5.787311172485351562e+01
6.569733428955078125e+01
5.720149993896484375e+01
5.535594177246093750e+01
7.094338226318359375e+01
8.194586944580078125e+01
6.482882690429687500e+01
7.241354370117187500e+01
6.778918457031250000e+01
6.578518676757812500e+01
6.396663665771484375e+01
5.610461044311523438e+01
1.215216140747070312e+02
1.311692199707031250e+02
9.725537872314453125e+01
1.344193115234375000e+02
1.379705200195312500e+02
9.492396545410156250e+01
1.437692108154296875e+02
1.342491607666015625e+02
1.006806564331054688e+02
4.869049453735351562e+01
5.844749450683593750e+01
5.257609558105468750e+01
1.333133697509765625e+02
1.467516784667968750e+02
1.404407958984375000e+02
1.106721572875976562e+02
1.171494369506835938e+02
1.024648818969726562e+02
3.170263290405273438e+00
3.877075433731079102e+00
2.298227787017822266e+00
1.951719999313354492e+00
2.934015035629272461e+00
2.265486001968383789e+00
1.555710554122924805e+00
8.492599129676818848e-01
2.641014754772186279e-01
-2.557824611663818359e+00
-7.247358560562133789e-01
2.841443538665771484e+00
-9.947146773338317871e-01
2.903273820877075195e+00
6.146090507507324219e+00
1.314071178436279297e+00
3.849706649780273438e+00
6.489058494567871094e+00
2.369740232825279236e-02
2.478650771081447601e-02
1.990205235779285431e-02
1.112612150609493256e-02
7.525365799665451050e-03
6.294842809438705444e-03
-1.518946606665849686e-03
-1.923564937897026539e-03
-9.961130097508430481e-03
7.995983123779296875e+00
6.629358291625976562e+00
-1.511953544616699219e+01
4.667976856231689453e+00
4.217646598815917969e+00
-2.728408241271972656e+01
1.076087665557861328e+01
5.399899959564208984e+00
-2.774854087829589844e+01
5.311574172973632812e+01
5.703415298461914062e+01
3.950067138671875000e+01
4.536563491821289062e+01
4.934830093383789062e+01
2.367786407470703125e+01
7.007878112792968750e+01
6.487671661376953125e+01
1.101371288299560547e+01
4.146890258789062500e+01
3.369140625000000000e+01
3.191849327087402344e+01
4.486492156982421875e+01
2.320160865783691406e+01
-2.337633073329925537e-01
3.860668945312500000e+01
2.178988456726074219e+01
-6.750972867012023926e-01
2.452160453796386719e+01
9.870606422424316406e+00
-1.181032848358154297e+01
1.653417778015136719e+01
8.814122200012207031e+00
-7.262075424194335938e+00
2.414359474182128906e+01
1.872099876403808594e+01
7.607371807098388672e+00
9.627798795700073242e-01
5.345421314239501953e+00
6.415250778198242188e+00
2.013714075088500977e+00
6.377565264701843262e-01
-7.259202957153320312e+00
1.584174633026123047e+01
2.174293518066406250e+00
-5.627717971801757812e+00
8.010025978088378906e+00
5.960835456848144531e+00
4.169189929962158203e+00
1.848167037963867188e+01
6.888749122619628906e+00
1.361093401908874512e+00
1.906323432922363281e+01
9.091804504394531250e+00
1.753459215164184570e+00
2.683747482299804688e+01
9.913940429687500000e-01
-8.024692535400390625e+00
9.362953186035156250e+01
4.805713272094726562e+01
-1.631412124633789062e+01
1.240482406616210938e+02
7.030928039550781250e+01
-1.167605209350585938e+01
1.070748138427734375e+02
7.362836456298828125e+01
5.401918029785156250e+01
1.494797973632812500e+02
9.257387542724609375e+01
4.348114013671875000e+01
1.632007904052734375e+02
1.197585296630859375e+02
6.383124160766601562e+01
9.241479873657226562e+00
5.761484146118164062e+00
1.207840442657470703e-01
-6.744493484497070312e+00
-7.650843143463134766e+00
-1.872695541381835938e+01
-2.446779441833496094e+01
-1.753951835632324219e+01
-2.396067047119140625e+01
9.455160498619079590e-01
-3.386484622955322266e+00
-7.228156089782714844e+00
2.488575458526611328e+00
4.235859870910644531e+00
-4.770902156829833984e+00
6.066048741340637207e-01
2.173328876495361328e+00
-1.391798496246337891e+00
-7.730343818664550781e+00
-6.290744781494140625e+00
2.652419567108154297e+00
-9.834863662719726562e+00
-5.044583320617675781e+00
-6.207820773124694824e-02
6.206400871276855469e+00
4.151859760284423828e+00
-3.105451822280883789e+00
2.146814537048339844e+01
4.583159923553466797e+00
8.223921775817871094e+00
1.714662933349609375e+01
-5.972721576690673828e+00
7.873267650604248047e+00
1.075728702545166016e+01
-3.779204368591308594e+00
4.970171928405761719e+00
6.171922206878662109e+00
-4.399344325065612793e-01
-4.548717021942138672e+00
5.253222584724426270e-01
1.745951175689697266e+00
-6.522232532501220703e+00
-1.322509670257568359e+01
-4.794097423553466797e+00
-1.610254526138305664e+00
3.662568054199218750e+02
4.783328247070312500e+02
4.766372985839843750e+02
3.932666625976562500e+02
4.671568908691406250e+02
4.332025146484375000e+02
4.488157043457031250e+02
4.253659057617187500e+02
3.393468017578125000e+02
1.587321624755859375e+02
4.078694152832031250e+02
2.064732666015625000e+02
3.449972915649414062e+01
2.968511962890625000e+01
-5.622892761230468750e+01
5.160947036743164062e+01
-5.490385818481445312e+01
-2.122373199462890625e+02
-1.620385497808456421e-01
-6.613747775554656982e-02
-6.955102831125259399e-02
-2.382252216339111328e-01
-1.727282851934432983e-01
-2.539715468883514404e-01
1.657612919807434082e-01
2.284809201955795288e-02
4.229108244180679321e-02
2.907033447265625000e+03
2.042366821289062500e+03
-7.823516845703125000e+00
1.829076538085937500e+03
2.617648010253906250e+02
-3.299116821289062500e+02
1.272115478515625000e+03
-2.158646545410156250e+02
-2.232050704956054688e+01
6.357020996093750000e+03
6.738846191406250000e+03
9.145951171875000000e+03
5.815598632812500000e+03
5.418796386718750000e+03
7.729435546875000000e+03
5.484102050781250000e+03
6.086666992187500000e+03
7.921843750000000000e+03
5.450035644531250000e+03
6.122942871093750000e+03
8.627569335937500000e+03
6.104758789062500000e+03
7.422234863281250000e+03
8.179166992187500000e+03
6.774041992187500000e+03
8.692926757812500000e+03
7.715699218750000000e+03
1.171221923828125000e+03
2.229485595703125000e+03
3.141208007812500000e+03
4.388245239257812500e+02
1.730517456054687500e+03
2.786986083984375000e+03
3.338039245605468750e+02
1.421781372070312500e+03
2.114062011718750000e+03
6.630961303710937500e+02
5.245932617187500000e+02
1.443258819580078125e+02
6.445500183105468750e+01
-2.347044830322265625e+02
-4.271856994628906250e+02
-2.021592864990234375e+02
-4.531241455078125000e+02
-9.835343933105468750e+01
2.256203308105468750e+02
5.432677612304687500e+02
1.002827514648437500e+03
1.373371582031250000e+02
7.433832397460937500e+02
1.528583618164062500e+03
2.709654235839843750e+02
1.015840332031250000e+03
1.623713989257812500e+03
4.089811279296875000e+03
8.055607910156250000e+03
8.877160156250000000e+03
4.739832031250000000e+03
1.192472363281250000e+04
1.251994238281250000e+04
4.347571289062500000e+03
1.162957910156250000e+04
1.251385253906250000e+04
7.931717773437500000e+03
1.428063476562500000e+04
1.595347460937500000e+04
8.858667968750000000e+03
1.481832226562500000e+04
1.654937500000000000e+04
9.694989257812500000e+03
1.456584863281250000e+04
1.678156835937500000e+04
1.458305664062500000e+03
1.619388427734375000e+03
4.259588317871093750e+02
1.662199951171875000e+03
1.209769287109375000e+03
-6.444384765625000000e+01
1.171307861328125000e+03
5.394758300781250000e+02
-3.967416076660156250e+02
8.353069305419921875e+01
-3.062512779235839844e+01
1.136665191650390625e+02
-1.007891845703125000e+02
-9.555708312988281250e+01
9.103374481201171875e+01
-7.525033569335937500e+01
-8.562046051025390625e+01
1.249614257812500000e+02
5.409860229492187500e+02
6.653926391601562500e+02
4.860030822753906250e+02
4.807725830078125000e+02
3.773674011230468750e+02
3.649806823730468750e+02
3.714867248535156250e+02
5.014266662597656250e+02
6.510574951171875000e+02
4.712451171875000000e+02
2.202185516357421875e+02
-2.166982879638671875e+02
-7.311558532714843750e+01
7.548516845703125000e+01
-7.174465942382812500e+01
7.562741088867187500e+01
3.917008361816406250e+02
1.879665527343750000e+02
7.058404541015625000e+02
9.308182373046875000e+02
6.881055297851562500e+02
2.800175781250000000e+02
2.249494018554687500e+02
8.306484222412109375e+01
7.005226135253906250e+01
-9.020864868164062500e+01
-8.094272613525390625e+01
2.264031028747558594e+01
2.156944084167480469e+01
2.399261856079101562e+01
2.999791526794433594e+01
2.511201095581054688e+01
2.814047813415527344e+01
3.581022262573242188e+01
3.014368247985839844e+01
3.264307785034179688e+01
-6.146019935607910156e+00
-8.863412857055664062e+00
-3.249153852462768555e+00
2.308810710906982422e+00
4.919492721557617188e+00
-1.101374149322509766e+00
9.419040679931640625e+00
3.078622579574584961e+00
7.217377185821533203e+00
5.437141284346580505e-03
-5.053604487329721451e-03
-1.183013152331113815e-02
-2.015341306105256081e-03
6.427659187465906143e-03
4.714929964393377304e-03
-5.376373883336782455e-03
1.475791446864604950e-02
8.561342023313045502e-03
9.592687606811523438e+00
1.465524864196777344e+01
1.084700241088867188e+02
5.368685913085937500e+01
4.229156875610351562e+01
1.642017059326171875e+02
9.154434204101562500e+01
5.506025314331054688e+01
2.081747436523437500e+02
5.305720214843750000e+02
4.976455993652343750e+02
6.158298950195312500e+02
6.433186035156250000e+02
7.216993408203125000e+02
7.886448974609375000e+02
5.413020019531250000e+02
6.543874511718750000e+02
6.859970703125000000e+02
8.500042114257812500e+02
6.365869750976562500e+02
5.855618286132812500e+02
8.125228271484375000e+02
6.121153564453125000e+02
5.439353027343750000e+02
5.337772216796875000e+02
3.826305847167968750e+02
4.063684082031250000e+02
-6.783984375000000000e+01
-9.153779029846191406e+00
-1.089977645874023438e+01
-2.307578086853027344e+01
6.710068511962890625e+01
6.482260131835937500e+01
6.272771072387695312e+01
1.525017395019531250e+02
1.632626647949218750e+02
6.779955291748046875e+01
1.319134368896484375e+02
1.162700576782226562e+02
2.389818000793457031e+01
8.270362854003906250e+01
5.321022415161132812e+01
-4.171084213256835938e+01
1.117465305328369141e+01
2.050608444213867188e+01
6.516851043701171875e+01
1.009252624511718750e+02
7.595600128173828125e+01
1.004434967041015625e+02
9.879488372802734375e+01
7.696659088134765625e+01
1.142919006347656250e+02
1.044359207153320312e+02
9.570830535888671875e+01
5.468429565429687500e+02
7.111408691406250000e+02
5.483980102539062500e+02
4.836571350097656250e+02
7.775433959960937500e+02
6.626078491210937500e+02
4.003447265625000000e+02
7.553109741210937500e+02
7.342749633789062500e+02
1.226374145507812500e+03
1.100298339843750000e+03
1.013745056152343750e+03
1.422343750000000000e+03
1.382954956054687500e+03
1.346334106445312500e+03
1.332678100585937500e+03
1.342029541015625000e+03
1.429100830078125000e+03
-3.462912368774414062e+01
1.635166358947753906e+01
9.726837158203125000e+00
-5.091751861572265625e+01
-2.133840084075927734e+00
3.532528686523437500e+01
-1.732441520690917969e+01
6.127691268920898438e+01
7.422237396240234375e+01
-7.604074954986572266e+00
-1.302571147680282593e-01
3.446812152862548828e+00
-1.492910087108612061e-01
-8.995252847671508789e-02
3.956566333770751953e+00
1.807184696197509766e+00
-1.952963352203369141e+00
3.914340019226074219e+00
4.370371246337890625e+01
7.701496887207031250e+01
1.128187942504882812e+02
7.243860626220703125e+01
1.354912261962890625e+02
1.271276092529296875e+02
5.284315872192382812e+01
1.389664916992187500e+02
1.355074005126953125e+02
-1.538570404052734375e+01
-1.847830963134765625e+01
2.022181892395019531e+01
-4.020991897583007812e+01
-1.890984416007995605e+00
1.726000213623046875e+01
-3.186170578002929688e+01
1.387924385070800781e+01
2.254572868347167969e+01
-6.329758834838867188e+01
-6.123720932006835938e+01
-5.681971740722656250e+01
-2.335926628112792969e+01
-1.604549789428710938e+01
-1.253962612152099609e+01
-1.695607566833496094e+01
-3.561615705490112305e+00
-1.138985919952392578e+01
3.771853637695312500e+01
4.179990386962890625e+01
4.363754272460937500e+01
3.654591751098632812e+01
4.013307571411132812e+01
4.077923202514648438e+01
3.621688461303710938e+01
4.004983901977539062e+01
3.672477340698242188e+01
6.662289619445800781e+00
1.843243408203125000e+01
3.743058776855468750e+01
9.443186759948730469e+00
1.199725818634033203e+01
2.521892738342285156e+01
1.110822010040283203e+01
1.193006992340087891e+01
1.830722808837890625e+01
3.010504506528377533e-02
3.226115927100181580e-02
3.818726167082786560e-02
-1.506360154598951340e-02
-2.797776460647583008e-02
-1.576161570847034454e-02
1.845817547291517258e-03
-8.167346939444541931e-03
6.457671988755464554e-03
1.247910766601562500e+02
2.268931427001953125e+02
1.092577514648437500e+02
9.395327758789062500e+01
1.709985961914062500e+02
4.767420196533203125e+01
1.069011154174804688e+02
1.799256744384765625e+02
8.374653625488281250e+01
3.550987854003906250e+02
4.058212890625000000e+02
4.402360839843750000e+02
3.640420837402343750e+02
3.869457397460937500e+02
4.233215942382812500e+02
3.130777587890625000e+02
3.273859863281250000e+02
3.903092346191406250e+02
5.409085693359375000e+02
5.050040283203125000e+02
5.827483520507812500e+02
4.695503234863281250e+02
4.241496276855468750e+02
5.004190979003906250e+02
5.139973754882812500e+02
5.445972290039062500e+02
6.158626708984375000e+02
1.240088195800781250e+02
1.735999298095703125e+02
1.830649719238281250e+02
5.050320434570312500e+01
1.093136215209960938e+02
1.526820678710937500e+02
1.056967544555664062e+01
4.958411026000976562e+01
1.054306793212890625e+02
-1.087168884277343750e+01
-2.195744132995605469e+01
-1.924952888488769531e+01
-1.052098464965820312e+01
-1.752851867675781250e+01
-2.568636703491210938e+01
3.811047744750976562e+01
3.108539390563964844e+01
3.170151901245117188e+01
6.691365051269531250e+01
9.796191406250000000e+01
1.008976211547851562e+02
6.389839935302734375e+01
1.033154678344726562e+02
1.049595489501953125e+02
5.119510650634765625e+01
9.257794189453125000e+01
1.076722564697265625e+02
9.840831298828125000e+02
8.940188598632812500e+02
7.391083374023437500e+02
8.661778564453125000e+02
8.785294189453125000e+02
7.926704101562500000e+02
7.357792968750000000e+02
8.475670166015625000e+02
8.454215087890625000e+02
5.256373291015625000e+02
7.366112670898437500e+02
7.916499023437500000e+02
4.781610412597656250e+02
7.408953857421875000e+02
7.927811889648437500e+02
4.438264160156250000e+02
6.974270629882812500e+02
7.649477539062500000e+02
1.726629638671875000e+02
2.807188110351562500e+02
2.009230651855468750e+02
1.523065490722656250e+02
2.343876037597656250e+02
1.610203247070312500e+02
1.529601898193359375e+02
2.225816345214843750e+02
1.425742187500000000e+02
1.657542610168457031e+01
1.623972320556640625e+01
7.592155933380126953e+00
9.794169425964355469e+00
7.787897109985351562e+00
8.878524780273437500e+00
3.719534873962402344e+00
4.527493953704833984e+00
4.303855419158935547e+00
1.401629333496093750e+02
1.438183593750000000e+02
1.470031280517578125e+02
1.480643463134765625e+02
1.276659164428710938e+02
1.427166290283203125e+02
1.340760345458984375e+02
1.150875244140625000e+02
1.342391815185546875e+02
3.262418746948242188e+01
2.829850387573242188e+01
-1.718680000305175781e+01
1.176058292388916016e+01
1.344476509094238281e+01
-3.002517509460449219e+01
2.343960952758789062e+01
2.117989540100097656e+01
-1.666608428955078125e+01
5.120146942138671875e+01
6.256763076782226562e+01
6.114611816406250000e+01
3.348735427856445312e+01
5.159324264526367188e+01
5.420644760131835938e+01
-1.520360469818115234e+01
-5.417197704315185547e+00
5.491074562072753906e+00
-9.784640312194824219e+00
-9.395465850830078125e+00
-7.764517307281494141e+00
-8.282748222351074219e+00
-9.044878005981445312e+00
-7.939119815826416016e+00
-7.873463630676269531e+00
-9.321376800537109375e+00
-8.407205581665039062e+00
4.807235717773437500e+00
6.170005798339843750e+00
6.562438011169433594e+00
5.181396961212158203e+00
4.434446811676025391e+00
7.292750358581542969e+00
9.746138572692871094e+00
7.454247951507568359e+00
1.126814365386962891e+01
-5.402923561632633209e-03
-8.864733390510082245e-03
-1.461470092181116343e-04
1.424943841993808746e-02
6.620579864829778671e-03
2.858485328033566475e-03
-1.672733575105667114e-02
2.438192255795001984e-03
6.705289240926504135e-03
-8.762438964843750000e+01
-5.323910140991210938e+01
-6.071601867675781250e+01
-7.195442199707031250e+01
-4.382196807861328125e+01
-5.099278259277343750e+01
-7.340435791015625000e+01
-3.315180587768554688e+01
-5.086540603637695312e+01
-2.921333618164062500e+02
-2.943274230957031250e+02
-2.920312194824218750e+02
-3.059276123046875000e+02
-2.932131958007812500e+02
-2.837585754394531250e+02
-3.659736633300781250e+02
-3.296341857910156250e+02
-3.017691040039062500e+02
-6.360035705566406250e+01
-1.002104034423828125e+02
-1.296574859619140625e+02
-1.137411804199218750e+02
-1.207703781127929688e+02
-1.480190582275390625e+02
-9.724037933349609375e+01
-1.100931320190429688e+02
-9.415830230712890625e+01
-1.032147369384765625e+02
-9.303822326660156250e+01
-8.856941986083984375e+01
-9.684556579589843750e+01
-9.202118682861328125e+01
-8.430767822265625000e+01
-1.169789886474609375e+02
-1.109969406127929688e+02
-1.106745681762695312e+02
-3.554524230957031250e+01
-3.278388214111328125e+01
-2.989429855346679688e+01
-3.657553482055664062e+01
-3.141923904418945312e+01
-2.362419128417968750e+01
-2.305316352844238281e+01
-2.655953598022460938e+01
-1.596644020080566406e+01
-2.235488319396972656e+01
-6.381779670715332031e+00
-4.184289932250976562e+00
-1.264027595520019531e+01
1.034334659576416016e+00
-7.853755950927734375e-01
-2.566168975830078125e+01
-1.747011756896972656e+01
-1.947959709167480469e+01
-1.419634857177734375e+02
-8.352528381347656250e+01
-1.055523605346679688e+02
-1.930201263427734375e+02
-1.602248687744140625e+02
-1.554483642578125000e+02
-1.760238037109375000e+02
-1.744045867919921875e+02
-1.704324188232421875e+02
-5.237518310546875000e+02
-4.997159118652343750e+02
-4.937894897460937500e+02
-5.340217895507812500e+02
-4.898357849121093750e+02
-5.005022888183593750e+02
-6.481725463867187500e+02
-5.961760253906250000e+02
-5.579395141601562500e+02
7.086305618286132812e+00
5.033063125610351562e+01
5.598381042480468750e+01
4.519698619842529297e+00
4.884886550903320312e+01
6.356273651123046875e+01
1.567872428894042969e+01
6.030952072143554688e+01
6.629603576660156250e+01
-3.924507856369018555e+00
-2.141582965850830078e+00
-1.254004359245300293e+00
-2.226260900497436523e+00
-1.131545186042785645e+00
-2.228202521800994873e-01
-2.668107271194458008e+00
-9.156304597854614258e-02
1.188116669654846191e+00
7.742835998535156250e+00
6.803552627563476562e+00
9.819957733154296875e+00
5.425202250480651855e-01
7.324292659759521484e+00
1.664080619812011719e+01
9.455491065979003906e+00
2.702059173583984375e+01
3.998237228393554688e+01
-1.391240119934082031e+01
-3.429442882537841797e+00
-9.218558311462402344e+00
-9.503319740295410156e+00
-3.950646519660949707e-01
-9.296064376831054688e+00
-3.515433311462402344e+00
-5.808175802230834961e-01
-1.051994991302490234e+01
-4.740759372711181641e+00
-1.142120599746704102e+00
1.691769599914550781e+00
-6.899442195892333984e+00
-5.606305122375488281e+00
-6.174694061279296875e+00
-5.592982769012451172e+00
-1.223641395568847656e+00
-1.917311310768127441e+00
1.063571262359619141e+01
1.272120189666748047e+01
1.468576049804687500e+01
7.127309799194335938e+00
9.272900581359863281e+00
1.171768665313720703e+01
5.550502777099609375e+00
7.801788806915283203e+00
1.097276973724365234e+01
4.967763423919677734e+00
3.006991386413574219e+00
7.817714691162109375e+00
1.587435722351074219e+00
-4.938525855541229248e-01
4.982395648956298828e+00
2.455493450164794922e+00
3.162166595458984375e+00
5.473463058471679688e+00
6.483297795057296753e-03
4.141610581427812576e-03
8.468328975141048431e-03
-6.346049252897500992e-03
-2.295641927048563957e-03
6.279184948652982712e-03
-9.363270946778357029e-04
1.461053732782602310e-03
2.251198049634695053e-03
1.328225555419921875e+02
1.961778869628906250e+02
2.290991363525390625e+02
1.221903686523437500e+02
1.770077667236328125e+02
2.168354187011718750e+02
1.317380523681640625e+02
1.902643280029296875e+02
2.262330017089843750e+02
8.822574615478515625e+01
6.778115081787109375e+01
7.699107360839843750e+01
6.950227355957031250e+01
4.518483734130859375e+01
6.424707031250000000e+01
9.403625488281250000e+01
7.668484497070312500e+01
1.017717819213867188e+02
1.631938743591308594e+01
2.876152992248535156e+00
4.195480346679687500e+00
-1.292959332466125488e+00
-3.881170272827148438e+00
9.128033638000488281e+00
2.150048446655273438e+01
2.886590766906738281e+01
3.174604988098144531e+01
3.872415771484375000e+02
3.916730041503906250e+02
3.757798156738281250e+02
3.650984802246093750e+02
3.535949707031250000e+02
3.299659729003906250e+02
3.338872375488281250e+02
3.082083740234375000e+02
2.877062072753906250e+02
8.941804885864257812e+00
3.535017728805541992e+00
1.184424495697021484e+01
8.509147644042968750e+00
9.107382774353027344e+00
1.377009105682373047e+01
3.011032867431640625e+01
3.074458122253417969e+01
2.815955924987792969e+01
3.409611511230468750e+01
2.928574752807617188e+01
2.513339424133300781e+01
1.716724586486816406e+01
1.300802993774414062e+01
1.484803295135498047e+01
9.600784301757812500e+00
7.317049503326416016e+00
1.377453136444091797e+01
5.417588500976562500e+02
5.688373413085937500e+02
5.077061157226562500e+02
4.715881042480468750e+02
5.184624633789062500e+02
4.580339050292968750e+02
3.761888427734375000e+02
4.345319519042968750e+02
4.016618041992187500e+02
2.633476257324218750e+02
2.711301269531250000e+02
2.503534851074218750e+02
1.400966033935546875e+02
1.530093688964843750e+02
1.557685394287109375e+02
7.374291992187500000e+01
1.031361312866210938e+02
1.513149719238281250e+02
7.700000000000000000e+01
8.200347900390625000e+01
9.535763549804687500e+01
6.601491546630859375e+01
6.738103485107421875e+01
8.018260192871093750e+01
5.438504028320312500e+01
6.006084060668945312e+01
7.222421264648437500e+01
2.130607223510742188e+01
2.618092727661132812e+01
2.814091110229492188e+01
2.201136589050292969e+01
2.546719360351562500e+01
2.718756866455078125e+01
2.143458747863769531e+01
2.123400306701660156e+01
2.123084831237792969e+01
2.208139610290527344e+01
2.943175888061523438e+01
3.065442657470703125e+01
2.540883827209472656e+01
2.620759391784667969e+01
2.535629844665527344e+01
1.900814819335937500e+01
2.021105384826660156e+01
2.061395645141601562e+01
5.142592620849609375e+01
5.087208175659179688e+01
3.229127120971679688e+01
5.090993499755859375e+01
4.831076812744140625e+01
3.261906433105468750e+01
5.338772583007812500e+01
5.290107345581054688e+01
4.042924118041992188e+01
3.430636596679687500e+01
3.004349899291992188e+01
2.621608161926269531e+01
2.938795471191406250e+01
3.228191757202148438e+01
2.651120758056640625e+01
4.148387145996093750e+01
4.129611587524414062e+01
3.902002716064453125e+01
7.500674438476562500e+01
7.361898803710937500e+01
6.513492584228515625e+01
7.008136749267578125e+01
6.723740386962890625e+01
6.052420425415039062e+01
6.897566986083984375e+01
6.598464965820312500e+01
5.627246856689453125e+01
1.736879730224609375e+01
5.066051483154296875e+01
4.478338241577148438e+01
3.090402412414550781e+01
4.561030960083007812e+01
3.440552139282226562e+01
6.887842178344726562e+00
1.619996833801269531e+01
1.709744644165039062e+01
9.214486926794052124e-02
8.442563563585281372e-02
7.088075578212738037e-02
-2.902694512158632278e-03
-1.792729715816676617e-03
-1.419280935078859329e-02
8.326468989253044128e-03
3.310307394713163376e-03
-2.595804445445537567e-02
4.811926574707031250e+02
3.322232055664062500e+02
3.859564514160156250e+02
4.586546630859375000e+02
3.202477416992187500e+02
3.682769165039062500e+02
3.953395996093750000e+02
2.823063964843750000e+02
3.739356994628906250e+02
1.037470825195312500e+03
1.080543945312500000e+03
9.758200683593750000e+02
1.015470825195312500e+03
1.160193725585937500e+03
1.004824035644531250e+03
7.945105590820312500e+02
9.305294189453125000e+02
8.456748046875000000e+02
7.666554565429687500e+02
9.069453735351562500e+02
7.897341918945312500e+02
6.444366455078125000e+02
7.983101806640625000e+02
6.247196655273437500e+02
6.652663574218750000e+02
7.789833984375000000e+02
6.091571655273437500e+02
6.373942871093750000e+02
6.240897827148437500e+02
6.369686889648437500e+02
7.059070434570312500e+02
7.318478393554687500e+02
6.994882812500000000e+02
6.525462036132812500e+02
7.042907104492187500e+02
6.437749023437500000e+02
1.538520336151123047e+01
2.332045936584472656e+01
8.736659049987792969e+00
7.926466369628906250e+01
7.558189392089843750e+01
5.992744827270507812e+01
3.946508789062500000e+01
5.899961471557617188e+01
7.654730987548828125e+01
1.491609954833984375e+02
1.432033843994140625e+02
1.410553131103515625e+02
1.448148498535156250e+02
1.321385803222656250e+02
1.553917999267578125e+02
1.341976623535156250e+02
1.417191467285156250e+02
1.364980773925781250e+02
1.541640625000000000e+03
1.621190917968750000e+03
1.546140136718750000e+03
1.736860717773437500e+03
1.787085693359375000e+03
1.789152099609375000e+03
2.041286010742187500e+03
2.076126708984375000e+03
1.907992309570312500e+03
2.121901367187500000e+03
2.066857910156250000e+03
2.031334106445312500e+03
2.247079101562500000e+03
2.144421386718750000e+03
2.049553222656250000e+03
2.070270751953125000e+03
1.907577026367187500e+03
1.780329467773437500e+03
1.733201446533203125e+02
1.670258483886718750e+02
1.324156188964843750e+02
2.706730346679687500e+02
2.357689819335937500e+02
2.078490600585937500e+02
2.499007415771484375e+02
1.996707305908203125e+02
1.869691467285156250e+02
3.536874008178710938e+01
2.823350524902343750e+01
3.124923324584960938e+01
2.427907371520996094e+01
2.701468276977539062e+01
2.872072792053222656e+01
2.360503005981445312e+01
3.403304290771484375e+01
3.361956405639648438e+01
1.806547851562500000e+02
1.661987609863281250e+02
1.427921142578125000e+02
1.422237091064453125e+02
1.510491638183593750e+02
1.199577331542968750e+02
1.240405273437500000e+02
1.684192199707031250e+02
1.408968963623046875e+02
6.096262741088867188e+01
7.924230957031250000e+01
1.200986862182617188e+02
2.435878944396972656e+01
6.895925140380859375e+01
1.009115829467773438e+02
4.640849304199218750e+01
8.790892028808593750e+01
8.475903320312500000e+01
9.723289489746093750e+01
8.850925445556640625e+01
7.852454376220703125e+01
8.740830993652343750e+01
5.657063293457031250e+01
6.465312194824218750e+01
7.005508422851562500e+01
4.553185653686523438e+01
3.240214538574218750e+01
