4.161258697509765625e+01
1.381513519287109375e+02
1.111498355865478516e+01
4.238536376953125000e+02
2.010241851806640625e+02
3.693555355072021484e+00
1.761950836181640625e+02
1.550667572021484375e+02
4.158115844726562500e+02
1.155619354248046875e+02
3.700195693969726562e+01
1.210720825195312500e+02
2.411402435302734375e+02
4.102185668945312500e+02
2.211027526855468750e+01
1.119848327636718750e+02
-1.695365753173828125e+02
-3.373003845214843750e+02
-1.802393188476562500e+02
-1.619119995117187500e+03
-7.407055053710937500e+02
-1.840860557556152344e+01
-8.031364135742187500e+02
-3.231055297851562500e+02
-1.306199096679687500e+03
-4.180948791503906250e+02
-7.060383605957031250e+01
-5.827707519531250000e+02
-1.040455932617187500e+03
-8.524121093750000000e+02
-1.647759094238281250e+02
-2.175803375244140625e+02
4.534535522460937500e+02
6.479697265625000000e+02
6.408463745117187500e+02
1.488300170898437500e+03
6.147657470703125000e+02
2.579098892211914062e+01
6.896364135742187500e+02
3.307478332519531250e+02
1.028367431640625000e+03
4.961127014160156250e+02
6.750926494598388672e+00
4.395769042968750000e+02
1.313401611328125000e+03
5.402108764648437500e+02
1.236890563964843750e+02
3.809174194335937500e+02
2.655640258789062500e+02
5.799810791015625000e+02
2.780746459960937500e+02
2.153775390625000000e+03
7.336227416992187500e+02
2.644525146484375000e+01
8.301278076171875000e+02
5.257055053710937500e+02
1.414404296875000000e+03
7.657056884765625000e+02
9.719921875000000000e+01
9.111833496093750000e+02
1.618309936523437500e+03
1.362016601562500000e+03
1.591744384765625000e+02
3.826120300292968750e+02
1.632299423217773438e+01
4.523207855224609375e+01
4.697720527648925781e+00
3.031679992675781250e+02
1.640444488525390625e+02
3.698941230773925781e+00
1.387920379638671875e+02
9.983517456054687500e+01
2.486469421386718750e+02
8.736518096923828125e+01
2.056152343750000000e+01
1.089419174194335938e+02
1.596309509277343750e+02
2.300094146728515625e+02
2.081769561767578125e+01
6.743088531494140625e+01
3.085096168518066406e+01
8.829498291015625000e+01
3.465598678588867188e+01
5.779859008789062500e+02
2.926557312011718750e+02
5.349099636077880859e+00
2.519829559326171875e+02
1.803013305664062500e+02
5.280474853515625000e+02
1.799416503906250000e+02
2.697073364257812500e+01
2.081683654785156250e+02
3.898660278320312500e+02
3.842281799316406250e+02
7.221808624267578125e+01
8.089152526855468750e+01
6.027280688285827637e-01
1.447539710998535156e+01
7.306179046630859375e+00
3.808246612548828125e+00
2.267713165283203125e+01
2.033112049102783203e-01
2.245085000991821289e+00
4.533726692199707031e+00
-2.243590354919433594e+00
2.921164274215698242e+00
8.731300830841064453e-01
5.267178058624267578e+00
1.880995559692382812e+01
7.551193714141845703e+00
5.120611935853958130e-02
3.723840713500976562e-01
7.999800682067871094e+00
2.830141639709472656e+01
1.028933334350585938e+01
1.133069229125976562e+02
5.575055694580078125e+01
1.933309078216552734e+00
6.260789871215820312e+01
7.587775421142578125e+01
6.808522033691406250e+01
2.989082908630371094e+01
8.595333099365234375e+00
5.168499374389648438e+01
7.354969024658203125e+01
6.931922149658203125e+01
7.517493247985839844e+00
7.038025665283203125e+01
4.350373840332031250e+02
9.109252319335937500e+02
3.444742431640625000e+02
6.305747558593750000e+03
3.504229003906250000e+03
5.282426834106445312e+01
3.389961914062500000e+03
1.969704101562500000e+03
5.530262695312500000e+03
1.199958740234375000e+03
2.100437469482421875e+02
2.379365722656250000e+03
3.270463867187500000e+03
3.660876464843750000e+03
7.378508911132812500e+02
8.242308959960937500e+02
9.480997467041015625e+01
2.398199005126953125e+02
1.251186523437500000e+02
6.517819824218750000e+02
2.645060119628906250e+02
8.810642242431640625e+00
2.031331329345703125e+02
1.888379364013671875e+02
4.469820251464843750e+02
2.869809570312500000e+02
4.807404327392578125e+01
2.672329711914062500e+02
6.402165527343750000e+02
5.622511596679687500e+02
4.728519821166992188e+01
1.136915969848632812e+02
2.357107734680175781e+01
7.720199584960937500e+01
3.569489669799804688e+01
5.535938720703125000e+02
3.072241210937500000e+02
4.143166542053222656e+00
2.833516845703125000e+02
9.915319061279296875e+01
5.415943603515625000e+02
1.667619018554687500e+02
1.847834396362304688e+01
1.323854675292968750e+02
3.848028259277343750e+02
2.132907867431640625e+02
8.406594085693359375e+01
2.722053146362304688e+01
1.654514465332031250e+02
3.514786071777343750e+02
1.551199951171875000e+02
3.573701171875000000e+02
1.226145706176757812e+02
8.603098869323730469e+00
1.597324523925781250e+02
7.950157928466796875e+01
8.365573120117187500e+01
1.032551193237304688e+02
2.386311721801757812e+01
1.683894195556640625e+02
3.912302551269531250e+02
2.375590515136718750e+02
2.340830993652343750e+01
1.937692565917968750e+02
-8.082962632179260254e-01
4.476635742187500000e+01
1.806605529785156250e+01
6.939066314697265625e+01
5.437259292602539062e+01
3.192378878593444824e-01
-1.444531917572021484e+00
2.258089065551757812e+01
6.694155883789062500e+01
7.823773956298828125e+01
5.653951644897460938e+00
4.831858825683593750e+01
1.301285400390625000e+02
8.466287994384765625e+01
1.863415241241455078e+00
-4.372035026550292969e+00
-3.143366813659667969e+01
-4.102025985717773438e+00
-4.375013351440429688e+01
-1.657443542480468750e+02
-4.062920761108398438e+01
-1.986234307289123535e+00
-9.475079345703125000e+01
3.220658874511718750e+01
-1.083818283081054688e+02
-4.354917526245117188e+01
5.842182159423828125e+00
-4.698873138427734375e+01
-1.235201797485351562e+02
2.281620216369628906e+01
-3.652973556518554688e+01
1.033379650115966797e+01
6.239306449890136719e+00
1.113427352905273438e+01
9.429849386215209961e-01
6.794445037841796875e+01
4.614845657348632812e+01
4.905675947666168213e-01
3.870206069946289062e+01
3.888614273071289062e+01
7.628600311279296875e+01
7.520988941192626953e+00
6.388260841369628906e+00
1.355830574035644531e+01
2.670277976989746094e+01
7.254727935791015625e+01
7.333189964294433594e+00
2.297605705261230469e+01
1.152448486328125000e+03
2.120399414062500000e+03
1.200184936523437500e+03
7.142269531250000000e+03
2.336672851562500000e+03
9.579158020019531250e+01
3.383944580078125000e+03
1.699997436523437500e+03
4.128852050781250000e+03
1.937084716796875000e+03
3.127956542968750000e+02
3.572249511718750000e+03
4.596018554687500000e+03
4.632295410156250000e+03
4.268029479980468750e+02
1.753331909179687500e+03
-1.123542562127113342e-01
-1.695191711187362671e-01
-1.869458705186843872e-01
-1.671535223722457886e-01
-5.359550705179572105e-04
-4.958622157573699951e-03
1.710660383105278015e-02
-9.840765595436096191e-02
-5.381612852215766907e-02
-6.171294301748275757e-02
1.843937113881111145e-02
-1.423748433589935303e-01
-2.566250264644622803e-01
-7.856496423482894897e-02
-1.190798170864582062e-02
6.750592589378356934e-02
7.665443725585937500e+02
1.613613037109375000e+03
8.477623291015625000e+02
9.036265625000000000e+03
4.501109863281250000e+03
9.036473083496093750e+01
4.334749511718750000e+03
2.353143066406250000e+03
7.693544433593750000e+03
2.189424072265625000e+03
4.499572143554687500e+02
2.931989746093750000e+03
5.626370605468750000e+03
5.685054199218750000e+03
1.009972534179687500e+03
1.323599731445312500e+03
-2.792586708068847656e+01
-7.683832550048828125e+01
-4.044239425659179688e+01
-1.469634552001953125e+02
-5.510913467407226562e+01
-2.248885393142700195e+00
-4.815762329101562500e+01
-4.597411727905273438e+01
-6.672862243652343750e+01
-5.232265472412109375e+01
-1.135548305511474609e+01
-6.938549804687500000e+01
-1.409478607177734375e+02
-1.301234588623046875e+02
-8.133936882019042969e+00
-4.635428619384765625e+01
2.082826232910156250e+01
4.260143661499023438e+01
1.189681339263916016e+01
8.199998474121093750e+01
2.108210182189941406e+01
1.241294145584106445e+00
3.626330566406250000e+01
1.763301849365234375e+01
6.387533569335937500e+01
4.733960723876953125e+01
9.987320899963378906e+00
2.527905464172363281e+01
5.870259094238281250e+01
3.286771392822265625e+01
7.111463546752929688e+00
3.095084571838378906e+01
2.432684020996093750e+02
3.990349121093750000e+02
2.489611358642578125e+02
1.363040893554687500e+03
4.747830505371093750e+02
2.001207351684570312e+01
7.133241577148437500e+02
8.262859344482421875e+01
6.987310791015625000e+02
2.827698364257812500e+02
2.120432662963867188e+01
5.112534179687500000e+02
9.598983764648437500e+02
5.503274536132812500e+02
1.442301330566406250e+02
2.651000061035156250e+02
4.391128921508789062e+01
1.291905059814453125e+02
3.548410797119140625e+01
2.604979553222656250e+02
1.078903808593750000e+02
3.234195947647094727e+00
1.078723068237304688e+02
6.949881744384765625e+01
1.519141235351562500e+02
7.062415313720703125e+01
1.033052921295166016e+01
9.397004699707031250e+01
2.568473205566406250e+02
1.779479522705078125e+02
4.029840469360351562e+01
6.714868927001953125e+01
1.471400642395019531e+01
3.235190963745117188e+01
-1.573910808563232422e+01
2.896937255859375000e+02
7.645015716552734375e+01
2.738144159317016602e+00
9.133836364746093750e+01
5.698419570922851562e+01
1.837383880615234375e+02
8.434964752197265625e+01
2.229423713684082031e+01
8.806729888916015625e+01
1.133647384643554688e+02
3.501420288085937500e+02
2.424443960189819336e+00
1.000707702636718750e+02
-4.941139602661132812e+01
-9.540013122558593750e+01
-4.929124832153320312e+01
-3.284929199218750000e+02
-1.543887786865234375e+02
-4.825510501861572266e+00
-1.922992095947265625e+02
-6.851182556152343750e+01
-2.209002838134765625e+02
-6.765631866455078125e+01
-1.042573833465576172e+01
-9.134376525878906250e+01
-1.742083282470703125e+02
-1.301363525390625000e+02
-5.763283157348632812e+01
-1.277220458984375000e+02
4.366364479064941406e+00
-2.867630004882812500e+00
1.274673581123352051e+00
5.226139831542968750e+01
1.273391914367675781e+01
8.352380394935607910e-01
4.130324935913085938e+01
-2.601319503784179688e+01
1.177244663238525391e+01
1.541382789611816406e+00
-8.390811085700988770e-01
1.269509696960449219e+01
7.967059135437011719e+00
1.031921863555908203e+01
3.075765371322631836e+00
8.686656951904296875e+00
-8.701729774475097656e+00
-2.883981227874755859e+00
-1.150909614562988281e+01
-9.745228576660156250e+01
-2.938771724700927734e+00
-4.772935807704925537e-01
-2.444335365295410156e+01
-5.350825309753417969e+00
-4.654321289062500000e+01
-2.354055595397949219e+01
-3.229260683059692383e+00
-6.571323394775390625e+01
-3.806243896484375000e+01
-6.882637786865234375e+01
-7.373952865600585938e+00
-8.475193023681640625e+00
5.006661415100097656e-01
6.692010879516601562e+00
3.989485740661621094e+00
2.560556793212890625e+01
2.331616973876953125e+01
8.670322597026824951e-02
1.672918510437011719e+01
6.335540008544921875e+01
3.278364562988281250e+01
1.189425659179687500e+01
1.517498970031738281e+00
2.565340423583984375e+01
2.085381317138671875e+01
5.317647933959960938e+00
3.658986389636993408e-01
1.014519882202148438e+01
-6.329679489135742188e-02
8.669545173645019531e+00
2.039457511901855469e+01
-2.644739685058593750e+02
-7.535518646240234375e+01
-1.743053913116455078e+00
-5.949246215820312500e+01
-4.590376663208007812e+01
-1.553708038330078125e+02
-8.005773925781250000e+01
-1.133049392700195312e+01
-2.110650482177734375e+02
-5.354400253295898438e+01
-2.340380096435546875e+02
-6.988306522369384766e+00
1.683160972595214844e+01
-3.027540397644042969e+01
-3.704091262817382812e+01
-2.033220291137695312e+01
6.143977355957031250e+01
7.375682067871093750e+01
-1.139914989471435547e+00
6.430566406250000000e+01
9.466761016845703125e+01
1.227409133911132812e+02
9.978032112121582031e+00
8.261874198913574219e+00
4.264680862426757812e+01
-3.875076293945312500e+00
3.465419769287109375e+01
1.306835460662841797e+01
1.728256034851074219e+01
-1.605675458908081055e+00
-3.371821641921997070e+00
-2.937088012695312500e+00
-3.083785820007324219e+01
-2.391971206665039062e+01
-1.183747500181198120e-01
-2.072621345520019531e+01
-2.444439125061035156e+01
-4.275222015380859375e+01
-7.454462528228759766e+00
-1.225343227386474609e+00
-1.544984054565429688e+01
-1.623957061767578125e+01
-1.942737197875976562e+01
-1.165850758552551270e+00
-2.838724374771118164e+00
2.500458984375000000e+02
4.720158386230468750e+02
2.547432098388671875e+02
1.871325805664062500e+03
8.560176391601562500e+02
1.949408340454101562e+01
8.589561767578125000e+02
4.617744140625000000e+02
1.432516113281250000e+03
5.395396118164062500e+02
8.891133880615234375e+01
8.138841552734375000e+02
1.253453125000000000e+03
1.219707031250000000e+03
1.522715759277343750e+02
2.803341369628906250e+02
6.494252777099609375e+01
-3.060478210449218750e+02
-4.944823837280273438e+01
-1.648374328613281250e+02
-8.715583801269531250e+01
-1.271169781684875488e+00
2.491926116943359375e+02
-5.583167724609375000e+02
-3.840917358398437500e+02
-7.959721679687500000e+02
-7.227155303955078125e+01
-5.433967971801757812e+01
-1.075930053710937500e+03
-6.153239746093750000e+02
5.207340240478515625e+01
8.792563629150390625e+01
