2.045520935058593750e+02
2.756397705078125000e+02
3.375368652343750000e+02
2.240599060058593750e+02
3.067656250000000000e+02
3.596137695312500000e+02
2.233942718505859375e+02
2.999116210937500000e+02
3.320101013183593750e+02
9.408404350280761719e+00
2.858755302429199219e+01
4.328967285156250000e+01
1.268278274536132812e+02
1.324131317138671875e+02
1.173514328002929688e+02
1.485991058349609375e+02
1.293841552734375000e+02
1.007188568115234375e+02
1.977916526794433594e+01
4.967660522460937500e+01
5.959553146362304688e+01
3.622997283935546875e+01
6.332965850830078125e+01
5.325278091430664062e+01
5.232870483398437500e+01
5.572386932373046875e+01
2.161460113525390625e+01
1.154674682617187500e+02
1.739859466552734375e+02
2.118659667968750000e+02
1.503155364990234375e+02
2.207168884277343750e+02
2.691842041015625000e+02
1.840276336669921875e+02
2.657205200195312500e+02
3.042391052246093750e+02
5.720638656616210938e+01
9.044588470458984375e+01
1.269132003784179688e+02
-5.378388595581054688e+01
7.845224380493164062e+00
4.811591339111328125e+01
-1.117766952514648438e+01
2.020548820495605469e+01
5.842470932006835938e+01
8.746572494506835938e+00
1.346732425689697266e+01
7.755401611328125000e+00
1.401744747161865234e+01
7.577980518341064453e+00
-4.142250061035156250e+00
2.236905097961425781e+00
-4.379858970642089844e+00
-7.137503147125244141e+00
-3.302652740478515625e+01
-7.341686248779296875e+00
-3.230636978149414062e+01
-3.766166305541992188e+01
-4.208844184875488281e+00
-3.581029129028320312e+01
-1.784067344665527344e+01
1.284275627136230469e+01
-3.007396507263183594e+01
1.069771728515625000e+03
1.343836425781250000e+03
1.559265991210937500e+03
1.306748657226562500e+03
1.631821777343750000e+03
1.803156494140625000e+03
1.517201049804687500e+03
1.853719238281250000e+03
1.942894042968750000e+03
1.557872962951660156e+01
1.071208000183105469e+01
3.508449554443359375e+00
3.738142967224121094e+00
-5.525444984436035156e+00
-1.040153121948242188e+01
-1.290801620483398438e+01
-2.121345520019531250e+01
-2.443207931518554688e+01
1.869603729248046875e+01
1.423929119110107422e+01
1.049157333374023438e+01
3.265549659729003906e+00
5.193622589111328125e+00
1.269495105743408203e+01
-1.075978851318359375e+01
-1.031413936614990234e+01
-1.373531222343444824e+00
9.239920043945312500e+01
1.544783325195312500e+02
1.826969451904296875e+02
1.272579956054687500e+02
2.047624359130859375e+02
2.224808654785156250e+02
1.406640625000000000e+02
2.112444763183593750e+02
2.135991973876953125e+02
1.260034866333007812e+02
1.977817535400390625e+02
2.967739562988281250e+02
1.516416320800781250e+02
2.511971435546875000e+02
3.596989135742187500e+02
1.139373321533203125e+02
2.288844299316406250e+02
3.473305358886718750e+02
3.471295166015625000e+01
3.571428298950195312e+01
2.213126373291015625e+01
6.472258758544921875e+01
7.166669464111328125e+01
5.783908462524414062e+01
4.553891754150390625e+01
5.096626663208007812e+01
5.328088378906250000e+01
4.485886840820312500e+02
5.457104492187500000e+02
5.830358886718750000e+02
5.556147460937500000e+02
6.933205566406250000e+02
7.206897583007812500e+02
6.469791259765625000e+02
7.946900634765625000e+02
7.995284423828125000e+02
1.012148590087890625e+02
-3.982189941406250000e+01
-1.270255966186523438e+02
-6.640167999267578125e+01
-1.591030731201171875e+02
-1.821231994628906250e+02
-3.421206054687500000e+02
-3.749835205078125000e+02
-3.343155822753906250e+02
2.123421478271484375e+02
2.564321594238281250e+02
2.791886291503906250e+02
3.201869201660156250e+02
3.409376831054687500e+02
3.345303039550781250e+02
3.305713500976562500e+02
3.166378173828125000e+02
2.550626525878906250e+02
2.411224670410156250e+02
2.568061828613281250e+02
2.416792907714843750e+02
3.001173095703125000e+02
3.146420288085937500e+02
3.025920104980468750e+02
3.396133117675781250e+02
3.451236877441406250e+02
3.137911987304687500e+02
1.608622589111328125e+02
1.681807861328125000e+02
1.678328247070312500e+02
1.690074462890625000e+02
1.668826141357421875e+02
1.677111358642578125e+02
1.804183197021484375e+02
1.653818054199218750e+02
1.560165710449218750e+02
3.351248168945312500e+01
5.159248733520507812e+01
2.825906753540039062e+01
3.243676757812500000e+01
5.330106735229492188e+01
2.937069702148437500e+01
2.993278694152832031e+01
4.031660079956054688e+01
2.674459838867187500e+01
1.230106201171875000e+02
1.312904968261718750e+02
1.229114837646484375e+02
1.479048614501953125e+02
1.440874176025390625e+02
1.403511657714843750e+02
1.462955627441406250e+02
1.331614837646484375e+02
1.256868896484375000e+02
2.019104766845703125e+02
2.147804565429687500e+02
2.317400512695312500e+02
2.894048767089843750e+02
3.216387329101562500e+02
2.949369812011718750e+02
3.022854003906250000e+02
3.560163574218750000e+02
3.068490905761718750e+02
9.086284637451171875e+00
1.216027927398681641e+01
6.097390651702880859e+00
7.999870300292968750e+00
8.427721023559570312e+00
7.113911151885986328e+00
5.120436668395996094e+00
4.701680183410644531e+00
9.229550361633300781e+00
4.154712295532226562e+01
3.212169647216796875e+01
1.549522018432617188e+01
6.001963043212890625e+01
5.177601623535156250e+01
1.940846061706542969e+01
8.241309356689453125e+01
6.189170455932617188e+01
2.161386489868164062e+01
8.957041015625000000e+02
1.032090209960937500e+03
1.005429931640625000e+03
1.096552368164062500e+03
1.190602416992187500e+03
1.119447265625000000e+03
1.014127807617187500e+03
1.038395507812500000e+03
9.603865966796875000e+02
1.459494495391845703e+01
1.099959373474121094e+01
1.162882232666015625e+01
1.885678291320800781e+01
1.698875045776367188e+01
1.968214416503906250e+01
2.190624046325683594e+01
2.307513618469238281e+01
2.813881683349609375e+01
8.609856605529785156e+00
6.231581211090087891e+00
5.534926891326904297e+00
1.286671257019042969e+01
1.099864482879638672e+01
9.741313934326171875e+00
1.261876773834228516e+01
2.219869804382324219e+01
2.284327507019042969e+01
9.618909454345703125e+01
1.013602676391601562e+02
8.243832397460937500e+01
1.218914947509765625e+02
1.187930984497070312e+02
8.568977355957031250e+01
1.339221343994140625e+02
1.280400390625000000e+02
8.648045349121093750e+01
1.428969268798828125e+02
1.271054306030273438e+02
1.384249877929687500e+02
1.793118286132812500e+02
1.687810363769531250e+02
1.650831756591796875e+02
2.042674102783203125e+02
1.827506866455078125e+02
1.695648803710937500e+02
8.377476501464843750e+01
7.514675903320312500e+01
4.524670791625976562e+01
8.444719696044921875e+01
8.019119262695312500e+01
4.605479431152343750e+01
9.884735107421875000e+01
9.887950897216796875e+01
5.942288208007812500e+01
2.719199218750000000e+02
2.224702453613281250e+02
2.293067321777343750e+02
3.204473266601562500e+02
2.483682708740234375e+02
2.020898742675781250e+02
3.216883850097656250e+02
2.244314575195312500e+02
1.528192749023437500e+02
9.250942993164062500e+01
2.871174812316894531e+01
4.961873626708984375e+01
1.256000213623046875e+02
7.768023681640625000e+01
1.010579528808593750e+02
1.632077026367187500e+02
1.628355560302734375e+02
1.649126434326171875e+02
2.545320434570312500e+02
3.120404052734375000e+02
3.473442382812500000e+02
3.052398986816406250e+02
3.711449279785156250e+02
4.146843261718750000e+02
3.172062377929687500e+02
3.646480102539062500e+02
4.204413452148437500e+02
4.275231018066406250e+02
4.832787170410156250e+02
5.181629638671875000e+02
3.495523071289062500e+02
3.235633239746093750e+02
3.459323425292968750e+02
3.323368530273437500e+02
2.791096191406250000e+02
3.568488159179687500e+02
2.106597900390625000e+02
1.889504394531250000e+02
3.357500915527343750e+02
4.381546020507812500e+01
7.586699676513671875e+01
2.832070922851562500e+02
-1.363265800476074219e+01
2.916831779479980469e+01
2.555102691650390625e+02
6.017608642578125000e+00
1.258964920043945312e+01
4.686522674560546875e+01
1.355874347686767578e+01
7.325989246368408203e+00
4.031766510009765625e+01
1.179898071289062500e+01
1.228700637817382812e+01
5.614828491210937500e+01
3.146008300781250000e+01
2.858808994293212891e+00
3.576022338867187500e+01
-2.325823020935058594e+01
-5.955535888671875000e+01
-2.140871810913085938e+01
-7.761250305175781250e+01
-1.375017242431640625e+02
-1.177958221435546875e+02
9.077515869140625000e+02
7.797684326171875000e+02
7.107121582031250000e+02
7.256380004882812500e+02
6.730041503906250000e+02
6.710350341796875000e+02
6.875609741210937500e+02
7.291192626953125000e+02
7.983547363281250000e+02
-5.646711826324462891e+00
7.698050737380981445e-01
-1.295090317726135254e+00
8.636310577392578125e+00
-1.369292259216308594e+00
-2.041207551956176758e+00
1.945644760131835938e+01
1.245350933074951172e+01
2.164485359191894531e+01
5.402765274047851562e+01
1.212646179199218750e+02
1.187349700927734375e+02
1.056571731567382812e+02
1.895749816894531250e+02
1.682065582275390625e+02
7.555946350097656250e+01
1.722874755859375000e+02
1.515393218994140625e+02
6.092233276367187500e+02
7.001480102539062500e+02
9.155367431640625000e+02
-5.225418090820312500e+00
2.340896148681640625e+02
5.750068969726562500e+02
7.349028015136718750e+01
2.117272796630859375e+02
5.187346191406250000e+02
8.867918395996093750e+01
9.994537353515625000e+01
1.103641052246093750e+02
1.049604797363281250e+02
9.975415039062500000e+01
1.075103912353515625e+02
1.176091079711914062e+02
1.170239868164062500e+02
1.076826858520507812e+02
3.278669357299804688e+01
5.438519287109375000e+01
5.504106903076171875e+01
3.746329879760742188e+01
5.226850891113281250e+01
6.476659393310546875e+01
5.863069152832031250e+01
4.499395751953125000e+01
4.193611907958984375e+01
1.340701904296875000e+02
1.561266479492187500e+02
1.250359039306640625e+02
1.035014953613281250e+02
1.509790649414062500e+02
1.294098052978515625e+02
7.011032104492187500e+01
1.092302856445312500e+02
1.106468200683593750e+02
3.299741516113281250e+02
2.366430511474609375e+02
1.025759658813476562e+02
2.197240905761718750e+02
1.510435028076171875e+02
-3.091533184051513672e+00
1.116923370361328125e+02
9.730036926269531250e+01
-6.409129333496093750e+01
9.426011657714843750e+01
1.218879318237304688e+02
1.559708251953125000e+02
3.761581802368164062e+01
9.122406005859375000e+01
1.426069183349609375e+02
5.107661819458007812e+01
8.549765014648437500e+01
1.348342895507812500e+02
1.065703735351562500e+02
5.442026138305664062e+01
1.093955993652343750e+02
-3.453622817993164062e+00
-6.014064788818359375e+01
-5.416727828979492188e+01
-4.888779449462890625e+01
-6.504624176025390625e+01
-1.073458862304687500e+02
1.213583862304687500e+03
1.406741943359375000e+03
1.182242675781250000e+03
1.222367187500000000e+03
1.416275634765625000e+03
1.068185668945312500e+03
1.463697265625000000e+03
1.613081787109375000e+03
1.302040649414062500e+03
3.624826354980468750e+02
3.497752990722656250e+02
4.690397949218750000e+02
3.243947448730468750e+02
3.112998962402343750e+02
4.627933044433593750e+02
2.923852539062500000e+02
2.661406250000000000e+02
4.797424621582031250e+02
-3.984483032226562500e+02
-3.857743835449218750e+02
-3.356360168457031250e+02
-3.926916198730468750e+02
-3.931111450195312500e+02
-3.372995605468750000e+02
-3.839369812011718750e+02
-3.729650268554687500e+02
-3.110660400390625000e+02
-1.801330718994140625e+02
-1.890770263671875000e+02
-1.932197418212890625e+02
-1.510870208740234375e+02
-1.630635223388671875e+02
-1.729779663085937500e+02
-1.537367858886718750e+02
-1.669396972656250000e+02
-1.618929290771484375e+02
-9.176204681396484375e+00
6.056823730468750000e+00
-2.718249559402465820e+00
-1.161146640777587891e+00
2.378903150558471680e+00
-8.923740386962890625e+00
-4.122675895690917969e+00
-6.436048507690429688e+00
-8.464669227600097656e+00
-2.137130584716796875e+02
-1.968263092041015625e+02
-1.600237274169921875e+02
-2.181840667724609375e+02
-1.940843811035156250e+02
-1.466457977294921875e+02
-2.225779571533203125e+02
-1.800982055664062500e+02
-1.449336090087890625e+02
-1.279829559326171875e+02
-2.577062988281250000e+01
-8.388138580322265625e+01
-1.859732971191406250e+02
-8.226569366455078125e+01
-1.473212280273437500e+02
-1.370193634033203125e+02
-5.258468627929687500e+01
-1.171868515014648438e+02
-2.585157632827758789e+00
-5.346086502075195312e+00
-3.312101125717163086e+00
-3.709841489791870117e+00
-5.283370971679687500e+00
-3.803858518600463867e+00
-3.550739288330078125e+00
-4.527337074279785156e+00
-1.128533244132995605e+00
-1.015257930755615234e+01
2.195689201354980469e+00
6.747218132019042969e+00
-1.762090301513671875e+01
-2.107688903808593750e+00
-5.157825946807861328e-01
4.734787464141845703e+00
1.403932952880859375e+01
9.920760154724121094e+00
-1.654842895507812500e+03
-1.484364257812500000e+03
-1.230260009765625000e+03
-1.641657470703125000e+03
-1.446168945312500000e+03
-1.235531005859375000e+03
-1.545274291992187500e+03
-1.364663818359375000e+03
-1.197640747070312500e+03
9.952142238616943359e-01
6.047165393829345703e+00
3.332653522491455078e+00
6.201317310333251953e-01
5.297451972961425781e+00
3.428070545196533203e+00
2.098380923271179199e-01
6.765851020812988281e+00
4.931509494781494141e+00
-1.018863558769226074e+00
-1.030994892120361328e+00
-1.983767986297607422e+00
-6.592372894287109375e+00
-8.219004631042480469e+00
-7.686031818389892578e+00
3.050335049629211426e-01
-1.791033744812011719e+00
-2.172036409378051758e+00
-1.498909606933593750e+02
-1.333609924316406250e+02
-1.104333496093750000e+02
-1.448083953857421875e+02
-1.353694610595703125e+02
-1.175314788818359375e+02
-1.199377746582031250e+02
-1.171020965576171875e+02
-1.062420806884765625e+02
-2.577034606933593750e+02
-2.983291931152343750e+02
-2.637332458496093750e+02
-2.339365081787109375e+02
-2.733821716308593750e+02
-2.164184112548828125e+02
-2.215124359130859375e+02
-2.478153686523437500e+02
-1.977631530761718750e+02
-1.095677337646484375e+02
-1.046270370483398438e+02
-1.035833282470703125e+02
-1.063695220947265625e+02
-1.029022216796875000e+02
-9.968708801269531250e+01
-9.969309997558593750e+01
-9.663800811767578125e+01
-8.777615356445312500e+01
-6.110865478515625000e+02
-5.385820312500000000e+02
-4.464597778320312500e+02
-6.451397094726562500e+02
-5.517021484375000000e+02
-4.502441101074218750e+02
-6.359758300781250000e+02
-5.612591552734375000e+02
-4.735689697265625000e+02
-2.855311965942382812e+01
-1.908862304687500000e+01
-1.304346179962158203e+01
-1.398093318939208984e+01
-5.243750572204589844e+00
-1.948153257369995117e+00
-9.508514404296875000e-01
1.113553714752197266e+01
2.367839431762695312e+01
-3.393622741699218750e+02
-2.011903991699218750e+02
-2.016403808593750000e+02
-3.155892944335937500e+02
-1.628592224121093750e+02
-1.924679412841796875e+02
-2.853314819335937500e+02
-1.510741882324218750e+02
-1.985540466308593750e+02
1.176523132324218750e+02
1.211218032836914062e+02
1.335987243652343750e+02
9.790596008300781250e+01
1.043955993652343750e+02
1.239473800659179688e+02
1.214922409057617188e+02
1.288496704101562500e+02
1.469747161865234375e+02
1.510799255371093750e+02
1.475720367431640625e+02
1.441930694580078125e+02
1.566208648681640625e+02
1.582630615234375000e+02
1.565335388183593750e+02
2.035451049804687500e+02
2.094670867919921875e+02
2.109611053466796875e+02
6.830331325531005859e+00
9.623084068298339844e+00
2.000903606414794922e+00
6.285601615905761719e+00
7.964583873748779297e+00
8.938956260681152344e+00
2.443227291107177734e+00
3.356871843338012695e+00
5.928170204162597656e+00
1.628286552429199219e+01
2.463506317138671875e+01
2.327514266967773438e+01
1.420165348052978516e+01
2.287380218505859375e+01
1.941189384460449219e+01
1.635060119628906250e+01
2.430369758605957031e+01
2.012219619750976562e+01
5.969144058227539062e+01
8.575529479980468750e+01
5.871127700805664062e+01
8.300761413574218750e+01
1.069737777709960938e+02
8.026480102539062500e+01
5.581594085693359375e+01
8.493078613281250000e+01
6.712272644042968750e+01
1.401308298110961914e+00
1.799383759498596191e+00
2.017694473266601562e+00
3.412952899932861328e+00
1.952648162841796875e+00
1.134119153022766113e+00
7.675167560577392578e+00
9.450917243957519531e+00
1.019016170501708984e+01
1.531722564697265625e+02
1.503778381347656250e+02
1.621558532714843750e+02
1.464464721679687500e+02
1.457944946289062500e+02
1.525871276855468750e+02
8.830815124511718750e+01
9.317626190185546875e+01
1.033563308715820312e+02
2.009832153320312500e+02
2.409339752197265625e+02
2.411387329101562500e+02
1.263981552124023438e+02
1.721627502441406250e+02
1.784447937011718750e+02
1.710237426757812500e+02
2.113115539550781250e+02
2.252922668457031250e+02
1.769608616828918457e+00
4.821437358856201172e+00
4.800292968750000000e+00
2.971602201461791992e+00
6.262150287628173828e+00
6.281629085540771484e+00
2.969894170761108398e+00
4.943766593933105469e+00
5.188673496246337891e+00
1.193991661071777344e+00
1.619446396827697754e+00
3.478225708007812500e+00
5.570894241333007812e+00
6.755159378051757812e+00
6.902356147766113281e+00
-2.370513200759887695e+00
-2.864373683929443359e+00
-4.593240737915039062e+00
2.579180335998535156e+01
2.385414886474609375e+01
2.674852371215820312e+01
2.181225204467773438e+01
1.842864227294921875e+01
2.151140594482421875e+01
1.035961341857910156e+01
1.126084804534912109e+01
1.585245895385742188e+01
1.105517673492431641e+01
9.441325187683105469e+00
2.277635765075683594e+01
1.620912361145019531e+01
1.425102996826171875e+01
1.978959465026855469e+01
2.978918266296386719e+01
2.423460769653320312e+01
2.593992805480957031e+01
1.090918807983398438e+02
1.143596038818359375e+02
1.173249130249023438e+02
1.125603179931640625e+02
1.192986450195312500e+02
1.233063812255859375e+02
1.059970321655273438e+02
1.135703277587890625e+02
1.158910369873046875e+02
5.904519653320312500e+01
9.625241851806640625e+01
1.194825515747070312e+02
7.561814880371093750e+01
1.009131927490234375e+02
1.180346450805664062e+02
8.856553649902343750e+01
9.804067993164062500e+01
1.174570617675781250e+02
1.236386337280273438e+02
1.357455444335937500e+02
1.459380798339843750e+02
1.514587097167968750e+02
1.626271209716796875e+02
1.700304565429687500e+02
6.544823455810546875e+01
7.122687530517578125e+01
7.552870178222656250e+01
1.587667083740234375e+02
1.944830932617187500e+02
1.543112335205078125e+02
1.004361190795898438e+02
1.379355926513671875e+02
1.064086227416992188e+02
1.096467056274414062e+02
1.543150329589843750e+02
1.282222595214843750e+02
-3.384407043457031250e+01
-5.194068908691406250e+01
-6.099921798706054688e+01
-3.783952331542968750e+01
-5.798788070678710938e+01
-5.853337860107421875e+01
-4.983283996582031250e+01
-6.667445373535156250e+01
-6.352708435058593750e+01
-5.324401855468750000e+01
-7.942636871337890625e+01
-5.427588272094726562e+01
-7.111619567871093750e+01
-8.412734222412109375e+01
-5.246416091918945312e+01
-4.746717453002929688e+01
-4.112933349609375000e+01
-6.113741874694824219e+00
-9.165939331054687500e+00
-2.313275718688964844e+01
-1.767790603637695312e+01
-1.425521850585937500e+01
-2.684600257873535156e+01
-1.394150829315185547e+01
-2.411455345153808594e+01
-2.427458381652832031e+01
-7.384247779846191406e+00
4.066521167755126953e+00
-9.327515602111816406e+00
-2.265988349914550781e+01
-4.994891166687011719e+00
-2.102134323120117188e+01
-4.096208572387695312e+01
-2.257777976989746094e+01
-4.210003280639648438e+01
-5.186641311645507812e+01
-3.331775283813476562e+01
-4.879954910278320312e+01
-4.872792434692382812e+01
-3.201250076293945312e+01
-5.978500747680664062e+01
-6.322315597534179688e+01
-3.887990188598632812e+01
-6.602684783935546875e+01
-7.435468292236328125e+01
-9.009654998779296875e+00
-8.522027969360351562e+00
-8.392881393432617188e+00
-7.704955577850341797e+00
4.474725723266601562e-01
2.033987045288085938e+00
-2.382764816284179688e+00
2.210554599761962891e+00
4.339355468750000000e+00
-3.475313949584960938e+01
-3.770074081420898438e+01
-2.715729713439941406e+01
-1.597639465332031250e+01
-1.742158508300781250e+01
-7.850557804107666016e+00
-1.400743007659912109e+01
-9.186756134033203125e+00
1.227164983749389648e+00
-4.511380767822265625e+01
-1.190341110229492188e+02
-1.768743438720703125e+02
-1.322820434570312500e+02
-2.292067108154296875e+02
-2.882309875488281250e+02
-2.169367980957031250e+02
-2.926945190429687500e+02
-2.945183715820312500e+02
-1.267307281494140625e+01
-1.085479164123535156e+01
-8.440567970275878906e+00
-8.345200538635253906e+00
-6.593394756317138672e+00
-6.009831905364990234e+00
-3.565157890319824219e+00
-2.560346126556396484e+00
-2.309878826141357422e+00
-1.207451152801513672e+01
-7.792446613311767578e+00
-4.159993171691894531e+00
-1.333306431770324707e+00
-2.503750562667846680e+00
-1.572203516960144043e+00
5.445865392684936523e-01
-7.937564253807067871e-01
-9.482308030128479004e-01
-1.277517890930175781e+01
-2.648921775817871094e+01
-3.503403854370117188e+01
-2.533688735961914062e+01
-3.949992370605468750e+01
-4.148715209960937500e+01
-3.487917709350585938e+01
-4.281114959716796875e+01
-3.535099792480468750e+01
4.850622653961181641e+00
-1.502767801284790039e+00
-8.903970718383789062e+00
-8.673956871032714844e+00
-1.821843719482421875e+01
-2.276083564758300781e+01
-1.791956520080566406e+01
-3.392631149291992188e+01
-4.508301162719726562e+01
-4.288616180419921875e+01
-3.966464233398437500e+01
-2.533097076416015625e+01
-3.492819595336914062e+01
-2.887695312500000000e+01
-1.800050926208496094e+01
-1.688500785827636719e+01
-1.327708148956298828e+01
-6.165662765502929688e+00
1.169918537139892578e+00
-5.355201721191406250e+00
-3.317646026611328125e+01
-2.997444915771484375e+01
-4.310999679565429688e+01
-6.157402038574218750e+01
-6.020572280883789062e+01
-6.597528076171875000e+01
-6.215714645385742188e+01
-2.054274902343750000e+02
-1.292685546875000000e+02
-1.089180755615234375e+02
-9.042763519287109375e+01
-5.296989822387695312e+01
-4.460709762573242188e+01
-3.184995460510253906e+01
-1.921249580383300781e+01
-2.717743301391601562e+01
-3.883566284179687500e+01
-6.929002380371093750e+01
-8.227597808837890625e+01
-4.340691757202148438e+01
-8.185157775878906250e+01
-8.688307952880859375e+01
-5.215331268310546875e+01
-8.277149200439453125e+01
-7.353050231933593750e+01
1.034906738281250000e+03
1.025559448242187500e+03
8.593344116210937500e+02
9.891649169921875000e+02
9.052289428710937500e+02
7.396185913085937500e+02
7.585997924804687500e+02
6.689775390625000000e+02
6.003948364257812500e+02
3.146581420898437500e+02
2.030021209716796875e+02
2.104538421630859375e+02
2.808679504394531250e+02
1.959464721679687500e+02
1.742737884521484375e+02
2.722625427246093750e+02
2.368260650634765625e+02
2.385919799804687500e+02
5.394905471801757812e+01
1.266067218780517578e+01
-8.044975280761718750e+00
5.621186828613281250e+01
1.245555591583251953e+01
2.051113319396972656e+01
6.999263000488281250e+01
4.543400573730468750e+01
4.333241271972656250e+01
5.605088500976562500e+02
4.152216491699218750e+02
3.593211059570312500e+02
4.471058654785156250e+02
3.433004760742187500e+02
2.579509887695312500e+02
2.633054809570312500e+02
2.310652160644531250e+02
1.725205230712890625e+02
6.552247314453125000e+02
5.597052001953125000e+02
5.768888549804687500e+02
5.167732543945312500e+02
2.928677673339843750e+02
3.446944885253906250e+02
2.273765869140625000e+02
2.830670166015625000e+02
4.278800048828125000e+02
-1.618853378295898438e+01
-3.533566951751708984e+00
-4.013910889625549316e-01
1.171420764923095703e+01
1.976546669006347656e+01
2.803300857543945312e+01
3.686092758178710938e+01
4.004983139038085938e+01
1.713530158996582031e+01
3.036103439331054688e+01
2.107900810241699219e+01
2.758297348022460938e+01
2.781455612182617188e+01
2.189894676208496094e+01
2.002045631408691406e+01
-1.548915195465087891e+01
7.454380989074707031e+00
1.584977388381958008e+00
3.825784179687500000e+03
3.199652587890625000e+03
2.632636718750000000e+03
2.634813476562500000e+03
2.228457275390625000e+03
2.005142333984375000e+03
2.175577148437500000e+03
2.267644775390625000e+03
2.253612792968750000e+03
7.882473754882812500e+01
7.980788421630859375e+01
7.249163055419921875e+01
7.379659271240234375e+01
7.143299102783203125e+01
5.699340820312500000e+01
5.684957504272460938e+01
4.368493652343750000e+01
1.730685043334960938e+01
4.004835510253906250e+01
3.945473480224609375e+01
3.805155563354492188e+01
5.318836212158203125e+01
4.279766845703125000e+01
5.039147567749023438e+01
6.599864959716796875e+01
4.345327377319335938e+01
5.429814147949218750e+01
3.464797973632812500e+02
2.952892150878906250e+02
2.530776672363281250e+02
2.295536041259765625e+02
2.172826232910156250e+02
2.253009185791015625e+02
2.469058837890625000e+02
3.140109558105468750e+02
3.239182128906250000e+02
6.454544677734375000e+02
7.950692749023437500e+02
6.644054565429687500e+02
6.503029174804687500e+02
6.922587890625000000e+02
6.345667724609375000e+02
5.591139526367187500e+02
6.002559814453125000e+02
6.825527343750000000e+02
1.693068237304687500e+02
1.375422973632812500e+02
1.744046173095703125e+02
2.085624084472656250e+02
1.750531463623046875e+02
1.958468017578125000e+02
2.297380828857421875e+02
1.700639038085937500e+02
1.736276855468750000e+02
1.106502563476562500e+03
1.109139892578125000e+03
9.602065429687500000e+02
8.248435058593750000e+02
7.703331909179687500e+02
7.350745239257812500e+02
6.810878295898437500e+02
6.326699218750000000e+02
6.966334228515625000e+02
4.449460449218750000e+02
6.338152465820312500e+02
6.589379272460937500e+02
6.759939575195312500e+02
7.628285522460937500e+02
6.981416015625000000e+02
5.930827636718750000e+02
4.250625610351562500e+02
3.383886108398437500e+02
9.705875244140625000e+02
6.717172241210937500e+02
5.246619873046875000e+02
8.156152954101562500e+02
5.818581542968750000e+02
4.693730468750000000e+02
6.513597412109375000e+02
5.224408569335937500e+02
4.644073486328125000e+02
1.205575439453125000e+03
1.520504882812500000e+03
1.304349121093750000e+03
1.203483154296875000e+03
1.437318359375000000e+03
1.221234008789062500e+03
1.346413085937500000e+03
1.414613891601562500e+03
1.199557739257812500e+03
7.112988281250000000e+02
9.801538696289062500e+02
6.307759399414062500e+02
5.106726989746093750e+02
8.034995117187500000e+02
4.579740600585937500e+02
2.604118652343750000e+02
3.660635986328125000e+02
1.513373413085937500e+02
8.674177551269531250e+01
2.342794189453125000e+02
8.648992919921875000e+01
1.226076965332031250e+02
2.193046569824218750e+02
-1.255468273162841797e+01
1.678555297851562500e+02
1.765893249511718750e+02
-5.142649841308593750e+01
7.190214233398437500e+02
7.194318237304687500e+02
8.221691284179687500e+02
5.782158813476562500e+02
6.124860229492187500e+02
8.361926879882812500e+02
5.520717163085937500e+02
5.890735473632812500e+02
6.496559448242187500e+02
6.459576416015625000e+02
1.628745117187500000e+02
3.702072448730468750e+02
1.152969726562500000e+03
6.438875122070312500e+02
6.526472167968750000e+02
6.203569946289062500e+02
8.715994262695312500e+01
2.474616394042968750e+02
9.458053588867187500e+00
6.839211940765380859e+00
-3.858900833129882812e+01
-2.094761848449707031e+01
-1.656163024902343750e+01
-2.820748710632324219e+01
-8.783836364746093750e+00
5.484704017639160156e+00
1.553387546539306641e+01
2.294628753662109375e+02
1.067020034790039062e+02
-1.493075180053710938e+01
3.806253051757812500e+02
2.606544494628906250e+02
7.758985137939453125e+01
4.287887878417968750e+02
2.933576049804687500e+02
1.670536499023437500e+02
5.402694335937500000e+03
5.441206542968750000e+03
5.657984375000000000e+03
4.437197265625000000e+03
4.645220703125000000e+03
4.841836425781250000e+03
3.959190917968750000e+03
3.791423339843750000e+03
3.620683349609375000e+03
-3.285145568847656250e+01
-5.221014022827148438e+01
-6.160392379760742188e+01
-3.558351039886474609e+00
-1.959909248352050781e+01
-3.201001739501953125e+01
4.799443721771240234e+00
-3.002519607543945312e-01
-1.064021110534667969e+01
-6.468849182128906250e+01
-1.247316551208496094e+01
9.884778976440429688e+00
-5.144907760620117188e+01
-1.676790237426757812e+01
-2.230986785888671875e+01
2.134938621520996094e+01
5.272594070434570312e+01
3.208080291748046875e+01
4.046500244140625000e+02
4.855508117675781250e+02
4.983092041015625000e+02
4.660156860351562500e+02
4.875819091796875000e+02
3.747276000976562500e+02
3.644852905273437500e+02
3.423991088867187500e+02
2.064232025146484375e+02
5.038900146484375000e+02
7.410941772460937500e+02
6.851681518554687500e+02
4.651060791015625000e+02
5.890747680664062500e+02
5.365335693359375000e+02
6.599436035156250000e+02
7.559673461914062500e+02
6.594945678710937500e+02
4.558232116699218750e+02
4.031121826171875000e+02
2.420671081542968750e+02
3.808693542480468750e+02
3.306129455566406250e+02
2.245527801513671875e+02
3.969514160156250000e+02
3.106483764648437500e+02
2.316815338134765625e+02
2.234492919921875000e+03
2.153409423828125000e+03
2.027158569335937500e+03
2.218504882812500000e+03
1.951290039062500000e+03
1.625539062500000000e+03
2.048615966796875000e+03
1.749156250000000000e+03
1.228321533203125000e+03
-8.984928588867187500e+02
-1.170518920898437500e+03
-1.156419799804687500e+03
-7.594940185546875000e+02
-8.745542602539062500e+02
-8.590878295898437500e+02
-1.439220733642578125e+02
-2.995399475097656250e+02
-3.053345336914062500e+02
1.475320800781250000e+03
1.350564575195312500e+03
1.585107788085937500e+03
1.382605346679687500e+03
1.300110351562500000e+03
1.357040161132812500e+03
1.276572143554687500e+03
1.150451660156250000e+03
1.133347778320312500e+03
-1.511239257812500000e+03
-1.650438354492187500e+03
-1.851964355468750000e+03
-1.390012939453125000e+03
-1.532201171875000000e+03
-1.729737915039062500e+03
-1.278004516601562500e+03
-1.431291992187500000e+03
-1.600051879882812500e+03
-3.337613830566406250e+02
-3.519350280761718750e+02
-2.680875854492187500e+02
-3.044122009277343750e+02
-3.804944458007812500e+02
-3.450052795410156250e+02
-4.042961730957031250e+02
-5.132664794921875000e+02
-5.320267944335937500e+02
-6.788119506835937500e+01
-1.333227081298828125e+02
-9.031793212890625000e+01
-6.586656188964843750e+01
-1.144392547607421875e+02
-1.179386367797851562e+02
-7.353765106201171875e+01
-1.139481048583984375e+02
-1.301546325683593750e+02
-1.888968200683593750e+02
-3.106840209960937500e+02
-3.525437011718750000e+02
-1.532341156005859375e+02
-3.106673278808593750e+02
-3.483737792968750000e+02
-1.585157775878906250e+02
-2.911500244140625000e+02
-3.347178649902343750e+02
-2.635567138671875000e+03
-2.844295898437500000e+03
-2.436770019531250000e+03
-2.440060791015625000e+03
-2.642194580078125000e+03
-2.232093994140625000e+03
-2.111455078125000000e+03
-2.277708984375000000e+03
-1.906260375976562500e+03
-3.800045394897460938e+01
-4.912229156494140625e+01
-8.646298217773437500e+01
-3.635613632202148438e+01
-5.401894760131835938e+01
-8.767089080810546875e+01
-4.172618103027343750e+01
-6.656800079345703125e+01
-6.426103973388671875e+01
-3.167613525390625000e+02
-2.938664550781250000e+02
-3.628197937011718750e+02
-3.531554565429687500e+02
-3.666155395507812500e+02
-3.571036071777343750e+02
-3.702279357910156250e+02
-4.079695129394531250e+02
-3.508181762695312500e+02
-2.512402832031250000e+03
-3.253779541015625000e+03
-3.607582763671875000e+03
-1.837638549804687500e+03
-2.656630371093750000e+03
-3.050308349609375000e+03
-1.775116333007812500e+03
-2.530697021484375000e+03
-3.009614990234375000e+03
-4.330651855468750000e+02
-4.701165161132812500e+02
-4.501745605468750000e+02
-4.121123962402343750e+02
-4.376097412109375000e+02
-4.233795166015625000e+02
-3.514498291015625000e+02
-3.627734375000000000e+02
-3.559516296386718750e+02
-2.274397888183593750e+02
-2.157937316894531250e+02
-1.915875396728515625e+02
-2.055391387939453125e+02
-2.102804870605468750e+02
-2.064514160156250000e+02
-1.775497283935546875e+02
-1.710955047607421875e+02
-1.831237640380859375e+02
-6.173097534179687500e+02
-6.270583496093750000e+02
-7.097156982421875000e+02
-5.281737670898437500e+02
-5.755883789062500000e+02
-6.529743041992187500e+02
-5.011470642089843750e+02
-5.662429199218750000e+02
-6.566306152343750000e+02
-3.387477416992187500e+02
-3.618581848144531250e+02
-5.865263671875000000e+02
-4.327089233398437500e+02
-4.605794677734375000e+02
-6.695600585937500000e+02
-5.443046264648437500e+02
-6.193999633789062500e+02
-7.771142578125000000e+02
-2.666976318359375000e+02
-2.850144958496093750e+02
-2.594178161621093750e+02
-3.397852783203125000e+02
-3.650029907226562500e+02
-3.407288208007812500e+02
-4.096385803222656250e+02
-4.375565795898437500e+02
-4.113545837402343750e+02
-2.260144042968750000e+02
-4.940590820312500000e+02
-7.232284545898437500e+02
-1.530335998535156250e+02
-4.095829467773437500e+02
-6.285781860351562500e+02
-1.274257812500000000e+02
-4.568697204589843750e+02
-6.510552368164062500e+02
-3.742755126953125000e+03
-3.866763671875000000e+03
-3.822153808593750000e+03
-4.249677734375000000e+03
-4.315723632812500000e+03
-4.102078125000000000e+03
-4.279881835937500000e+03
-4.199614746093750000e+03
-3.863979736328125000e+03
-1.658256958007812500e+03
-2.205813232421875000e+03
-1.853584350585937500e+03
-1.494577392578125000e+03
-1.969723266601562500e+03
-1.665530395507812500e+03
-1.334368041992187500e+03
-1.712499267578125000e+03
-1.493872680664062500e+03
-2.134842300415039062e+01
-2.008503913879394531e+01
-2.005048561096191406e+01
-1.670811080932617188e+01
-1.685071182250976562e+01
-1.719667243957519531e+01
-1.441182708740234375e+01
-1.553643894195556641e+01
-1.300840854644775391e+01
-4.044703960418701172e+00
-2.375728368759155273e+00
-3.902365922927856445e+00
-5.376876831054687500e+00
-3.545830726623535156e+00
-8.861112594604492188e+00
-8.837673187255859375e+00
-3.764404058456420898e+00
-1.230483055114746094e+01
-1.198259711265563965e+00
-1.099529862403869629e+00
-1.585592627525329590e+00
-1.176613688468933105e+00
-6.130968332290649414e-01
-1.913440704345703125e+00
-4.282646179199218750e-01
-6.646601855754852295e-02
-7.873241305351257324e-01
-2.747727870941162109e+00
-1.874082565307617188e+00
-3.679231405258178711e+00
-4.115217685699462891e+00
-4.386282563209533691e-01
-1.485421299934387207e+00
-6.127730369567871094e+00
5.295015871524810791e-02
4.667494893074035645e-01
-2.594108772277832031e+01
-4.657741546630859375e+01
-4.195122528076171875e+01
-2.803972434997558594e+01
-4.671047210693359375e+01
-4.597537612915039062e+01
-2.019366455078125000e+01
-3.586716461181640625e+01
-4.127705383300781250e+01
-4.253545701503753662e-01
-5.416389703750610352e-01
-7.660619616508483887e-01
-4.886342585086822510e-01
-6.199409067630767822e-02
-2.282530814409255981e-01
-1.105265170335769653e-01
7.490583229809999466e-03
-1.246677413582801819e-01
-9.315834045410156250e+00
-1.043369388580322266e+01
-1.485606098175048828e+01
-4.800569534301757812e+00
-9.128008842468261719e+00
-1.084166908264160156e+01
-2.859151840209960938e+00
-8.154967308044433594e+00
-1.218650245666503906e+01
-1.884134101867675781e+01
-2.064484977722167969e+01
-3.782733535766601562e+01
-2.464485168457031250e+01
-6.422814369201660156e+00
-1.707873535156250000e+01
-4.437757492065429688e+01
-1.607323455810546875e+01
-1.560933876037597656e+01
-3.399974346160888672e+00
-4.135985374450683594e+00
-4.825685501098632812e+00
-1.430836677551269531e+00
-2.314532518386840820e+00
-3.096004486083984375e+00
-4.153899252414703369e-01
-7.342340946197509766e-01
-1.400184988975524902e+00
-1.016676306724548340e+00
-2.007835149765014648e+00
-3.520552873611450195e+00
-7.683853507041931152e-01
-1.280006527900695801e+00
-4.490643501281738281e+00
-2.415974289178848267e-01
-1.584108918905258179e-02
-1.610143184661865234e+00
-9.275564193725585938e+00
-1.093184089660644531e+01
-8.600709915161132812e+00
-9.015093803405761719e+00
-9.723787307739257812e+00
-7.420004844665527344e+00
-7.557309150695800781e+00
-7.899158000946044922e+00
-7.590192794799804688e+00
-6.782670497894287109e+00
-6.969803810119628906e+00
-4.732849597930908203e+00
-1.981900596618652344e+01
-2.314866447448730469e+01
-1.582161426544189453e+01
-2.446638107299804688e+01
-3.165196800231933594e+01
-2.126316642761230469e+01
-4.056173324584960938e+00
-5.384165763854980469e+00
-7.877387523651123047e+00
-4.599478721618652344e+00
-7.128717899322509766e+00
-1.272440624237060547e+01
-5.007715225219726562e+00
-6.487642765045166016e+00
-1.232932472229003906e+01
-6.899259090423583984e+00
-7.090723514556884766e+00
-4.437371253967285156e+00
-8.200582504272460938e+00
-1.212305927276611328e+01
-3.459444046020507812e+00
-1.248530101776123047e+01
-1.441705036163330078e+01
-7.701373577117919922e+00
-4.635423660278320312e+01
-6.474051666259765625e+01
-8.062856292724609375e+01
-3.481330871582031250e+01
-6.148517227172851562e+01
-8.530390167236328125e+01
-1.947701454162597656e+01
-4.025215911865234375e+01
-6.306690597534179688e+01
-1.257357978820800781e+01
-1.925776290893554688e+01
-2.859838867187500000e+01
-8.586933135986328125e+00
-1.132215881347656250e+01
-1.881800079345703125e+01
-6.184437274932861328e+00
-7.576404571533203125e+00
-1.259873867034912109e+01
-6.307338867187500000e+02
-7.182083740234375000e+02
-6.566911010742187500e+02
-5.299876708984375000e+02
-5.983466796875000000e+02
-5.220297851562500000e+02
-4.961146545410156250e+02
-4.859712829589843750e+02
-4.738923645019531250e+02
-2.035850372314453125e+02
-2.157015991210937500e+02
-1.817921295166015625e+02
-1.672776947021484375e+02
-1.859918060302734375e+02
-1.561962432861328125e+02
-2.830999145507812500e+02
-3.281913452148437500e+02
-3.339271850585937500e+02
-2.677549934387207031e+01
-3.003394508361816406e+01
-1.271756362915039062e+01
-3.437037658691406250e+01
-4.027581405639648438e+01
-2.052417755126953125e+00
-2.837629890441894531e+01
-1.648540115356445312e+01
-5.095584869384765625e+00
-5.243725967407226562e+01
-2.854418182373046875e+01
-3.493349838256835938e+01
-1.980772018432617188e+01
-7.652877330780029297e+00
-1.103701972961425781e+01
-2.372289848327636719e+01
1.840921521186828613e+00
2.548848628997802734e+00
-1.126875244140625000e+03
-1.060672729492187500e+03
-1.003838378906250000e+03
-1.084584472656250000e+03
-9.456868896484375000e+02
-9.136451416015625000e+02
-9.205187988281250000e+02
-8.138456420898437500e+02
-7.633670043945312500e+02
-1.017430305480957031e+01
-1.369263935089111328e+01
-3.727277040481567383e+00
-9.380839347839355469e+00
-4.554364681243896484e+00
-1.370053672790527344e+01
-8.878765106201171875e+00
-1.306822681427001953e+01
-2.020754814147949219e+01
-2.736199035644531250e+02
-1.747325134277343750e+02
-1.366066589355468750e+02
-3.506802062988281250e+02
-2.505478515625000000e+02
-1.815595550537109375e+02
-2.537339172363281250e+02
-1.318775024414062500e+02
-1.217549514770507812e+02
-8.513969726562500000e+02
-9.563933715820312500e+02
-8.900815429687500000e+02
-5.574984741210937500e+02
-6.013016357421875000e+02
-4.664712829589843750e+02
-4.518687438964843750e+02
-4.831947937011718750e+02
-3.194955444335937500e+02
-1.600028686523437500e+02
-1.689980773925781250e+02
-1.659660339355468750e+02
-1.561145324707031250e+02
-1.650105285644531250e+02
-1.674366607666015625e+02
-1.433493194580078125e+02
-1.482414245605468750e+02
-1.467147521972656250e+02
-6.001441955566406250e+01
-7.233135986328125000e+01
-7.195865631103515625e+01
-7.743577575683593750e+01
-1.017399444580078125e+02
-8.586484527587890625e+01
-6.694742584228515625e+01
-6.260544967651367188e+01
-6.684620666503906250e+01
-2.692333374023437500e+02
-2.237215118408203125e+02
-2.077038574218750000e+02
-2.639353027343750000e+02
-1.962727966308593750e+02
-1.636807098388671875e+02
-2.417634124755859375e+02
-1.542886352539062500e+02
-1.557732696533203125e+02
-1.024504776000976562e+02
-1.060471267700195312e+02
-1.131701202392578125e+02
-9.897907257080078125e+01
-1.067801666259765625e+02
-1.136156234741210938e+02
-1.472963714599609375e+02
-1.247773361206054688e+02
-1.471712493896484375e+02
-1.936306762695312500e+02
-1.444429016113281250e+02
-1.622474060058593750e+02
-2.289337463378906250e+02
-1.999519500732421875e+02
-2.166914062500000000e+02
-2.410819702148437500e+02
-2.327208099365234375e+02
-2.461671142578125000e+02
-6.322262191772460938e+01
-2.937383651733398438e+01
-5.041445159912109375e+01
-6.415402221679687500e+01
5.278270244598388672e-01
1.470236539840698242e+00
-3.290071105957031250e+01
1.002094364166259766e+01
1.875165367126464844e+01
-1.709659423828125000e+03
-1.635078979492187500e+03
-1.894083251953125000e+03
-1.993859619140625000e+03
-2.019765747070312500e+03
-2.196875732421875000e+03
-1.786885864257812500e+03
-1.805501464843750000e+03
-1.842505371093750000e+03
-6.224490356445312500e+02
-7.084798583984375000e+02
-7.135549316406250000e+02
-5.097257385253906250e+02
-5.714716186523437500e+02
-5.449562377929687500e+02
-4.411827087402343750e+02
-4.828724975585937500e+02
-4.157458496093750000e+02
-6.212111663818359375e+01
1.294896850585937500e+02
2.597694702148437500e+02
-1.427138519287109375e+02
-5.834476089477539062e+01
1.156351699829101562e+02
-1.951202545166015625e+02
-1.538465728759765625e+02
1.333349609375000000e+01
1.716870422363281250e+02
2.018273925781250000e+02
3.035468750000000000e+02
5.752544784545898438e+01
5.554445266723632812e+01
1.630062255859375000e+02
9.900694274902343750e+01
1.115927429199218750e+02
1.991019439697265625e+02
5.175868606567382812e+01
7.397051239013671875e+01
-3.511072921752929688e+01
4.842005157470703125e+01
3.724063491821289062e+01
-5.616568756103515625e+01
4.973900222778320312e+01
1.256791114807128906e+01
-5.825149154663085938e+01
-1.843140716552734375e+02
1.267597198486328125e+02
2.556057434082031250e+02
-1.582411804199218750e+02
1.396582031250000000e+02
2.059354553222656250e+02
-9.501895904541015625e+01
1.289294738769531250e+02
1.465068359375000000e+02
-3.039252929687500000e+02
1.506718444824218750e+02
-5.915676498413085938e+01
-5.574275512695312500e+02
7.908862304687500000e+01
-1.520440216064453125e+02
-3.921152954101562500e+02
1.763549194335937500e+02
-6.590180969238281250e+01
2.638572216033935547e+00
2.041535854339599609e+00
5.690444469451904297e+00
9.356774330139160156e+00
-8.518481254577636719e+00
-1.256335639953613281e+01
4.817962169647216797e+00
-1.282726573944091797e+01
-5.864235401153564453e+00
4.396467590332031250e+02
5.014195556640625000e+02
3.924521484375000000e+02
4.962984924316406250e+02
4.675594482421875000e+02
3.877526855468750000e+02
3.373239135742187500e+02
3.040440673828125000e+02
3.176318054199218750e+02
-7.003547973632812500e+02
4.452586669921875000e+02
1.362877197265625000e+03
-1.073509155273437500e+03
-2.140040893554687500e+02
5.928165893554687500e+02
-7.533990478515625000e+02
-2.052411499023437500e+02
3.439158325195312500e+02
-4.803963851928710938e+01
-5.208464050292968750e+01
-3.420351409912109375e+01
-1.018058776855468750e+02
-9.690760803222656250e+01
-7.157031250000000000e+01
-1.147429656982421875e+02
-9.886177062988281250e+01
-8.187210083007812500e+01
-7.607499694824218750e+01
-5.325763320922851562e+01
-6.210102081298828125e+01
-4.932749176025390625e+01
-4.669575500488281250e+01
-2.871305274963378906e+01
-4.587150192260742188e+01
-5.722889328002929688e+01
-3.301525878906250000e+01
-1.740304946899414062e+01
1.290307006835937500e+02
2.237554168701171875e+01
-7.653565979003906250e+01
2.441547393798828125e+01
-7.720500183105468750e+01
-8.430799102783203125e+01
-6.883871078491210938e+00
-8.726776123046875000e+01
-4.617836914062500000e+02
-3.327317810058593750e+02
-2.557358093261718750e+02
-3.856521301269531250e+02
-2.669123229980468750e+02
-2.748239746093750000e+02
-3.630946350097656250e+02
-1.676508789062500000e+02
-2.155587615966796875e+02
1.544800720214843750e+02
2.052598419189453125e+02
2.380977935791015625e+02
1.571129760742187500e+02
2.669286499023437500e+02
3.036327514648437500e+02
1.501216735839843750e+02
2.671192321777343750e+02
3.184295043945312500e+02
-3.492787933349609375e+01
2.906107788085937500e+02
4.749439086914062500e+02
1.139157333374023438e+02
3.609574584960937500e+02
4.475113525390625000e+02
1.656846313476562500e+02
4.564804077148437500e+02
3.074106750488281250e+02
-6.104889526367187500e+02
-6.263223266601562500e+02
-4.399660949707031250e+02
-8.720847778320312500e+02
-5.271331176757812500e+02
-2.757721862792968750e+02
-7.906145629882812500e+02
-2.313021697998046875e+02
-2.610683059692382812e+01
2.253391723632812500e+02
5.629537353515625000e+02
5.567601318359375000e+02
-9.231217384338378906e+00
3.691605834960937500e+02
3.113807678222656250e+02
-1.908612365722656250e+02
8.282967376708984375e+01
5.837467193603515625e+00
-4.400564575195312500e+01
-6.544675445556640625e+01
-1.026681671142578125e+02
-4.286226272583007812e+01
-6.581072998046875000e+01
-1.090848083496093750e+02
-4.275250625610351562e+01
-6.027592468261718750e+01
-1.014605255126953125e+02
-2.829676818847656250e+01
-3.303096008300781250e+01
-3.289854812622070312e+01
-1.596604251861572266e+01
-2.458029365539550781e+01
-3.137368011474609375e+01
-9.926922798156738281e+00
-2.379959678649902344e+01
-3.346020126342773438e+01
-5.471865653991699219e+00
-8.141744613647460938e+00
-2.167282819747924805e+00
-1.224619269371032715e+00
-8.528456687927246094e+00
-5.029844760894775391e+00
6.982325911521911621e-01
-9.089282989501953125e+00
-5.975651741027832031e+00
-2.027919769287109375e+00
-2.884711074829101562e+01
-2.943958091735839844e+01
-7.507202625274658203e+00
-3.338765716552734375e+01
-3.011546134948730469e+01
-5.405311107635498047e+00
-2.515486335754394531e+01
-2.760582733154296875e+01
-9.668683624267578125e+01
-1.939997406005859375e+02
-9.104709625244140625e+01
-9.344618988037109375e+01
-1.830700531005859375e+02
-7.294862365722656250e+01
-8.628048706054687500e+01
-1.776096343994140625e+02
-7.085021209716796875e+01
7.284992337226867676e-01
-2.026087641716003418e-01
-1.220828175544738770e+00
6.767744198441505432e-03
-2.182073742151260376e-01
-1.707587122917175293e+00
-1.419070363044738770e+00
-1.495563030242919922e+00
-3.956424713134765625e+00
-2.509158325195312500e+01
-2.404156112670898438e+01
-2.893066787719726562e+01
-2.396361160278320312e+01
-2.623583030700683594e+01
-3.341037750244140625e+01
-2.284590721130371094e+01
-2.959906387329101562e+01
-3.180931091308593750e+01
-6.585387420654296875e+01
-2.474021453857421875e+02
-3.174394531250000000e+02
-7.741770172119140625e+01
-2.395984344482421875e+02
-3.107812500000000000e+02
-5.805431365966796875e+01
-1.905869293212890625e+02
-2.696382751464843750e+02
-7.355359077453613281e+00
-1.612499427795410156e+01
-1.455630683898925781e+01
-9.688186645507812500e+00
-1.870512771606445312e+01
-1.809499359130859375e+01
-9.124111175537109375e+00
-1.680278015136718750e+01
-1.640259552001953125e+01
-2.282139301300048828e+00
-5.068393707275390625e+00
-6.604019641876220703e+00
-3.545964956283569336e+00
-5.575989723205566406e+00
-7.407718658447265625e+00
-6.718294620513916016e+00
-7.954565525054931641e+00
-1.051741600036621094e+01
-2.656955909729003906e+01
-2.862883758544921875e+01
-3.726444625854492188e+01
-2.170914840698242188e+01
-2.563240051269531250e+01
-3.088275718688964844e+01
-1.510355567932128906e+01
-2.137018394470214844e+01
-2.897895812988281250e+01
-1.449641323089599609e+01
-4.982350826263427734e+00
-4.652702713012695312e+01
-1.929351043701171875e+01
-1.172709846496582031e+01
-5.018087005615234375e+01
-3.223273849487304688e+01
-1.621848297119140625e+01
-4.987104415893554688e+01
-1.569254684448242188e+01
-1.723251342773437500e+01
-2.137158203125000000e+01
-1.723501968383789062e+01
-1.927981948852539062e+01
-2.503776550292968750e+01
-2.163146781921386719e+01
-2.991716194152832031e+01
-3.140517425537109375e+01
-6.071226119995117188e+00
-5.258308792114257812e+01
-1.007327270507812500e+02
-1.409011936187744141e+01
-5.500584411621093750e+01
-9.539907836914062500e+01
-2.161384582519531250e+01
-5.924704742431640625e+01
-9.034992980957031250e+01
-1.122411804199218750e+02
-1.340711517333984375e+02
-1.401377563476562500e+02
-1.521257171630859375e+02
-1.771380004882812500e+02
-1.845315246582031250e+02
-1.847842864990234375e+02
-2.213472137451171875e+02
-2.181264495849609375e+02
-4.445634078979492188e+01
-1.705682220458984375e+02
-8.545565032958984375e+01
-4.299357986450195312e+01
-1.666904144287109375e+02
-9.376187133789062500e+01
-3.452214431762695312e+01
-1.507819366455078125e+02
-8.061891937255859375e+01
1.749683959960937500e+03
1.663470214843750000e+03
1.582487426757812500e+03
1.593181640625000000e+03
1.481670898437500000e+03
1.455707885742187500e+03
1.268234741210937500e+03
1.193693359375000000e+03
1.226137817382812500e+03
3.776408081054687500e+02
3.199752197265625000e+02
4.072402343750000000e+02
3.520028381347656250e+02
3.235611572265625000e+02
4.448977355957031250e+02
3.999122924804687500e+02
4.071807250976562500e+02
5.899253540039062500e+02
7.810847473144531250e+01
6.873665618896484375e+01
6.933242797851562500e+01
7.186078643798828125e+01
6.809928894042968750e+01
8.269612121582031250e+01
7.599831390380859375e+01
8.120225524902343750e+01
1.216340560913085938e+02
1.915803527832031250e+02
1.528061981201171875e+02
1.660496368408203125e+02
9.770600891113281250e+01
1.004267120361328125e+02
1.109160614013671875e+02
5.441655731201171875e+01
7.268526458740234375e+01
8.383477020263671875e+01
2.432320312500000000e+03
2.403655029296875000e+03
2.227486816406250000e+03
2.162543212890625000e+03
2.073669677734375000e+03
2.004768798828125000e+03
1.911221313476562500e+03
1.859162109375000000e+03
1.839160034179687500e+03
3.066547966003417969e+01
3.069242858886718750e+01
4.551187896728515625e+01
4.363663864135742188e+01
5.013718795776367188e+01
6.115782928466796875e+01
4.056793975830078125e+01
6.631378936767578125e+01
5.953765487670898438e+01
2.584501342773437500e+02
2.467813873291015625e+02
2.887911987304687500e+02
3.013468933105468750e+02
3.099399108886718750e+02
3.474161682128906250e+02
4.041645812988281250e+02
4.563171997070312500e+02
4.424915771484375000e+02
2.703988769531250000e+03
2.683447021484375000e+03
2.783319580078125000e+03
1.730793823242187500e+03
1.782928466796875000e+03
1.867747192382812500e+03
1.352969726562500000e+03
1.422352905273437500e+03
1.419530761718750000e+03
3.776235046386718750e+02
3.790940551757812500e+02
3.652038879394531250e+02
3.940636596679687500e+02
3.846653137207031250e+02
3.672477416992187500e+02
3.625487976074218750e+02
3.419407348632812500e+02
3.243360290527343750e+02
1.555093536376953125e+02
1.446110229492187500e+02
1.385413513183593750e+02
2.160648498535156250e+02
2.043756103515625000e+02
1.915896911621093750e+02
1.956410980224609375e+02
1.671962890625000000e+02
1.801205139160156250e+02
5.690850219726562500e+02
5.092151794433593750e+02
4.930800476074218750e+02
4.917778320312500000e+02
4.413998413085937500e+02
4.491914978027343750e+02
4.450891113281250000e+02
4.241928100585937500e+02
4.372497253417968750e+02
4.756714477539062500e+02
4.166435546875000000e+02
3.195423583984375000e+02
4.105823669433593750e+02
3.204718933105468750e+02
2.558272399902343750e+02
4.106853942871093750e+02
3.417641906738281250e+02
3.115018005371093750e+02
2.335050964355468750e+02
2.273672332763671875e+02
2.684301147460937500e+02
3.196110534667968750e+02
3.325174255371093750e+02
3.777822570800781250e+02
3.932335510253906250e+02
4.173311767578125000e+02
4.701998596191406250e+02
4.255471496582031250e+02
3.923351745605468750e+02
3.668326721191406250e+02
2.309883728027343750e+02
2.252522430419921875e+02
2.268845520019531250e+02
1.419310150146484375e+02
1.819543609619140625e+02
1.993904724121093750e+02
3.004497314453125000e+03
3.387582275390625000e+03
3.462101318359375000e+03
3.873763427734375000e+03
4.058786865234375000e+03
3.907303955078125000e+03
4.106004394531250000e+03
4.121927734375000000e+03
3.925236083984375000e+03
1.623553710937500000e+03
1.681962524414062500e+03
1.653820068359375000e+03
1.548990600585937500e+03
1.602987792968750000e+03
1.607334106445312500e+03
1.283742065429687500e+03
1.324181152343750000e+03
1.387098876953125000e+03
6.093416137695312500e+02
5.987305908203125000e+02
6.469718627929687500e+02
6.045651855468750000e+02
6.057304077148437500e+02
6.383690795898437500e+02
5.219359741210937500e+02
5.420833740234375000e+02
5.889421386718750000e+02
2.625905151367187500e+02
3.145714111328125000e+02
3.766113281250000000e+02
2.420519561767578125e+02
2.739199218750000000e+02
3.532321472167968750e+02
2.318446350097656250e+02
2.837948913574218750e+02
3.400160522460937500e+02
1.087945747375488281e+01
1.724664497375488281e+01
3.419287872314453125e+01
1.536448287963867188e+01
2.020513343811035156e+01
4.416635513305664062e+01
1.899246025085449219e+01
3.043780899047851562e+01
6.083549118041992188e+01
1.122166824340820312e+02
1.312942199707031250e+02
9.865625762939453125e+01
5.988465118408203125e+01
9.114217376708984375e+01
7.423701477050781250e+01
3.799494171142578125e+01
6.036186218261718750e+01
5.478481292724609375e+01
8.461828613281250000e+02
8.834903564453125000e+02
7.622725219726562500e+02
8.141959228515625000e+02
8.405961914062500000e+02
7.361156005859375000e+02
7.078330078125000000e+02
7.712186889648437500e+02
6.970692138671875000e+02
6.299019813537597656e+00
4.151134490966796875e+00
4.943840503692626953e+00
9.082062721252441406e+00
1.795116233825683594e+01
1.816733169555664062e+01
1.179671287536621094e+01
2.100813674926757812e+01
2.245646667480468750e+01
1.820209045410156250e+02
1.954656829833984375e+02
1.952359161376953125e+02
1.588687133789062500e+02
1.962001495361328125e+02
1.923815917968750000e+02
1.562590332031250000e+02
1.959836883544921875e+02
2.138127593994140625e+02
1.288361572265625000e+03
1.392321655273437500e+03
1.374683593750000000e+03
9.773557128906250000e+02
1.093170776367187500e+03
1.168187255859375000e+03
7.496857299804687500e+02
8.531459960937500000e+02
1.036459594726562500e+03
1.018132934570312500e+02
1.085716705322265625e+02
1.047022857666015625e+02
1.239255142211914062e+02
1.300801544189453125e+02
1.252029418945312500e+02
1.127833938598632812e+02
1.176095886230468750e+02
1.170875473022460938e+02
2.695057106018066406e+01
2.355980682373046875e+01
3.667860412597656250e+01
4.381717300415039062e+01
3.959613800048828125e+01
4.142196273803710938e+01
5.622198867797851562e+01
5.755809783935546875e+01
5.516706466674804688e+01
1.744192657470703125e+02
1.590675201416015625e+02
1.671769104003906250e+02
1.608154602050781250e+02
1.596264190673828125e+02
1.596290588378906250e+02
1.520133056640625000e+02
1.625974273681640625e+02
1.725797119140625000e+02
1.735262145996093750e+02
1.808069000244140625e+02
1.896816864013671875e+02
1.500497589111328125e+02
1.300746154785156250e+02
1.317790985107421875e+02
1.715907897949218750e+02
1.051729507446289062e+02
9.165315246582031250e+01
1.595621795654296875e+02
2.072629241943359375e+02
2.235115051269531250e+02
1.695364227294921875e+02
2.107503814697265625e+02
2.146018371582031250e+02
2.103707885742187500e+02
2.465105285644531250e+02
2.323206329345703125e+02
2.426496276855468750e+02
2.862364807128906250e+02
2.867013854980468750e+02
1.443042602539062500e+02
1.795078735351562500e+02
2.105570678710937500e+02
1.102625045776367188e+02
1.139892959594726562e+02
1.536374969482421875e+02
1.117095703125000000e+03
1.271604370117187500e+03
1.256254638671875000e+03
1.349666259765625000e+03
1.431215454101562500e+03
1.368084472656250000e+03
1.479615478515625000e+03
1.533175659179687500e+03
1.399544677734375000e+03
4.955172424316406250e+02
5.572819824218750000e+02
5.397286987304687500e+02
5.566596069335937500e+02
6.054462280273437500e+02
6.004124755859375000e+02
5.174309082031250000e+02
6.147909545898437500e+02
6.187208862304687500e+02
7.788386718750000000e+03
7.602947753906250000e+03
7.348666992187500000e+03
7.742841308593750000e+03
7.487418457031250000e+03
7.136865722656250000e+03
7.408257812500000000e+03
7.005504882812500000e+03
6.635817871093750000e+03
5.044719726562500000e+03
5.040751464843750000e+03
4.603308593750000000e+03
4.686724121093750000e+03
4.591629394531250000e+03
4.543467773437500000e+03
4.511013671875000000e+03
4.630684570312500000e+03
4.769977050781250000e+03
7.673200683593750000e+02
6.024046630859375000e+02
3.011398620605468750e+02
6.768158569335937500e+02
4.836615905761718750e+02
3.297120056152343750e+02
5.088579711914062500e+02
3.577481689453125000e+02
4.312002563476562500e+02
1.260625610351562500e+03
1.234613525390625000e+03
1.138777099609375000e+03
1.368655761718750000e+03
1.361590454101562500e+03
1.131226318359375000e+03
1.424353515625000000e+03
1.185382324218750000e+03
8.207882690429687500e+02
1.118709277343750000e+04
1.083180761718750000e+04
9.658453125000000000e+03
1.139649609375000000e+04
1.060369531250000000e+04
8.590581054687500000e+03
9.901656250000000000e+03
9.053234375000000000e+03
7.343371093750000000e+03
2.317957458496093750e+02
1.719241638183593750e+02
1.831120605468750000e+02
4.310176467895507812e+01
5.703066635131835938e+01
1.389489898681640625e+02
9.087877655029296875e+01
1.255545272827148438e+02
2.201926574707031250e+02
2.808333740234375000e+03
2.324856689453125000e+03
2.138158935546875000e+03
3.399036865234375000e+03
2.765677001953125000e+03
2.499779785156250000e+03
3.607933105468750000e+03
2.919457031250000000e+03
2.747504150390625000e+03
1.572812402343750000e+04
1.610330078125000000e+04
1.433953320312500000e+04
1.649472460937500000e+04
1.568978417968750000e+04
1.300068554687500000e+04
1.509792578125000000e+04
1.343981445312500000e+04
1.093277832031250000e+04
1.100722290039062500e+03
1.165565551757812500e+03
1.153627197265625000e+03
1.081165771484375000e+03
1.180741821289062500e+03
1.198610595703125000e+03
1.018485473632812500e+03
1.104899780273437500e+03
1.124279296875000000e+03
5.082051696777343750e+02
6.271627807617187500e+02
6.616240234375000000e+02
5.241299438476562500e+02
7.585502929687500000e+02
7.546337890625000000e+02
6.130675659179687500e+02
7.715601196289062500e+02
7.485658569335937500e+02
3.019287597656250000e+03
2.546028808593750000e+03
2.129063232421875000e+03
3.079156494140625000e+03
2.326510742187500000e+03
1.690831420898437500e+03
2.566706542968750000e+03
1.926624023437500000e+03
1.435724853515625000e+03
2.478519531250000000e+03
2.277027587890625000e+03
2.500022460937500000e+03
2.832905029296875000e+03
2.476395507812500000e+03
2.576953369140625000e+03
3.582509765625000000e+03
3.131189697265625000e+03
2.695054687500000000e+03
3.224136230468750000e+03
2.999886230468750000e+03
2.971220214843750000e+03
3.497580078125000000e+03
3.345010253906250000e+03
3.330319580078125000e+03
3.824355224609375000e+03
3.809433349609375000e+03
3.723844970703125000e+03
2.525132568359375000e+03
2.170755615234375000e+03
2.396781494140625000e+03
3.156487548828125000e+03
2.279903076171875000e+03
2.045342285156250000e+03
3.704154541015625000e+03
2.575828857421875000e+03
1.789338500976562500e+03
1.419652539062500000e+04
1.496892968750000000e+04
1.608942382812500000e+04
1.544885644531250000e+04
1.656382617187500000e+04
1.714743554687500000e+04
1.701612304687500000e+04
1.788918164062500000e+04
1.723722851562500000e+04
8.591780273437500000e+03
9.454868164062500000e+03
8.039452148437500000e+03
7.835538085937500000e+03
8.355826171875000000e+03
7.138751464843750000e+03
6.723350097656250000e+03
6.881467773437500000e+03
6.208335937500000000e+03
