-8.455947875976562500e+00
7.950658798217773438e+00
-9.919145202636718750e+01
-1.214899673461914062e+02
-4.784176635742187500e+01
-1.369615478515625000e+02
-2.786114196777343750e+02
-2.535108184814453125e+02
-3.090952758789062500e+02
6.312127685546875000e+02
1.322534179687500000e+03
1.330182739257812500e+03
1.251356811523437500e+03
1.713693969726562500e+03
1.504040405273437500e+03
1.824326416015625000e+03
1.896160156250000000e+03
1.556683593750000000e+03
-5.311118774414062500e+02
6.857905273437500000e+02
1.546795654296875000e+03
1.850174903869628906e+00
1.482388061523437500e+03
9.865951538085937500e+02
4.829129638671875000e+02
1.822042236328125000e+03
8.592816772460937500e+02
-2.868838691711425781e+01
-2.775216865539550781e+01
-8.561807632446289062e+00
-4.859381484985351562e+01
-3.350504302978515625e+01
-1.905979156494140625e+01
-4.459668350219726562e+01
-2.287972068786621094e+01
-1.970142745971679688e+01
-3.303793945312500000e+02
-4.565090332031250000e+02
-1.927919311523437500e+02
-1.124583251953125000e+03
-8.851673583984375000e+02
-1.597741455078125000e+03
-3.446112548828125000e+03
-3.163200683593750000e+03
-3.120500732421875000e+03
1.082014404296875000e+03
1.193844726562500000e+03
3.697265930175781250e+02
1.011616027832031250e+03
1.336148315429687500e+03
7.268622436523437500e+02
7.949566650390625000e+02
1.449804809570312500e+03
1.042399902343750000e+03
9.858085937500000000e+02
1.426619018554687500e+03
1.213025512695312500e+03
1.573425048828125000e+03
1.776955322265625000e+03
1.429985595703125000e+03
1.678910766601562500e+03
1.834065795898437500e+03
1.456110473632812500e+03
-6.413303222656250000e+03
-7.554061523437500000e+03
-6.124991210937500000e+03
-1.239120214843750000e+04
-1.331064843750000000e+04
-1.157658105468750000e+04
-1.607136425781250000e+04
-1.648575195312500000e+04
-1.382667382812500000e+04
8.284211425781250000e+02
2.724302978515625000e+02
3.939852905273437500e+02
1.152262817382812500e+03
1.063632446289062500e+03
9.400612792968750000e+02
9.392260742187500000e+02
1.229209716796875000e+03
8.700454101562500000e+02
6.654485473632812500e+02
8.867130126953125000e+02
9.514622192382812500e+02
1.302013183593750000e+03
1.390320556640625000e+03
1.017893005371093750e+03
1.313109741210937500e+03
1.203751098632812500e+03
4.619239501953125000e+02
-8.167542219161987305e-01
1.777927207946777344e+01
2.217129135131835938e+01
3.341729354858398438e+01
2.371643066406250000e+01
5.771407604217529297e+00
6.110099029541015625e+01
4.658641052246093750e+01
1.169908428192138672e+01
-3.869241943359375000e+02
-3.072494201660156250e+02
-5.443019409179687500e+02
-7.170415649414062500e+02
-8.738745117187500000e+02
-8.720728759765625000e+02
-7.836044921875000000e+02
-1.053599365234375000e+03
-1.184519409179687500e+03
4.059323486328125000e+03
4.565883300781250000e+03
4.040917480468750000e+03
4.987088378906250000e+03
4.847000000000000000e+03
4.373899414062500000e+03
5.457079101562500000e+03
5.016958496093750000e+03
4.478485351562500000e+03
-2.839424072265625000e+03
-2.392686279296875000e+03
-3.106663574218750000e+03
-5.258079101562500000e+03
-5.253805175781250000e+03
-5.158289550781250000e+03
-6.237095703125000000e+03
-6.572348144531250000e+03
-5.966494628906250000e+03
7.651714355468750000e+03
6.151998535156250000e+03
5.297416015625000000e+03
8.385938476562500000e+03
6.649159179687500000e+03
6.996349609375000000e+03
8.954527343750000000e+03
7.466852539062500000e+03
7.382728515625000000e+03
-1.602956237792968750e+02
-3.056444702148437500e+02
7.126891326904296875e+01
-2.978797607421875000e+02
1.578455047607421875e+02
2.459492492675781250e+02
-7.986763916015625000e+02
3.591141662597656250e+02
2.107797851562500000e+02
7.183066606521606445e-01
9.160433411598205566e-01
8.147979378700256348e-01
7.047163844108581543e-01
9.297515153884887695e-01
1.085393786430358887e+00
4.386473000049591064e-01
7.583473920822143555e-01
1.187874555587768555e+00
1.325967597961425781e+01
1.550782680511474609e+01
1.320861244201660156e+01
1.362813949584960938e+01
1.945510864257812500e+01
1.716212081909179688e+01
1.541646957397460938e+01
1.474796390533447266e+01
1.448425769805908203e+01
-5.940115451812744141e+00
5.009503841400146484e+00
-2.522346019744873047e+00
-1.685079693794250488e+00
5.737659454345703125e+00
-6.817476749420166016e+00
5.108403682708740234e+00
5.642592906951904297e+00
-8.836084365844726562e+00
2.673254720866680145e-02
1.961822509765625000e-01
3.362834081053733826e-02
5.146356299519538879e-02
2.189528793096542358e-01
8.811748772859573364e-02
1.155109629034996033e-01
3.999558985233306885e-01
1.002293825149536133e-01
-1.088615506887435913e-01
-1.501628994941711426e+00
-6.717094421386718750e+00
2.414790630340576172e+00
-9.834213852882385254e-01
-1.370636558532714844e+01
8.798688650131225586e-01
4.111012458801269531e+00
-5.132878303527832031e+00
3.547232389450073242e+00
-1.344343423843383789e+00
-5.113336563110351562e+00
6.157220840454101562e+00
-1.696636438369750977e+00
-9.538536071777343750e+00
1.255641579627990723e+00
-2.798720121383666992e+00
-1.208383083343505859e+01
1.734280204772949219e+01
2.049504089355468750e+01
1.929280090332031250e+01
1.952939033508300781e+01
2.015987968444824219e+01
1.887688636779785156e+01
2.236906051635742188e+01
2.078490257263183594e+01
2.148271560668945312e+01
6.869048476219177246e-01
-3.772371768951416016e+00
-1.535685825347900391e+01
-1.926392197608947754e+00
3.642617940902709961e+00
-5.803066253662109375e+00
-7.256393909454345703e+00
6.310116767883300781e+00
-6.474364280700683594e+00
-5.765873908996582031e+00
-5.190381050109863281e+00
-8.439230918884277344e-01
-9.127186775207519531e+00
-9.294404029846191406e+00
-8.796300888061523438e+00
-8.149999618530273438e+00
-9.481189727783203125e+00
-1.158882427215576172e+01
5.504782676696777344e+00
9.211177825927734375e+00
9.512875556945800781e+00
4.557673454284667969e+00
5.055506706237792969e+00
3.961918830871582031e+00
1.244643974304199219e+01
4.727971076965332031e+00
2.877879142761230469e+00
-8.963245898485183716e-02
-3.453546762466430664e-02
-1.883520483970642090e-01
-4.826666414737701416e-02
-1.224840432405471802e-01
-2.428154796361923218e-01
2.097601145505905151e-01
-2.297776788473129272e-01
-3.665302395820617676e-01
1.523985624313354492e+00
-5.156584382057189941e-01
1.530969500541687012e+00
8.176487684249877930e-01
-1.615000367164611816e-01
1.902221202850341797e+00
6.563012003898620605e-01
-7.136555314064025879e-01
8.956676125526428223e-01
3.103507614135742188e+01
3.333674240112304688e+01
3.125352096557617188e+01
3.404803085327148438e+01
3.853417968750000000e+01
4.048127365112304688e+01
2.600169754028320312e+01
2.700192451477050781e+01
3.302446365356445312e+01
3.778692245483398438e+00
2.799597978591918945e+00
5.383575558662414551e-01
1.362436413764953613e+00
4.242677688598632812e+00
6.821210384368896484e+00
-2.618119120597839355e-03
-4.909682869911193848e-01
8.152976989746093750e+00
1.309689521789550781e+00
-8.987359046936035156e+00
1.083040595054626465e+00
-1.588998985290527344e+01
-9.880090713500976562e+00
-1.174704313278198242e+00
-1.748408699035644531e+01
-6.715501785278320312e+00
-2.977775335311889648e+00
-5.508437156677246094e+00
1.401328206062316895e+00
-4.761403203010559082e-01
-8.438605070114135742e-01
4.541948795318603516e+00
-4.962384223937988281e+00
-5.053580403327941895e-01
5.677844047546386719e+00
-1.282992362976074219e+01
6.523772239685058594e+00
8.333219289779663086e-01
1.376387000083923340e+00
7.855880737304687500e+00
6.807889938354492188e+00
7.130299091339111328e+00
-3.364598751068115234e+00
-3.791875123977661133e+00
5.770081043243408203e+00
1.130249214172363281e+01
1.148407840728759766e+01
-1.069156932830810547e+01
6.146870136260986328e+00
6.909531593322753906e+00
1.464488983154296875e+01
-6.466399192810058594e+00
6.431413650512695312e+00
1.762667083740234375e+01
1.654129028320312500e+01
2.137984085083007812e+01
1.024385223388671875e+02
5.438162994384765625e+01
1.412429809570312500e+02
1.568075714111328125e+02
1.140455245971679688e+01
1.617879180908203125e+02
1.006246871948242188e+02
6.954088211059570312e-01
7.151082754135131836e-01
1.093781590461730957e+00
5.067617893218994141e-01
1.717615485191345215e+00
3.335806846618652344e+00
-1.097573637962341309e+00
2.523820996284484863e-01
4.503779113292694092e-02
3.247035598754882812e+01
2.330258560180664062e+01
1.493588714599609375e+02
1.677466430664062500e+02
2.871266784667968750e+02
3.136821594238281250e+02
-8.650344848632812500e+01
1.298221740722656250e+02
2.699842529296875000e+02
6.333741760253906250e+01
1.088982963562011719e+01
3.791390180587768555e+00
6.832914733886718750e+01
1.040037307739257812e+02
8.486760139465332031e+00
-3.099384307861328125e-01
1.191002044677734375e+02
1.335330352783203125e+02
-2.921693420410156250e+01
-2.301026153564453125e+01
-3.011405372619628906e+01
-4.513463973999023438e+00
2.638088798522949219e+01
7.150206089019775391e+00
-2.209209823608398438e+01
5.147556304931640625e+01
1.826203727722167969e+01
1.228631210327148438e+02
2.322125091552734375e+02
4.469096679687500000e+02
-1.040561981201171875e+02
-1.900195693969726562e+01
4.669564514160156250e+02
-1.864839019775390625e+02
-5.053035736083984375e+01
1.410280456542968750e+02
4.820490646362304688e+01
1.123896980285644531e+01
3.393656921386718750e+01
7.852206420898437500e+01
5.561134338378906250e+01
1.501967048645019531e+01
6.618025207519531250e+01
1.253768768310546875e+02
1.709363861083984375e+02
5.543379187583923340e-01
1.096640205383300781e+01
2.560558557510375977e+00
3.688600158691406250e+01
1.979157638549804688e+01
6.210018539428710938e+01
6.091769027709960938e+01
9.519520568847656250e+01
7.785410308837890625e+01
9.982907772064208984e-01
2.225792646408081055e+00
5.640782356262207031e+00
6.137050151824951172e+00
3.538207292556762695e+00
3.020887374877929688e+00
6.061462879180908203e+00
6.378249168395996094e+00
-4.443169236183166504e-01
2.288417053222656250e+01
6.721484375000000000e+01
4.242745971679687500e+01
-9.774372577667236328e-01
-1.757674217224121094e+01
9.741491317749023438e+00
2.503385543823242188e+01
-1.907060623168945312e+01
-1.754347610473632812e+01
1.220819473266601562e+01
1.314561843872070312e+01
-2.736403846740722656e+01
4.200897598266601562e+01
1.290016269683837891e+01
1.377963423728942871e+00
1.671537017822265625e+01
6.580981445312500000e+01
7.547920227050781250e+01
1.395834197998046875e+02
1.731359100341796875e+02
1.712925109863281250e+02
-5.282184600830078125e+01
-4.941141510009765625e+01
1.003366851806640625e+02
-7.198927307128906250e+01
-1.149709243774414062e+02
-2.345344161987304688e+01
1.417032470703125000e+02
8.834870910644531250e+01
2.553764343261718750e+01
1.702170715332031250e+02
1.358445549011230469e+01
2.092184066772460938e+00
2.753694763183593750e+02
1.034645690917968750e+02
7.851716613769531250e+01
5.907645034790039062e+01
2.303197479248046875e+01
9.983852386474609375e+01
2.364571571350097656e+01
7.248684692382812500e+01
1.182235412597656250e+02
-1.481870269775390625e+01
9.687204742431640625e+01
1.406219635009765625e+02
-1.943136930465698242e+00
-5.003039836883544922e+00
-5.530616283416748047e+00
-3.632194995880126953e+00
-6.182206153869628906e+00
-4.960170269012451172e+00
-7.353466987609863281e+00
-8.273481369018554688e+00
-8.558230400085449219e+00
5.208196163177490234e+00
1.848344230651855469e+01
4.274147033691406250e+01
1.924115419387817383e+00
1.569251823425292969e+01
3.569403839111328125e+01
8.984193801879882812e+00
1.577588653564453125e+01
2.149358177185058594e+01
9.216492652893066406e+00
3.629749536514282227e+00
9.389472198486328125e+01
8.334690093994140625e+00
1.934519195556640625e+01
1.095410537719726562e+02
1.856759643554687500e+01
3.801237487792968750e+01
1.095642776489257812e+02
-5.084560252726078033e-03
-2.783340215682983398e-01
5.163817405700683594e-01
-7.997515052556991577e-02
-2.175248265266418457e-01
1.271056532859802246e+00
-1.433459818363189697e-01
-2.055580914020538330e-01
1.390416860580444336e+00
-1.906205940246582031e+01
-3.733961105346679688e+01
-2.892066574096679688e+01
1.332327461242675781e+01
8.794416427612304688e+00
2.875744628906250000e+01
-8.357122802734375000e+01
-8.626020050048828125e+01
-4.861734390258789062e+01
-1.431713581085205078e+00
2.065679168701171875e+01
4.961013412475585938e+01
5.097910690307617188e+01
5.873122024536132812e+01
7.356018829345703125e+01
4.588985061645507812e+01
5.379006576538085938e+01
5.017012786865234375e+01
-2.178967857360839844e+01
-7.345043659210205078e+00
8.531742095947265625e+00
-1.974404144287109375e+01
-1.009365749359130859e+01
-3.672073364257812500e+00
-1.535689258575439453e+01
-9.336128234863281250e+00
-7.700939655303955078e+00
-1.274974136352539062e+02
-9.210636138916015625e+01
-7.087865447998046875e+01
-1.210754089355468750e+02
-9.157183074951171875e+01
1.229454612731933594e+01
-7.374801635742187500e+01
-2.563580131530761719e+01
1.437036743164062500e+02
1.681731872558593750e+02
1.650571136474609375e+02
1.575463714599609375e+02
2.265355529785156250e+02
2.077938079833984375e+02
2.051929779052734375e+02
2.153500366210937500e+02
1.775303497314453125e+02
1.853449707031250000e+02
-5.468699455261230469e+00
-3.941419601440429688e+00
2.467974472045898438e+01
-1.067303657531738281e+00
1.013150310516357422e+01
2.261093902587890625e+01
-2.006558609008789062e+01
-1.389392566680908203e+01
-6.668417930603027344e+00
2.085226297378540039e+00
3.780803442001342773e+00
4.502191543579101562e+00
2.149508953094482422e+00
4.902587413787841797e+00
4.651103019714355469e+00
3.081891775131225586e+00
5.526361942291259766e+00
4.656576633453369141e+00
1.836838912963867188e+01
-8.757768869400024414e-01
4.217765808105468750e+00
7.888838768005371094e+00
-2.258922159671783447e-02
-2.346583127975463867e+00
7.667684078216552734e+00
1.118025398254394531e+01
3.797187089920043945e+00
4.734043121337890625e+01
7.819804382324218750e+01
8.828190612792968750e+01
7.034940338134765625e+01
9.097009277343750000e+01
8.927091979980468750e+01
7.878426361083984375e+01
6.295935821533203125e+01
5.319442749023437500e+01
-3.731560134887695312e+01
-5.064924240112304688e+01
-3.865322113037109375e+01
-5.204429244995117188e+01
-6.612122344970703125e+01
-5.163834762573242188e+01
-1.288968372344970703e+01
-9.141475677490234375e+00
1.374817848205566406e+01
7.226571044921875000e+02
6.374703369140625000e+02
4.871337585449218750e+02
7.813778686523437500e+02
6.754571533203125000e+02
5.244373779296875000e+02
7.166093139648437500e+02
5.855835571289062500e+02
4.486940307617187500e+02
-1.549348258972167969e+01
-4.016544342041015625e+01
6.901459693908691406e-01
-4.616326808929443359e+00
-2.424825477600097656e+01
3.099573707580566406e+01
-1.324712634086608887e+00
-8.446694374084472656e+00
5.450048828125000000e+01
1.029924583435058594e+01
1.151910018920898438e+01
1.702846717834472656e+01
1.556116390228271484e+01
8.664885520935058594e+00
5.086284637451171875e+00
1.360112094879150391e+01
-2.043244361877441406e+00
-8.433776855468750000e+00
-5.516324520111083984e+00
-2.320840644836425781e+01
-1.295345115661621094e+01
1.810413599014282227e+00
-4.747688770294189453e+00
1.340168952941894531e+01
2.140706634521484375e+01
2.628944778442382812e+01
4.401868057250976562e+01
8.327148437500000000e+01
2.551948928833007812e+01
4.818545579910278320e-01
3.359371185302734375e+01
7.716772556304931641e+00
1.900603294372558594e+01
1.072006464004516602e+00
3.035185241699218750e+01
6.743691253662109375e+01
1.474344372749328613e+00
1.390859484672546387e+00
1.822776347398757935e-01
-9.837413579225540161e-02
-1.510036140680313110e-01
-2.900159358978271484e-01
-2.990517616271972656e-01
6.457242965698242188e-01
1.344392657279968262e+00
2.196715087890625000e+02
2.068839416503906250e+02
1.267811584472656250e+02
7.751779174804687500e+01
3.387549209594726562e+01
1.470238399505615234e+01
-3.578323745727539062e+01
-6.049784660339355469e+00
5.071719360351562500e+01
5.865419864654541016e+00
1.339866065979003906e+01
4.732574844360351562e+01
3.505690383911132812e+01
6.728775787353515625e+01
8.114312744140625000e+01
5.026895141601562500e+01
8.186160278320312500e+01
6.701554870605468750e+01
-3.017169237136840820e+00
-1.528876113891601562e+01
-6.602801799774169922e+00
5.365368723869323730e-01
-4.376840114593505859e+00
7.748885631561279297e+00
5.695903301239013672e+00
9.547217369079589844e+00
2.189871406555175781e+01
4.234694824218750000e+02
3.204402770996093750e+02
1.346413726806640625e+02
1.449697723388671875e+02
1.641017532348632812e+01
1.121801376342773438e+01
-1.097396659851074219e+01
1.413606643676757812e+00
1.805467987060546875e+02
4.517863082885742188e+01
7.135006713867187500e+01
5.017156219482421875e+01
8.414093780517578125e+01
9.177713012695312500e+01
6.565686798095703125e+01
7.924724578857421875e+01
7.426341247558593750e+01
6.283948135375976562e+01
4.390840911865234375e+01
2.897224807739257812e+01
2.611112403869628906e+01
6.091723251342773438e+01
3.743099975585937500e+01
2.819804763793945312e+01
5.824316787719726562e+01
3.212457275390625000e+01
2.514557266235351562e+01
3.227946996688842773e+00
9.614338874816894531e-01
1.015482068061828613e+00
2.713672399520874023e+00
3.244095742702484131e-01
8.007490634918212891e-01
2.103460788726806641e+00
1.572205424308776855e+00
2.552931308746337891e+00
6.309269714355468750e+01
4.313966369628906250e+01
4.405703353881835938e+01
8.481607818603515625e+01
4.340938949584960938e+01
1.016446685791015625e+01
8.020418548583984375e+01
1.861457252502441406e+01
-1.088390827178955078e+01
8.507771492004394531e+00
2.459164047241210938e+01
6.181446838378906250e+01
5.518709182739257812e+01
8.968930053710937500e+01
1.201494369506835938e+02
1.161236495971679688e+02
1.455423278808593750e+02
1.512530517578125000e+02
1.194098281860351562e+02
4.948015594482421875e+01
6.783171844482421875e+01
9.203343963623046875e+01
1.454846477508544922e+01
4.109793853759765625e+01
1.043458328247070312e+02
2.773641014099121094e+01
3.695043945312500000e+01
2.441827392578125000e+02
3.948124694824218750e+02
3.983908386230468750e+02
4.110563964843750000e+02
4.797629394531250000e+02
3.421681213378906250e+02
5.082086486816406250e+02
4.315273132324218750e+02
2.308952484130859375e+02
2.733607101440429688e+01
4.048453903198242188e+01
-8.979042053222656250e+00
2.314127922058105469e+01
5.305954742431640625e+01
2.033964157104492188e+01
-2.120810127258300781e+01
3.682846450805664062e+01
3.825723266601562500e+01
1.687146949768066406e+01
2.148655891418457031e+01
2.557127380371093750e+01
1.714100646972656250e+01
2.706327438354492188e+01
3.497805404663085938e+01
2.494756889343261719e+01
3.809620285034179688e+01
4.767259216308593750e+01
1.474275360107421875e+02
1.299407958984375000e+02
1.159912872314453125e+02
1.171947326660156250e+02
9.068157958984375000e+01
8.819779968261718750e+01
8.855754089355468750e+01
6.033908843994140625e+01
6.499454498291015625e+01
1.626747131347656250e+02
9.075525665283203125e+01
5.145177078247070312e+01
2.120949401855468750e+02
9.429517364501953125e+01
4.273911285400390625e+01
1.888119354248046875e+02
6.598056793212890625e+01
2.691761779785156250e+01
4.260488986968994141e+00
4.008206367492675781e+00
3.117368459701538086e+00
6.839669227600097656e+00
5.722399711608886719e+00
3.958976507186889648e+00
6.130073070526123047e+00
4.396761417388916016e+00
2.795819997787475586e+00
1.157834243774414062e+02
1.420496978759765625e+02
1.549258880615234375e+02
2.416431427001953125e+02
2.669730529785156250e+02
2.180226135253906250e+02
3.476318664550781250e+02
3.578284912109375000e+02
3.233332824707031250e+02
1.092271575927734375e+02
3.047801399230957031e+01
1.550851440429687500e+01
7.216386413574218750e+01
1.698941230773925781e+01
4.606198310852050781e+00
4.427130889892578125e+01
1.778467369079589844e+01
1.612711524963378906e+01
1.062260360717773438e+02
8.862718963623046875e+01
8.956502532958984375e+01
9.831508636474609375e+01
7.660173034667968750e+01
8.192035675048828125e+01
7.973742675781250000e+01
6.167761993408203125e+01
6.769197845458984375e+01
8.695476684570312500e+02
1.059407714843750000e+03
1.084024780273437500e+03
1.273098876953125000e+03
1.395922607421875000e+03
1.281437866210937500e+03
1.436241210937500000e+03
1.416261474609375000e+03
1.208194824218750000e+03
7.128414916992187500e+01
5.466069030761718750e+01
5.638579177856445312e+01
5.662650680541992188e+01
5.001043319702148438e+01
3.761283874511718750e+01
6.598561096191406250e+01
7.720161437988281250e+01
5.332677841186523438e+01
7.206435394287109375e+01
5.264543914794921875e+01
6.195088958740234375e+01
6.670540618896484375e+01
4.118614196777343750e+01
5.864218139648437500e+01
8.153256988525390625e+01
4.055683898925781250e+01
4.972268295288085938e+01
2.526397705078125000e+00
1.831137895584106445e+00
2.690550804138183594e+00
4.410101890563964844e+00
2.202034473419189453e+00
2.446246623992919922e+00
4.161400794982910156e+00
1.485790967941284180e+00
1.189009666442871094e+00
3.470986557006835938e+01
6.215375900268554688e+01
8.510246276855468750e+01
4.171492385864257812e+01
7.538215637207031250e+01
1.176012191772460938e+02
5.332559967041015625e+01
8.832870483398437500e+01
1.224857559204101562e+02
2.636587524414062500e+02
2.205669860839843750e+02
2.124741058349609375e+02
1.706428985595703125e+02
1.472132263183593750e+02
1.638420715332031250e+02
1.292430419921875000e+02
1.124394149780273438e+02
1.409063415527343750e+02
3.402939758300781250e+02
4.470207214355468750e+02
4.849699096679687500e+02
4.051683349609375000e+02
5.257510986328125000e+02
5.703757324218750000e+02
4.156805725097656250e+02
5.122431030273437500e+02
5.502797851562500000e+02
8.228451538085937500e+01
9.813677215576171875e+01
1.626393737792968750e+02
2.973855400085449219e+01
9.630416107177734375e+01
2.152257232666015625e+02
1.556388473510742188e+01
1.026815795898437500e+02
2.394506988525390625e+02
1.941698150634765625e+02
1.497782897949218750e+02
9.902497100830078125e+01
1.984556427001953125e+02
1.400956420898437500e+02
6.537414550781250000e+01
2.080389404296875000e+02
1.458966369628906250e+02
5.963993835449218750e+01
1.021924362182617188e+02
1.147220611572265625e+02
1.356202850341796875e+02
9.607971954345703125e+01
1.119562301635742188e+02
1.279433517456054688e+02
1.088123016357421875e+02
1.135967864990234375e+02
1.152136306762695312e+02
5.249862060546875000e+02
4.691392517089843750e+02
4.338716125488281250e+02
6.290321655273437500e+02
5.857080078125000000e+02
5.286110229492187500e+02
6.857864379882812500e+02
6.752844238281250000e+02
6.437332153320312500e+02
7.051009521484375000e+02
7.103593750000000000e+02
5.424511718750000000e+02
6.971268310546875000e+02
7.154179077148437500e+02
6.337172851562500000e+02
6.121463012695312500e+02
6.608023071289062500e+02
6.918743896484375000e+02
1.157473564147949219e+01
1.239365959167480469e+01
9.412402153015136719e+00
1.126680755615234375e+01
1.093545532226562500e+01
7.912699222564697266e+00
9.650466918945312500e+00
8.937442779541015625e+00
7.699350833892822266e+00
1.192904907226562500e+03
1.228057617187500000e+03
1.075531127929687500e+03
9.800630493164062500e+02
8.907399291992187500e+02
7.272670288085937500e+02
9.585206909179687500e+02
8.125688476562500000e+02
6.715489501953125000e+02
6.860480346679687500e+02
6.903981323242187500e+02
6.702053222656250000e+02
5.347706298828125000e+02
6.144969482421875000e+02
6.756749877929687500e+02
4.485990600585937500e+02
5.865236206054687500e+02
6.505346679687500000e+02
4.286128540039062500e+02
3.992561950683593750e+02
3.571312561035156250e+02
5.167077636718750000e+02
4.989681091308593750e+02
4.523110046386718750e+02
5.175398559570312500e+02
5.106663818359375000e+02
4.847342224121093750e+02
4.013907714843750000e+03
3.890366699218750000e+03
3.214983886718750000e+03
3.873898681640625000e+03
3.410890380859375000e+03
2.517289062500000000e+03
3.506659423828125000e+03
2.880720458984375000e+03
2.158172119140625000e+03
1.689416381835937500e+03
1.875433471679687500e+03
1.834281616210937500e+03
1.690083496093750000e+03
1.879984619140625000e+03
1.886256225585937500e+03
1.620227172851562500e+03
1.772030395507812500e+03
1.801455322265625000e+03
6.586004638671875000e+02
6.093516845703125000e+02
5.195153198242187500e+02
6.564478759765625000e+02
6.536773071289062500e+02
5.531779174804687500e+02
5.880595703125000000e+02
6.125411376953125000e+02
5.557537231445312500e+02
4.134216308593750000e+01
3.584104156494140625e+01
3.190087890625000000e+01
4.377151870727539062e+01
3.974941253662109375e+01
3.579782485961914062e+01
4.365859603881835938e+01
4.208602905273437500e+01
4.004753875732421875e+01
4.035164489746093750e+02
4.270398864746093750e+02
5.325482788085937500e+02
4.470671997070312500e+02
4.700581359863281250e+02
5.225882568359375000e+02
5.065574645996093750e+02
4.979077453613281250e+02
4.824971923828125000e+02
1.726589721679687500e+03
1.651657470703125000e+03
1.596673217773437500e+03
1.915290649414062500e+03
1.899551025390625000e+03
1.827842285156250000e+03
2.010087158203125000e+03
2.070879882812500000e+03
2.034304443359375000e+03
1.527984008789062500e+03
1.535152099609375000e+03
1.497529541015625000e+03
1.543622314453125000e+03
1.446733398437500000e+03
1.366575927734375000e+03
1.509000854492187500e+03
1.356154296875000000e+03
1.222814697265625000e+03
5.143988769531250000e+03
5.440079101562500000e+03
6.075563964843750000e+03
5.841969238281250000e+03
6.266165039062500000e+03
6.661290039062500000e+03
6.176418457031250000e+03
6.538160156250000000e+03
6.666293945312500000e+03
5.806030273437500000e+02
6.805054321289062500e+02
5.042760925292968750e+02
4.997058105468750000e+02
5.733758544921875000e+02
4.475742187500000000e+02
3.910971374511718750e+02
4.368427734375000000e+02
3.903923339843750000e+02
4.246340274810791016e+00
4.371105670928955078e+00
6.561144590377807617e-01
4.398273944854736328e+00
3.790624141693115234e+00
1.102845221757888794e-01
4.604470729827880859e+00
3.548029661178588867e+00
4.312477409839630127e-01
1.636433029174804688e+01
1.880930137634277344e+01
2.345310592651367188e+01
1.783939552307128906e+01
2.543049621582031250e+01
3.292285156250000000e+01
1.774778366088867188e+01
1.917688179016113281e+01
1.832144737243652344e+01
8.935871124267578125e+00
9.628621101379394531e+00
1.614890098571777344e+01
1.445971584320068359e+01
2.222120857238769531e+01
4.110635757446289062e+01
1.944178199768066406e+01
3.493388366699218750e+01
5.582646942138671875e+01
2.698995769023895264e-01
1.706239134073257446e-01
1.339782923460006714e-01
6.284983754158020020e-01
6.521953940391540527e-01
9.595621228218078613e-01
6.580123305320739746e-01
7.656123042106628418e-01
1.267550587654113770e+00
1.176694488525390625e+01
6.199240684509277344e+00
9.648679733276367188e+00
3.312552261352539062e+01
2.052966499328613281e+01
2.588921737670898438e+01
3.220137786865234375e+01
3.860646820068359375e+01
5.924760055541992188e+01
2.434980773925781250e+01
3.804115676879882812e+01
4.782772064208984375e+01
1.400830459594726562e+01
2.474336433410644531e+01
2.577694702148437500e+01
1.526172828674316406e+01
2.028726577758789062e+01
1.631917381286621094e+01
4.859882831573486328e+00
8.752442359924316406e+00
1.322134208679199219e+01
1.166773414611816406e+01
1.386672401428222656e+01
1.380495166778564453e+01
1.048628997802734375e+01
1.531433391571044922e+01
1.172742843627929688e+01
4.275382995605468750e+01
8.182921409606933594e+00
-7.776431083679199219e+00
9.851531982421875000e+01
8.004547882080078125e+01
9.604824066162109375e+01
1.189660491943359375e+02
1.258307876586914062e+02
1.904711914062500000e+02
8.133032226562500000e+01
7.114093017578125000e+01
6.763558959960937500e+01
5.678237915039062500e+01
3.948227310180664062e+01
4.295516204833984375e+01
5.510880279541015625e+01
3.821003723144531250e+01
4.537997817993164062e+01
1.202904987335205078e+01
1.497518444061279297e+01
1.969875717163085938e+01
6.432384967803955078e+00
1.402420234680175781e+01
1.597358608245849609e+01
7.673439979553222656e+00
1.548393535614013672e+01
1.309925365447998047e+01
7.274491786956787109e-01
1.282564997673034668e+00
1.335153937339782715e+00
9.825085997581481934e-01
1.924262285232543945e+00
2.033476114273071289e+00
1.256671071052551270e+00
2.492461681365966797e+00
2.207285881042480469e+00
2.126195716857910156e+01
2.419249534606933594e+01
5.501473426818847656e+00
2.563044738769531250e+01
2.720359802246093750e+01
9.027192115783691406e+00
2.612261581420898438e+01
2.340701103210449219e+01
1.145635700225830078e+01
5.341941070556640625e+01
6.614733123779296875e+01
7.013537597656250000e+01
4.671854782104492188e+01
5.543970108032226562e+01
5.363982772827148438e+01
3.669151306152343750e+01
3.597679901123046875e+01
2.905882263183593750e+01
3.387631225585937500e+01
1.374153232574462891e+01
-1.782880723476409912e-01
5.419063186645507812e+01
4.316239166259765625e+01
3.102491760253906250e+01
6.482556152343750000e+01
6.304208755493164062e+01
5.214907073974609375e+01
2.427239379882812500e+02
2.932257080078125000e+02
2.056540985107421875e+02
2.255793609619140625e+02
2.306594390869140625e+02
1.359845123291015625e+02
1.956134490966796875e+02
1.747076873779296875e+02
1.054737548828125000e+02
1.365052223205566406e+01
8.688365936279296875e+00
1.358383464813232422e+01
6.615999221801757812e+00
4.324316501617431641e+00
1.779751777648925781e+01
9.448451995849609375e+00
7.664943218231201172e+00
2.658124351501464844e+01
1.939609527587890625e+01
3.200450134277343750e+01
5.265900421142578125e+01
2.381402206420898438e+01
3.172270393371582031e+01
4.997720336914062500e+01
3.068831253051757812e+01
3.574595642089843750e+01
4.669220733642578125e+01
3.228609008789062500e+02
3.178322143554687500e+02
2.880800476074218750e+02
3.000868835449218750e+02
3.062309570312500000e+02
2.819931640625000000e+02
2.665751342773437500e+02
2.773036499023437500e+02
2.887630310058593750e+02
2.486366271972656250e+02
2.415326232910156250e+02
1.313521118164062500e+02
1.675533905029296875e+02
1.569059600830078125e+02
8.167477416992187500e+01
1.395738220214843750e+02
1.363707885742187500e+02
9.561907196044921875e+01
6.437114238739013672e+00
7.403776645660400391e+00
5.314444541931152344e+00
4.949678897857666016e+00
5.644408226013183594e+00
3.251120567321777344e+00
3.365944385528564453e+00
4.054291725158691406e+00
2.478652477264404297e+00
1.802009887695312500e+02
2.799161071777343750e+02
2.052093505859375000e+02
1.136215896606445312e+02
1.982678375244140625e+02
1.409994201660156250e+02
2.036636962890625000e+02
2.567700500488281250e+02
2.000672454833984375e+02
6.253452301025390625e+01
2.770402908325195312e+01
4.171253585815429688e+01
5.309004592895507812e+01
6.156870651245117188e+01
9.094133758544921875e+01
1.030008926391601562e+02
1.177454223632812500e+02
1.707966003417968750e+02
3.980165100097656250e+02
3.939031372070312500e+02
3.690322265625000000e+02
3.796916809082031250e+02
3.784058532714843750e+02
3.636695861816406250e+02
3.736986694335937500e+02
3.852350463867187500e+02
3.846424560546875000e+02
7.183419189453125000e+02
1.102393432617187500e+03
1.020189086914062500e+03
5.989512939453125000e+02
9.134916381835937500e+02
7.839530029296875000e+02
3.178216247558593750e+02
5.684594116210937500e+02
5.586149291992187500e+02
1.544098205566406250e+02
3.077201538085937500e+02
2.961233215332031250e+02
2.131389617919921875e+02
3.622139282226562500e+02
3.571109313964843750e+02
2.985367126464843750e+02
4.099129028320312500e+02
3.966979980468750000e+02
2.299436187744140625e+02
2.336895294189453125e+02
2.032195587158203125e+02
2.430984039306640625e+02
2.388094024658203125e+02
2.106855010986328125e+02
2.667488098144531250e+02
2.809513244628906250e+02
2.379480590820312500e+02
8.679878234863281250e+00
6.756173133850097656e+00
3.925365209579467773e+00
6.783811092376708984e+00
5.267876148223876953e+00
3.006518840789794922e+00
5.182015895843505859e+00
5.435698509216308594e+00
4.427973270416259766e+00
-7.306456089019775391e+00
1.189371967315673828e+01
8.738780975341796875e+01
5.239568233489990234e+00
2.548039627075195312e+01
7.044149780273437500e+01
1.125655746459960938e+01
2.591137123107910156e+01
4.801248550415039062e+01
6.207545166015625000e+02
6.296887207031250000e+02
5.868015747070312500e+02
5.895576171875000000e+02
6.517543334960937500e+02
6.794793090820312500e+02
5.855118408203125000e+02
6.665883178710937500e+02
7.243241577148437500e+02
1.923294372558593750e+02
3.026142272949218750e+02
4.934857177734375000e+02
1.928684997558593750e+02
2.734633789062500000e+02
4.254463195800781250e+02
9.340417480468750000e+01
1.426990661621093750e+02
2.789243469238281250e+02
2.622394409179687500e+02
4.865504150390625000e+02
7.370353393554687500e+02
3.767073059082031250e+02
7.496900024414062500e+02
1.003818176269531250e+03
7.099843750000000000e+02
1.140057373046875000e+03
1.250484375000000000e+03
1.775447540283203125e+02
2.634144897460937500e+02
1.269013137817382812e+02
1.580406036376953125e+02
2.435388336181640625e+02
9.650128936767578125e+01
1.399304504394531250e+02
2.068029632568359375e+02
9.864446258544921875e+01
1.175710773468017578e+01
1.364472579956054688e+01
2.232728195190429688e+01
1.654692459106445312e+01
2.132722282409667969e+01
3.207184982299804688e+01
2.516518020629882812e+01
3.124927711486816406e+01
3.560481262207031250e+01
2.852186203002929688e+01
1.349996948242187500e+01
-1.506956958770751953e+01
1.917592406272888184e+00
-1.487241363525390625e+01
-4.254291152954101562e+01
-1.605663299560546875e+01
-3.071115303039550781e+01
-3.667176437377929688e+01
1.177810897827148438e+02
9.331871795654296875e+01
4.174572753906250000e+01
1.257304992675781250e+02
5.394514083862304688e+01
9.256329536437988281e-01
1.027369918823242188e+02
1.045977783203125000e+01
-3.137744522094726562e+01
4.006913661956787109e+00
4.292628288269042969e+00
3.682618856430053711e+00
3.801198244094848633e+00
3.001292467117309570e+00
1.900552034378051758e+00
2.667053461074829102e+00
1.327010989189147949e+00
2.650634646415710449e-01
2.095684356689453125e+02
2.479811859130859375e+02
2.615752258300781250e+02
2.548905334472656250e+02
2.780216064453125000e+02
2.529569396972656250e+02
3.219252929687500000e+02
2.778388671875000000e+02
2.062909393310546875e+02
3.717390060424804688e+01
-2.377225399017333984e+00
-2.448963165283203125e+01
9.688084602355957031e+00
-3.010260963439941406e+01
-1.729279136657714844e+01
3.181566238403320312e+01
1.256547641754150391e+01
5.387676239013671875e+01
1.823576927185058594e+01
1.285439682006835938e+01
-7.395615577697753906e+00
7.581869125366210938e+00
2.081146985292434692e-01
-9.362526893615722656e+00
7.583374023437500000e+00
-3.518953323364257812e+00
-2.165696382522583008e+00
8.876786499023437500e+02
1.093045166015625000e+03
1.081782592773437500e+03
1.069734130859375000e+03
1.113601440429687500e+03
9.247680664062500000e+02
9.045910034179687500e+02
8.012065429687500000e+02
5.516874389648437500e+02
-3.376796722412109375e+01
-3.098594856262207031e+01
-1.087036323547363281e+01
-2.106855583190917969e+01
-6.125885009765625000e+00
3.461069107055664062e+01
8.074020385742187500e+01
9.184143829345703125e+01
1.178414077758789062e+02
2.491618347167968750e+01
2.455929756164550781e+01
-8.966509103775024414e-01
2.668971633911132812e+01
3.766815185546875000e+01
3.144722366333007812e+01
6.239776611328125000e+01
6.698222351074218750e+01
6.367204666137695312e+01
1.982389092445373535e+00
2.225784063339233398e+00
-2.021221071481704712e-01
1.119730472564697266e+00
1.131098747253417969e+00
-4.534322321414947510e-01
3.294602334499359131e-01
-1.101409435272216797e+00
-1.561420321464538574e+00
3.845970535278320312e+01
5.030266952514648438e+01
8.112449645996093750e+01
4.516709518432617188e+01
7.294268798828125000e+01
9.715987396240234375e+01
4.145134353637695312e+01
8.317393493652343750e+01
9.666991424560546875e+01
-2.039803886413574219e+01
-5.910823822021484375e+01
-8.448457336425781250e+01
-5.857464599609375000e+01
-8.925431823730468750e+01
-8.369881439208984375e+01
-4.078396987915039062e+01
-3.883635711669921875e+01
1.523056793212890625e+01
3.110744323730468750e+02
3.529411926269531250e+02
3.960320739746093750e+02
3.623905334472656250e+02
3.819630737304687500e+02
3.766888732910156250e+02
2.672797851562500000e+02
2.953708190917968750e+02
2.715608215332031250e+02
-3.430280151367187500e+02
-3.950416564941406250e+02
-2.541209564208984375e+02
-3.988695068359375000e+02
-3.012953491210937500e+02
-6.670358276367187500e+01
-1.957464599609375000e+02
5.441296005249023438e+01
2.834636230468750000e+02
1.046835403442382812e+02
1.110326385498046875e+02
8.870230102539062500e+01
1.253621520996093750e+02
9.774867248535156250e+01
7.374886322021484375e+01
1.397885742187500000e+02
8.196975708007812500e+01
5.296826171875000000e+01
2.425270652770996094e+01
2.984784317016601562e+01
4.187847518920898438e+01
2.542971420288085938e+01
3.326190185546875000e+01
5.020787429809570312e+01
4.060033035278320312e+01
5.448754882812500000e+01
6.746524810791015625e+01
8.345491027832031250e+01
5.961352539062500000e+01
2.474175643920898438e+01
8.402440643310546875e+01
7.030908966064453125e+01
2.474521827697753906e+01
6.098014831542968750e+01
4.590803146362304688e+01
1.392899036407470703e+01
1.546129608154296875e+02
1.687186584472656250e+02
9.931929016113281250e+01
1.531904296875000000e+02
1.517002563476562500e+02
8.011610412597656250e+01
1.749707336425781250e+02
1.256657943725585938e+02
5.595623397827148438e+01
5.633811473846435547e+00
6.213667869567871094e+00
6.097354412078857422e+00
6.897660732269287109e+00
6.683773994445800781e+00
6.064822673797607422e+00
7.128716945648193359e+00
6.275881767272949219e+00
5.270929336547851562e+00
3.303450012207031250e+02
3.631346435546875000e+02
3.969523010253906250e+02
3.138623352050781250e+02
3.652917480468750000e+02
3.847537536621093750e+02
5.816361083984375000e+02
5.606016845703125000e+02
4.848454895019531250e+02
9.692471313476562500e+01
9.530789947509765625e+01
4.780658340454101562e+01
6.971517944335937500e+01
4.151268768310546875e+01
2.297358131408691406e+01
1.484500598907470703e+01
-2.314767646789550781e+01
-4.533734798431396484e+00
5.276191711425781250e+01
4.322817611694335938e+01
1.145281505584716797e+01
4.381394577026367188e+01
3.238407135009765625e+01
5.855989933013916016e+00
5.173597335815429688e+01
3.549423980712890625e+01
1.487022876739501953e+01
1.526700317382812500e+03
1.800497192382812500e+03
1.877962768554687500e+03
2.017291503906250000e+03
2.234265136718750000e+03
2.122653808593750000e+03
2.289870849609375000e+03
2.301918457031250000e+03
2.028984497070312500e+03
9.452161407470703125e+01
8.320181274414062500e+01
1.100640106201171875e+02
5.822201538085937500e+01
5.370664215087890625e+01
1.118272171020507812e+02
5.411452865600585938e+01
5.008478546142578125e+01
1.139126892089843750e+02
7.620407867431640625e+01
6.799703216552734375e+01
1.827376937866210938e+01
4.163444519042968750e+01
5.580611419677734375e+01
2.437265586853027344e+01
4.606486892700195312e+01
6.907865905761718750e+01
5.529812622070312500e+01
5.861177444458007812e+00
5.198692798614501953e+00
1.510916233062744141e+00
4.514184474945068359e+00
5.054133415222167969e+00
2.016524314880371094e+00
4.295488834381103516e+00
4.061115741729736328e+00
1.809752464294433594e+00
7.307232666015625000e+01
8.234606170654296875e+01
1.278474731445312500e+02
9.516519927978515625e+01
1.264899673461914062e+02
1.698251190185546875e+02
9.995396423339843750e+01
1.549662475585937500e+02
1.950494995117187500e+02
1.400982360839843750e+02
7.676320648193359375e+01
8.276178359985351562e+00
1.374222259521484375e+02
8.214360046386718750e+01
2.063136100769042969e+01
7.700927734375000000e+01
3.708865737915039062e+01
1.754429817199707031e+01
5.454127807617187500e+02
6.445246582031250000e+02
7.537084960937500000e+02
7.459423217773437500e+02
8.534161376953125000e+02
8.784192504882812500e+02
7.670086059570312500e+02
8.577263793945312500e+02
8.389144287109375000e+02
1.726453247070312500e+02
-7.182083129882812500e+01
-1.540357589721679688e+01
2.837762641906738281e+01
-1.109382781982421875e+02
4.034580993652343750e+01
-8.164366149902343750e+01
-3.595711517333984375e+01
1.740047149658203125e+02
1.804397888183593750e+02
1.995635681152343750e+02
2.062490692138671875e+02
2.082938079833984375e+02
1.985005340576171875e+02
2.028395233154296875e+02
2.151569519042968750e+02
1.605263977050781250e+02
1.552081298828125000e+02
5.924819946289062500e+00
6.281281709671020508e-01
-2.185880690813064575e-01
1.899393558502197266e+00
-3.819457292556762695e+00
-2.738047838211059570e+00
4.496636688709259033e-01
-3.329734563827514648e+00
-2.535983800888061523e+00
-1.317625999450683594e+01
-1.499785184860229492e+00
-1.383895111083984375e+01
4.988831996917724609e+00
1.346844291687011719e+01
1.071507692337036133e+00
4.787945175170898438e+01
5.185506057739257812e+01
4.605812072753906250e+01
-2.330434608459472656e+01
-1.322564697265625000e+01
3.945104598999023438e+01
5.942510604858398438e+00
7.904130458831787109e+00
3.605681610107421875e+01
2.349561691284179688e+01
2.419494152069091797e+00
1.086946105957031250e+01
2.485971152782440186e-02
2.717123553156852722e-02
1.295838475227355957e+00
1.350528001785278320e-01
1.363292187452316284e-01
1.088257908821105957e+00
9.958635568618774414e-01
7.296670079231262207e-01
1.139261722564697266e+00
3.934299945831298828e+00
4.095914840698242188e+00
2.409905624389648438e+01
-6.050572204589843750e+01
-6.209650039672851562e+01
-3.629599380493164062e+01
-2.689028167724609375e+01
-2.423647117614746094e+01
-3.212221145629882812e+01
4.067280960083007812e+01
4.039294815063476562e+01
2.582286071777343750e+01
3.008459854125976562e+01
1.537969493865966797e+01
3.917818307876586914e+00
8.807173967361450195e-01
-2.066563796997070312e+01
-2.284978103637695312e+01
7.702794551849365234e+00
3.020194244384765625e+01
2.287428474426269531e+01
3.454278182983398438e+01
4.905479049682617188e+01
4.284758377075195312e+01
4.475304412841796875e+01
4.706524658203125000e+01
4.223558044433593750e+01
-7.329187011718750000e+01
-6.564829254150390625e+01
1.139692783355712891e+01
-7.593004608154296875e+01
-6.101469802856445312e+01
7.989039421081542969e+00
-2.209554862976074219e+01
-3.966378402709960938e+01
5.380452632904052734e+00
-2.270047664642333984e+00
-8.832537651062011719e+00
-1.280082511901855469e+01
-2.155106735229492188e+01
-1.819535827636718750e+01
-2.643816757202148438e+01
-5.719362640380859375e+01
-5.792242431640625000e+01
-6.084658432006835938e+01
1.982697486877441406e+01
3.895739364624023438e+01
2.717628479003906250e+01
1.514908885955810547e+01
2.927272415161132812e+01
3.532445144653320312e+01
2.652766227722167969e+00
1.763301467895507812e+01
2.036678695678710938e+01
-2.056885719299316406e+00
-7.329113483428955078e-01
-1.471229553222656250e+00
-1.909612417221069336e+00
-7.436092495918273926e-01
-1.335633754730224609e+00
-1.271512746810913086e+00
-8.401054739952087402e-01
-1.120807647705078125e+00
7.371578216552734375e+00
-1.322266864776611328e+01
-9.419061660766601562e+00
5.090211868286132812e+00
-1.377551364898681641e+01
-1.174205207824707031e+01
3.338564038276672363e-01
-1.039352130889892578e+01
-6.131317138671875000e+00
-1.281471633911132812e+01
-1.232862091064453125e+01
-5.541841125488281250e+01
2.868400001525878906e+01
1.875971984863281250e+01
-1.644157600402832031e+01
5.487974166870117188e+01
3.688164138793945312e+01
2.163734245300292969e+01
-2.184503936767578125e+01
-3.951874923706054688e+01
-3.366810607910156250e+01
-1.089759349822998047e+01
-1.989065933227539062e+01
-2.665680122375488281e+01
-7.493022918701171875e+00
-9.305141448974609375e+00
-2.332552528381347656e+01
-1.734500122070312500e+02
-3.351584472656250000e+02
-3.844058837890625000e+02
-1.557825622558593750e+02
-3.047553100585937500e+02
-3.297043762207031250e+02
-2.781892395019531250e+02
-4.073167419433593750e+02
-3.700229797363281250e+02
5.962171554565429688e+00
5.926862716674804688e+00
6.508298492431640625e+01
1.090522670745849609e+01
7.304818630218505859e+00
5.522219467163085938e+01
5.229073524475097656e+00
-3.774931669235229492e+00
2.492332649230957031e+01
7.650519847869873047e+00
1.452264499664306641e+01
3.253398895263671875e+01
8.136750221252441406e+00
1.191666698455810547e+01
2.561401176452636719e+01
9.437266349792480469e+00
9.843064308166503906e+00
1.153176403045654297e+01
5.830015563964843750e+01
-2.458591651916503906e+01
-3.979623413085937500e+01
-3.653061676025390625e+01
-1.062786712646484375e+02
-1.085101318359375000e+02
2.041426467895507812e+01
-6.002037048339843750e+00
-6.405814170837402344e+00
2.371698608398437500e+02
1.312566070556640625e+02
-3.189698410034179688e+01
1.662358551025390625e+02
9.063855743408203125e+01
-2.954775047302246094e+01
3.712306213378906250e+01
1.512653732299804688e+01
9.620120048522949219e+00
3.397358179092407227e+00
3.927012443542480469e+00
1.407840013504028320e+00
1.699989318847656250e+00
1.447180867195129395e+00
-6.893167495727539062e-01
5.255997776985168457e-01
2.360469847917556763e-01
-6.604312062263488770e-01
2.051348724365234375e+02
2.904836425781250000e+02
2.144499664306640625e+02
1.183442001342773438e+02
1.499109954833984375e+02
1.407509460449218750e+02
6.310237884521484375e+01
4.272035980224609375e+01
6.356733703613281250e+01
1.657539939880371094e+01
-2.700168609619140625e+00
-2.170862388610839844e+01
-3.115567779541015625e+01
2.758442687988281250e+01
1.143609924316406250e+02
3.359476852416992188e+01
7.548789215087890625e+01
1.808421173095703125e+02
4.812894821166992188e+01
-1.240616226196289062e+01
-2.129101371765136719e+01
1.096420764923095703e+01
-3.229811096191406250e+01
-3.220481109619140625e+01
-1.345685195922851562e+01
-3.278723907470703125e+01
-2.543121910095214844e+01
4.402524414062500000e+02
6.123151855468750000e+02
4.180865173339843750e+02
2.816396179199218750e+02
3.036713256835937500e+02
8.570174407958984375e+01
2.068749542236328125e+02
1.109945297241210938e+02
-1.776111984252929688e+01
1.800408935546875000e+01
1.561589965820312500e+02
5.615195465087890625e+01
9.636566162109375000e+01
2.299382934570312500e+02
1.827672424316406250e+02
1.228460769653320312e+02
1.865685272216796875e+02
1.891717376708984375e+02
1.122756652832031250e+02
-3.842883586883544922e+00
-5.934441566467285156e+00
1.426314849853515625e+02
7.079612731933593750e+01
1.376490116119384766e+01
1.161034927368164062e+02
8.942893981933593750e+01
2.121414184570312500e+01
1.070252513885498047e+01
2.139008998870849609e+00
4.443338811397552490e-01
7.940865039825439453e+00
3.018600225448608398e+00
-3.861103653907775879e-01
4.055639743804931641e+00
2.058891057968139648e+00
1.254439353942871094e+00
2.473971366882324219e+01
2.015015411376953125e+01
7.076132202148437500e+01
3.654685974121093750e+01
2.518046951293945312e+01
4.348933410644531250e+01
7.047698211669921875e+01
5.619814300537109375e+01
3.747874069213867188e+01
-4.728865051269531250e+01
-1.506738281250000000e+02
-1.301987152099609375e+02
-1.599712524414062500e+02
-1.935834197998046875e+02
-1.904033660888671875e+02
2.657376670837402344e+01
7.305411529541015625e+01
4.073565673828125000e+01
7.216442108154296875e+01
9.083187103271484375e+01
1.943429107666015625e+02
4.528808975219726562e+01
3.730294418334960938e+01
8.714467620849609375e+01
1.074455261230468750e+02
4.296535110473632812e+01
4.833167648315429688e+01
-6.019611358642578125e+01
-5.656346511840820312e+01
3.097131042480468750e+02
2.135061645507812500e+02
2.458512573242187500e+02
4.563066711425781250e+02
3.599842834472656250e+02
3.893439636230468750e+02
2.353218383789062500e+02
9.514195251464843750e+01
1.723533325195312500e+02
4.096747398376464844e+00
7.369619750976562500e+01
1.279327468872070312e+02
2.783392906188964844e+01
3.393875503540039062e+01
7.130420684814453125e+01
6.322583770751953125e+01
2.873468589782714844e+01
2.945993614196777344e+01
3.211766815185546875e+01
3.243017959594726562e+01
2.747839546203613281e+01
2.631435394287109375e+01
2.955630874633789062e+01
1.880825996398925781e+01
2.058398437500000000e+01
7.095112609863281250e+01
6.783448791503906250e+01
6.297924804687500000e+01
6.650122070312500000e+01
6.370984268188476562e+01
7.820433044433593750e+01
9.835369110107421875e+01
8.984345245361328125e+01
1.149215774536132812e+02
4.375938415527343750e+01
2.031804656982421875e+01
-1.673565483093261719e+01
4.938474273681640625e+01
2.236231422424316406e+01
1.070293235778808594e+01
1.259201908111572266e+01
-5.334002971649169922e-01
2.695557832717895508e+00
8.221676349639892578e-01
5.285126566886901855e-01
-2.418136298656463623e-01
1.113482594490051270e+00
1.059327840805053711e+00
7.835261225700378418e-01
1.355284810066223145e+00
1.829416155815124512e+00
1.631894707679748535e+00
1.106750869750976562e+02
8.347447204589843750e+01
3.914450454711914062e+01
9.012621307373046875e+01
8.393318176269531250e+01
4.608679199218750000e+01
-7.017135620117187500e-03
3.673137283325195312e+01
6.275698471069335938e+01
2.326358222961425781e+01
1.103100109100341797e+01
3.662584304809570312e+01
3.411407089233398438e+01
2.944506263732910156e+01
4.153116989135742188e+01
2.982945823669433594e+01
1.701051902770996094e+01
2.286368560791015625e+01
1.093797149658203125e+02
9.747988128662109375e+01
9.991313934326171875e+01
1.235361328125000000e+02
1.108547363281250000e+02
1.230449981689453125e+02
9.063388824462890625e+01
7.884838867187500000e+01
1.027366790771484375e+02
5.772876586914062500e+02
4.686799621582031250e+02
3.314824829101562500e+02
4.510318298339843750e+02
3.658177795410156250e+02
3.734019775390625000e+02
3.986964111328125000e+02
4.233670043945312500e+02
4.764605712890625000e+02
-2.193201065063476562e+01
-5.721528053283691406e+00
1.481441116333007812e+01
5.207026481628417969e+00
-2.131627559661865234e+00
-4.342920303344726562e+00
-2.516477584838867188e+00
1.250319480895996094e+00
-8.410980224609375000e+00
5.341439056396484375e+01
3.451548004150390625e+01
2.715558052062988281e+01
6.127017593383789062e+01
3.455583953857421875e+01
4.295873641967773438e+01
4.823720932006835938e+01
1.090285301208496094e+01
3.785719680786132812e+01
8.341035246849060059e-01
5.789484083652496338e-02
-6.609606146812438965e-01
8.114150762557983398e-01
-1.100310981273651123e-01
4.761555194854736328e-01
3.291993439197540283e-01
-1.407944560050964355e+00
9.199805259704589844e-01
6.079848861694335938e+01
5.868335342407226562e+01
4.621533966064453125e+01
6.467358398437500000e+01
5.064608383178710938e+01
2.517828941345214844e+01
6.407897186279296875e+01
3.238106155395507812e+01
1.076432800292968750e+01
1.214769592285156250e+02
1.435812377929687500e+02
1.635282897949218750e+02
1.183005981445312500e+02
1.629235229492187500e+02
2.023076477050781250e+02
1.250382461547851562e+02
1.456582489013671875e+02
1.866645812988281250e+02
2.698502807617187500e+02
2.372554016113281250e+02
2.391121520996093750e+02
2.509822540283203125e+02
1.997359161376953125e+02
2.189405822753906250e+02
2.834269714355468750e+02
2.236555175781250000e+02
2.272457733154296875e+02
5.298846054077148438e+01
1.306324615478515625e+02
1.738499908447265625e+02
7.907604217529296875e+01
1.888855895996093750e+02
1.459773864746093750e+02
-3.065830993652343750e+01
5.437685394287109375e+01
-3.006988525390625000e+01
8.531484222412109375e+01
8.575021362304687500e+01
4.052402877807617188e+01
5.810007476806640625e+01
7.859636688232421875e+01
4.023686981201171875e+01
3.663331222534179688e+01
8.143365478515625000e+01
4.458032989501953125e+01
2.492943555116653442e-01
9.475295543670654297e-01
6.992680430412292480e-01
1.389125466346740723e+00
1.900678515434265137e+00
1.146526932716369629e+00
1.390768885612487793e+00
1.238981485366821289e+00
6.816614866256713867e-01
2.678036451339721680e+00
6.900714874267578125e+00
1.077959251403808594e+01
2.299468040466308594e+00
5.869100570678710938e+00
1.068854618072509766e+01
1.377874135971069336e+00
6.478081703186035156e+00
1.384013366699218750e+01
8.373571395874023438e+00
2.404578924179077148e+00
8.848998069763183594e+00
7.308696269989013672e+00
7.533574104309082031e+00
1.092980003356933594e+01
2.237120151519775391e+00
6.119317531585693359e+00
1.432704353332519531e+01
2.208935767412185669e-01
1.283570528030395508e-01
1.034009605646133423e-01
1.707104891538619995e-01
1.405979394912719727e-01
1.084692403674125671e-01
1.542287021875381470e-01
1.436369866132736206e-01
7.148990780115127563e-02
1.336199569702148438e+01
1.082802581787109375e+01
5.282504081726074219e+00
2.346731567382812500e+01
2.386430168151855469e+01
2.033901214599609375e+01
5.041860580444335938e+00
1.064541149139404297e+01
9.588253974914550781e+00
2.037008762359619141e+00
1.045881390571594238e+00
5.599683761596679688e+00
4.256599426269531250e+00
9.651247978210449219e+00
1.870258331298828125e+01
8.602105140686035156e+00
1.926157569885253906e+01
2.478221130371093750e+01
1.181612133979797363e+00
6.287241458892822266e+00
9.855980873107910156e+00
1.346070766448974609e+00
6.869207382202148438e+00
1.259397602081298828e+01
2.614678442478179932e-01
7.758915901184082031e+00
1.438298606872558594e+01
1.759316253662109375e+01
2.027224922180175781e+01
2.109261894226074219e+01
9.384177207946777344e+00
1.621147918701171875e+01
1.845500373840332031e+01
5.207811832427978516e+00
1.610096931457519531e+01
1.513493251800537109e+01
3.086934661865234375e+01
3.171089744567871094e+01
2.938236618041992188e+01
4.288553237915039062e+01
4.328407287597656250e+01
4.168375396728515625e+01
4.961887741088867188e+01
5.315276718139648438e+01
5.201467514038085938e+01
3.014381408691406250e+00
7.540733814239501953e+00
1.122549247741699219e+01
8.230285644531250000e+00
1.393385219573974609e+01
1.744030189514160156e+01
9.054514884948730469e+00
1.307754325866699219e+01
1.705517005920410156e+01
4.600290954113006592e-01
1.118393182754516602e+00
1.097454428672790527e+00
6.699066162109375000e-01
1.049635529518127441e+00
1.100872635841369629e+00
5.270327925682067871e-01
9.247909188270568848e-01
1.131364345550537109e+00
3.647986650466918945e+00
1.208559703826904297e+01
7.782605648040771484e+00
6.662219047546386719e+00
1.326601982116699219e+01
5.487586498260498047e+00
1.148704433441162109e+01
1.212292575836181641e+01
5.336707592010498047e+00
4.704383373260498047e+00
2.053135299682617188e+01
3.678182220458984375e+01
8.653693199157714844e+00
2.854348373413085938e+01
4.495930099487304688e+01
2.214383697509765625e+01
4.857730865478515625e+01
6.641269683837890625e+01
8.600158691406250000e+00
7.494482040405273438e+00
1.197660732269287109e+01
4.234630584716796875e+00
4.626188278198242188e+00
8.948670387268066406e+00
4.495707035064697266e+00
2.537631511688232422e+00
5.257214546203613281e+00
7.933348846435546875e+01
1.662696533203125000e+02
1.662463684082031250e+02
1.351450347900390625e+02
2.153336029052734375e+02
1.893488006591796875e+02
1.813388824462890625e+02
2.374878082275390625e+02
2.059262695312500000e+02
6.132550716400146484e+00
4.841565608978271484e+00
2.215661525726318359e+00
5.557893276214599609e+00
4.967564582824707031e+00
1.711117744445800781e+00
5.027592658996582031e+00
7.770132541656494141e+00
5.230279445648193359e+00
1.424824476242065430e+00
8.572416901588439941e-01
1.230035424232482910e+00
-1.627777218818664551e-01
4.419257864356040955e-02
7.915335893630981445e-02
-3.192412257194519043e-01
-1.547103524208068848e-01
7.039527595043182373e-02
-6.337709426879882812e-01
-2.022851943969726562e+00
1.387094616889953613e+00
2.919119596481323242e-01
-2.613977432250976562e+00
2.232227087020874023e+00
2.542484760284423828e+00
-2.849592447280883789e+00
-3.274980187416076660e-01
8.793316841125488281e+00
2.308521986007690430e+00
5.404727935791015625e+00
7.874767780303955078e+00
3.085100650787353516e-02
-8.509490489959716797e-01
9.630218505859375000e+00
1.708688497543334961e+00
-1.876129627227783203e+00
1.315445750951766968e-01
6.292963027954101562e-02
-1.939132809638977051e-02
1.573688387870788574e-01
8.239990472793579102e-02
-1.006935536861419678e-02
2.606315016746520996e-01
1.459879428148269653e-01
2.796197310090065002e-02
1.583893966674804688e+01
1.454050636291503906e+01
1.395142078399658203e+01
7.109254837036132812e+00
6.120861053466796875e+00
3.078752517700195312e+00
1.212520980834960938e+01
1.016182613372802734e+01
9.601687431335449219e+00
2.120395660400390625e+01
1.445969867706298828e+01
1.592087936401367188e+01
6.921156883239746094e+00
2.140210390090942383e+00
1.123726069927215576e-01
6.178261280059814453e+00
1.099423885345458984e+00
2.526567459106445312e+00
1.871156692504882812e+00
1.763240694999694824e-01
3.257800340652465820e+00
-1.051093697547912598e+00
-3.060864925384521484e+00
-4.593973755836486816e-01
-3.656299352645874023e+00
-5.137845039367675781e+00
-3.961403131484985352e+00
7.505239486694335938e+00
1.780129241943359375e+01
2.230900382995605469e+01
9.871841430664062500e+00
1.288324451446533203e+01
1.536933422088623047e+01
2.482301712036132812e+01
2.903478240966796875e+01
2.191803932189941406e+01
5.702709579467773438e+01
6.606406402587890625e+01
5.690670776367187500e+01
3.675577926635742188e+01
4.545750045776367188e+01
3.357060241699218750e+01
2.628625679016113281e+01
3.046944999694824219e+01
2.156222534179687500e+01
1.332780551910400391e+01
8.824436187744140625e+00
1.746035575866699219e+01
2.144930124282836914e+00
-8.474791526794433594e+00
1.343017339706420898e+00
-2.308540344238281250e+00
-8.324588775634765625e+00
-6.066010475158691406e+00
3.866450786590576172e-01
4.824674874544143677e-02
9.683966636657714844e-01
5.185873508453369141e-01
1.691776365041732788e-01
7.120710015296936035e-01
8.038214445114135742e-01
6.279872059822082520e-01
6.164838671684265137e-01
4.206653594970703125e+00
2.538332700729370117e+00
4.520617485046386719e+00
3.835904598236083984e+00
1.810137033462524414e+00
6.079162597656250000e+00
3.063477754592895508e+00
4.706400871276855469e+00
8.011578559875488281e+00
1.080288982391357422e+01
1.175642013549804688e+01
2.144667625427246094e+01
6.332126617431640625e+00
9.676047563552856445e-01
9.957519531250000000e+00
1.225657939910888672e+00
-4.667493820190429688e+00
-1.189744234085083008e+00
-4.937707781791687012e-01
1.924120783805847168e+00
6.060381412506103516e+00
2.162346839904785156e+00
2.031818151473999023e+00
4.595589637756347656e+00
6.783039569854736328e+00
1.052339649200439453e+01
1.291471099853515625e+01
1.271821212768554688e+02
1.348117065429687500e+02
1.524808807373046875e+02
8.847544860839843750e+01
9.043644714355468750e+01
1.190023269653320312e+02
6.495625305175781250e+01
5.988242721557617188e+01
9.244384002685546875e+01
7.725958824157714844e+00
8.831535339355468750e+00
3.170994758605957031e+00
4.673473358154296875e+00
3.745435237884521484e+00
-5.878236770629882812e+00
4.262012958526611328e+00
3.687192916870117188e+00
-2.716133356094360352e+00
