-1.691326538085937500e+03
-1.574726196289062500e+03
-1.293495117187500000e+03
-1.800233764648437500e+03
-1.619751220703125000e+03
-1.237041381835937500e+03
-1.646259887695312500e+03
-1.411178588867187500e+03
-1.037636474609375000e+03
-1.729279418945312500e+03
-1.605002319335937500e+03
-1.324715576171875000e+03
-1.810544067382812500e+03
-1.642706298828125000e+03
-1.272314697265625000e+03
-1.638237304687500000e+03
-1.415927856445312500e+03
-1.054687500000000000e+03
-1.845615478515625000e+03
-1.732795532226562500e+03
-1.451527832031250000e+03
-1.877372924804687500e+03
-1.741685546875000000e+03
-1.394597778320312500e+03
-1.685141723632812500e+03
-1.508173583984375000e+03
-1.173580200195312500e+03
-1.572556152343750000e+03
-1.647535400390625000e+03
-1.705006958007812500e+03
-1.688511840820312500e+03
-1.917094116210937500e+03
-2.013992309570312500e+03
-1.984011474609375000e+03
-2.292943603515625000e+03
-2.324936035156250000e+03
-1.465334228515625000e+03
-1.526262451171875000e+03
-1.591552734375000000e+03
-1.513314697265625000e+03
-1.722478271484375000e+03
-1.846974365234375000e+03
-1.763630249023437500e+03
-2.075901123046875000e+03
-2.152487060546875000e+03
-1.332880859375000000e+03
-1.378703125000000000e+03
-1.442564208984375000e+03
-1.375378295898437500e+03
-1.576119018554687500e+03
-1.687682617187500000e+03
-1.606270507812500000e+03
-1.919412231445312500e+03
-1.985043823242187500e+03
-1.485050781250000000e+03
-1.948875244140625000e+03
-2.295320800781250000e+03
-1.453430786132812500e+03
-2.125653320312500000e+03
-2.680770507812500000e+03
-1.482350463867187500e+03
-2.198884521484375000e+03
-2.706721923828125000e+03
-1.029168212890625000e+03
-1.409676269531250000e+03
-1.749083129882812500e+03
-9.760433349609375000e+02
-1.551091308593750000e+03
-2.094583251953125000e+03
-1.003362792968750000e+03
-1.631423706054687500e+03
-2.124069824218750000e+03
-5.862548828125000000e+02
-9.078461303710937500e+02
-1.233469238281250000e+03
-5.230185546875000000e+02
-1.002559326171875000e+03
-1.515883666992187500e+03
-5.658591918945312500e+02
-1.090526123046875000e+03
-1.538055908203125000e+03
-3.631085510253906250e+02
-4.074457702636718750e+02
-4.770313720703125000e+02
-4.949402770996093750e+02
-5.128871459960937500e+02
-5.550830078125000000e+02
-7.276488647460937500e+02
-7.455155029296875000e+02
-7.517203369140625000e+02
-2.520265197753906250e+02
-2.933387756347656250e+02
-3.775180358886718750e+02
-3.517223510742187500e+02
-3.697626342773437500e+02
-4.322399597167968750e+02
-5.803085327148437500e+02
-5.937688598632812500e+02
-6.176629638671875000e+02
-2.255494079589843750e+02
-2.442462768554687500e+02
-3.144356994628906250e+02
-2.691248168945312500e+02
-2.745250549316406250e+02
-3.341478576660156250e+02
-4.793784790039062500e+02
-4.733344726562500000e+02
-4.906973571777343750e+02
-5.998253173828125000e+02
-6.870294189453125000e+02
-7.083342895507812500e+02
-7.781541137695312500e+02
-9.213079223632812500e+02
-8.909698486328125000e+02
-6.402825927734375000e+02
-7.105475463867187500e+02
-6.366875000000000000e+02
-5.723767089843750000e+02
-6.879042968750000000e+02
-7.297773437500000000e+02
-7.424703979492187500e+02
-9.179849243164062500e+02
-9.100736694335937500e+02
-5.927415161132812500e+02
-6.850673217773437500e+02
-6.416435546875000000e+02
-7.861917724609375000e+02
-9.179974365234375000e+02
-9.496342163085937500e+02
-9.878806762695312500e+02
-1.179364135742187500e+03
-1.174942993164062500e+03
-8.328501586914062500e+02
-9.491205444335937500e+02
-9.211621093750000000e+02
2.191996459960937500e+02
1.940195312500000000e+02
1.194878387451171875e+02
7.264995117187500000e+02
5.368083496093750000e+02
3.042876586914062500e+02
6.665706176757812500e+02
4.556145019531250000e+02
2.009518280029296875e+02
1.581614379882812500e+02
1.409432678222656250e+02
8.308612060546875000e+01
7.076126098632812500e+02
5.323375854492187500e+02
3.041578979492187500e+02
6.469906616210937500e+02
4.337237854003906250e+02
1.844002380371093750e+02
-2.253775405883789062e+01
-1.615998840332031250e+01
-6.838840484619140625e+01
5.605447387695312500e+02
4.089440917968750000e+02
2.014114685058593750e+02
4.761506042480468750e+02
2.830402526855468750e+02
6.064950561523437500e+01
7.840302734375000000e+02
8.138856201171875000e+02
6.890424194335937500e+02
7.946304931640625000e+02
8.139002075195312500e+02
7.519581298828125000e+02
7.921881713867187500e+02
8.853074951171875000e+02
9.013406372070312500e+02
9.315596923828125000e+02
9.619401245117187500e+02
8.290565185546875000e+02
9.188787231445312500e+02
9.294520874023437500e+02
8.665639648437500000e+02
9.017838134765625000e+02
9.953552856445312500e+02
1.019961364746093750e+03
1.120726440429687500e+03
1.165571899414062500e+03
1.033528686523437500e+03
1.099596923828125000e+03
1.122613403320312500e+03
1.060807861328125000e+03
1.064317993164062500e+03
1.171702148437500000e+03
1.187118041992187500e+03
-6.098598632812500000e+02
-8.245823364257812500e+02
-8.747826538085937500e+02
-9.046427612304687500e+02
-1.117380615234375000e+03
-1.127120361328125000e+03
-1.032651611328125000e+03
-1.134087890625000000e+03
-1.084198364257812500e+03
-6.833598022460937500e+02
-9.049853515625000000e+02
-9.525553588867187500e+02
-9.417197265625000000e+02
-1.164290527343750000e+03
-1.170690795898437500e+03
-1.064298461914062500e+03
-1.178905151367187500e+03
-1.130611083984375000e+03
-9.320244750976562500e+02
-1.143406616210937500e+03
-1.183739624023437500e+03
-1.178998535156250000e+03
-1.400898437500000000e+03
-1.414923095703125000e+03
-1.280315429687500000e+03
-1.410274536132812500e+03
-1.373566650390625000e+03
1.397948144531250000e+04
1.333722265625000000e+04
1.376191796875000000e+04
1.713391406250000000e+04
1.700723046875000000e+04
1.670909765625000000e+04
1.674042578125000000e+04
1.716633203125000000e+04
1.692628515625000000e+04
8.055669921875000000e+03
7.003566894531250000e+03
7.370764160156250000e+03
1.090979980468750000e+04
1.029868359375000000e+04
9.828058593750000000e+03
1.063320996093750000e+04
1.058332324218750000e+04
1.015494335937500000e+04
5.697395019531250000e+02
-1.090194335937500000e+03
-7.674000244140625000e+02
3.068425781250000000e+03
1.830816528320312500e+03
1.381444702148437500e+03
2.840418701171875000e+03
2.104453125000000000e+03
1.597331909179687500e+03
3.332036132812500000e+02
3.529878540039062500e+02
4.288400573730468750e+02
2.762584838867187500e+02
4.025014038085937500e+02
5.889277343750000000e+02
4.135259094238281250e+02
6.110551147460937500e+02
6.982551879882812500e+02
3.798334045410156250e+02
3.827388000488281250e+02
4.372261962890625000e+02
2.881631469726562500e+02
3.948765563964843750e+02
5.794190063476562500e+02
4.011198730468750000e+02
5.928690795898437500e+02
6.922222290039062500e+02
3.924899597167968750e+02
3.630167846679687500e+02
3.982832946777343750e+02
2.849327087402343750e+02
3.615394287109375000e+02
5.232137451171875000e+02
3.879845886230468750e+02
5.527512207031250000e+02
6.222173461914062500e+02
4.222190917968750000e+03
4.273696289062500000e+03
2.850003906250000000e+03
4.193393554687500000e+03
4.296096679687500000e+03
2.946040039062500000e+03
3.489384765625000000e+03
3.709231933593750000e+03
3.054438964843750000e+03
2.711573974609375000e+03
2.603739501953125000e+03
1.102972290039062500e+03
2.746304443359375000e+03
2.682499023437500000e+03
1.237978637695312500e+03
2.129294189453125000e+03
2.237781005859375000e+03
1.513209350585937500e+03
9.126373291015625000e+02
7.715823364257812500e+02
-6.103165893554687500e+02
1.040378906250000000e+03
9.249784545898437500e+02
-4.173437805175781250e+02
5.183662109375000000e+02
5.634774780273437500e+02
-9.849153137207031250e+01
-1.279051147460937500e+03
-1.084506225585937500e+03
-9.627429809570312500e+02
-1.532547241210937500e+03
-1.238392578125000000e+03
-1.042782592773437500e+03
-1.635893310546875000e+03
-1.309896728515625000e+03
-1.082128417968750000e+03
-1.288843872070312500e+03
-1.096380004882812500e+03
-9.693219604492187500e+02
-1.469886108398437500e+03
-1.184747924804687500e+03
-9.915356445312500000e+02
-1.526486083984375000e+03
-1.205293579101562500e+03
-9.758281860351562500e+02
-1.395089111328125000e+03
-1.194339843750000000e+03
-1.061202392578125000e+03
-1.559274780273437500e+03
-1.282071044921875000e+03
-1.113636474609375000e+03
-1.600382324218750000e+03
-1.296383666992187500e+03
-1.097085937500000000e+03
1.778971923828125000e+03
1.806615356445312500e+03
1.171456298828125000e+03
1.945279541015625000e+03
2.373188720703125000e+03
1.819876708984375000e+03
2.243705566406250000e+03
2.511240234375000000e+03
1.909511352539062500e+03
2.242322265625000000e+03
2.291136474609375000e+03
1.589241943359375000e+03
2.492470214843750000e+03
2.932699462890625000e+03
2.298278808593750000e+03
2.774740722656250000e+03
3.088173828125000000e+03
2.441733886718750000e+03
2.649417968750000000e+03
2.775306152343750000e+03
2.023349243164062500e+03
2.999328125000000000e+03
3.488794189453125000e+03
2.810024414062500000e+03
3.227704589843750000e+03
3.562776123046875000e+03
2.868482910156250000e+03
-6.251826782226562500e+02
-6.507219848632812500e+02
-5.752042236328125000e+02
-5.533612060546875000e+02
-6.006580810546875000e+02
-5.147344970703125000e+02
-3.867755737304687500e+02
-4.541150207519531250e+02
-4.214292602539062500e+02
-5.003317871093750000e+02
-5.337362670898437500e+02
-4.870103759765625000e+02
-4.510111999511718750e+02
-4.992404479980468750e+02
-4.308616638183593750e+02
-3.317496337890625000e+02
-3.863516845703125000e+02
-3.621022033691406250e+02
-3.503826293945312500e+02
-3.714910888671875000e+02
-3.277178955078125000e+02
-2.918428344726562500e+02
-3.298651733398437500e+02
-2.708019409179687500e+02
-1.830179138183593750e+02
-2.276427612304687500e+02
-2.077646179199218750e+02
1.947496582031250000e+03
2.168345703125000000e+03
2.301149658203125000e+03
2.280636718750000000e+03
2.627007812500000000e+03
2.772694580078125000e+03
2.584487060546875000e+03
2.966500488281250000e+03
3.045857177734375000e+03
1.146549194335937500e+03
1.354989257812500000e+03
1.518170532226562500e+03
1.359943237304687500e+03
1.702860229492187500e+03
1.900306030273437500e+03
1.635660034179687500e+03
2.012799926757812500e+03
2.153608398437500000e+03
3.103725280761718750e+02
4.726723632812500000e+02
6.463384399414062500e+02
4.820178833007812500e+02
7.756882934570312500e+02
9.932560424804687500e+02
7.665701293945312500e+02
1.107128295898437500e+03
1.271685302734375000e+03
-8.658609008789062500e+02
-1.337578002929687500e+03
-1.321457641601562500e+03
-2.488178405761718750e+02
-7.490906372070312500e+02
-7.843619384765625000e+02
-2.940364265441894531e+01
-3.270390930175781250e+02
-3.427865295410156250e+02
-8.756661987304687500e+02
-1.377752807617187500e+03
-1.348510253906250000e+03
-2.726239013671875000e+02
-7.814852905273437500e+02
-8.056592407226562500e+02
-8.013552093505859375e+01
-3.824810180664062500e+02
-3.916860656738281250e+02
-1.034727050781250000e+03
-1.486791015625000000e+03
-1.447321655273437500e+03
-4.435855712890625000e+02
-9.135582885742187500e+02
-9.378187255859375000e+02
-2.994375915527343750e+02
-5.867607421875000000e+02
-5.906901855468750000e+02
