2.082074890136718750e+02
4.829227447509765625e+01
2.214542541503906250e+02
7.029347229003906250e+01
1.096289730072021484e+01
2.240300445556640625e+02
2.095046997070312500e+01
8.165079498291015625e+01
2.670373153686523438e+01
5.236768798828125000e+02
3.158655395507812500e+02
4.103008117675781250e+02
5.694759521484375000e+02
1.377417907714843750e+02
1.507823824882507324e+00
3.223750915527343750e+02
2.204749145507812500e+02
5.372401428222656250e+01
1.816423416137695312e+01
5.378516845703125000e+02
1.167216110229492188e+02
2.963460083007812500e+02
1.752637939453125000e+02
1.067246704101562500e+02
1.759788513183593750e+01
9.533866882324218750e+00
3.076603317260742188e+01
1.119095802307128906e+01
2.421401062011718750e+02
2.171023607254028320e+00
3.270409584045410156e+00
2.381715850830078125e+02
8.344831848144531250e+01
2.487866020202636719e+01
1.414859008789062500e+02
5.762472152709960938e+01
7.718392848968505859e+00
1.289564666748046875e+02
1.052732944488525391e+01
4.881320953369140625e+01
2.325370025634765625e+01
2.792802124023437500e+02
2.240345001220703125e+02
2.869433898925781250e+02
3.229669189453125000e+02
4.539420700073242188e+01
5.882155895233154297e-01
2.107496643066406250e+02
1.469803009033203125e+02
3.960857391357421875e+01
9.775910377502441406e+00
2.951261291503906250e+02
8.287308502197265625e+01
2.444941558837890625e+02
1.108662414550781250e+02
6.542920684814453125e+01
1.048024272918701172e+01
2.556158304214477539e+00
2.297149467468261719e+01
7.680640220642089844e+00
1.513196563720703125e+02
1.741466760635375977e+00
1.131376743316650391e+00
1.330337219238281250e+02
1.383601989746093750e+02
2.694512748718261719e+01
1.264840545654296875e+02
4.278496551513671875e+01
7.638689517974853516e+00
1.806325531005859375e+02
1.590387248992919922e+01
4.895976257324218750e+01
2.422025489807128906e+01
3.958646850585937500e+02
2.251547546386718750e+02
3.337446289062500000e+02
4.297870788574218750e+02
1.007219543457031250e+02
8.748440146446228027e-01
2.251338958740234375e+02
1.941395416259765625e+02
2.445643234252929688e+01
1.299039554595947266e+01
4.539468078613281250e+02
8.431218719482421875e+01
2.131815185546875000e+02
1.696745605468750000e+02
7.229919433593750000e+01
1.062310504913330078e+01
4.138413906097412109e+00
1.426591014862060547e+01
5.365956783294677734e+00
1.859114837646484375e+02
6.466750502586364746e-01
2.190423250198364258e+00
1.752451171875000000e+02
3.856942653656005859e+00
1.040521144866943359e+00
4.579630374908447266e+00
1.408661603927612305e+00
1.324927061796188354e-01
4.316790580749511719e+00
4.470071792602539062e-01
2.288230895996093750e+00
7.114440798759460449e-01
1.715740966796875000e+01
7.116854667663574219e+00
1.133859729766845703e+01
1.702065467834472656e+01
2.376222848892211914e+00
4.290940240025520325e-02
6.953819274902343750e+00
1.048715782165527344e+01
1.539086341857910156e+00
2.866035103797912598e-01
1.826152992248535156e+01
1.486685156822204590e+00
5.138784885406494141e+00
6.297741889953613281e+00
1.808534622192382812e+00
3.799279630184173584e-01
2.236320972442626953e-01
6.744868755340576172e-01
1.027869433164596558e-01
6.934552669525146484e+00
5.248307436704635620e-02
4.812474176287651062e-02
6.794453620910644531e+00
4.318034052848815918e-01
1.963771432638168335e-01
7.898623943328857422e-01
3.492258116602897644e-02
-1.207620091736316681e-02
2.787041664123535156e-02
-1.991815119981765747e-02
-4.436010867357254028e-02
1.780116260051727295e-01
1.605492711067199707e+00
-5.592681840062141418e-02
-3.211683332920074463e-01
9.825339317321777344e-01
4.296653568744659424e-01
0.000000000000000000e+00
4.746146202087402344e-01
-5.647493004798889160e-01
7.259559631347656250e-01
3.513950854539871216e-02
-1.892675161361694336e-01
1.571661829948425293e-01
-5.944259464740753174e-02
1.174845173954963684e-01
5.462377518415451050e-02
4.763783514499664307e-02
7.347781658172607422e-01
1.241059750318527222e-01
4.976747557520866394e-02
-4.590940773487091064e-01
2.170560508966445923e-02
3.697688132524490356e-02
8.689530193805694580e-02
7.433460235595703125e+01
1.391407394409179688e+01
6.575005340576171875e+01
3.825203704833984375e+01
4.528541564941406250e+00
9.145911407470703125e+01
9.628238677978515625e+00
2.642216300964355469e+01
2.113150978088378906e+01
2.833435668945312500e+02
1.535897521972656250e+02
2.215874633789062500e+02
2.856972351074218750e+02
4.785176086425781250e+01
3.308091759681701660e-01
1.784593048095703125e+02
1.605831756591796875e+02
2.995563745498657227e-01
4.880212306976318359e+00
3.710687561035156250e+02
4.402122116088867188e+01
1.356519622802734375e+02
1.588469085693359375e+02
3.149298667907714844e+01
1.027402400970458984e+01
1.409468352794647217e-01
9.414485931396484375e+00
1.986290216445922852e+00
1.271710205078125000e+02
-2.982450425624847412e-01
7.368387579917907715e-01
1.416067657470703125e+02
2.804263305664062500e+02
6.115114593505859375e+01
2.323486175537109375e+02
1.112848815917968750e+02
1.057088851928710938e+01
3.443249206542968750e+02
4.344576644897460938e+01
7.994948577880859375e+01
3.750106048583984375e+01
7.801740722656250000e+02
5.138822021484375000e+02
5.241188964843750000e+02
6.612305908203125000e+02
1.423125152587890625e+02
1.668833017349243164e+00
4.421213378906250000e+02
3.104893188476562500e+02
1.981394529342651367e+00
1.838563919067382812e+01
8.452921752929687500e+02
1.494793701171875000e+02
4.608112792968750000e+02
2.694911804199218750e+02
1.531091156005859375e+02
2.830791282653808594e+01
-1.109247970581054688e+01
6.002056121826171875e+01
9.647005081176757812e+00
2.753735961914062500e+02
4.593854546546936035e-01
-8.756143450736999512e-01
3.588791809082031250e+02
2.319185638427734375e+02
4.573848342895507812e+01
2.316734771728515625e+02
9.813796997070312500e+01
1.265282821655273438e+01
3.094202575683593750e+02
2.774887275695800781e+01
8.771269226074218750e+01
4.431788253784179688e+01
7.160643310546875000e+02
4.460876464843750000e+02
5.961102294921875000e+02
7.210880737304687500e+02
1.443303527832031250e+02
1.705037236213684082e+00
4.174388732910156250e+02
3.382006530761718750e+02
3.939398193359375000e+01
2.052829742431640625e+01
7.850994873046875000e+02
1.380567169189453125e+02
4.149316711425781250e+02
2.841349182128906250e+02
1.246661300659179688e+02
2.078085708618164062e+01
4.760680198669433594e+00
3.148530197143554688e+01
8.580944061279296875e+00
3.246982727050781250e+02
1.356484532356262207e+00
2.549734354019165039e+00
3.147489929199218750e+02
1.895664024353027344e+01
4.927608489990234375e+00
2.280008888244628906e+01
5.636719703674316406e+00
1.141504645347595215e+00
6.031476974487304688e+00
2.686997652053833008e+00
1.016336059570312500e+01
2.874470233917236328e+00
7.420615386962890625e+01
9.125370025634765625e+00
4.034465026855468750e+01
8.243443298339843750e+01
2.350388145446777344e+01
-2.586922235786914825e-02
2.407878494262695312e+01
2.783136749267578125e+01
1.342774868011474609e+01
1.694682002067565918e+00
3.323074340820312500e+01
6.998124122619628906e+00
6.699288368225097656e+00
1.427293491363525391e+01
7.887775421142578125e+00
1.797354340553283691e+00
4.235615730285644531e+00
1.915029406547546387e+00
1.787700176239013672e+00
3.377581405639648438e+01
4.729567170143127441e-01
1.640333056449890137e+00
1.810544967651367188e+01
1.886221466064453125e+02
4.316568374633789062e+01
2.414164886474609375e+02
1.089947204589843750e+02
1.170671272277832031e+01
2.257997589111328125e+02
2.413753700256347656e+01
8.395607757568359375e+01
4.455073928833007812e+01
6.797672729492187500e+02
4.096128845214843750e+02
5.327371826171875000e+02
6.890462646484375000e+02
1.127566757202148438e+02
1.019824624061584473e+00
3.984047851562500000e+02
3.050922241210937500e+02
6.133019256591796875e+01
1.785883331298828125e+01
6.580712890625000000e+02
1.189636001586914062e+02
3.527322387695312500e+02
2.227205810546875000e+02
1.124055175781250000e+02
2.060971641540527344e+01
7.922694206237792969e+00
3.697285079956054688e+01
1.019658756256103516e+01
2.952578125000000000e+02
2.809896707534790039e+00
3.292439460754394531e+00
2.887896118164062500e+02
-8.604986190795898438e+00
-1.189355134963989258e+00
3.626921415328979492e+00
3.679223060607910156e-01
-4.472741484642028809e-01
-6.237176895141601562e+00
-4.558676481246948242e-01
3.589831352233886719e+00
-4.477889537811279297e-01
-2.828040599822998047e+00
-1.716560554504394531e+01
-1.268152713775634766e+01
-5.520703792572021484e+00
4.388967514038085938e+00
-1.299615390598773956e-02
-1.210716342926025391e+01
-1.070605659484863281e+01
5.310648918151855469e+00
7.681059837341308594e-02
-2.125433731079101562e+01
-5.435339450836181641e+00
-1.500123214721679688e+01
-6.619043827056884766e+00
-4.352013587951660156e+00
-5.641962885856628418e-01
1.527912497520446777e+00
-1.250109910964965820e+00
-3.491961583495140076e-02
6.655636310577392578e+00
2.117516249418258667e-01
6.062611937522888184e-01
-1.155527114868164062e+01
1.546036987304687500e+02
1.355945777893066406e+01
1.348677062988281250e+02
7.819467163085937500e+01
9.777286529541015625e+00
1.985374603271484375e+02
1.952839660644531250e+01
6.163563156127929688e+01
3.372147750854492188e+01
4.233597717285156250e+02
2.626181640625000000e+02
3.701211242675781250e+02
4.516913452148437500e+02
8.225901031494140625e+01
9.219064116477966309e-01
2.471127166748046875e+02
2.222732391357421875e+02
2.532056427001953125e+01
1.078451728820800781e+01
5.272523193359375000e+02
5.287348556518554688e+01
2.467474212646484375e+02
1.388193054199218750e+02
4.788848114013671875e+01
8.661968231201171875e+00
5.233178138732910156e+00
1.760880470275878906e+01
3.524907588958740234e+00
2.721386718750000000e+02
1.333207011222839355e+00
3.501911401748657227e+00
1.779099273681640625e+02
-2.492829284667968750e+02
-4.431047058105468750e+01
-2.368641510009765625e+02
-1.238484954833984375e+02
-1.595215606689453125e+01
-3.321314392089843750e+02
-3.729592895507812500e+01
-9.225350189208984375e+01
-5.744169998168945312e+01
-9.658916015625000000e+02
-5.857592773437500000e+02
-7.447945556640625000e+02
-8.031481323242187500e+02
-1.379732513427734375e+02
-1.402026176452636719e+00
-4.821399536132812500e+02
-4.639948120117187500e+02
-2.902165031433105469e+01
-2.025508499145507812e+01
-9.786356811523437500e+02
-1.297498931884765625e+02
-4.742027893066406250e+02
-3.326439514160156250e+02
-1.376546478271484375e+02
-2.239147949218750000e+01
-5.430885553359985352e-01
-4.077599716186523438e+01
-5.837010860443115234e+00
-3.978235778808593750e+02
-1.275966882705688477e+00
-2.705391168594360352e+00
-3.656622924804687500e+02
2.696302795410156250e+01
-2.498497247695922852e+00
-2.834908962249755859e+00
-1.036898899078369141e+01
-4.497180283069610596e-01
4.363084411621093750e+01
2.893510580062866211e+00
-7.654795169830322266e+00
-1.396734237670898438e+00
-1.004785251617431641e+01
1.311094403266906738e+00
-5.157296180725097656e+00
-6.120956897735595703e+00
1.266199398040771484e+01
2.777001559734344482e-01
1.393561840057373047e+01
-1.124841690063476562e+00
-1.823441886901855469e+01
-2.530194222927093506e-01
6.247572326660156250e+01
4.502124786376953125e+00
1.835831069946289062e+01
2.295218658447265625e+01
6.868211746215820312e+00
-1.068870782852172852e+00
-2.214493036270141602e+00
-3.079304695129394531e+00
-8.308895826339721680e-01
1.391017341613769531e+01
-1.212304353713989258e+00
-4.527528882026672363e-01
1.561460781097412109e+01
-5.568816184997558594e+00
-2.325599193572998047e+00
-2.420172309875488281e+01
-1.223652076721191406e+01
-1.114955902099609375e+00
-5.227252960205078125e+00
-9.481203556060791016e-01
-9.056029319763183594e+00
-4.625087261199951172e+00
-5.118318176269531250e+01
-2.796778488159179688e+01
-3.232214736938476562e+01
-6.447222137451171875e+01
-6.325934886932373047e+00
-1.959868706762790680e-02
-3.245083999633789062e+01
-1.666509628295898438e+01
-1.379571723937988281e+01
-1.745261907577514648e+00
-2.820606994628906250e+01
-9.642469406127929688e+00
-1.808222579956054688e+01
-1.007702159881591797e+01
-7.976727962493896484e+00
-2.431633472442626953e+00
-1.800663471221923828e+00
-2.632979154586791992e+00
-1.941932797431945801e+00
-2.709866905212402344e+01
-5.864458084106445312e-01
-6.124015450477600098e-01
-1.409053134918212891e+01
7.240550537109375000e+02
1.681022796630859375e+02
7.638958129882812500e+02
2.819616394042968750e+02
3.750183868408203125e+01
1.167371337890625000e+03
2.133925323486328125e+02
3.922496643066406250e+02
8.184578704833984375e+01
3.073142578125000000e+03
1.243770751953125000e+03
1.680224243164062500e+03
2.840499511718750000e+03
6.852580566406250000e+02
6.239315032958984375e+00
1.156078002929687500e+03
1.161354248046875000e+03
8.542254638671875000e+01
7.100069427490234375e+01
3.115180175781250000e+03
3.294342041015625000e+02
9.259323120117187500e+02
9.587456054687500000e+02
4.173253173828125000e+02
9.508149719238281250e+01
6.369723320007324219e+00
1.202573242187500000e+02
2.088597869873046875e+01
1.125803955078125000e+03
5.956745147705078125e+00
1.200063419342041016e+01
8.624388427734375000e+02
3.023837804794311523e-01
-3.442191600799560547e+00
-3.371170806884765625e+01
-1.789428520202636719e+01
-5.196992158889770508e-01
-2.817807674407958984e+00
2.403418719768524170e-01
-1.095340156555175781e+01
-5.373297691345214844e+00
-5.899869537353515625e+01
-3.484799957275390625e+01
-4.613782501220703125e+01
-7.265211486816406250e+01
-4.095476150512695312e+00
3.058596141636371613e-02
-4.336361694335937500e+01
-2.757553482055664062e+01
-2.073107910156250000e+01
-1.561882019042968750e+00
-2.856512451171875000e+01
-5.758203983306884766e+00
-1.648875045776367188e+01
-6.701748847961425781e+00
-7.541185855865478516e+00
-4.533909320831298828e+00
-2.477089166641235352e+00
-3.906374931335449219e+00
-2.863789081573486328e+00
-4.550698852539062500e+01
-6.181632280349731445e-01
-1.068569660186767578e+00
-2.286445426940917969e+01
-4.733447647094726562e+01
-8.325809478759765625e+00
-5.065879058837890625e+01
-2.135844612121582031e+01
-1.406779050827026367e+00
-5.259001159667968750e+01
-1.037601089477539062e+01
-1.679648590087890625e+01
-9.675313949584960938e+00
-1.959546356201171875e+02
-9.680764770507812500e+01
-1.007676010131835938e+02
-1.562393951416015625e+02
-2.572492790222167969e+01
-7.811198383569717407e-02
-1.048189849853515625e+02
-6.313450622558593750e+01
-9.415523529052734375e+00
-3.413180589675903320e+00
-1.827751464843750000e+02
-2.719899749755859375e+01
-7.684746551513671875e+01
-6.362445831298828125e+01
-2.788193893432617188e+01
-4.747064113616943359e+00
-1.722390651702880859e+00
-1.082224941253662109e+01
-3.106934070587158203e+00
-7.087351226806640625e+01
-4.184965789318084717e-01
-6.838901042938232422e-01
-7.740798950195312500e+01
-4.762018203735351562e+01
-7.458713054656982422e+00
-7.594789123535156250e+01
-3.328995132446289062e+01
-4.736738681793212891e+00
-7.652116394042968750e+01
-5.460685253143310547e+00
-2.589010810852050781e+01
-1.929741477966308594e+01
-1.917368774414062500e+02
-1.462349395751953125e+02
-1.905242004394531250e+02
-2.063136596679687500e+02
-2.197661781311035156e+01
-3.309992253780364990e-01
-1.299279174804687500e+02
-1.107802734375000000e+02
-2.240427398681640625e+01
-5.300203323364257812e+00
-2.002429199218750000e+02
-4.314640808105468750e+01
-1.455108489990234375e+02
-7.472160339355468750e+01
-2.971589851379394531e+01
-4.027267932891845703e+00
-2.148164510726928711e+00
-8.107599258422851562e+00
-3.153233766555786133e+00
-1.139869537353515625e+02
-1.430756330490112305e+00
-8.209885954856872559e-01
-7.687409973144531250e+01
7.527680206298828125e+01
1.499689483642578125e+01
1.560311737060546875e+02
7.936677551269531250e+01
8.467597961425781250e+00
1.087587966918945312e+02
7.063329696655273438e+00
5.506116485595703125e+01
3.397098541259765625e+01
3.251634521484375000e+02
2.591372070312500000e+02
3.118690490722656250e+02
3.737384643554687500e+02
4.074035263061523438e+01
5.084450244903564453e-01
2.263386993408203125e+02
1.677065429687500000e+02
6.299517059326171875e+01
1.073535251617431641e+01
3.090280151367187500e+02
8.300105285644531250e+01
2.337434387207031250e+02
1.147152328491210938e+02
5.156290817260742188e+01
1.052751731872558594e+01
6.096968650817871094e+00
1.739704132080078125e+01
8.389677047729492188e+00
2.030313415527343750e+02
2.723667383193969727e+00
2.333936452865600586e+00
1.309979400634765625e+02
2.019675750732421875e+02
2.961821365356445312e+01
1.757630767822265625e+02
8.117354583740234375e+01
1.518714237213134766e+01
2.084804382324218750e+02
1.550487422943115234e+01
7.154347229003906250e+01
5.674710083007812500e+01
5.705228271484375000e+02
3.956394958496093750e+02
5.209707641601562500e+02
6.199375000000000000e+02
1.076298675537109375e+02
7.426262497901916504e-01
3.347358398437500000e+02
3.376732177734375000e+02
5.089139938354492188e+01
1.821346664428710938e+01
5.998889770507812500e+02
1.334282073974609375e+02
3.981195983886718750e+02
2.738106689453125000e+02
7.865183258056640625e+01
1.294703388214111328e+01
4.506613254547119141e+00
2.231764221191406250e+01
7.865819454193115234e+00
2.975040893554687500e+02
1.332501649856567383e+00
3.915062904357910156e+00
2.259416198730468750e+02
2.054506492614746094e+01
4.005731582641601562e+00
1.738603973388671875e+01
1.201376676559448242e+00
1.802591443061828613e+00
4.911898422241210938e+01
2.235039234161376953e+00
2.196766376495361328e+00
1.294170618057250977e+00
4.050924682617187500e+01
4.297763824462890625e+01
4.774326324462890625e+01
3.880280303955078125e+01
1.435685825347900391e+01
2.320192456245422363e-01
3.256454849243164062e+01
2.034329986572265625e+01
-2.352834224700927734e+00
2.551780939102172852e+00
5.697294616699218750e+01
1.993886756896972656e+01
6.400199890136718750e+01
2.097117614746093750e+01
1.643171882629394531e+01
4.382829666137695312e-01
2.857300937175750732e-01
1.811727523803710938e+00
1.608277410268783569e-01
2.650832176208496094e+01
1.389350891113281250e-01
-1.810538321733474731e-01
2.205449295043945312e+01
3.797116470336914062e+01
2.152468681335449219e+01
1.729920196533203125e+02
5.406394195556640625e+01
5.297607421875000000e+00
7.050768280029296875e+01
6.244959831237792969e+00
5.939313507080078125e+01
2.892412376403808594e+01
2.626471862792968750e+02
1.483776092529296875e+02
2.242719879150390625e+02
4.191069335937500000e+02
4.855170059204101562e+01
1.776383817195892334e-01
1.824925231933593750e+02
1.526692047119140625e+02
7.418114471435546875e+01
1.105781555175781250e+01
2.058852233886718750e+02
6.124921417236328125e+01
1.282052307128906250e+02
1.079216232299804688e+02
4.336965942382812500e+01
1.291603851318359375e+01
1.098703861236572266e+01
1.106750965118408203e+01
1.279179573059082031e+01
2.141965332031250000e+02
3.894775152206420898e+00
3.774769783020019531e+00
1.095660171508789062e+02
4.980113983154296875e+01
6.821690559387207031e+00
3.566698837280273438e+01
2.212800216674804688e+01
7.729567885398864746e-01
4.594749832153320312e+01
8.596228599548339844e+00
2.099709892272949219e+01
7.706460475921630859e+00
1.402487335205078125e+02
5.290508270263671875e+01
1.111562805175781250e+02
1.913370208740234375e+02
5.559803771972656250e+01
1.942566782236099243e-01
7.396954345703125000e+01
6.318542098999023438e+01
2.196863174438476562e+00
4.250900745391845703e+00
2.240168762207031250e+02
1.330325889587402344e+01
2.764255523681640625e+01
8.023158264160156250e+01
1.967462158203125000e+01
2.865453720092773438e+00
3.491482734680175781e+00
-2.920900285243988037e-02
-4.946311116218566895e-01
9.741259765625000000e+01
1.939005106687545776e-01
1.523264288902282715e+00
6.465116119384765625e+01
6.460823364257812500e+02
2.168155975341796875e+02
1.323404663085937500e+03
3.832429809570312500e+02
4.697745895385742188e+01
8.463046264648437500e+02
1.049636764526367188e+02
5.508603515625000000e+02
1.190790176391601562e+02
1.551199340820312500e+03
1.311780761718750000e+03
1.766567260742187500e+03
2.600200683593750000e+03
5.095802307128906250e+02
3.730865716934204102e+00
1.503195068359375000e+03
8.119404296875000000e+02
4.182523803710937500e+02
8.084265136718750000e+01
1.870794555664062500e+03
5.554300537109375000e+02
1.142901245117187500e+03
6.583527832031250000e+02
4.757528686523437500e+02
1.283094940185546875e+02
3.928509902954101562e+01
1.258929138183593750e+02
7.648526000976562500e+01
1.150784179687500000e+03
1.884870338439941406e+01
2.142533302307128906e+01
9.323190917968750000e+02
7.943117523193359375e+01
9.724877357482910156e+00
6.847421264648437500e+01
3.008301162719726562e+01
3.232049465179443359e+00
1.017212600708007812e+02
7.031621932983398438e+00
3.005336380004882812e+01
1.734229278564453125e+01
2.497677459716796875e+02
1.242981948852539062e+02
2.020916595458984375e+02
2.635673217773437500e+02
5.728939819335937500e+01
6.817837953567504883e-01
1.327586364746093750e+02
1.188319091796875000e+02
1.764489364624023438e+01
7.030763149261474609e+00
2.651542663574218750e+02
3.850929641723632812e+01
1.339384002685546875e+02
9.697820281982421875e+01
3.435417556762695312e+01
4.891742229461669922e+00
4.936527252197265625e+00
8.021472930908203125e+00
2.446301221847534180e+00
1.317612457275390625e+02
7.531779408454895020e-01
2.015739679336547852e+00
9.558949279785156250e+01
8.249318003654479980e-01
-3.612631186842918396e-02
1.304545879364013672e+01
4.395223140716552734e+00
1.248977303504943848e+00
8.327780723571777344e+00
3.822964429855346680e-01
7.458711147308349609e+00
3.579864740371704102e+00
2.407399940490722656e+01
6.641427040100097656e+00
2.255580520629882812e+01
5.129623031616210938e+01
6.415915966033935547e+00
5.558162927627563477e-02
1.476549625396728516e+01
1.686957740783691406e+01
1.086341571807861328e+01
1.571681857109069824e+00
2.056649780273437500e+01
5.047075271606445312e+00
9.736783027648925781e+00
1.055695343017578125e+01
-7.796376943588256836e-01
1.388225555419921875e+00
1.805181026458740234e+00
2.152042388916015625e-01
1.371259450912475586e+00
2.015223121643066406e+01
4.137421250343322754e-01
6.567286849021911621e-01
6.741220951080322266e+00
2.744249572753906250e+02
6.498149108886718750e+01
4.187309570312500000e+02
2.247740173339843750e+02
2.052336120605468750e+01
3.486326599121093750e+02
3.347509384155273438e+01
1.183185806274414062e+02
7.355205535888671875e+01
8.999323730468750000e+02
7.856452636718750000e+02
8.637838134765625000e+02
8.693183593750000000e+02
7.587635040283203125e+01
1.586686015129089355e+00
6.536748657226562500e+02
3.861400756835937500e+02
1.031051788330078125e+02
2.484424209594726562e+01
8.679631347656250000e+02
2.248921356201171875e+02
6.865400390625000000e+02
2.981028137207031250e+02
1.810849609375000000e+02
3.651345062255859375e+01
-1.111843585968017578e+00
7.552886199951171875e+01
1.923635673522949219e+01
3.811103210449218750e+02
4.709139347076416016e+00
1.355842351913452148e-01
4.377935791015625000e+02
-1.711241455078125000e+02
-4.976810073852539062e+01
-1.422416839599609375e+02
-3.781943130493164062e+01
-1.159933376312255859e+01
-3.627687683105468750e+02
-2.603969001770019531e+01
-2.879162788391113281e+01
-1.739935111999511719e+01
-4.721570739746093750e+02
-3.104516296386718750e+02
-4.622209472656250000e+02
-6.412106323242187500e+02
-2.056915130615234375e+02
-2.286063432693481445e+00
-3.480228576660156250e+02
-1.984978027343750000e+02
-8.167415618896484375e+00
-1.822627830505371094e+01
-6.364820556640625000e+02
-1.111860046386718750e+02
-2.881662902832031250e+02
-1.975465087890625000e+02
-9.063870239257812500e+01
-1.741215515136718750e+01
1.563373088836669922e+01
-3.662825775146484375e+01
-2.072245979309082031e+01
-2.763645019531250000e+02
-1.101192474365234375e+00
-2.200736045837402344e+00
-2.805847778320312500e+02
7.606031799316406250e+01
2.286788177490234375e+01
7.723224639892578125e+01
4.635036087036132812e+01
5.465561389923095703e+00
6.050241470336914062e+01
9.070573806762695312e+00
3.219298171997070312e+01
1.245882225036621094e+01
2.735223083496093750e+02
1.535606842041015625e+02
2.149406738281250000e+02
2.328968200683593750e+02
3.604087448120117188e+01
1.015933007001876831e-01
1.370553131103515625e+02
1.180633544921875000e+02
2.527292251586914062e+01
6.020968914031982422e+00
2.156999359130859375e+02
3.666072845458984375e+01
1.094026870727539062e+02
5.549186706542968750e+01
4.062078857421875000e+01
1.044118213653564453e+01
6.111384868621826172e+00
2.214313507080078125e+01
3.066376686096191406e+00
7.587226867675781250e+01
1.532016754150390625e+00
1.226725459098815918e+00
1.052042846679687500e+02
-1.580976128578186035e+00
-3.386255800724029541e-01
-4.155141353607177734e+00
-3.225107192993164062e+00
-1.458504348993301392e-01
-3.754683732986450195e+00
-2.176986783742904663e-01
-1.222792387008666992e+00
-6.719945073127746582e-01
-5.521872043609619141e+00
-8.680811882019042969e+00
-9.483173370361328125e+00
-9.463420867919921875e+00
-6.639014482498168945e-01
-2.616601437330245972e-02
-7.137383460998535156e+00
-2.681846618652343750e+00
-1.177326440811157227e+00
-4.262730181217193604e-01
-9.771679878234863281e+00
-3.369222640991210938e+00
-5.744631767272949219e+00
-5.455136775970458984e+00
-1.305186867713928223e+00
-4.862008392810821533e-01
3.766144812107086182e-02
-4.227159917354583740e-01
-2.885226011276245117e-01
-3.434448480606079102e+00
-1.937827561050653458e-03
6.298637390136718750e-02
-4.016981124877929688e+00
4.851793670654296875e+01
4.983374595642089844e+00
4.022287750244140625e+01
1.834507751464843750e+01
2.133821964263916016e+00
6.396963882446289062e+01
5.826506614685058594e+00
1.639912796020507812e+01
9.116808891296386719e+00
1.483924102783203125e+02
8.398144531250000000e+01
1.151074371337890625e+02
1.649997253417968750e+02
3.843362808227539062e+01
3.020021319389343262e-01
8.669084930419921875e+01
7.180501556396484375e+01
6.454405307769775391e+00
4.805824279785156250e+00
1.617927856445312500e+02
2.353845787048339844e+01
7.169620513916015625e+01
5.983842468261718750e+01
2.580943679809570312e+01
4.275347709655761719e+00
1.024474620819091797e+00
4.635292053222656250e+00
1.790295124053955078e+00
7.821707153320312500e+01
2.471206933259963989e-01
1.064089059829711914e+00
5.845058441162109375e+01
2.199720153808593750e+02
3.928791809082031250e+01
1.663309783935546875e+02
3.784182357788085938e+01
9.641489028930664062e+00
2.078824615478515625e+02
1.870597457885742188e+01
6.390238571166992188e+01
2.872424888610839844e+01
4.788602294921875000e+02
2.568556823730468750e+02
3.887057495117187500e+02
4.908752746582031250e+02
1.554274597167968750e+02
1.479215860366821289e+00
2.946134033203125000e+02
2.301421966552734375e+02
3.065769958496093750e+01
1.709456062316894531e+01
5.738596801757812500e+02
1.203067321777343750e+02
2.909414367675781250e+02
2.187543487548828125e+02
7.905437469482421875e+01
9.130331039428710938e+00
6.583967208862304688e+00
2.234144401550292969e+01
6.581718444824218750e+00
2.097067565917968750e+02
6.990514397621154785e-01
3.926412343978881836e+00
2.326602935791015625e+02
5.231834716796875000e+02
1.015196456909179688e+02
5.852416992187500000e+02
2.477912902832031250e+02
2.867658615112304688e+01
6.241184082031250000e+02
7.098609924316406250e+01
2.295543365478515625e+02
1.057903137207031250e+02
1.781161865234375000e+03
9.414722900390625000e+02
1.376899902343750000e+03
1.877197509765625000e+03
3.609728088378906250e+02
2.805767297744750977e+00
9.691568603515625000e+02
7.735597534179687500e+02
1.492237701416015625e+02
5.057266616821289062e+01
1.758910888671875000e+03
2.914107055664062500e+02
8.195014648437500000e+02
5.984249267578125000e+02
2.760387268066406250e+02
5.283745956420898438e+01
2.396648788452148438e+01
7.330728912353515625e+01
2.447196960449218750e+01
8.244427490234375000e+02
5.851597785949707031e+00
1.154566669464111328e+01
6.899697265625000000e+02
2.645760192871093750e+02
5.145458221435546875e+01
2.020431365966796875e+02
9.582563018798828125e+01
1.256584453582763672e+01
2.971359558105468750e+02
2.572781562805175781e+01
6.446356201171875000e+01
4.170611572265625000e+01
5.802836914062500000e+02
4.755030212402343750e+02
5.639543457031250000e+02
4.997331542968750000e+02
7.382957458496093750e+01
1.588763236999511719e+00
4.008379516601562500e+02
2.753625793457031250e+02
1.783597564697265625e+01
1.589323425292968750e+01
6.776689453125000000e+02
1.489690399169921875e+02
5.014806823730468750e+02
2.578627929687500000e+02
1.266820678710937500e+02
1.682453155517578125e+01
-6.767421245574951172e+00
4.641155624389648438e+01
8.384781837463378906e+00
2.062737121582031250e+02
2.206511050462722778e-01
-1.855014920234680176e+00
3.096426696777343750e+02
-2.541663742065429688e+01
-3.990225315093994141e+00
-4.252866363525390625e+01
-2.718493652343750000e+01
-2.494196891784667969e+00
-4.002139663696289062e+01
-7.529278755187988281e+00
-8.550754547119140625e+00
-4.156796455383300781e+00
-1.386703643798828125e+02
-7.709860992431640625e+01
-7.866138458251953125e+01
-1.041340255737304688e+02
-1.185906314849853516e+01
-9.616529196500778198e-02
-7.466978454589843750e+01
-4.352989196777343750e+01
-3.144315719604492188e+00
-2.251994132995605469e+00
-1.118600692749023438e+02
-1.516268634796142578e+01
-5.456455230712890625e+01
-2.081344413757324219e+01
-1.842990493774414062e+01
-5.057003021240234375e+00
-5.013695955276489258e-01
-1.015156078338623047e+01
-2.014176607131958008e+00
-3.576009750366210938e+01
-9.033797681331634521e-02
-1.882003396749496460e-01
-4.434447479248046875e+01
1.669044342041015625e+02
3.531657409667968750e+01
1.712911682128906250e+02
7.880178833007812500e+01
8.309814453125000000e+00
2.147325592041015625e+02
2.112605476379394531e+01
6.591470336914062500e+01
2.979885673522949219e+01
4.813110351562500000e+02
3.162023315429687500e+02
4.213032531738281250e+02
4.876297607421875000e+02
1.017767486572265625e+02
1.122938394546508789e+00
3.013683776855468750e+02
2.093795623779296875e+02
3.247974014282226562e+01
1.459541511535644531e+01
5.278821411132812500e+02
9.464040374755859375e+01
2.864083862304687500e+02
1.723246154785156250e+02
8.917337036132812500e+01
1.499987602233886719e+01
3.774280071258544922e+00
2.501411437988281250e+01
7.617120742797851562e+00
2.286933593750000000e+02
1.162210226058959961e+00
1.899396657943725586e+00
2.214133758544921875e+02
1.190516853332519531e+01
4.269079208374023438e+00
1.598925113677978516e+01
3.658559799194335938e+00
1.115150690078735352e+00
2.059044837951660156e+00
6.033309102058410645e-01
1.103700733184814453e+01
1.511057853698730469e+00
5.222619247436523438e+01
-4.481536149978637695e-01
1.768111038208007812e+01
6.352082443237304688e+01
1.748889541625976562e+01
1.126849930733442307e-02
1.521739101409912109e+01
1.809844779968261719e+01
1.461013889312744141e+01
1.854832291603088379e+00
6.382549762725830078e+00
-1.200800240039825439e-01
-2.979979991912841797e+00
8.953220248222351074e-01
4.480789661407470703e+00
2.485194206237792969e+00
3.090424776077270508e+00
1.895352363586425781e+00
1.905736446380615234e+00
1.620138549804687500e+01
6.914736032485961914e-01
1.277971982955932617e+00
8.115608215332031250e+00
1.653822302818298340e+00
4.427654147148132324e-01
2.208750486373901367e+00
1.111848711967468262e+00
5.585912615060806274e-02
1.848147064447402954e-01
1.326074730604887009e-02
3.774052560329437256e-01
1.216303631663322449e-01
6.726658344268798828e+00
1.873335838317871094e+00
5.138365745544433594e+00
4.408827781677246094e+00
6.515540480613708496e-01
-3.067909507080912590e-03
2.845966100692749023e+00
9.575689435005187988e-01
3.845314681529998779e-01
4.555945843458175659e-02
4.362902164459228516e+00
2.221837490797042847e-01
7.346736788749694824e-01
6.236943006515502930e-01
1.220192074775695801e+00
1.650587916374206543e-01
0.000000000000000000e+00
1.589587181806564331e-01
3.243464976549148560e-02
1.009465098381042480e+00
7.553602010011672974e-02
9.507218375802040100e-03
2.668034315109252930e+00
1.243926315307617188e+02
2.692658424377441406e+01
1.567222442626953125e+02
5.054512405395507812e+01
9.445529937744140625e+00
1.554196777343750000e+02
1.404388046264648438e+01
5.257083129882812500e+01
2.215115165710449219e+01
3.370187377929687500e+02
2.122991485595703125e+02
2.797424926757812500e+02
3.950532226562500000e+02
8.948094177246093750e+01
9.194408655166625977e-01
2.114603424072265625e+02
1.401023712158203125e+02
3.797856140136718750e+01
1.385954380035400391e+01
3.259426574707031250e+02
9.266335296630859375e+01
2.323123626708984375e+02
1.400161895751953125e+02
6.997553253173828125e+01
1.127823543548583984e+01
7.032995223999023438e+00
2.172814369201660156e+01
7.005867481231689453e+00
1.554878845214843750e+02
1.152113437652587891e+00
2.679779529571533203e+00
1.361184844970703125e+02
1.947258300781250000e+02
4.017304992675781250e+01
2.227497406005859375e+02
8.806027984619140625e+01
1.118846511840820312e+01
2.456823425292968750e+02
2.240540313720703125e+01
7.892796325683593750e+01
4.257255554199218750e+01
6.221038208007812500e+02
3.928981628417968750e+02
5.103508605957031250e+02
6.648143920898437500e+02
1.329470672607421875e+02
1.474137902259826660e+00
3.714827575683593750e+02
2.859478454589843750e+02
5.636850357055664062e+01
2.047956085205078125e+01
6.505389404296875000e+02
1.335259704589843750e+02
3.582309265136718750e+02
2.540904693603515625e+02
1.041670227050781250e+02
1.652296066284179688e+01
7.676676273345947266e+00
2.777237701416015625e+01
9.180341720581054688e+00
3.094556884765625000e+02
1.860711574554443359e+00
3.779068231582641602e+00
2.559127807617187500e+02
1.679460525512695312e+00
-2.098647654056549072e-01
-4.562070846557617188e+00
-7.801034450531005859e-01
-1.153263151645660400e-01
1.595675110816955566e+00
1.046527773141860962e-01
-1.003553509712219238e+00
-4.571033418178558350e-01
4.203253746032714844e+00
9.932814240455627441e-01
1.321229338645935059e-01
-7.235150337219238281e-01
2.719039916992187500e-01
8.739648386836051941e-03
-7.698889970779418945e-01
1.765544056892395020e+00
-3.626738548278808594e+00
-7.734359800815582275e-02
4.918868064880371094e+00
-9.404128789901733398e-01
-1.473472267389297485e-01
2.901650965213775635e-01
3.160468339920043945e-01
-1.210276260972023010e-01
-1.038431644439697266e+00
-3.219386339187622070e-01
-3.045722544193267822e-01
-5.401960015296936035e-01
-1.938456594944000244e-01
-1.544301956892013550e-01
8.242343068122863770e-01
2.637308349609375000e+02
5.295937347412109375e+01
2.255055694580078125e+02
8.273364257812500000e+01
1.427979278564453125e+01
3.393105773925781250e+02
3.631198120117187500e+01
8.663034057617187500e+01
4.765031814575195312e+01
8.043230590820312500e+02
4.596502075195312500e+02
6.007131347656250000e+02
7.716636962890625000e+02
1.531271209716796875e+02
1.580940365791320801e+00
4.125197448730468750e+02
3.939333190917968750e+02
4.477965545654296875e+01
2.246036720275878906e+01
8.597709960937500000e+02
1.647946014404296875e+02
4.266318054199218750e+02
3.482480773925781250e+02
1.418193664550781250e+02
2.203766250610351562e+01
1.998046159744262695e+00
2.989993858337402344e+01
8.217988014221191406e+00
3.192085266113281250e+02
1.340812325477600098e+00
2.686647176742553711e+00
3.323719787597656250e+02
4.123395085334777832e-01
2.660954594612121582e-01
1.585493206977844238e+00
-1.153008639812469482e-01
3.403218835592269897e-02
4.344645738601684570e-01
-3.171242773532867432e-02
3.300710320472717285e-01
1.287224143743515015e-01
-3.222473263740539551e-01
1.687151789665222168e-01
1.091395378112792969e+00
1.666663646697998047e+00
4.768532514572143555e-01
-1.191760296933352947e-03
1.128891706466674805e+00
3.592054918408393860e-02
9.174607694149017334e-02
1.286516040563583374e-01
-5.340191721916198730e-02
7.389510869979858398e-01
1.261050701141357422e+00
5.028262138366699219e-01
2.688296884298324585e-02
8.992598392069339752e-03
1.549596041440963745e-01
1.241339370608329773e-02
6.077258288860321045e-02
3.814384937286376953e-01
1.250871719093993306e-04
1.522821560502052307e-02
2.406995594501495361e-01
1.036023406982421875e+02
2.031791496276855469e+01
1.044415359497070312e+02
2.557506370544433594e+01
6.202509880065917969e+00
1.836258544921875000e+02
9.501807212829589844e+00
4.292665100097656250e+01
1.886717796325683594e+01
2.676091308593750000e+02
1.768198089599609375e+02
2.404403533935546875e+02
3.012114562988281250e+02
7.111420440673828125e+01
8.929872512817382812e-01
1.675596008300781250e+02
1.321515808105468750e+02
1.614558029174804688e+01
1.244448184967041016e+01
3.513709411621093750e+02
5.400014114379882812e+01
1.938906555175781250e+02
1.396676177978515625e+02
5.419388961791992188e+01
8.283397674560546875e+00
3.005529642105102539e+00
8.558629035949707031e+00
4.768962383270263672e+00
1.554867401123046875e+02
3.046313822269439697e-01
1.235249161720275879e+00
1.055475540161132812e+02
7.524648284912109375e+01
1.988587379455566406e+01
1.620204010009765625e+02
8.173709869384765625e+01
6.170595169067382812e+00
7.810665130615234375e+01
1.213362216949462891e+01
6.828344726562500000e+01
2.632912063598632812e+01
3.492933044433593750e+02
1.978069305419921875e+02
2.925218200683593750e+02
4.286805114746093750e+02
5.793198394775390625e+01
3.974884152412414551e-01
2.078843688964843750e+02
1.428189239501953125e+02
6.283917999267578125e+01
1.002851676940917969e+01
2.905788879394531250e+02
6.347473907470703125e+01
1.722559661865234375e+02
1.056300888061523438e+02
4.253225326538085938e+01
1.539978599548339844e+01
9.422917366027832031e+00
1.899968338012695312e+01
7.422872066497802734e+00
1.876876678466796875e+02
3.059815883636474609e+00
3.622084617614746094e+00
1.304992675781250000e+02
-4.403958320617675781e-01
2.952873148024082184e-02
1.371696293354034424e-01
9.289885312318801880e-02
9.078917093575000763e-03
-2.752606153488159180e+00
0.000000000000000000e+00
-3.082338571548461914e-01
3.037206083536148071e-02
1.578194797039031982e-01
1.094814687967300415e-01
-1.209265470504760742e+00
4.560442566871643066e-01
-4.126298725605010986e-01
-1.176088452339172363e-01
3.734302520751953125e-02
2.531415224075317383e-01
1.863673776388168335e-01
4.623134806752204895e-02
-9.775545597076416016e-01
5.157726630568504333e-02
-3.283216357231140137e-01
-4.900276660919189453e-03
1.994030177593231201e-01
-1.424720734357833862e-01
0.000000000000000000e+00
4.071434214711189270e-02
3.325076028704643250e-02
-1.278560757637023926e+00
0.000000000000000000e+00
-1.074242219328880310e-02
5.788495540618896484e-01
1.479905090332031250e+02
2.601072120666503906e+01
1.126740341186523438e+02
4.243334960937500000e+01
7.911412239074707031e+00
1.960820617675781250e+02
1.393417930603027344e+01
4.307333374023437500e+01
2.540300369262695312e+01
3.748562011718750000e+02
2.512191314697265625e+02
3.227583312988281250e+02
3.807332153320312500e+02
7.976414489746093750e+01
1.209049820899963379e+00
2.240541076660156250e+02
1.904360351562500000e+02
1.633123397827148438e+01
1.220636653900146484e+01
4.404398498535156250e+02
8.350766754150390625e+01
2.386418609619140625e+02
1.646488037109375000e+02
7.134002685546875000e+01
1.034796810150146484e+01
1.190287470817565918e+00
1.749670791625976562e+01
5.456042289733886719e+00
1.753766632080078125e+02
3.775816261768341064e-01
1.079275012016296387e+00
1.734900665283203125e+02
3.420173034667968750e+02
6.865906524658203125e+01
3.247914123535156250e+02
1.492216796875000000e+02
1.867362785339355469e+01
3.933243713378906250e+02
4.169761657714843750e+01
1.144373626708984375e+02
6.133795547485351562e+01
1.097007202148437500e+03
6.573250732421875000e+02
8.649205932617187500e+02
9.981872558593750000e+02
1.840557403564453125e+02
1.796396613121032715e+00
6.116041259765625000e+02
4.707191162109375000e+02
6.091441726684570312e+01
2.909924316406250000e+01
1.057922363281250000e+03
1.927636260986328125e+02
5.776792602539062500e+02
3.698849487304687500e+02
1.863726806640625000e+02
2.876930618286132812e+01
7.815652370452880859e+00
5.475564575195312500e+01
1.384824371337890625e+01
4.352717590332031250e+02
2.217513561248779297e+00
3.539321899414062500e+00
4.384038391113281250e+02
7.221849365234375000e+02
1.303082275390625000e+02
7.346356201171875000e+02
2.177919006347656250e+02
3.568530654907226562e+01
8.073543090820312500e+02
6.961458587646484375e+01
2.511454162597656250e+02
1.634252624511718750e+02
1.877296630859375000e+03
1.366058593750000000e+03
2.055215087890625000e+03
2.306319824218750000e+03
5.492603759765625000e+02
3.906475543975830078e+00
1.356574218750000000e+03
1.168584716796875000e+03
1.618851928710937500e+02
5.111585617065429688e+01
2.594022705078125000e+03
5.097230224609375000e+02
1.500739257812500000e+03
8.996074218750000000e+02
3.693619995117187500e+02
6.423879241943359375e+01
2.595057487487792969e+01
8.688165283203125000e+01
2.416730499267578125e+01
9.222792358398437500e+02
5.316687583923339844e+00
1.423925590515136719e+01
1.066734252929687500e+03
-1.271437931060791016e+01
-5.620643138885498047e+00
-1.153691673278808594e+01
-8.293497085571289062e+00
-7.253913879394531250e-01
-1.662969207763671875e+01
-1.702687144279479980e+00
-5.100810527801513672e+00
-1.926896333694458008e+00
-5.116127014160156250e+01
-2.962733840942382812e+01
-3.519444656372070312e+01
-3.543636322021484375e+01
-5.710581779479980469e+00
-1.326106786727905273e-01
-2.139634704589843750e+01
-1.629364204406738281e+01
-2.214907407760620117e+00
-1.127431392669677734e+00
-3.556674957275390625e+01
-9.347520828247070312e+00
-2.264533042907714844e+01
-1.411103820800781250e+01
-1.129765701293945312e+01
-1.486188173294067383e+00
-9.363989531993865967e-02
-3.068663120269775391e+00
-6.415593624114990234e-01
-1.493356990814208984e+01
-8.130547404289245605e-02
-1.719692163169384003e-02
-1.614423370361328125e+01
2.404318809509277344e+01
4.752176284790039062e+00
1.925850486755371094e+01
4.975269794464111328e+00
1.328131556510925293e+00
3.632443618774414062e+01
1.625226020812988281e+00
5.146272659301757812e+00
5.149518013000488281e+00
4.996547317504882812e+01
4.173078536987304688e+01
4.757731628417968750e+01
5.212350082397460938e+01
9.913466453552246094e+00
1.819890886545181274e-01
3.794331359863281250e+01
3.221355819702148438e+01
3.516592025756835938e+00
2.075306415557861328e+00
6.961089324951171875e+01
1.508047771453857422e+01
4.406976699829101562e+01
2.933888053894042969e+01
1.274107837677001953e+01
9.891073703765869141e-01
2.819315195083618164e-01
2.970748901367187500e+00
9.815738201141357422e-01
3.022674179077148438e+01
-1.074810046702623367e-03
1.008574143052101135e-01
3.032693290710449219e+01
3.686069488525390625e+00
4.544769287109375000e+00
3.601781845092773438e+01
1.806518936157226562e+01
1.326341390609741211e+00
5.538691043853759766e+00
3.234022259712219238e-01
1.658664131164550781e+01
5.481506347656250000e+00
5.380703735351562500e+01
3.028962707519531250e+01
4.450336074829101562e+01
8.168910980224609375e+01
5.313803672790527344e+00
4.969304427504539490e-02
3.343486022949218750e+01
1.862498664855957031e+01
2.239411735534667969e+01
2.369331359863281250e+00
2.151568603515625000e+01
1.051865386962890625e+01
2.001714324951171875e+01
1.383310604095458984e+01
4.322556972503662109e+00
3.571442842483520508e+00
2.703665971755981445e+00
2.899550199508666992e+00
3.028957843780517578e+00
3.517951583862304688e+01
1.482263207435607910e+00
1.065612792968750000e+00
1.722768402099609375e+01
7.928028869628906250e+01
1.199838447570800781e+01
5.465558242797851562e+01
2.299918937683105469e+01
6.119756698608398438e+00
1.099224929809570312e+02
1.066853618621826172e+01
2.294346427917480469e+01
1.907362937927246094e+01
2.781784667968750000e+02
1.395576629638671875e+02
2.094568939208984375e+02
2.589578857421875000e+02
5.763739013671875000e+01
2.836661040782928467e-01
1.348876037597656250e+02
1.542117614746093750e+02
1.410018444061279297e+00
5.228704452514648438e+00
3.056631774902343750e+02
5.017737197875976562e+01
1.327781219482421875e+02
1.150852127075195312e+02
3.831898498535156250e+01
5.672435283660888672e+00
1.000251412391662598e+00
7.272982597351074219e+00
6.152811646461486816e-01
1.331246185302734375e+02
-2.406481653451919556e-01
1.278761744499206543e+00
1.146107559204101562e+02
5.391630554199218750e+01
1.139280223846435547e+01
5.694182205200195312e+01
2.350157165527343750e+01
2.499992370605468750e+00
3.395399856567382812e+01
7.672339916229248047e+00
2.192232513427734375e+01
1.060994243621826172e+01
2.133376770019531250e+02
1.029660415649414062e+02
1.461967620849609375e+02
2.052825469970703125e+02
4.683232116699218750e+01
-7.587191183120012283e-03
1.046697387695312500e+02
8.350517272949218750e+01
1.970545768737792969e+01
5.041856288909912109e+00
1.641560211181640625e+02
2.878282356262207031e+01
7.853354644775390625e+01
6.172111892700195312e+01
2.727263069152832031e+01
5.991524696350097656e+00
7.839381217956542969e+00
1.059955120086669922e+01
1.786310434341430664e+00
6.509858703613281250e+01
8.581921458244323730e-01
1.799932599067687988e+00
8.314649963378906250e+01
2.799687194824218750e+02
3.751103210449218750e+01
1.494757843017578125e+02
5.739334487915039062e+01
1.210920524597167969e+01
3.397106933593750000e+02
2.765911102294921875e+01
6.224457550048828125e+01
3.704269409179687500e+01
6.389249877929687500e+02
3.884519042968750000e+02
5.260347290039062500e+02
6.198221435546875000e+02
1.590984954833984375e+02
2.783802986145019531e+00
3.638407592773437500e+02
3.162809753417968750e+02
-5.642455101013183594e+00
1.940888595581054688e+01
8.269981079101562500e+02
1.312575225830078125e+02
3.781009216308593750e+02
3.026036682128906250e+02
1.123602752685546875e+02
1.361569881439208984e+01
7.491676807403564453e-01
2.199160766601562500e+01
3.952260255813598633e+00
2.962761230468750000e+02
-7.813814878463745117e-01
1.237898588180541992e+00
2.873468322753906250e+02
2.854224205017089844e+01
1.165177249908447266e+01
1.062416687011718750e+02
4.039741134643554688e+01
3.751634836196899414e+00
5.278119277954101562e+01
4.698853015899658203e+00
3.275143051147460938e+01
1.352378082275390625e+01
1.540060424804687500e+02
1.013766403198242188e+02
1.421307220458984375e+02
2.383570404052734375e+02
2.703679084777832031e+01
3.363418877124786377e-01
9.916657257080078125e+01
6.470654296875000000e+01
3.853203582763671875e+01
6.784228324890136719e+00
1.189160995483398438e+02
3.882422637939453125e+01
8.637524414062500000e+01
4.780421829223632812e+01
3.382907867431640625e+01
8.411669731140136719e+00
4.708714008331298828e+00
1.172330379486083984e+01
5.944017410278320312e+00
9.862928771972656250e+01
1.369459867477416992e+00
2.134653806686401367e+00
6.731646728515625000e+01
2.000572013854980469e+01
4.363922595977783203e+00
1.666605186462402344e+01
6.950466156005859375e+00
7.698559761047363281e-01
2.065647888183593750e+01
2.824298143386840820e+00
5.541074275970458984e+00
1.724125742912292480e+00
5.294938659667968750e+01
2.946899032592773438e+01
2.381484603881835938e+01
3.601942443847656250e+01
8.248080253601074219e+00
1.579443812370300293e-01
2.760564231872558594e+01
1.421127986907958984e+01
1.577329635620117188e+00
1.126687884330749512e+00
4.191703033447265625e+01
6.340744972229003906e+00
2.926020812988281250e+01
1.198398113250732422e+01
1.003421688079833984e+01
1.420758366584777832e+00
5.597561001777648926e-01
4.920389652252197266e+00
6.337167024612426758e-01
1.592075252532958984e+01
1.399224847555160522e-01
7.630047947168350220e-02
1.893027496337890625e+01
4.747127075195312500e+02
1.300404357910156250e+02
7.798649902343750000e+02
3.681712951660156250e+02
3.457590866088867188e+01
6.108642578125000000e+02
6.715314483642578125e+01
2.950198364257812500e+02
1.336209106445312500e+02
1.898447753906250000e+03
1.201609008789062500e+03
1.609184448242187500e+03
2.089915039062500000e+03
2.908209838867187500e+02
1.960945487022399902e+00
1.136112548828125000e+03
8.206823120117187500e+02
2.301029663085937500e+02
5.571475982666015625e+01
1.755191284179687500e+03
3.678415832519531250e+02
1.023305114746093750e+03
6.074568481445312500e+02
3.199761962890625000e+02
7.120840454101562500e+01
1.958832168579101562e+01
1.042000350952148438e+02
3.718630599975585938e+01
9.091831054687500000e+02
1.189116668701171875e+01
1.076881694793701172e+01
7.807587890625000000e+02
-2.963480710983276367e+00
-5.076666474342346191e-01
5.564409255981445312e+00
2.639558315277099609e+00
5.992589518427848816e-02
-3.965089082717895508e+00
-3.714778721332550049e-01
1.886010169982910156e+00
4.783766269683837891e-01
-1.580495238304138184e+00
-8.409559726715087891e-03
-2.178021669387817383e+00
6.368349552154541016e+00
-1.321880221366882324e+00
-3.854216635227203369e-02
1.177312016487121582e+00
-3.424571752548217773e+00
3.648949384689331055e+00
2.149364948272705078e-01
-9.442167282104492188e+00
-4.117395877838134766e-01
-3.347178459167480469e+00
-9.866621494293212891e-01
-8.454793691635131836e-01
4.465723931789398193e-01
4.469539225101470947e-01
4.751351475715637207e-02
5.609264969825744629e-01
1.305598378181457520e+00
1.141393333673477173e-01
1.884732097387313843e-01
-2.637794256210327148e+00
7.743096160888671875e+01
1.247271156311035156e+01
8.360356903076171875e+01
3.524920654296875000e+01
3.604496955871582031e+00
8.415213012695312500e+01
1.067672729492187500e+01
3.574774551391601562e+01
1.507230186462402344e+01
2.471103820800781250e+02
1.166002578735351562e+02
1.719892883300781250e+02
2.755810852050781250e+02
4.440048980712890625e+01
3.925171792507171631e-01
1.314221954345703125e+02
9.312076568603515625e+01
3.422768020629882812e+01
7.666366100311279297e+00
2.098410339355468750e+02
3.692370605468750000e+01
9.988903808593750000e+01
7.684794616699218750e+01
3.617682266235351562e+01
7.124687194824218750e+00
5.815337181091308594e+00
9.991998672485351562e+00
5.211857795715332031e+00
1.184872055053710938e+02
1.273451209068298340e+00
2.152988195419311523e+00
8.392621612548828125e+01
1.816531982421875000e+02
3.567444610595703125e+01
1.898232574462890625e+02
9.093399047851562500e+01
1.090839576721191406e+01
1.976624298095703125e+02
2.010476684570312500e+01
7.773281097412109375e+01
3.760639953613281250e+01
6.138627929687500000e+02
3.475910644531250000e+02
4.901551818847656250e+02
6.134533081054687500e+02
1.132851715087890625e+02
9.391098022460937500e-01
3.301478271484375000e+02
2.712146606445312500e+02
5.912913894653320312e+01
1.707548522949218750e+01
5.559460449218750000e+02
1.050698852539062500e+02
2.992445068359375000e+02
1.909788513183593750e+02
9.385631561279296875e+01
1.719186401367187500e+01
1.013852500915527344e+01
2.670432281494140625e+01
8.475569725036621094e+00
2.554804534912109375e+02
2.323043346405029297e+00
3.767293691635131836e+00
2.315229949951171875e+02
1.044388580322265625e+02
1.239922142028808594e+01
7.356900024414062500e+01
3.336684417724609375e+01
5.778459548950195312e+00
1.066950454711914062e+02
9.299860000610351562e+00
2.275304412841796875e+01
1.992496681213378906e+01
2.464956054687500000e+02
1.799107818603515625e+02
2.201250305175781250e+02
2.306437530517578125e+02
4.182844543457031250e+01
5.684259533882141113e-01
1.630852203369140625e+02
1.269331283569335938e+02
9.672658920288085938e+00
7.593606948852539062e+00
2.863464050292968750e+02
6.873868560791015625e+01
1.824208374023437500e+02
1.194193420410156250e+02
4.328664779663085938e+01
4.304099559783935547e+00
6.018711328506469727e-01
1.301313781738281250e+01
2.668113470077514648e+00
1.026067657470703125e+02
-2.755793742835521698e-02
5.079843401908874512e-01
1.164667205810546875e+02
-3.027983093261718750e+02
-1.051696777343750000e+03
-8.594761718750000000e+03
-3.859232421875000000e+03
8.552330780029296875e+01
1.513914550781250000e+03
-3.677536621093750000e+02
-2.518617919921875000e+03
-1.560408935546875000e+03
-1.013119628906250000e+04
-9.710373046875000000e+03
-1.018996875000000000e+04
-1.330660546875000000e+04
9.677755126953125000e+02
5.940121841430664062e+01
-9.014035156250000000e+03
-2.009925659179687500e+03
-2.933972900390625000e+03
-2.364642028808593750e+02
-7.470018066406250000e+03
-3.040589599609375000e+03
-5.058996093750000000e+03
-6.265744628906250000e+03
-2.084735839843750000e+03
-4.754331359863281250e+02
3.005539550781250000e+02
-6.742531127929687500e+02
-3.367932739257812500e+02
-4.976578613281250000e+03
-1.218193054199218750e+02
-4.217052078247070312e+01
-5.242955566406250000e+03
