1.788904663085937500e+03
1.592698120117187500e+03
1.249016845703125000e+03
1.992942138671875000e+03
1.685885498046875000e+03
1.300356689453125000e+03
2.003447387695312500e+03
1.704575683593750000e+03
1.398089721679687500e+03
8.771173095703125000e+01
1.188938522338867188e+02
1.108733215332031250e+02
8.537422180175781250e+01
8.677903747558593750e+01
9.934374237060546875e+01
9.275227355957031250e+01
7.717627716064453125e+01
7.133405303955078125e+01
2.290418815612792969e+01
1.653662872314453125e+01
1.530545234680175781e+01
1.739823150634765625e+01
1.394355106353759766e+01
1.229691600799560547e+01
1.306799888610839844e+01
1.314915275573730469e+01
1.207039928436279297e+01
1.387001953125000000e+02
1.326390075683593750e+02
1.030293807983398438e+02
1.545421295166015625e+02
1.373819274902343750e+02
8.784502410888671875e+01
1.856927337646484375e+02
1.313988189697265625e+02
9.496680450439453125e+01
4.181340637207031250e+02
3.992267456054687500e+02
3.849703369140625000e+02
4.045379638671875000e+02
3.743529663085937500e+02
3.656023559570312500e+02
4.639486999511718750e+02
4.183004760742187500e+02
3.965361938476562500e+02
1.199695510864257812e+02
1.170705871582031250e+02
6.992560577392578125e+01
1.174917449951171875e+02
1.056630859375000000e+02
7.064064025878906250e+01
2.969575881958007812e+01
1.987471008300781250e+01
5.662025070190429688e+01
3.117189025878906250e+01
4.065603256225585938e+01
4.116072082519531250e+01
3.120231056213378906e+01
4.387326431274414062e+01
4.347404098510742188e+01
4.808065032958984375e+01
4.711353302001953125e+01
4.153779602050781250e+01
1.696645507812500000e+02
1.718738403320312500e+02
1.574294128417968750e+02
1.519062347412109375e+02
1.529627838134765625e+02
1.296059112548828125e+02
1.573697967529296875e+02
1.609606628417968750e+02
1.418001861572265625e+02
3.557520389556884766e+00
7.493677139282226562e+00
4.158026218414306641e+00
8.200104713439941406e+00
9.356114387512207031e+00
5.128503322601318359e+00
5.897138595581054688e+00
1.703269386291503906e+01
6.713842391967773438e+00
3.621135711669921875e+00
9.267780303955078125e+00
5.740815162658691406e+00
1.331312942504882812e+01
1.033164691925048828e+01
1.078467941284179688e+01
1.447908520698547363e+00
5.391390800476074219e+00
2.298449277877807617e+00
1.739153442382812500e+02
1.547242584228515625e+02
1.753404235839843750e+02
2.108627624511718750e+02
2.037741088867187500e+02
2.293379974365234375e+02
2.428352508544921875e+02
2.221573944091796875e+02
2.477981872558593750e+02
3.029060668945312500e+02
2.931928405761718750e+02
3.204153137207031250e+02
3.556966247558593750e+02
3.393758544921875000e+02
3.373828735351562500e+02
4.708240661621093750e+02
4.330736083984375000e+02
4.002292785644531250e+02
4.306221008300781250e+01
1.826370239257812500e+01
1.642947387695312500e+01
8.936658477783203125e+01
4.972750091552734375e+01
5.350712585449218750e+01
1.281538696289062500e+02
8.226118469238281250e+01
5.171871566772460938e+01
5.643882274627685547e+00
6.937797546386718750e+00
1.293512153625488281e+01
2.106900405883789062e+01
1.870541763305664062e+01
2.669727897644042969e+01
2.560701370239257812e+01
3.218527603149414062e+01
4.656568145751953125e+01
1.037600463867187500e+03
7.564479370117187500e+02
8.745424804687500000e+02
9.800281372070312500e+02
9.105481567382812500e+02
1.094115844726562500e+03
1.336605957031250000e+03
1.418565063476562500e+03
1.549680419921875000e+03
2.943087387084960938e+01
4.756001663208007812e+01
5.606734466552734375e+01
4.677407455444335938e+01
7.095641326904296875e+01
7.433280181884765625e+01
5.602346801757812500e+01
7.124362945556640625e+01
5.851241302490234375e+01
-2.215226074218750000e+03
-1.676548706054687500e+03
-1.434974243164062500e+03
-2.060016845703125000e+03
-1.600734985351562500e+03
-1.514041748046875000e+03
-2.140155273437500000e+03
-1.841963745117187500e+03
-1.850059692382812500e+03
-1.123812408447265625e+02
-1.095828323364257812e+02
-7.338464355468750000e+01
-8.987640380859375000e+01
-7.215110015869140625e+01
-5.983128356933593750e+01
-1.032229461669921875e+02
-9.371292114257812500e+01
-7.642822265625000000e+01
-1.688170242309570312e+01
-1.439425754547119141e+01
-1.646803283691406250e+01
-1.431458187103271484e+01
-1.632613945007324219e+01
-1.961145401000976562e+01
-1.661386108398437500e+01
-1.621002769470214844e+01
-1.429707431793212891e+01
-1.767446594238281250e+02
-2.291544799804687500e+02
-5.857442474365234375e+01
-2.081459960937500000e+02
-2.608464355468750000e+02
-1.105389480590820312e+02
-1.655532379150390625e+02
-1.920013580322265625e+02
-7.367007446289062500e+01
-5.881157684326171875e+01
1.282171936035156250e+02
2.227318954467773438e+01
-1.155013809204101562e+02
8.586793518066406250e+01
-1.878108596801757812e+01
-1.590692901611328125e+01
1.964715576171875000e+02
8.311976623535156250e+01
-6.565102386474609375e+01
-2.433366584777832031e+01
-7.127227020263671875e+01
-5.117008972167968750e+01
-2.445979690551757812e+01
-7.923308563232421875e+01
-1.193482208251953125e+02
-1.184832611083984375e+02
-1.398220977783203125e+02
-3.825886535644531250e+01
-4.579860687255859375e+01
-4.109528732299804688e+01
-3.134651756286621094e+01
-3.774596786499023438e+01
-3.538814163208007812e+01
-2.566358566284179688e+01
-3.218679428100585938e+01
-3.011243057250976562e+01
-1.383602447509765625e+02
-1.352879943847656250e+02
-7.553666687011718750e+01
-1.323388061523437500e+02
-1.501363372802734375e+02
-9.075342559814453125e+01
-1.126759948730468750e+02
-1.586434020996093750e+02
-1.028988418579101562e+02
-3.220648574829101562e+01
-3.157884407043457031e+01
2.720607995986938477e+00
-3.281892395019531250e+01
-3.683200073242187500e+01
-1.911727547645568848e+00
-2.626672554016113281e+01
-3.101552963256835938e+01
-1.496094703674316406e+00
-3.114389896392822266e+00
-7.616990208625793457e-01
-3.775465011596679688e+00
-7.215370655059814453e+00
-1.841483473777770996e+00
-3.027175426483154297e+00
-5.315131187438964844e+00
-2.267045974731445312e+00
-9.236791610717773438e+00
-3.050229797363281250e+02
-2.862169189453125000e+02
-2.523119354248046875e+02
-2.861517639160156250e+02
-2.615850524902343750e+02
-2.173135375976562500e+02
-2.410767059326171875e+02
-2.174312744140625000e+02
-1.748803710937500000e+02
-5.329152832031250000e+02
-4.451292114257812500e+02
-4.072228393554687500e+02
-4.915189208984375000e+02
-3.909908752441406250e+02
-3.500598144531250000e+02
-4.305569458007812500e+02
-3.385554504394531250e+02
-2.971627807617187500e+02
-1.830434112548828125e+02
8.877991485595703125e+01
-2.757600212097167969e+01
-1.956141357421875000e+02
1.028730087280273438e+02
-1.487504005432128906e+00
-1.618274383544921875e+02
1.269755783081054688e+02
8.788608551025390625e+00
-5.362932586669921875e+01
-5.568769454956054688e+01
-5.127955627441406250e+01
-5.596229553222656250e+01
-5.479872894287109375e+01
-5.213065338134765625e+01
-4.698469161987304688e+01
-4.182807540893554688e+01
-4.218618774414062500e+01
-1.812137451171875000e+03
-1.791761474609375000e+03
-1.882180419921875000e+03
-1.908835937500000000e+03
-1.771756591796875000e+03
-1.726309570312500000e+03
-1.703646606445312500e+03
-1.436282226562500000e+03
-1.305919921875000000e+03
-7.235852050781250000e+01
-7.094049072265625000e+01
-5.756603240966796875e+01
-6.539868927001953125e+01
-6.126454925537109375e+01
-4.514263153076171875e+01
-3.694960021972656250e+01
-3.440124130249023438e+01
-2.206630516052246094e+01
9.199412109375000000e+03
8.982478515625000000e+03
8.123825683593750000e+03
9.417052734375000000e+03
9.250739257812500000e+03
8.349033203125000000e+03
8.638806640625000000e+03
8.511699218750000000e+03
7.801094238281250000e+03
3.295229187011718750e+02
4.165159301757812500e+02
3.670709533691406250e+02
2.590247192382812500e+02
3.314953308105468750e+02
2.942439880371093750e+02
2.373231201171875000e+02
2.848520812988281250e+02
2.852062377929687500e+02
5.995018005371093750e+01
5.084576034545898438e+01
4.565888214111328125e+01
1.761287689208984375e+01
1.930591011047363281e+01
6.859146118164062500e+00
8.148501396179199219e+00
1.025120258331298828e+01
8.747806549072265625e+00
8.071864013671875000e+02
6.913585205078125000e+02
7.441452026367187500e+02
1.026915161132812500e+03
8.969443969726562500e+02
8.757639160156250000e+02
9.650156250000000000e+02
8.483851318359375000e+02
7.870063476562500000e+02
-6.767463684082031250e-01
1.146459121704101562e+02
4.319852447509765625e+01
2.741914062500000000e+02
3.851049804687500000e+02
2.969235229492187500e+02
5.555969848632812500e+02
6.368759765625000000e+02
5.200324707031250000e+02
2.023366088867187500e+02
1.656122741699218750e+02
1.149544601440429688e+02
1.735965728759765625e+01
7.051815795898437500e+01
6.320987319946289062e+01
6.305966949462890625e+01
1.786601257324218750e+02
1.926356506347656250e+02
1.250629959106445312e+02
1.479582824707031250e+02
1.689313049316406250e+02
1.372438659667968750e+02
1.655839233398437500e+02
1.673452606201171875e+02
1.346498718261718750e+02
1.521167602539062500e+02
1.514182739257812500e+02
6.396608886718750000e+02
5.528492431640625000e+02
5.279277954101562500e+02
6.653840942382812500e+02
5.829861450195312500e+02
5.730653686523437500e+02
6.627296752929687500e+02
6.001729125976562500e+02
6.110944213867187500e+02
6.680097961425781250e+01
4.074789428710937500e+01
4.707008743286132812e+01
6.484608459472656250e+01
4.457639312744140625e+01
6.122583389282226562e+01
5.729750442504882812e+01
3.817635345458984375e+01
6.467192840576171875e+01
2.148737192153930664e+00
9.453831672668457031e+00
-2.269567728042602539e+00
1.742089653015136719e+01
3.013064002990722656e+01
2.109035491943359375e+01
1.959462165832519531e+01
2.417340850830078125e+01
1.612228202819824219e+01
2.551130523681640625e+02
2.788548583984375000e+02
3.201632385253906250e+02
3.374108886718750000e+02
3.494147949218750000e+02
3.702920837402343750e+02
3.830503234863281250e+02
3.710177917480468750e+02
3.868268737792968750e+02
1.124043579101562500e+03
1.137670898437500000e+03
1.040778198242187500e+03
1.341857543945312500e+03
1.365216552734375000e+03
1.239731445312500000e+03
1.397901977539062500e+03
1.387323486328125000e+03
1.277065673828125000e+03
3.912795639038085938e+01
1.744801330566406250e+02
7.604165649414062500e+01
7.371652221679687500e+01
2.152760467529296875e+02
1.080595092773437500e+02
6.464650726318359375e+01
1.743524017333984375e+02
6.597747802734375000e+01
6.065753936767578125e+01
7.405266571044921875e+01
6.052072525024414062e+01
7.461727142333984375e+01
8.841898345947265625e+01
9.698902893066406250e+01
8.779058074951171875e+01
1.075738220214843750e+02
1.257461318969726562e+02
1.875922241210937500e+03
2.116390625000000000e+03
2.107149658203125000e+03
2.553788330078125000e+03
2.702888916015625000e+03
2.638143798828125000e+03
3.173333496093750000e+03
3.183839843750000000e+03
2.925093994140625000e+03
6.337273406982421875e+01
7.659053039550781250e+01
9.829108428955078125e+01
1.058151550292968750e+02
1.113632888793945312e+02
1.174906311035156250e+02
9.936627960205078125e+01
9.466763305664062500e+01
1.044351043701171875e+02
1.839404449462890625e+02
2.755753517150878906e+01
-4.370407104492187500e+01
1.159060745239257812e+02
-4.760673904418945312e+01
-6.859410858154296875e+01
4.067496490478515625e+01
-5.509735488891601562e+01
-5.370101928710937500e-01
9.143279075622558594e+00
-2.098279953002929688e+01
5.104551792144775391e+00
-6.014454841613769531e+00
-2.887739372253417969e+01
-2.019294357299804688e+01
2.097591400146484375e+01
-1.354018568992614746e+00
-8.726897239685058594e+00
7.322953701019287109e+00
1.001543045043945312e+01
9.181720733642578125e+00
4.749728679656982422e+00
4.907647132873535156e+00
2.318375110626220703e+00
3.283569812774658203e+00
4.785804271697998047e+00
4.757111549377441406e+00
2.945649623870849609e+00
1.594859695434570312e+01
-4.664567112922668457e-02
2.787130928039550781e+01
3.692892837524414062e+01
-8.535805940628051758e-01
2.585360527038574219e+01
1.260539245605468750e+01
-6.385307312011718750e+00
6.154275512695312500e+01
3.540616607666015625e+01
4.318492889404296875e+01
9.467014312744140625e+01
7.148331451416015625e+01
7.681143951416015625e+01
7.727661132812500000e+01
7.393583679199218750e+01
7.048638916015625000e+01
5.573680877685546875e+01
3.269667816162109375e+01
2.839875411987304688e+01
2.681184577941894531e+01
9.997180938720703125e+00
-2.118623733520507812e+00
-1.052005887031555176e-01
-1.888738512992858887e+00
-8.715245246887207031e+00
1.345053195953369141e+01
1.288626766204833984e+01
1.223155593872070312e+01
1.733002090454101562e+01
1.603216743469238281e+01
1.120218181610107422e+01
1.539525985717773438e+01
6.034878730773925781e+00
5.241301536560058594e+00
2.514526939392089844e+01
2.202120018005371094e+01
2.833771133422851562e+01
8.750482559204101562e+00
8.895076513290405273e-01
9.035619735717773438e+00
2.949256134033203125e+01
2.625164031982421875e+01
3.518208312988281250e+01
-7.976189851760864258e-01
2.774043679237365723e-01
2.562134265899658203e+00
-4.206927299499511719e+00
-3.812593936920166016e+00
-1.143888235092163086e+00
6.268091678619384766e+00
6.498112678527832031e+00
1.015817165374755859e+01
7.797659873962402344e+00
1.790603995323181152e+00
3.773736357688903809e-01
3.089655637741088867e+00
1.162136316299438477e+00
1.021039009094238281e+00
5.543730258941650391e+00
7.446135878562927246e-01
-2.849052846431732178e-01
2.170379486083984375e+02
2.603062133789062500e+02
2.810294494628906250e+02
2.320601196289062500e+02
2.681951904296875000e+02
2.739580078125000000e+02
2.369402770996093750e+02
2.826639404296875000e+02
2.673300170898437500e+02
1.856387939453125000e+02
2.067028045654296875e+02
2.059627075195312500e+02
2.186572570800781250e+02
2.537142639160156250e+02
2.332043304443359375e+02
2.688998413085937500e+02
3.012217102050781250e+02
2.656325683593750000e+02
5.493344879150390625e+01
3.128909111022949219e+01
6.182501792907714844e+00
5.965550613403320312e+01
7.112345123291015625e+01
4.077161026000976562e+01
4.408133697509765625e+01
5.015671157836914062e+01
3.720302581787109375e+01
-2.733285427093505859e+00
3.434950113296508789e+00
9.035943031311035156e+00
5.203698635101318359e+00
6.104753494262695312e+00
8.989830017089843750e+00
1.713722801208496094e+01
2.120801734924316406e+01
2.085465621948242188e+01
7.493242187500000000e+02
8.647192993164062500e+02
9.053616333007812500e+02
7.854781494140625000e+02
9.781989746093750000e+02
1.109387939453125000e+03
9.034039916992187500e+02
1.152493164062500000e+03
1.289647583007812500e+03
5.106137084960937500e+01
6.451006317138671875e+01
6.358938980102539062e+01
5.785265350341796875e+01
6.785559082031250000e+01
6.443397521972656250e+01
4.862459945678710938e+01
4.855543136596679688e+01
4.273411178588867188e+01
1.826246826171875000e+03
2.036185546875000000e+03
2.011461669921875000e+03
2.064205566406250000e+03
2.392807373046875000e+03
2.410278076171875000e+03
2.130746337890625000e+03
2.540788085937500000e+03
2.621136718750000000e+03
7.584062194824218750e+01
9.715513610839843750e+01
1.225553665161132812e+02
9.364398193359375000e+01
1.200688705444335938e+02
1.519082794189453125e+02
5.596121978759765625e+01
7.592017364501953125e+01
1.131130981445312500e+02
2.939340591430664062e+01
3.083403205871582031e+01
2.710800743103027344e+01
2.816714859008789062e+01
3.411349868774414062e+01
2.884568405151367188e+01
2.334924316406250000e+01
2.832195472717285156e+01
2.440490150451660156e+01
2.285838165283203125e+02
2.330598144531250000e+02
2.356414337158203125e+02
2.448724822998046875e+02
2.572777404785156250e+02
2.570982971191406250e+02
2.456146697998046875e+02
2.613003540039062500e+02
2.910200500488281250e+02
5.253339004516601562e+01
1.067199554443359375e+02
4.811801147460937500e+01
4.779670333862304688e+01
1.081448364257812500e+02
5.110665893554687500e+01
7.621665191650390625e+01
1.339273071289062500e+02
7.906639862060546875e+01
5.359954452514648438e+01
4.252264404296875000e+01
6.623847198486328125e+01
5.191243743896484375e+01
7.584523010253906250e+01
8.137963104248046875e+01
3.894938278198242188e+01
6.254068756103515625e+01
8.270613861083984375e+01
2.558739089965820312e+01
3.831250762939453125e+01
4.352887344360351562e+01
2.590952110290527344e+01
3.202989959716796875e+01
4.243386459350585938e+01
2.580032730102539062e+01
3.046399879455566406e+01
4.446874237060546875e+01
1.413146514892578125e+02
1.245998535156250000e+02
1.531509704589843750e+02
1.577541809082031250e+02
1.458295593261718750e+02
1.786145629882812500e+02
1.634159698486328125e+02
1.574799499511718750e+02
1.936491241455078125e+02
2.727811622619628906e+01
2.412820053100585938e+01
3.434301376342773438e+01
3.445522308349609375e+01
3.053965568542480469e+01
4.259105682373046875e+01
3.839349746704101562e+01
3.886612319946289062e+01
4.712428665161132812e+01
6.592092990875244141e+00
3.924510478973388672e+00
3.789033412933349609e+00
3.769681692123413086e+00
3.948079824447631836e+00
5.668785572052001953e+00
2.964712142944335938e+00
1.196678280830383301e-01
4.882894992828369141e+00
2.471114654541015625e+02
2.722834167480468750e+02
2.686605529785156250e+02
2.903103027343750000e+02
3.133840942382812500e+02
3.009644775390625000e+02
3.057511291503906250e+02
3.247619934082031250e+02
3.230894775390625000e+02
4.043620910644531250e+02
4.366818237304687500e+02
4.344559936523437500e+02
4.745067443847656250e+02
5.082226257324218750e+02
4.931825866699218750e+02
5.135890502929687500e+02
5.585737915039062500e+02
5.458653564453125000e+02
3.733647155761718750e+01
1.282913513183593750e+02
2.550804519653320312e+01
3.245275497436523438e+01
1.306030120849609375e+02
3.635614395141601562e+01
3.370496368408203125e+01
1.293198852539062500e+02
4.852971267700195312e+01
3.970052337646484375e+01
4.526980972290039062e+01
4.936322784423828125e+01
5.148126602172851562e+01
5.387861251831054688e+01
5.940893936157226562e+01
6.475270843505859375e+01
7.076960754394531250e+01
7.295105743408203125e+01
1.697632690429687500e+03
1.785989746093750000e+03
1.718063354492187500e+03
1.831318115234375000e+03
1.939395263671875000e+03
1.837915283203125000e+03
2.057217285156250000e+03
2.152568115234375000e+03
2.040642944335937500e+03
4.397999572753906250e+01
4.531108474731445312e+01
5.453831863403320312e+01
4.343996429443359375e+01
4.359972763061523438e+01
5.594675064086914062e+01
4.840306854248046875e+01
4.452391052246093750e+01
6.338616561889648438e+01
3.360947570800781250e+02
2.781153564453125000e+02
2.513287963867187500e+02
2.725300903320312500e+02
2.446609954833984375e+02
1.878048858642578125e+02
2.799183349609375000e+02
2.757410278320312500e+02
2.279774169921875000e+02
5.091490936279296875e+01
1.791502761840820312e+01
1.045563602447509766e+01
4.076527786254882812e+01
1.811483383178710938e+01
8.741140365600585938e+00
1.909636306762695312e+01
1.533846282958984375e+01
8.752832412719726562e+00
1.572191810607910156e+01
1.059856033325195312e+01
1.116883277893066406e+01
1.130228710174560547e+01
7.706499576568603516e+00
7.335205554962158203e+00
9.338775634765625000e+00
7.944557666778564453e+00
5.157458782196044922e+00
4.121394729614257812e+01
5.860809707641601562e+01
6.283930206298828125e+01
4.267502212524414062e+01
5.558878326416015625e+01
7.937844848632812500e+01
2.682668304443359375e+01
2.632248497009277344e+01
6.828872680664062500e+01
7.456486225128173828e+00
-1.810192465782165527e+00
4.668524742126464844e+00
7.414893627166748047e+00
-9.404529333114624023e-01
3.267221212387084961e+00
7.799624919891357422e+00
3.053904533386230469e+00
5.428516864776611328e+00
9.225601196289062500e+00
6.487068653106689453e+00
4.927841186523437500e+00
6.725275039672851562e+00
2.354256057739257812e+01
1.407436370849609375e+01
1.704125976562500000e+01
1.592868804931640625e+01
8.173292160034179688e+00
7.782647132873535156e+00
6.410897731781005859e+00
9.879326820373535156e+00
3.863396644592285156e+00
7.669713020324707031e+00
1.253707504272460938e+01
3.789713621139526367e+00
5.479213237762451172e+00
7.642183780670166016e+00
1.446153926849365234e+01
1.618857002258300781e+01
1.326650238037109375e+01
1.456047630310058594e+01
1.711603164672851562e+01
1.150578975677490234e+01
2.118053436279296875e+01
2.788994407653808594e+01
2.341847991943359375e+01
1.212963962554931641e+01
9.810938835144042969e+00
8.104968070983886719e+00
1.962685775756835938e+01
1.336667633056640625e+01
1.150298786163330078e+01
2.361591148376464844e+01
1.848373794555664062e+01
1.924054908752441406e+01
9.975443482398986816e-01
3.391609191894531250e-01
8.318495750427246094e-02
1.249348759651184082e+00
2.438829094171524048e-01
-4.687197133898735046e-02
2.012486219406127930e+00
2.201565980911254883e+00
4.301435947418212891e+00
1.140798492431640625e+02
1.162455215454101562e+02
1.199135971069335938e+02
1.271102294921875000e+02
1.334578552246093750e+02
1.331913909912109375e+02
1.262357177734375000e+02
1.296197052001953125e+02
1.385991516113281250e+02
1.431703948974609375e+02
1.264476623535156250e+02
1.321011657714843750e+02
1.419136505126953125e+02
1.255151672363281250e+02
1.416882629394531250e+02
1.433083648681640625e+02
1.326855926513671875e+02
1.483864288330078125e+02
2.202954292297363281e+01
1.102996826171875000e+01
1.884167480468750000e+01
1.342414665222167969e+01
4.503261446952819824e-01
5.702186584472656250e+00
2.048315048217773438e+01
4.854868888854980469e+00
7.656323909759521484e+00
3.619597625732421875e+01
3.928877639770507812e+01
3.623452758789062500e+01
4.590253829956054688e+01
4.495331192016601562e+01
4.326594543457031250e+01
3.739020919799804688e+01
3.307362365722656250e+01
4.020565414428710938e+01
9.868920898437500000e+02
9.004150390625000000e+02
8.614324951171875000e+02
9.636051025390625000e+02
8.353579101562500000e+02
7.911074829101562500e+02
8.592413330078125000e+02
7.596306762695312500e+02
7.611488037109375000e+02
1.070095348358154297e+01
1.035476207733154297e+01
1.167310428619384766e+01
8.367899894714355469e+00
1.012666988372802734e+01
9.793558120727539062e+00
1.146453380584716797e+01
1.855530548095703125e+01
1.663737487792968750e+01
2.776929931640625000e+02
1.806870574951171875e+02
6.731115722656250000e+01
1.097766647338867188e+02
2.982693862915039062e+01
4.368937492370605469e+00
7.592940521240234375e+01
4.887210083007812500e+01
7.360057067871093750e+01
3.043088912963867188e+01
3.437435150146484375e+01
4.839055538177490234e+00
2.488165855407714844e+01
2.560673713684082031e+01
-6.590123176574707031e-01
1.258154010772705078e+01
1.676889038085937500e+01
-4.047608971595764160e-01
-1.593154549598693848e+00
-6.682567596435546875e-01
-2.831457376480102539e+00
-4.797227859497070312e+00
-2.168036222457885742e+00
-2.501174688339233398e+00
-3.735017061233520508e+00
-3.989008426666259766e+00
-4.849520206451416016e+00
1.677359962463378906e+01
-9.149809837341308594e+00
3.144090175628662109e+00
1.809462165832519531e+01
5.474103927612304688e+00
1.103962421417236328e+00
2.440871429443359375e+01
3.994155883789062500e+00
-2.231439113616943359e+00
-3.702671527862548828e-01
-3.958111763000488281e+00
-1.328859329223632812e+01
1.651936912536621094e+01
1.879362487792968750e+01
7.556960582733154297e+00
1.488633823394775391e+01
4.476371765136718750e+00
-1.823114156723022461e+00
2.759737014770507812e+00
1.732989430427551270e+00
-7.502849102020263672e+00
-7.573106765747070312e+00
2.082011938095092773e+00
-2.425088167190551758e+00
-1.360726547241210938e+01
-3.381245136260986328e+00
-1.592441368103027344e+01
1.600391960144042969e+01
1.412919521331787109e+01
3.576772928237915039e+00
2.085316848754882812e+01
1.717752647399902344e+01
5.620963096618652344e+00
1.395084571838378906e+01
9.688994407653808594e+00
6.843890547752380371e-01
2.183346748352050781e+01
7.744073390960693359e+00
1.075537395477294922e+01
2.680517911911010742e+00
-6.892576217651367188e+00
-2.654006183147430420e-01
1.487045001983642578e+01
4.939524173736572266e+00
1.204061603546142578e+01
-5.106974601745605469e+00
-5.285698890686035156e+00
-5.154066562652587891e+00
-5.561684131622314453e+00
-7.810151100158691406e+00
-7.168467044830322266e+00
-2.019009888172149658e-01
-3.059677124023437500e+00
-4.745285987854003906e+00
5.177490711212158203e+00
-1.070288419723510742e+00
-1.186222136020660400e-01
4.642009258270263672e+00
2.244701385498046875e+00
1.448473334312438965e+00
-7.329149842262268066e-01
-4.812135696411132812e+00
-6.363700389862060547e+00
7.674665832519531250e+01
8.656502532958984375e+01
7.978590393066406250e+01
9.242882537841796875e+01
9.071562194824218750e+01
8.083200073242187500e+01
6.253483200073242188e+01
6.634244537353515625e+01
5.583750152587890625e+01
5.143895339965820312e+01
6.113437271118164062e+01
4.715456390380859375e+01
7.192684936523437500e+01
8.079549407958984375e+01
5.194997024536132812e+01
1.126454162597656250e+02
1.172412338256835938e+02
7.883982086181640625e+01
6.791186332702636719e-01
-3.840011835098266602e+00
3.758620738983154297e+00
2.053434753417968750e+01
1.824607086181640625e+01
8.547775268554687500e+00
1.333209228515625000e+01
1.178566360473632812e+01
8.601316213607788086e-01
-4.587601661682128906e+00
-9.496875762939453125e+00
-1.115337562561035156e+01
1.989711165428161621e+00
-1.433755517005920410e+00
-4.160735130310058594e+00
1.217254638671875000e+01
6.208419799804687500e+00
-7.680189609527587891e-02
1.094541473388671875e+02
1.504642181396484375e+02
1.006425323486328125e+02
1.636228179931640625e+02
2.580730285644531250e+02
2.182807159423828125e+02
2.246413269042968750e+02
3.187320556640625000e+02
2.597929077148437500e+02
3.257286834716796875e+01
2.821352577209472656e+01
2.865202522277832031e+01
3.765072250366210938e+01
3.195808601379394531e+01
2.729438781738281250e+01
2.057251548767089844e+01
1.141439247131347656e+01
7.784318447113037109e+00
1.821925201416015625e+02
5.410066223144531250e+01
-4.480011749267578125e+01
3.505053710937500000e+02
2.424859161376953125e+02
1.716709747314453125e+02
3.652459716796875000e+02
2.850037231445312500e+02
2.491266632080078125e+02
1.354362297058105469e+01
3.606616020202636719e+00
6.980916976928710938e+00
3.652005004882812500e+01
3.054891204833984375e+01
2.903811264038085938e+01
9.717943191528320312e+00
1.096375656127929688e+01
-4.095371067523956299e-02
9.339063644409179688e+00
5.986613750457763672e+00
5.973185062408447266e+00
8.980841636657714844e+00
6.576050758361816406e+00
6.259334087371826172e+00
-1.241715431213378906e+00
-1.396456062793731689e-01
4.501938521862030029e-01
-2.342952966690063477e+00
-2.238783264160156250e+01
-2.542104148864746094e+01
-4.032616615295410156e+00
1.262015938758850098e+00
1.119437408447265625e+01
2.269000053405761719e+01
2.688952684402465820e+00
1.567742156982421875e+01
-3.823471069335937500e+01
-1.965123558044433594e+01
-2.019319915771484375e+01
-8.516105651855468750e+00
7.905560493469238281e+00
1.433912372589111328e+01
1.493139076232910156e+01
2.864702606201171875e+01
3.360268402099609375e+01
3.990386962890625000e+01
1.374662590026855469e+01
6.882014751434326172e+00
-3.072431564331054688e+00
-1.634665679931640625e+01
-5.290897369384765625e+00
-1.584081172943115234e+01
-2.020105552673339844e+01
-1.628623199462890625e+01
3.959669828414916992e+00
6.841670989990234375e+00
6.503932952880859375e+00
7.510354518890380859e+00
1.050850296020507812e+01
6.698199272155761719e+00
9.350765228271484375e+00
1.176287746429443359e+01
1.212630271911621094e+01
1.079880619049072266e+01
-3.883839130401611328e+00
-1.148455739021301270e+00
2.819835853576660156e+01
1.144453811645507812e+01
1.167685317993164062e+01
2.343511199951171875e+01
8.449497222900390625e+00
1.028269290924072266e+01
-2.122344017028808594e+00
-5.578443527221679688e+00
-1.581594109535217285e+00
-3.593690156936645508e+00
-7.388054847717285156e+00
-1.607270717620849609e+00
-4.625092506408691406e+00
-7.040534019470214844e+00
-3.629192829132080078e+00
-1.756938338279724121e+00
1.359154105186462402e+00
3.379895925521850586e+00
-1.975646242499351501e-02
-8.842073082923889160e-01
-2.940314054489135742e+00
8.196449279785156250e-01
-5.880098342895507812e-01
-1.653199434280395508e+00
4.737812042236328125e+00
1.202579307556152344e+01
1.582835960388183594e+01
2.422921371459960938e+01
3.283861160278320312e+01
3.947820663452148438e+01
3.265499496459960938e+01
3.628364562988281250e+01
3.750351333618164062e+01
-5.646978378295898438e+00
-1.378203487396240234e+01
-1.585782337188720703e+01
4.947135543823242188e+01
4.226580810546875000e+01
3.326331710815429688e+01
8.714073944091796875e+01
6.681118011474609375e+01
4.634396362304687500e+01
-2.569727706909179688e+01
-1.943995654582977295e-01
-1.040858268737792969e+00
-1.562913131713867188e+01
7.082406044006347656e+00
3.918913006782531738e-01
-4.513308525085449219e+00
1.431501293182373047e+01
2.308783292770385742e+00
-2.520200490951538086e+00
-3.687452077865600586e+00
-6.035358309745788574e-01
-6.210541248321533203e+00
-4.377919673919677734e+00
-2.724559307098388672e+00
-3.501628637313842773e+00
-2.590859651565551758e+00
1.803263545036315918e+00
-1.293129253387451172e+01
-7.027273559570312500e+01
-5.314836502075195312e+01
9.438291931152343750e+01
8.948619079589843750e+01
9.973671722412109375e+01
1.980766143798828125e+02
2.152476196289062500e+02
2.148514862060546875e+02
-1.240990638732910156e+00
1.953452825546264648e+00
4.553731918334960938e+00
8.196875572204589844e+00
1.303777217864990234e+01
1.384737396240234375e+01
1.049749660491943359e+01
1.322015666961669922e+01
9.383751869201660156e+00
1.409998535156250000e+04
1.449902734375000000e+04
1.727851367187500000e+04
1.496238671875000000e+04
1.650431640625000000e+04
2.012073046875000000e+04
1.694925781250000000e+04
1.950301171875000000e+04
2.311688867187500000e+04
9.763090209960937500e+02
9.060656738281250000e+02
1.105080200195312500e+03
1.043702514648437500e+03
1.006387573242187500e+03
1.519085083007812500e+03
5.889193725585937500e+02
5.977025146484375000e+02
1.058599609375000000e+03
2.811916503906250000e+02
3.238134765625000000e+02
3.590657348632812500e+02
2.996153259277343750e+02
3.610662231445312500e+02
3.642555541992187500e+02
3.287667541503906250e+02
3.781337585449218750e+02
3.688645019531250000e+02
1.646303588867187500e+03
1.747950439453125000e+03
1.943489624023437500e+03
1.516058105468750000e+03
1.694726684570312500e+03
1.836756958007812500e+03
1.351801391601562500e+03
1.536518188476562500e+03
1.876994750976562500e+03
4.742142944335937500e+02
5.968678588867187500e+02
6.223554687500000000e+02
7.270915527343750000e+02
8.803945312500000000e+02
9.731738891601562500e+02
1.063037231445312500e+03
1.202962768554687500e+03
1.442909790039062500e+03
2.412771759033203125e+02
3.322838439941406250e+02
3.232022399902343750e+02
5.409262695312500000e+02
6.605278930664062500e+02
7.848308105468750000e+02
1.151259887695312500e+03
1.167476562500000000e+03
1.236430419921875000e+03
4.531938781738281250e+02
3.916253356933593750e+02
3.598857727050781250e+02
4.157616271972656250e+02
3.338208618164062500e+02
3.035403442382812500e+02
3.579586486816406250e+02
2.793307800292968750e+02
3.234131774902343750e+02
9.880958251953125000e+02
1.142309204101562500e+03
1.381821289062500000e+03
1.374613647460937500e+03
1.594397827148437500e+03
1.852787841796875000e+03
1.728861816406250000e+03
2.000708007812500000e+03
2.197715332031250000e+03
4.091448059082031250e+02
4.517303161621093750e+02
4.340542907714843750e+02
5.700329589843750000e+02
6.377041625976562500e+02
6.311955566406250000e+02
5.840388793945312500e+02
6.954402465820312500e+02
7.008526000976562500e+02
1.041434020996093750e+02
9.862945556640625000e+01
4.610351943969726562e+01
1.096660766601562500e+02
1.000503540039062500e+02
8.206019592285156250e+01
2.033779907226562500e+02
2.285909576416015625e+02
2.424790649414062500e+02
5.617451171875000000e+03
6.256605468750000000e+03
6.297388183593750000e+03
5.999526855468750000e+03
6.579108398437500000e+03
6.557099121093750000e+03
6.068564941406250000e+03
6.415747558593750000e+03
6.284900878906250000e+03
7.266477539062500000e+03
7.491073242187500000e+03
7.392184570312500000e+03
7.741958496093750000e+03
7.946311523437500000e+03
7.920095214843750000e+03
7.441510253906250000e+03
7.892000488281250000e+03
7.943738769531250000e+03
8.979396362304687500e+02
9.485221557617187500e+02
4.560326538085937500e+02
9.776015625000000000e+02
8.647862548828125000e+02
5.263998413085937500e+02
8.239932861328125000e+02
7.705864868164062500e+02
6.445180664062500000e+02
9.738764038085937500e+02
1.100610351562500000e+03
1.035012939453125000e+03
1.068230712890625000e+03
1.154197631835937500e+03
1.173631958007812500e+03
9.922310180664062500e+02
1.134241333007812500e+03
1.084341552734375000e+03
3.265754687500000000e+04
3.541562109375000000e+04
3.672326953125000000e+04
3.290303515625000000e+04
3.554962500000000000e+04
3.568809375000000000e+04
3.335132421875000000e+04
3.564305078125000000e+04
3.479878515625000000e+04
1.073100830078125000e+03
1.139131958007812500e+03
1.034020751953125000e+03
1.128818725585937500e+03
1.118669921875000000e+03
1.053969604492187500e+03
1.119901245117187500e+03
1.114067382812500000e+03
1.166401123046875000e+03
-3.035646728515625000e+03
-2.844102294921875000e+03
-2.754600585937500000e+03
-2.597088378906250000e+03
-2.514722412109375000e+03
-2.665124511718750000e+03
-2.428802490234375000e+03
-2.503830810546875000e+03
-2.761711669921875000e+03
-1.443818664550781250e+02
-1.432210388183593750e+02
-1.215697479248046875e+02
-1.260881652832031250e+02
-1.169789581298828125e+02
-1.515997619628906250e+02
-1.352703399658203125e+02
-1.026773452758789062e+02
-1.481927337646484375e+02
-6.373120784759521484e+00
-1.510990142822265625e+01
-2.100435256958007812e+01
-5.287419795989990234e+00
-7.737493515014648438e+00
-1.851199340820312500e+01
-7.711900711059570312e+00
-1.765558433532714844e+01
-2.649980545043945312e+01
-3.328143615722656250e+02
-3.552423400878906250e+02
-3.137443847656250000e+02
-3.144976806640625000e+02
-3.151747436523437500e+02
-2.798245544433593750e+02
-2.504311523437500000e+02
-2.644559631347656250e+02
-2.444457244873046875e+02
-1.449435424804687500e+02
-1.544393310546875000e+02
-1.452121582031250000e+02
-1.593987579345703125e+02
-1.834542846679687500e+02
-1.680567779541015625e+02
-1.422681884765625000e+02
-1.568397827148437500e+02
-1.401434631347656250e+02
-1.939687919616699219e+01
-5.684785461425781250e+01
-7.486656951904296875e+01
-5.012370681762695312e+01
-9.638216400146484375e+01
-1.343015899658203125e+02
-1.233070373535156250e+02
-1.886864471435546875e+02
-2.029365692138671875e+02
-8.650048065185546875e+01
-7.029315185546875000e+01
-5.562435150146484375e+01
-7.603191375732421875e+01
-6.327239227294921875e+01
-5.745780181884765625e+01
-6.529725646972656250e+01
-6.220348739624023438e+01
-5.637478256225585938e+01
-1.696577301025390625e+02
-1.862554626464843750e+02
-1.720856018066406250e+02
-1.773372497558593750e+02
-2.162022247314453125e+02
-2.042382049560546875e+02
-2.110380554199218750e+02
-2.473444213867187500e+02
-2.349984436035156250e+02
-2.294987106323242188e+01
-3.393694686889648438e+01
-1.723589515686035156e+01
-3.106737518310546875e+01
-4.775267791748046875e+01
-3.165035057067871094e+01
-4.407630920410156250e+01
-5.853303527832031250e+01
-4.810153961181640625e+01
-1.069996356964111328e+01
-4.800546646118164062e+00
-5.104798316955566406e+00
-2.226039886474609375e+01
-1.661256980895996094e+01
-1.010207748413085938e+01
-2.489930343627929688e+01
-2.061374282836914062e+01
-1.822062110900878906e+01
-3.080678100585937500e+02
-3.311976623535156250e+02
-3.569328308105468750e+02
-3.263370361328125000e+02
-3.560255126953125000e+02
-3.663659057617187500e+02
-3.302738952636718750e+02
-3.643510131835937500e+02
-3.729573974609375000e+02
-6.462438964843750000e+02
-6.546962890625000000e+02
-5.968444213867187500e+02
-6.851478271484375000e+02
-6.881824340820312500e+02
-6.387035522460937500e+02
-6.002077026367187500e+02
-6.228595581054687500e+02
-6.010081176757812500e+02
-1.412286682128906250e+02
-1.170396194458007812e+02
-4.863852310180664062e+01
-1.285471801757812500e+02
-8.195600891113281250e+01
-4.757080078125000000e+01
-9.922299194335937500e+01
-5.954956054687500000e+01
-4.970104217529296875e+01
-3.715871810913085938e+01
-3.553647232055664062e+01
-5.283016586303710938e+01
-6.264776229858398438e+01
-5.380772018432617188e+01
-6.107543945312500000e+01
-7.439720916748046875e+01
-7.989322662353515625e+01
-7.237626647949218750e+01
-1.754049560546875000e+03
-2.183097656250000000e+03
-2.457988525390625000e+03
-2.137586181640625000e+03
-2.547935791015625000e+03
-2.752713134765625000e+03
-2.000945312500000000e+03
-2.216624511718750000e+03
-2.368827148437500000e+03
-8.875808715820312500e+01
-8.562635040283203125e+01
-7.368936920166015625e+01
-9.560369873046875000e+01
-7.187626647949218750e+01
-6.650225830078125000e+01
-7.902056121826171875e+01
-5.921240997314453125e+01
-6.412495422363281250e+01
6.962368164062500000e+03
8.041079101562500000e+03
7.655858886718750000e+03
7.878948730468750000e+03
8.447520507812500000e+03
7.555730957031250000e+03
7.987928222656250000e+03
7.817933105468750000e+03
6.516361816406250000e+03
1.243856353759765625e+02
2.602779541015625000e+02
2.446263427734375000e+02
8.442085266113281250e+01
1.840176239013671875e+02
1.636493377685546875e+02
2.238395996093750000e+02
2.300096588134765625e+02
1.957038116455078125e+02
4.589385604858398438e+01
3.794875335693359375e+01
1.641059494018554688e+01
3.477467727661132812e+01
8.703010559082031250e+00
-8.911775588989257812e+00
2.088667106628417969e+01
-1.579451942443847656e+01
-1.298917388916015625e+01
3.888864135742187500e+02
5.359957885742187500e+02
5.652188720703125000e+02
5.738610839843750000e+02
7.394682006835937500e+02
6.895029296875000000e+02
8.286193847656250000e+02
9.175631103515625000e+02
7.937716674804687500e+02
1.546662445068359375e+02
7.996705627441406250e+01
2.316524696350097656e+01
3.078165588378906250e+02
1.870592651367187500e+02
8.761193847656250000e+01
3.267047424316406250e+02
2.053697509765625000e+02
1.557109355926513672e+01
1.391129760742187500e+02
2.470644378662109375e+02
1.586812133789062500e+02
6.725719451904296875e+01
1.309968109130859375e+02
-5.894289016723632812e+01
3.665996170043945312e+01
6.828430938720703125e+01
-7.005520629882812500e+01
-2.368345260620117188e+01
1.244574260711669922e+01
9.694572448730468750e+01
-3.033145666122436523e+00
6.226349639892578125e+01
1.338937988281250000e+02
2.549600601196289062e+01
1.052029266357421875e+02
1.341035308837890625e+02
5.089074096679687500e+02
6.097841796875000000e+02
5.251497802734375000e+02
5.730770263671875000e+02
6.455274047851562500e+02
5.115956420898437500e+02
5.186920776367187500e+02
5.490624389648437500e+02
3.986470947265625000e+02
6.384448623657226562e+01
8.357805633544921875e+01
3.878016281127929688e+01
4.384479904174804688e+01
6.717974090576171875e+01
3.270167541503906250e+01
5.893395423889160156e+00
2.592144775390625000e+01
6.519051551818847656e+00
-1.333629035949707031e+01
5.215590953826904297e+00
1.246025371551513672e+01
-1.724418640136718750e+01
5.079534530639648438e+00
2.039276885986328125e+01
-6.152834415435791016e+00
-1.455955862998962402e+00
1.796771430969238281e+01
-3.382567214965820312e+01
-2.269478454589843750e+02
-1.754157104492187500e+02
-9.480156707763671875e+01
-2.880238647460937500e+02
-2.208156127929687500e+02
-1.836090393066406250e+02
-3.533901672363281250e+02
-2.436979675292968750e+02
6.129128417968750000e+02
6.502556762695312500e+02
6.485406494140625000e+02
5.667269287109375000e+02
6.502199707031250000e+02
6.739247436523437500e+02
5.971914672851562500e+02
6.244852905273437500e+02
6.634769287109375000e+02
7.456340789794921875e+01
7.883332252502441406e+00
5.694681930541992188e+01
8.076326751708984375e+01
6.162091445922851562e+01
6.418061828613281250e+01
1.173421478271484375e+02
7.351715087890625000e+01
3.810357666015625000e+01
6.467916870117187500e+01
1.596659564971923828e+01
-1.717765569686889648e+00
-9.712502479553222656e+00
-2.467742347717285156e+01
-4.600955963134765625e+01
-7.435274505615234375e+01
-5.809237670898437500e+01
-4.555555343627929688e+01
1.001069885253906250e+03
-4.014089202880859375e+01
-6.431881103515625000e+02
3.612469482421875000e+02
-9.171145019531250000e+02
-9.113612060546875000e+02
-1.924512786865234375e+02
-1.342020751953125000e+03
-7.114050292968750000e+02
-9.309848022460937500e+01
-6.355990600585937500e+01
7.666768550872802734e+00
-7.764589691162109375e+01
-1.373441314697265625e+01
5.514504241943359375e+01
-5.192942428588867188e+01
1.470799350738525391e+01
4.980816650390625000e+01
2.786737548828125000e+03
2.793490966796875000e+03
2.610381835937500000e+03
2.946602050781250000e+03
2.974255126953125000e+03
2.830134765625000000e+03
2.720222167968750000e+03
2.799258056640625000e+03
2.788748779296875000e+03
4.986955261230468750e+01
7.342078399658203125e+01
9.902147674560546875e+01
6.319092178344726562e+01
6.234473800659179688e+01
1.045742950439453125e+02
4.622690200805664062e+01
4.250804138183593750e+01
9.222203063964843750e+01
1.288113307952880859e+01
1.291038513183593750e+01
1.036917209625244141e+01
7.101403713226318359e+00
1.338512134552001953e+01
9.450512886047363281e+00
5.770565032958984375e+00
8.945467948913574219e+00
1.028399944305419922e+01
2.856611633300781250e+02
2.195717163085937500e+02
2.349087982177734375e+02
3.573481445312500000e+02
2.436382904052734375e+02
2.730681457519531250e+02
3.311951599121093750e+02
2.389145660400390625e+02
2.781638488769531250e+02
8.049459075927734375e+01
1.673019714355468750e+02
1.239747467041015625e+02
7.954267883300781250e+01
1.881931457519531250e+02
1.448964996337890625e+02
1.113842773437500000e+02
2.204523620605468750e+02
1.823921203613281250e+02
6.247829437255859375e+01
5.567641830444335938e+01
3.894601440429687500e+01
4.822834777832031250e+01
4.716666412353515625e+01
6.897875213623046875e+01
2.375044631958007812e+01
3.198732948303222656e+01
7.381553649902343750e+01
4.080651473999023438e+01
4.599260330200195312e+01
4.662448501586914062e+01
4.038325119018554688e+01
4.504566574096679688e+01
3.748490905761718750e+01
4.384547042846679688e+01
4.186457061767578125e+01
3.786266326904296875e+01
2.140318908691406250e+02
1.775661773681640625e+02
2.021822052001953125e+02
2.117508850097656250e+02
1.743780822753906250e+02
2.150179901123046875e+02
2.178527069091796875e+02
1.826095275878906250e+02
2.343438873291015625e+02
1.671849250793457031e+01
5.134903907775878906e+00
2.583548355102539062e+01
2.109708786010742188e+01
1.065401268005371094e+01
3.144336891174316406e+01
2.490418052673339844e+01
1.187959766387939453e+01
2.862404060363769531e+01
2.090466022491455078e+00
1.249124622344970703e+01
6.004918098449707031e+00
-1.516499280929565430e+00
5.019309997558593750e+00
1.988426208496093750e+00
5.682045936584472656e+00
7.783777236938476562e+00
1.702026844024658203e+00
5.434357452392578125e+01
1.090225524902343750e+02
1.271725082397460938e+02
5.640820693969726562e+01
1.165639038085937500e+02
1.339882965087890625e+02
7.309381866455078125e+01
1.279002990722656250e+02
1.525490264892578125e+02
3.271414184570312500e+02
4.263750610351562500e+02
3.808870239257812500e+02
3.919134826660156250e+02
4.748352050781250000e+02
4.377697448730468750e+02
3.963503417968750000e+02
4.804645385742187500e+02
4.446267395019531250e+02
-3.814656448364257812e+01
1.280233612060546875e+02
3.747164535522460938e+01
-2.955217170715332031e+01
1.269481430053710938e+02
3.414244842529296875e+01
-4.591006469726562500e+01
1.106856918334960938e+02
2.873192787170410156e+01
1.650734329223632812e+01
1.785547256469726562e+01
1.916183853149414062e+01
1.926580047607421875e+01
2.519399642944335938e+01
3.026001548767089844e+01
1.977260780334472656e+01
3.171469879150390625e+01
3.521363449096679688e+01
4.516841735839843750e+02
7.562734375000000000e+02
8.115411376953125000e+02
6.112487182617187500e+02
9.660454711914062500e+02
9.395647583007812500e+02
8.375261840820312500e+02
1.209397583007812500e+03
1.125208740234375000e+03
2.050337409973144531e+01
2.878553390502929688e+01
4.218930816650390625e+01
1.668029022216796875e+01
1.907057380676269531e+01
3.245826721191406250e+01
2.171632957458496094e+01
1.996937942504882812e+01
3.404510116577148438e+01
2.380043701171875000e+03
3.009425048828125000e+03
3.441929931640625000e+03
2.014180541992187500e+03
3.037500488281250000e+03
3.528220214843750000e+03
1.892907104492187500e+03
3.036420410156250000e+03
3.444837890625000000e+03
3.418611145019531250e+01
7.028340148925781250e+01
4.483103179931640625e+01
-1.211807346343994141e+01
2.752532768249511719e+01
-6.644026756286621094e+00
-3.404169464111328125e+01
8.196671605110168457e-01
-3.373509216308593750e+01
1.142841577529907227e-02
-7.833226919174194336e-01
1.788170814514160156e+00
5.302731990814208984e+00
2.020910739898681641e+00
-4.466786861419677734e+00
3.279793548583984375e+01
3.047843933105468750e+01
1.305178070068359375e+01
2.693158569335937500e+02
2.010544128417968750e+02
1.781152038574218750e+02
7.890441131591796875e+01
1.019667053222656250e+02
1.135772552490234375e+02
-8.303427124023437500e+01
5.982638931274414062e+01
1.265316543579101562e+02
8.056910400390625000e+02
8.903427734375000000e+02
7.961110229492187500e+02
9.001447143554687500e+02
1.008198364257812500e+03
9.064615478515625000e+02
8.426253662109375000e+02
9.745852050781250000e+02
8.688575439453125000e+02
-7.444503021240234375e+01
-5.778699874877929688e+01
4.698954391479492188e+01
6.684438323974609375e+01
1.963533935546875000e+02
2.629174499511718750e+02
2.139562835693359375e+02
3.288621826171875000e+02
3.598519897460937500e+02
-6.016665458679199219e+00
-6.614164352416992188e+00
-1.296952915191650391e+01
-2.307194709777832031e+01
-1.257703208923339844e+01
-1.402202510833740234e+01
-4.812913513183593750e+01
-2.270307922363281250e+01
-1.880817055702209473e+00
2.708917541503906250e+02
2.901633300781250000e+02
3.445793762207031250e+02
3.265126647949218750e+02
3.696609802246093750e+02
4.394635925292968750e+02
4.003340454101562500e+02
4.423471679687500000e+02
4.852020874023437500e+02
2.823837471008300781e+01
2.032499885559082031e+01
2.497033882141113281e+01
2.823591613769531250e+01
1.563209056854248047e+01
3.178127861022949219e+01
4.315442276000976562e+01
1.238407421112060547e+01
2.528664779663085938e+01
2.304119491577148438e+01
-8.468559384346008301e-01
1.303264331817626953e+01
-8.116072654724121094e+00
-1.413730430603027344e+01
-1.599484634399414062e+01
-6.198981285095214844e+00
-2.720830726623535156e+01
-1.939543128013610840e+00
5.514529418945312500e+02
4.295073242187500000e+02
2.550515441894531250e+02
5.292324218750000000e+02
3.921777038574218750e+02
1.906679687500000000e+02
5.018522949218750000e+02
3.693190917968750000e+02
1.452964477539062500e+02
8.805941162109375000e+02
7.324241333007812500e+02
6.698840332031250000e+02
8.086832275390625000e+02
6.618794555664062500e+02
6.925742797851562500e+02
5.909173583984375000e+02
4.759301147460937500e+02
5.630558471679687500e+02
1.514739379882812500e+02
1.342915039062500000e+02
4.545969772338867188e+01
3.402084350585937500e+01
3.916957473754882812e+01
-1.975865554809570312e+01
1.898002433776855469e+01
2.184624099731445312e+01
4.520741653442382812e+01
9.701717376708984375e+01
8.728391265869140625e+01
7.374867248535156250e+01
7.639133453369140625e+01
6.163609695434570312e+01
7.154426574707031250e+01
6.352140045166015625e+01
3.180904388427734375e+01
3.765819931030273438e+01
2.515124511718750000e+03
2.527327392578125000e+03
1.799133422851562500e+03
2.887083007812500000e+03
2.253430664062500000e+03
1.288315917968750000e+03
2.622872802734375000e+03
1.615639038085937500e+03
7.146838989257812500e+02
1.145139160156250000e+02
7.002633666992187500e+01
3.864994049072265625e+01
5.443748855590820312e+01
2.706514549255371094e+01
2.154040145874023438e+01
5.953378295898437500e+01
5.095227432250976562e+01
7.195442962646484375e+01
1.254112182617187500e+03
1.217274414062500000e+03
1.079952270507812500e+03
1.330446655273437500e+03
1.304989624023437500e+03
1.093180664062500000e+03
1.233886352539062500e+03
1.205794433593750000e+03
9.991243286132812500e+02
7.563097000122070312e+00
1.747117805480957031e+01
2.750084495544433594e+01
1.587103271484375000e+01
2.322728538513183594e+01
3.430186843872070312e+01
7.135683059692382812e+00
8.305153846740722656e+00
2.101705360412597656e+01
8.879219055175781250e+00
9.253783226013183594e+00
3.744623661041259766e+00
3.505751609802246094e+00
3.098363399505615234e+00
-2.578969597816467285e-01
-1.345052957534790039e+00
-6.884346008300781250e-01
-2.053688764572143555e+00
9.387281036376953125e+01
5.185407638549804688e+01
3.844336700439453125e+01
1.804676361083984375e+02
1.171192016601562500e+02
1.076238327026367188e+02
1.926497650146484375e+02
1.403867340087890625e+02
1.243557739257812500e+02
4.235676574707031250e+01
6.848389434814453125e+01
7.124372100830078125e+01
6.005075836181640625e+01
9.895347595214843750e+01
8.191310882568359375e+01
9.389773559570312500e+01
1.308748474121093750e+02
1.154800872802734375e+02
5.519877243041992188e+01
7.331669616699218750e+01
7.501712036132812500e+01
9.790869712829589844e+00
5.083757400512695312e+00
1.320560741424560547e+01
3.405944347381591797e+00
9.163580894470214844e+00
1.225848197937011719e+01
1.421094799041748047e+01
1.309442996978759766e+01
2.107483863830566406e+01
1.133301544189453125e+01
2.114015579223632812e+01
2.495781898498535156e+01
1.126561641693115234e+01
1.631883811950683594e+01
2.193685150146484375e+01
9.787160491943359375e+01
8.438185119628906250e+01
7.163677978515625000e+01
1.015482788085937500e+02
8.186768341064453125e+01
6.667814636230468750e+01
9.340376281738281250e+01
7.094622039794921875e+01
6.117988967895507812e+01
2.876501321792602539e+00
-6.763596534729003906e+00
-2.255582094192504883e+00
4.170073032379150391e+00
-4.247942924499511719e+00
-2.078461408615112305e+00
6.107373535633087158e-02
-8.743124961853027344e+00
-5.540421962738037109e+00
-2.156694889068603516e+00
-2.366819620132446289e+00
8.656882047653198242e-01
2.424773871898651123e-01
8.652614802122116089e-02
1.002370119094848633e+00
-2.569200992584228516e-01
1.191423982381820679e-01
7.528313398361206055e-01
-1.031676483154296875e+01
-2.562985610961914062e+01
-3.914437103271484375e+01
-1.165117168426513672e+01
-2.178084373474121094e+01
-3.011199188232421875e+01
-2.515918731689453125e+00
-1.607094955444335938e+01
-2.109198379516601562e+01
8.738751220703125000e+01
7.517054748535156250e+01
6.032992935180664062e+01
1.049520111083984375e+02
8.199047088623046875e+01
6.997563934326171875e+01
1.234730529785156250e+02
9.855175781250000000e+01
7.336957550048828125e+01
-2.469108200073242188e+01
5.973235130310058594e+00
3.201477050781250000e+00
-1.343449878692626953e+01
1.327738761901855469e+01
1.462834072113037109e+01
-7.944521903991699219e+00
1.440807056427001953e+01
1.129231834411621094e+01
-4.628647327423095703e+00
-3.707731246948242188e+00
-1.729266285896301270e+00
-2.125264704227447510e-01
-9.960233569145202637e-01
-1.801627993583679199e+00
-8.659285545349121094e+00
-5.352965831756591797e+00
-2.020646333694458008e+00
5.452724075317382812e+01
-6.929134368896484375e+00
-1.242058334350585938e+02
6.693933868408203125e+01
1.836506080627441406e+01
-9.842695617675781250e+01
9.783943939208984375e+01
7.620831298828125000e+01
-1.848732376098632812e+01
-5.056689739227294922e+00
-3.236211538314819336e+00
1.408126473426818848e+00
-2.921889066696166992e+00
7.583932876586914062e-01
6.233192920684814453e+00
-4.086211681365966797e+00
-1.093242406845092773e+00
2.650357484817504883e+00
6.472536010742187500e+02
8.171392822265625000e+02
1.024571411132812500e+03
3.736270751953125000e+02
6.187319335937500000e+02
8.548596801757812500e+02
1.342985687255859375e+02
4.309646606445312500e+02
6.906856689453125000e+02
1.525782203674316406e+01
1.233316993713378906e+01
4.504908752441406250e+01
7.446979731321334839e-02
5.319539546966552734e+00
2.105197525024414062e+01
1.578885316848754883e+00
4.777358055114746094e+00
2.286532020568847656e+01
1.504987621307373047e+01
1.615671348571777344e+01
1.531703948974609375e+01
9.687792778015136719e+00
1.197362709045410156e+01
1.328231620788574219e+01
9.530213356018066406e+00
1.456938648223876953e+01
1.521957111358642578e+01
7.403585815429687500e+01
7.990969085693359375e+01
8.173342132568359375e+01
7.677499389648437500e+01
9.172142791748046875e+01
9.728739166259765625e+01
5.246735763549804688e+01
9.899694824218750000e+01
9.517383575439453125e+01
4.143292617797851562e+01
2.991668128967285156e+01
5.059228515625000000e+01
6.621322631835937500e+01
5.502167510986328125e+01
7.331999206542968750e+01
3.728520584106445312e+01
4.538859558105468750e+01
5.475447845458984375e+01
1.321124744415283203e+01
-2.336973428726196289e+00
3.403868103027343750e+01
-1.167636489868164062e+01
-1.113116836547851562e+01
2.857375907897949219e+01
1.335683059692382812e+01
1.765760993957519531e+01
3.651094436645507812e+01
7.376254558563232422e+00
6.360364913940429688e+00
1.005644893646240234e+01
7.465210437774658203e+00
6.304883480072021484e+00
1.004411125183105469e+01
2.151727437973022461e+00
-6.717375516891479492e-01
5.460418701171875000e+00
3.535173797607421875e+01
5.955445098876953125e+01
7.011912536621093750e+01
3.140786933898925781e+01
5.694134140014648438e+01
6.871462249755859375e+01
2.560173988342285156e+01
5.063912200927734375e+01
6.252525329589843750e+01
1.509637451171875000e+01
2.051663017272949219e+01
1.413840866088867188e+01
1.763365173339843750e+01
2.087112426757812500e+01
1.439627742767333984e+01
2.120734024047851562e+01
2.167856407165527344e+01
1.769864845275878906e+01
3.853110074996948242e+00
-1.000443816184997559e+00
2.062584877014160156e+00
1.189924240112304688e+00
-6.308037042617797852e-01
6.489054560661315918e-01
-1.079209804534912109e+00
-2.069799661636352539e+00
-3.910575151443481445e+00
2.547969360351562500e+02
2.643479309082031250e+02
2.452534790039062500e+02
2.480114746093750000e+02
2.606675415039062500e+02
2.473563842773437500e+02
2.237593231201171875e+02
2.522836608886718750e+02
2.333354034423828125e+02
2.995906677246093750e+02
3.059876708984375000e+02
2.976260986328125000e+02
2.794582519531250000e+02
2.874814758300781250e+02
2.822963867187500000e+02
2.453872680664062500e+02
2.527824554443359375e+02
2.452287750244140625e+02
5.250556564331054688e+01
4.082008361816406250e+01
2.798377990722656250e+01
4.544198226928710938e+01
4.630810165405273438e+01
3.016903686523437500e+01
3.123655891418457031e+01
3.040695571899414062e+01
3.322727203369140625e+01
2.805297851562500000e+01
2.981390762329101562e+01
3.564985275268554688e+01
2.746379661560058594e+01
3.360340499877929688e+01
3.195531463623046875e+01
3.361905288696289062e+01
3.317016983032226562e+01
2.878130722045898438e+01
1.360494140625000000e+03
1.414497924804687500e+03
1.362646118164062500e+03
1.374760986328125000e+03
1.422374877929687500e+03
1.409050781250000000e+03
1.261009521484375000e+03
1.345164794921875000e+03
1.341388916015625000e+03
3.878099441528320312e+01
4.476337432861328125e+01
4.397840881347656250e+01
3.727112960815429688e+01
4.070875549316406250e+01
3.885457611083984375e+01
3.344616317749023438e+01
3.581510162353515625e+01
3.394863128662109375e+01
1.860506591796875000e+03
1.326909545898437500e+03
1.049080322265625000e+03
1.652180297851562500e+03
1.167222167968750000e+03
9.661285400390625000e+02
1.424774291992187500e+03
1.105706420898437500e+03
1.012981689453125000e+03
1.464087066650390625e+02
1.381706695556640625e+02
1.200172042846679688e+02
1.334613952636718750e+02
9.691886138916015625e+01
1.247964859008789062e+02
9.680792236328125000e+01
6.136203002929687500e+01
9.682281494140625000e+01
1.271007442474365234e+01
1.361261177062988281e+01
1.760258865356445312e+01
5.758009910583496094e+00
1.188460636138916016e+01
1.444941425323486328e+01
1.145524311065673828e+01
1.651569175720214844e+01
1.923343467712402344e+01
2.847642822265625000e+02
2.304192810058593750e+02
1.747033386230468750e+02
2.791943054199218750e+02
2.034184875488281250e+02
1.604438018798828125e+02
1.897919464111328125e+02
9.689492034912109375e+01
9.459188842773437500e+01
-2.057445068359375000e+02
-2.321684570312500000e+02
-2.191198577880859375e+02
-1.650843353271484375e+02
-2.182662811279296875e+02
-2.023808898925781250e+02
-1.085863723754882812e+02
-1.703958892822265625e+02
-1.441380310058593750e+02
-3.281926345825195312e+01
-4.645816421508789062e+01
-5.101976776123046875e+01
-2.585634803771972656e+01
-7.249884605407714844e+00
-7.575774192810058594e+00
5.848602294921875000e+01
5.926308822631835938e+01
7.602764892578125000e+01
5.591009140014648438e+01
5.526712417602539062e+01
5.820581817626953125e+01
4.999896621704101562e+01
4.807261276245117188e+01
4.846159744262695312e+01
4.118624877929687500e+01
4.060472106933593750e+01
4.610395431518554688e+01
9.054553222656250000e+01
5.132563781738281250e+01
7.064799308776855469e+00
9.797010040283203125e+01
6.319651031494140625e+01
2.828342628479003906e+01
1.261700286865234375e+02
1.001388549804687500e+02
7.744367218017578125e+01
3.766286087036132812e+01
1.905497360229492188e+01
1.379920864105224609e+01
5.039600753784179688e+01
3.057077217102050781e+01
2.102001762390136719e+01
6.329322814941406250e+01
4.518144226074218750e+01
3.838639831542968750e+01
1.590305042266845703e+01
8.837315559387207031e+00
3.890013933181762695e+00
1.235412788391113281e+01
1.008571434020996094e+01
-4.903192520141601562e-01
1.723371696472167969e+01
1.389201831817626953e+01
9.106480598449707031e+00
4.028768005371093750e+02
4.195230102539062500e+02
4.459852600097656250e+02
4.235847473144531250e+02
4.513669738769531250e+02
4.616006469726562500e+02
4.341040039062500000e+02
4.636332092285156250e+02
4.633503112792968750e+02
5.718681030273437500e+02
5.348131103515625000e+02
4.711177062988281250e+02
6.563609619140625000e+02
5.910799560546875000e+02
5.165463867187500000e+02
6.014848632812500000e+02
5.380296020507812500e+02
4.822066650390625000e+02
6.874176788330078125e+01
-9.783821105957031250e-01
2.268372917175292969e+01
7.826748657226562500e+01
-8.904697418212890625e+00
-3.309323310852050781e+00
5.543036651611328125e+01
-4.347697067260742188e+01
8.168975830078125000e+00
6.002778244018554688e+01
7.060716247558593750e+01
8.012574005126953125e+01
8.578948974609375000e+01
9.176086425781250000e+01
9.530335235595703125e+01
9.511204528808593750e+01
9.615280914306640625e+01
9.858744049072265625e+01
2.233789794921875000e+03
2.403386962890625000e+03
2.565353515625000000e+03
2.543115478515625000e+03
2.691714599609375000e+03
2.734342773437500000e+03
2.570529785156250000e+03
2.665781494140625000e+03
2.557272949218750000e+03
8.141859436035156250e+01
9.208950042724609375e+01
8.317696380615234375e+01
8.666630554199218750e+01
8.909344482421875000e+01
7.740670776367187500e+01
8.320056915283203125e+01
8.523468780517578125e+01
7.991256713867187500e+01
