5.412376785278320312e+01
5.337002182006835938e+01
4.747625350952148438e+01
5.891963577270507812e+01
5.609846496582031250e+01
4.946296691894531250e+01
5.650859832763671875e+01
5.311417770385742188e+01
4.768543624877929688e+01
6.187712669372558594e+00
5.435491085052490234e+00
4.672598838806152344e+00
5.798969745635986328e+00
5.662966728210449219e+00
5.363257884979248047e+00
5.639142036437988281e+00
5.738077163696289062e+00
5.836796283721923828e+00
2.837031555175781250e+01
2.613096809387207031e+01
2.288966560363769531e+01
3.070402717590332031e+01
2.855338478088378906e+01
2.544534683227539062e+01
3.342284393310546875e+01
3.202688980102539062e+01
2.934398269653320312e+01
6.613865852355957031e+00
7.052635669708251953e+00
7.749988079071044922e+00
8.390566825866699219e+00
8.523656845092773438e+00
8.540145874023437500e+00
8.233960151672363281e+00
7.676856517791748047e+00
7.199714660644531250e+00
4.069609165191650391e+00
4.044436931610107422e+00
3.757656574249267578e+00
4.215492725372314453e+00
4.026278972625732422e+00
3.814225196838378906e+00
3.714506626129150391e+00
3.343039989471435547e+00
3.192864894866943359e+00
7.884657382965087891e-01
8.686607480049133301e-01
9.263829588890075684e-01
1.306383371353149414e+00
1.483213067054748535e+00
1.635659694671630859e+00
7.660195231437683105e-01
9.208449125289916992e-01
1.114630699157714844e+00
5.237138748168945312e+00
5.301626205444335938e+00
5.720364570617675781e+00
6.255205631256103516e+00
5.913441658020019531e+00
5.731011390686035156e+00
5.611917972564697266e+00
5.305861473083496094e+00
5.120254993438720703e+00
2.738005065917968750e+01
2.834788894653320312e+01
2.542733192443847656e+01
2.637308120727539062e+01
2.715598869323730469e+01
2.451554107666015625e+01
2.397182464599609375e+01
2.459106636047363281e+01
2.248699951171875000e+01
4.393575286865234375e+01
4.777603912353515625e+01
5.037371444702148438e+01
5.837974929809570312e+01
6.164410400390625000e+01
6.136460876464843750e+01
5.605586242675781250e+01
5.862656402587890625e+01
5.871519088745117188e+01
4.010542392730712891e+00
3.798392534255981445e+00
4.043225765228271484e+00
4.857381820678710938e+00
4.738379478454589844e+00
4.925397396087646484e+00
5.057090759277343750e+00
5.014565467834472656e+00
4.928630352020263672e+00
2.595711326599121094e+01
2.443219375610351562e+01
2.214789199829101562e+01
2.742200660705566406e+01
2.471932792663574219e+01
2.318023681640625000e+01
2.799221038818359375e+01
2.534985542297363281e+01
2.469902038574218750e+01
1.335063076019287109e+01
1.267710781097412109e+01
1.257912445068359375e+01
1.522181892395019531e+01
1.399439430236816406e+01
1.310970211029052734e+01
1.485874938964843750e+01
1.306361007690429688e+01
1.275180816650390625e+01
9.961366653442382812e+00
1.066684627532958984e+01
1.130692195892333984e+01
1.465725708007812500e+01
1.501488876342773438e+01
1.542341232299804688e+01
1.756994247436523438e+01
1.781816101074218750e+01
1.738123703002929688e+01
4.004115104675292969e+00
3.413636922836303711e+00
2.968235969543457031e+00
3.298892498016357422e+00
2.656101465225219727e+00
2.287963390350341797e+00
2.973495244979858398e+00
2.403654098510742188e+00
2.221386432647705078e+00
3.715737533569335938e+01
3.672843170166015625e+01
3.933692932128906250e+01
4.102048110961914062e+01
4.056034469604492188e+01
4.167574310302734375e+01
4.232646942138671875e+01
4.056664657592773438e+01
3.936183547973632812e+01
2.635565376281738281e+01
2.721885299682617188e+01
2.147742271423339844e+01
3.110360717773437500e+01
3.220581817626953125e+01
2.768991851806640625e+01
2.857646369934082031e+01
2.988393402099609375e+01
2.816309547424316406e+01
-7.705397605895996094e+00
-8.180898666381835938e+00
-6.165268421173095703e+00
-7.954196929931640625e+00
-9.105861663818359375e+00
-6.158323287963867188e+00
-8.312971115112304688e+00
-9.563397407531738281e+00
-6.618381500244140625e+00
-5.124449729919433594e-01
-4.927353858947753906e-01
-2.542890906333923340e-01
-3.797956407070159912e-01
-4.984953701496124268e-01
-1.661237180233001709e-01
-4.556314349174499512e-01
-5.605032444000244141e-01
-2.395385503768920898e-01
-4.267834663391113281e+00
-3.569797515869140625e+00
-2.960012197494506836e+00
-4.256933212280273438e+00
-3.602927684783935547e+00
-3.267210960388183594e+00
-4.858110904693603516e+00
-3.621393680572509766e+00
-3.837661266326904297e+00
-2.511906862258911133e+00
-2.045942068099975586e+00
-2.129524707794189453e+00
-2.595658540725708008e+00
-1.786869287490844727e+00
-1.982210278511047363e+00
-2.580883502960205078e+00
-1.773563504219055176e+00
-1.618009328842163086e+00
-6.285934448242187500e-01
-5.151870250701904297e-01
-5.379959344863891602e-01
-6.981288790702819824e-01
-4.912022948265075684e-01
-5.680342316627502441e-01
-9.103246927261352539e-01
-6.442986726760864258e-01
-4.853241145610809326e-01
-2.972280979156494141e-02
-1.428227573633193970e-01
-5.408222079277038574e-01
-3.022409677505493164e-01
-2.738170623779296875e-01
-3.579636812210083008e-01
-2.694613039493560791e-01
-3.709804713726043701e-01
-2.016325592994689941e-01
-2.450377702713012695e+00
-2.415269374847412109e+00
-1.991539716720581055e+00
-1.651541829109191895e+00
-1.609133005142211914e+00
-1.199086308479309082e+00
-1.547862052917480469e+00
-1.272039175033569336e+00
-8.007834553718566895e-01
-1.317005276679992676e+00
-1.708158373832702637e+00
-2.246334314346313477e+00
-4.066779911518096924e-01
-1.457674056291580200e-01
-3.478513956069946289e-01
-3.921885490417480469e-01
-5.259784460067749023e-01
-5.704219937324523926e-01
-2.071998214721679688e+01
-2.087091445922851562e+01
-2.004478454589843750e+01
-2.049250221252441406e+01
-2.125373458862304688e+01
-2.008854484558105469e+01
-1.618853759765625000e+01
-1.716068267822265625e+01
-1.648922920227050781e+01
-9.250554442405700684e-01
-1.177575945854187012e+00
-1.095643639564514160e+00
-8.050615191459655762e-01
-8.590212464332580566e-01
-1.082201361656188965e+00
-2.874067425727844238e-01
-7.006754875183105469e-01
-1.071126103401184082e+00
-3.541658878326416016e+00
-2.972343683242797852e+00
-2.356167316436767578e+00
-3.246304750442504883e+00
-2.796128988265991211e+00
-2.286447286605834961e+00
-4.545680046081542969e+00
-3.665181159973144531e+00
-3.116968631744384766e+00
-6.494972109794616699e-01
1.724395155906677246e-01
-1.413340270519256592e-01
-8.958345651626586914e-01
-4.392301738262176514e-01
-1.050363898277282715e+00
-1.376217246055603027e+00
-2.333439737558364868e-01
-9.412510991096496582e-01
-2.109951496124267578e+00
-2.398273050785064697e-01
-4.677135348320007324e-01
-3.070100069046020508e+00
-1.773971557617187500e+00
-1.802772760391235352e+00
-2.621576309204101562e+00
-1.257111072540283203e+00
-2.058894395828247070e+00
-6.743450462818145752e-02
1.579849421977996826e-02
4.615372791886329651e-02
-5.184245761483907700e-03
-1.084266230463981628e-01
2.542751431465148926e-01
-4.626607149839401245e-02
-1.995582282543182373e-01
-8.300922065973281860e-02
-7.847228050231933594e+00
-7.022660732269287109e+00
-7.067037105560302734e+00
-7.850538730621337891e+00
-6.602507591247558594e+00
-6.521976470947265625e+00
-7.584577560424804688e+00
-5.895766735076904297e+00
-6.642974853515625000e+00
-2.381382703781127930e+00
-2.688566207885742188e+00
-3.918301582336425781e+00
-1.262734293937683105e+00
-1.907265901565551758e+00
-2.648012399673461914e+00
-1.718563795089721680e+00
-2.043451309204101562e+00
-2.294232130050659180e+00
-1.767871093750000000e+01
-1.798372840881347656e+01
-1.837714385986328125e+01
-1.593540859222412109e+01
-1.533846950531005859e+01
-1.574877166748046875e+01
-1.374877834320068359e+01
-1.454235649108886719e+01
-1.418558311462402344e+01
-2.718663215637207031e+00
-2.904374361038208008e+00
-3.003168821334838867e+00
-2.281947851181030273e+00
-2.800497055053710938e+00
-3.009962797164916992e+00
-2.053103685379028320e+00
-2.842375516891479492e+00
-3.058173894882202148e+00
-9.294930458068847656e+00
-9.766336441040039062e+00
-9.544888496398925781e+00
-8.982879638671875000e+00
-9.859780311584472656e+00
-9.424994468688964844e+00
-8.403487205505371094e+00
-9.673110008239746094e+00
-9.289326667785644531e+00
-3.204499721527099609e+00
-3.365639448165893555e+00
-3.469270706176757812e+00
-3.380580425262451172e+00
-3.476104974746704102e+00
-3.385814666748046875e+00
-3.113846540451049805e+00
-3.072982311248779297e+00
-3.111318826675415039e+00
-1.070156812667846680e+00
-1.136168360710144043e+00
-1.132707238197326660e+00
-7.181013822555541992e-01
-8.258548378944396973e-01
-1.079717993736267090e+00
-5.235293507575988770e-01
-6.104453802108764648e-01
-8.547161221504211426e-01
-2.144286334514617920e-01
-2.886512875556945801e-01
-2.933464348316192627e-01
-4.091821312904357910e-01
-3.173012137413024902e-01
-4.903219640254974365e-01
-5.463314652442932129e-01
-5.389281511306762695e-01
-6.011595129966735840e-01
-2.213818550109863281e+00
-2.364789009094238281e+00
-2.623401165008544922e+00
-2.548520803451538086e+00
-2.443960428237915039e+00
-2.268974065780639648e+00
-1.774329304695129395e+00
-1.728246331214904785e+00
-1.690694093704223633e+00
-6.123569965362548828e+00
-6.401918411254882812e+00
-4.632265567779541016e+00
-3.273184537887573242e+00
-3.146519184112548828e+00
-2.817787885665893555e+00
-2.215113162994384766e+00
-2.987076520919799805e+00
-3.716779708862304688e+00
-1.502587699890136719e+01
-1.579653453826904297e+01
-1.749671936035156250e+01
-2.006319236755371094e+01
-1.909541893005371094e+01
-1.893621063232421875e+01
-2.021065902709960938e+01
-1.882222557067871094e+01
-1.832433700561523438e+01
-1.195850849151611328e+00
-1.142166852951049805e+00
-1.443215966224670410e+00
-1.525267720222473145e+00
-1.521413922309875488e+00
-1.356591701507568359e+00
-1.601142287254333496e+00
-1.584613680839538574e+00
-1.282874822616577148e+00
-7.694435596466064453e+00
-7.364625453948974609e+00
-7.318861961364746094e+00
-6.363996505737304688e+00
-6.420396804809570312e+00
-6.975626945495605469e+00
-5.270115375518798828e+00
-5.934453964233398438e+00
-6.857778549194335938e+00
-3.871355533599853516e+00
-4.144674301147460938e+00
-3.109366178512573242e+00
-3.074707984924316406e+00
-3.712931632995605469e+00
-1.978947162628173828e+00
-3.019728660583496094e+00
-2.930771112442016602e+00
-7.356997132301330566e-01
-6.392145633697509766e+00
-8.308664321899414062e+00
-8.309445381164550781e+00
-6.262082576751708984e+00
-7.820794105529785156e+00
-7.860155582427978516e+00
-7.214215278625488281e+00
-7.965110778808593750e+00
-7.146302700042724609e+00
-1.053693413734436035e+00
-1.138935804367065430e+00
-8.811533451080322266e-01
-7.918481230735778809e-01
-6.904107332229614258e-01
-5.749133229255676270e-01
-5.506458282470703125e-01
-5.479737520217895508e-01
-5.835750102996826172e-01
-1.463729858398437500e+01
-1.634860229492187500e+01
-1.675342369079589844e+01
-1.330180168151855469e+01
-1.338025283813476562e+01
-1.471421146392822266e+01
-1.143743515014648438e+01
-1.181886959075927734e+01
-1.329047966003417969e+01
-7.126386642456054688e+00
-6.913447856903076172e+00
-7.210636138916015625e+00
-6.652811527252197266e+00
-6.100313663482666016e+00
-6.739800930023193359e+00
-5.679578304290771484e+00
-6.008496284484863281e+00
-7.602208137512207031e+00
6.660578399896621704e-02
7.048524171113967896e-02
7.071996480226516724e-02
1.220686882734298706e-01
1.348581910133361816e-01
1.322730779647827148e-01
5.852161347866058350e-02
5.143389105796813965e-02
7.464038580656051636e-02
4.101664293557405472e-03
2.708650892600417137e-03
4.421812947839498520e-03
1.266205497086048126e-02
9.281520731747150421e-03
1.339724846184253693e-02
8.136343210935592651e-03
3.110549878329038620e-03
2.338889520615339279e-03
6.584046036005020142e-02
3.482094034552574158e-02
4.236004501581192017e-02
6.690049171447753906e-02
3.250334411859512329e-02
2.380488440394401550e-02
3.674879670143127441e-02
2.841502614319324493e-02
1.717077754437923431e-02
4.213622771203517914e-03
1.153849996626377106e-02
1.557522360235452652e-02
1.214412599802017212e-02
1.514514442533254623e-02
2.299186401069164276e-02
-4.971775924786925316e-04
1.017345394939184189e-02
1.201803423464298248e-02
-2.860128588508814573e-04
7.504022214561700821e-04
7.844117935746908188e-04
1.455625332891941071e-02
2.499916590750217438e-02
1.459110621362924576e-02
5.437633953988552094e-04
4.048393107950687408e-03
5.711774807423353195e-03
6.967672379687428474e-04
0.000000000000000000e+00
0.000000000000000000e+00
5.772361997514963150e-03
-9.572352864779531956e-04
-9.187962859869003296e-06
0.000000000000000000e+00
0.000000000000000000e+00
2.147170016542077065e-03
2.028804644942283630e-02
1.558613497763872147e-02
4.188733641058206558e-03
8.834118489176034927e-04
8.534215390682220459e-03
8.339105173945426941e-03
2.955700503662228584e-03
7.084556855261325836e-03
7.917519658803939819e-03
1.000506803393363953e-01
7.880348712205886841e-02
4.452462121844291687e-02
8.959826827049255371e-02
9.061022102832794189e-02
6.943015009164810181e-02
4.873618856072425842e-02
2.702709287405014038e-02
3.895074874162673950e-02
-7.502403110265731812e-03
6.067259702831506729e-03
1.541785243898630142e-02
5.121629685163497925e-03
2.337230369448661804e-02
4.013813287019729614e-02
1.349885389208793640e-02
3.884553164243698120e-02
6.530219316482543945e-02
8.949058130383491516e-03
4.708024673163890839e-03
1.069970615208148956e-02
1.006222702562808990e-02
2.123790327459573746e-03
8.368716575205326080e-03
4.252891987562179565e-03
6.201829761266708374e-03
1.011015498079359531e-03
4.675753414630889893e-02
2.064243331551551819e-02
2.127980068325996399e-02
5.519887804985046387e-02
4.172953963279724121e-02
3.121358342468738556e-02
3.905262053012847900e-02
3.284808620810508728e-02
1.728433184325695038e-02
8.666765876114368439e-03
2.685339935123920441e-02
4.094448685646057129e-02
6.049643456935882568e-02
5.438290908932685852e-02
4.055102542042732239e-02
4.305540025234222412e-02
5.886076018214225769e-02
1.566567830741405487e-02
2.919691149145364761e-03
7.651587948203086853e-03
3.317839279770851135e-02
2.035084739327430725e-02
1.719807274639606476e-02
4.131295531988143921e-02
1.525492500513792038e-02
2.076705545186996460e-02
2.357043698430061340e-02
1.231414079666137695e-02
7.501386106014251709e-03
1.784961856901645660e-02
3.398768836632370949e-03
2.683080034330487251e-03
1.181643363088369370e-02
1.477641239762306213e-02
5.113724619150161743e-03
3.740836167708039284e-03
3.440291061997413635e-02
3.227162733674049377e-02
7.009886950254440308e-02
2.745004184544086456e-02
2.058304846286773682e-02
3.623651340603828430e-02
2.002715319395065308e-02
4.469307512044906616e-02
3.041652031242847443e-02
5.480995774269104004e-02
2.739431150257587433e-02
1.993317715823650360e-02
4.941148310899734497e-02
3.641105443239212036e-02
3.534361720085144043e-02
4.018658772110939026e-02
4.494753852486610413e-02
2.442273683845996857e-02
9.640514373779296875e+00
1.063876533508300781e+01
9.307806968688964844e+00
9.159029006958007812e+00
9.534592628479003906e+00
9.012099266052246094e+00
9.044737815856933594e+00
8.776514053344726562e+00
7.883335590362548828e+00
4.732835590839385986e-01
7.413883805274963379e-01
1.187226653099060059e+00
3.962725698947906494e-01
7.196695208549499512e-01
1.169644594192504883e+00
3.549807369709014893e-01
7.605066299438476562e-01
1.211428165435791016e+00
5.150534629821777344e+00
4.609291076660156250e+00
3.909635066986083984e+00
5.102929115295410156e+00
4.715916156768798828e+00
4.087164402008056641e+00
4.929490566253662109e+00
4.928734779357910156e+00
4.182483673095703125e+00
2.088085174560546875e+00
2.788732051849365234e+00
2.326054573059082031e+00
2.368374347686767578e+00
3.045785903930664062e+00
2.423302173614501953e+00
2.468452453613281250e+00
3.093026399612426758e+00
2.437355279922485352e+00
7.358033061027526855e-01
5.309417247772216797e-01
4.609363675117492676e-01
5.674320459365844727e-01
4.447573125362396240e-01
3.767805099487304688e-01
5.519280433654785156e-01
4.119926393032073975e-01
3.061521053314208984e-01
2.105823308229446411e-01
2.880678772926330566e-01
3.801910579204559326e-01
1.408531069755554199e-01
1.477902084589004517e-01
2.110451310873031616e-01
1.822061389684677124e-01
1.971571296453475952e-01
2.316061556339263916e-01
1.620070934295654297e+00
2.092626094818115234e+00
1.732006907463073730e+00
1.778104186058044434e+00
2.245552778244018555e+00
1.872081518173217773e+00
1.855271339416503906e+00
2.169508695602416992e+00
1.793208122253417969e+00
3.759617805480957031e+00
2.940347433090209961e+00
1.832796454429626465e+00
3.225417852401733398e+00
2.539125204086303711e+00
1.584761500358581543e+00
2.352490425109863281e+00
1.735558271408081055e+00
8.660589456558227539e-01
1.123122215270996094e+01
1.469859886169433594e+01
1.558572769165039062e+01
1.249901390075683594e+01
1.642593574523925781e+01
1.712754631042480469e+01
1.326766872406005859e+01
1.651273536682128906e+01
1.666384124755859375e+01
3.621875643730163574e-01
4.774553775787353516e-01
6.378564238548278809e-01
3.821136653423309326e-01
5.959712862968444824e-01
6.862359046936035156e-01
5.300161838531494141e-01
7.622562646865844727e-01
8.553821444511413574e-01
4.948624134063720703e+00
3.942239046096801758e+00
3.325046539306640625e+00
4.673730373382568359e+00
3.542328834533691406e+00
3.032325506210327148e+00
4.238611698150634766e+00
3.267209053039550781e+00
2.978749752044677734e+00
3.600835800170898438e+00
2.791949987411499023e+00
1.528498411178588867e+00
3.886876583099365234e+00
2.526420593261718750e+00
1.208948731422424316e+00
3.574596166610717773e+00
2.497322082519531250e+00
1.141196370124816895e+00
2.158757686614990234e+00
3.025323629379272461e+00
4.022505760192871094e+00
2.208733558654785156e+00
3.087787389755249023e+00
4.095114231109619141e+00
2.602132320404052734e+00
3.592211246490478516e+00
4.479651451110839844e+00
5.844393372535705566e-01
5.521891117095947266e-01
3.237734735012054443e-01
5.622227787971496582e-01
4.786339104175567627e-01
3.236118853092193604e-01
5.823736786842346191e-01
4.841726720333099365e-01
2.598568797111511230e-01
8.149254798889160156e+00
8.528913497924804688e+00
8.180186271667480469e+00
8.265409469604492188e+00
8.678461074829101562e+00
8.351852416992187500e+00
8.527378082275390625e+00
9.011929512023925781e+00
8.612456321716308594e+00
2.756470918655395508e+00
2.853122472763061523e+00
3.115591287612915039e+00
2.651016950607299805e+00
2.644431829452514648e+00
2.900584459304809570e+00
2.646244287490844727e+00
2.480251789093017578e+00
2.593620061874389648e+00
3.704140335321426392e-02
-1.340081542730331421e-01
-5.099297165870666504e-01
-4.135267063975334167e-02
-1.738329976797103882e-01
-5.646903514862060547e-01
-1.986763328313827515e-01
-1.732120364904403687e-01
-6.761260032653808594e-01
-3.392399102449417114e-02
-8.179435133934020996e-02
-1.464917957782745361e-01
-1.295837573707103729e-04
-7.286278903484344482e-02
-1.383474618196487427e-01
-6.039359420537948608e-02
-1.047833338379859924e-01
-1.630096137523651123e-01
-3.255670517683029175e-02
-2.998013198375701904e-01
-5.031890869140625000e-01
-4.512159526348114014e-02
-4.029772281646728516e-01
-4.936526715755462646e-01
-1.827705502510070801e-01
-4.442588388919830322e-01
-5.301411151885986328e-01
-3.600714728236198425e-02
-1.216821670532226562e-01
-8.402588963508605957e-02
-3.795438632369041443e-02
-1.252362728118896484e-01
-1.228921562433242798e-01
-2.486826851963996887e-02
-8.149950951337814331e-02
-9.391565620899200439e-02
9.698651731014251709e-03
-1.538925431668758392e-02
-3.621009737253189087e-02
1.434221398085355759e-02
-2.027215808629989624e-02
-2.055177092552185059e-02
-1.682893838733434677e-03
-3.688679635524749756e-02
-2.695470117032527924e-02
-1.842672936618328094e-03
-6.385714747011661530e-03
-1.502816751599311829e-02
2.643898827955126762e-03
-7.928625680506229401e-03
-2.007890492677688599e-02
-5.733414553105831146e-03
-7.681887131184339523e-03
-3.158558160066604614e-02
-1.713126711547374725e-02
-9.885984472930431366e-03
-5.229298025369644165e-02
-2.856977097690105438e-02
-1.082378532737493515e-02
-3.027020394802093506e-02
1.056712004356086254e-03
-6.216993555426597595e-03
-2.304640039801597595e-02
-1.196033507585525513e-02
-1.995699107646942139e-02
3.100050147622823715e-03
-4.745480418205261230e-02
-6.304338574409484863e-02
-1.063227728009223938e-01
-3.522498905658721924e-02
-1.515192631632089615e-02
-3.901146352291107178e-02
-6.812555342912673950e-02
-1.155868321657180786e-01
-1.831701397895812988e-01
-3.116434812545776367e-01
-2.874765694141387939e-01
-2.735297679901123047e-01
-1.919771134853363037e-01
-1.512421071529388428e-01
-2.393283247947692871e-01
-1.372019108384847641e-02
-6.255724281072616577e-02
-1.016794070601463318e-01
-9.469402581453323364e-02
-1.234502196311950684e-01
-7.860442996025085449e-02
-5.700953677296638489e-02
-1.618873178958892822e-01
-1.239335238933563232e-01
9.200609289109706879e-03
-4.714804142713546753e-02
-2.576306760311126709e-01
9.718104265630245209e-04
-4.945593327283859253e-02
-2.701540589332580566e-01
-6.658142060041427612e-02
-1.208144649863243103e-01
-2.679378986358642578e-01
-4.684999957680702209e-02
-3.298935666680335999e-02
-9.116107970476150513e-02
-6.772953271865844727e-02
-8.810936659574508667e-02
-1.135492622852325439e-01
-9.609071165323257446e-02
-1.506393849849700928e-01
-1.226284280419349670e-01
-1.176441684365272522e-01
-2.621645331382751465e-01
-1.870159655809402466e-01
-1.074173003435134888e-01
-2.910661995410919189e-01
-2.601284682750701904e-01
-1.869793236255645752e-01
-3.899615108966827393e-01
-1.997999697923660278e-01
-1.253594830632209778e-02
-3.322394937276840210e-02
-5.227449536323547363e-02
-3.369962424039840698e-02
-4.985614120960235596e-02
-4.082812368869781494e-02
-4.172916710376739502e-02
-1.788479462265968323e-02
-2.764429710805416107e-02
-1.693563312292098999e-01
-1.969884485006332397e-01
-2.281824797391891479e-01
-2.507115006446838379e-01
-4.139081835746765137e-01
-2.768162786960601807e-01
-2.311605960130691528e-01
-1.306769847869873047e-01
-2.061406672000885010e-01
-3.021537698805332184e-02
-7.964601367712020874e-02
-5.462270975112915039e-01
2.069872245192527771e-02
-1.422544121742248535e-01
-6.365567445755004883e-01
-5.817313492298126221e-02
-1.179334372282028198e-01
-5.685111880302429199e-01
-3.942962735891342163e-03
-5.971814692020416260e-02
-5.129933953285217285e-01
-2.282123267650604248e-02
-1.533259004354476929e-01
-5.127868652343750000e-01
-1.102141737937927246e-01
-3.178708553314208984e-01
-5.540910363197326660e-01
-5.958208441734313965e-02
-1.412252336740493774e-01
-2.124552428722381592e-01
-7.581689208745956421e-02
-1.494177728891372681e-01
-2.186205536127090454e-01
-7.590107619762420654e-02
-1.289984285831451416e-01
-1.608895212411880493e-01
-1.245620995759963989e-01
-3.080818951129913330e-01
-5.270758271217346191e-01
-6.964191794395446777e-02
-2.611908614635467529e-01
-5.397655367851257324e-01
-1.227926164865493774e-01
-2.377867251634597778e-01
-4.597286581993103027e-01
-6.438706815242767334e-02
-1.052087619900703430e-01
-3.262535482645034790e-02
-5.231531709432601929e-02
-7.073499262332916260e-02
-2.428068034350872040e-02
-8.369398117065429688e-02
-1.053146943449974060e-01
-4.639649018645286560e-02
-2.469449676573276520e-02
-2.624982967972755432e-02
-5.210575461387634277e-02
-4.051769152283668518e-02
-4.414347559213638306e-02
-4.996858537197113037e-02
-4.700150340795516968e-02
-4.277231544256210327e-02
-1.936335116624832153e-02
-2.132476679980754852e-02
-1.706629060208797455e-03
-6.544506642967462540e-03
-1.032099034637212753e-02
2.258957549929618835e-02
-4.672787617892026901e-03
-1.276156306266784668e-02
2.930035628378391266e-02
7.959253154695034027e-03
-1.764076575636863708e-02
-1.196009572595357895e-03
-8.314339211210608482e-04
-4.859455395489931107e-03
-7.074135937727987766e-04
1.852029236033558846e-03
-4.970671609044075012e-03
7.345762569457292557e-03
1.109377015382051468e-02
-6.246571987867355347e-02
-5.679193139076232910e-02
-3.103388547897338867e-01
-1.324385255575180054e-01
-1.101368442177772522e-01
-3.227281272411346436e-01
-2.911636233329772949e-01
-3.267461359500885010e-01
-3.774769306182861328e-01
-1.492653042078018188e-01
-2.087095975875854492e-01
-1.151945367455482483e-01
-2.539788931608200073e-02
2.661225944757461548e-02
-4.455411434173583984e-02
3.992684558033943176e-02
4.320740327239036560e-02
9.264054894447326660e-02
-8.169150352478027344e-02
-2.019154131412506104e-01
-1.153670772910118103e-01
-4.925060644745826721e-02
-1.471339911222457886e-01
-6.875536590814590454e-02
-3.450904786586761475e-02
-1.590414792299270630e-01
-1.115580946207046509e-01
-2.686708420515060425e-02
-1.893722712993621826e-01
-3.448463380336761475e-01
-4.007108137011528015e-02
-2.437447309494018555e-01
-4.275698661804199219e-01
-1.132231801748275757e-01
-2.855916321277618408e-01
-3.982227444648742676e-01
-7.314866781234741211e-02
-1.965536922216415405e-01
-2.204879671335220337e-01
-4.070133343338966370e-02
-1.678956747055053711e-01
-2.227180004119873047e-01
-6.062267720699310303e-02
-1.807547509670257568e-01
-2.578748762607574463e-01
-2.095339596271514893e-01
-2.900387346744537354e-01
-3.387483954429626465e-01
-1.291419416666030884e-01
-1.976720094680786133e-01
-2.055812627077102661e-01
-8.244603872299194336e-03
-6.671197712421417236e-02
-1.234588325023651123e-01
-3.938089590519666672e-03
-2.551035769283771515e-02
-4.069359228014945984e-02
-1.005296688526868820e-02
-4.261044785380363464e-02
-4.890183731913566589e-02
-4.581651091575622559e-02
-7.905777543783187866e-02
-1.223130226135253906e-01
-2.590557932853698730e-01
-4.491149187088012695e-01
-5.300348997116088867e-01
-1.535598337650299072e-01
-3.288318812847137451e-01
-5.111218690872192383e-01
-1.082543283700942993e-01
-2.823072075843811035e-01
-4.635162055492401123e-01
-1.288537234067916870e-01
-1.473222821950912476e-01
-2.571604549884796143e-01
-2.056606411933898926e-01
-2.017215341329574585e-01
-2.310551851987838745e-01
-3.035033345222473145e-01
-3.152664899826049805e-01
-1.728454828262329102e-01
2.524548530578613281e+01
2.580749130249023438e+01
2.643493461608886719e+01
2.406143569946289062e+01
2.395596885681152344e+01
2.466247558593750000e+01
2.017664146423339844e+01
2.086322975158691406e+01
2.204815101623535156e+01
4.507675647735595703e+00
3.940420150756835938e+00
3.233720779418945312e+00
4.122868537902832031e+00
3.522127389907836914e+00
2.924967050552368164e+00
4.012000560760498047e+00
3.698794603347778320e+00
3.157157182693481445e+00
1.600333786010742188e+01
1.557953834533691406e+01
1.480197334289550781e+01
1.696658134460449219e+01
1.635211944580078125e+01
1.565804767608642578e+01
1.538643646240234375e+01
1.527037811279296875e+01
1.504658317565917969e+01
2.587815046310424805e+00
2.334723234176635742e+00
2.319919586181640625e+00
2.955542325973510742e+00
2.556986331939697266e+00
2.291263103485107422e+00
2.887057781219482422e+00
2.356849908828735352e+00
1.984962582588195801e+00
1.664992094039916992e+00
1.416800975799560547e+00
1.367128491401672363e+00
1.289847135543823242e+00
1.124949336051940918e+00
1.132619619369506836e+00
9.745921492576599121e-01
9.209440946578979492e-01
8.897083997726440430e-01
-5.377789586782455444e-02
-3.362271189689636230e-02
8.906076103448867798e-02
-1.146172881126403809e-01
-2.942300960421562195e-02
-3.774436563253402710e-02
1.192097812891006470e-01
1.933735907077789307e-01
1.429500281810760498e-01
1.807752370834350586e+00
1.625074028968811035e+00
1.942211747169494629e+00
2.061136960983276367e+00
1.820412993431091309e+00
2.016336441040039062e+00
1.660881161689758301e+00
1.299510359764099121e+00
1.487514257431030273e+00
1.476947975158691406e+01
1.518898105621337891e+01
1.492810535430908203e+01
1.045396232604980469e+01
9.953874588012695312e+00
9.602441787719726562e+00
7.069012641906738281e+00
6.834215641021728516e+00
6.885943889617919922e+00
8.046924591064453125e+00
8.981229782104492188e+00
8.973246574401855469e+00
9.266695022583007812e+00
1.028097248077392578e+01
1.030812168121337891e+01
1.041546154022216797e+01
1.130568313598632812e+01
1.064328861236572266e+01
1.410018563270568848e+00
1.450083732604980469e+00
1.137287855148315430e+00
1.590482950210571289e+00
1.385204434394836426e+00
1.182210445404052734e+00
1.981175899505615234e+00
1.709346413612365723e+00
1.296146392822265625e+00
1.287488937377929688e+01
1.265637397766113281e+01
1.172175312042236328e+01
1.197302532196044922e+01
1.154653739929199219e+01
1.051239204406738281e+01
9.770820617675781250e+00
9.338672637939453125e+00
8.920389175415039062e+00
6.404666423797607422e+00
6.129796504974365234e+00
6.919786930084228516e+00
6.003828048706054688e+00
5.702328205108642578e+00
5.988951206207275391e+00
5.356015205383300781e+00
5.147643566131591797e+00
5.134323120117187500e+00
9.578475952148437500e+00
9.392352104187011719e+00
8.799382209777832031e+00
9.775581359863281250e+00
1.038480567932128906e+01
9.843468666076660156e+00
1.088206386566162109e+01
1.150846385955810547e+01
1.093477535247802734e+01
1.879649281501770020e+00
1.544766783714294434e+00
1.754826068878173828e+00
1.793503165245056152e+00
1.452594995498657227e+00
1.412584543228149414e+00
1.493577837944030762e+00
1.440303206443786621e+00
1.243471980094909668e+00
2.005372047424316406e+01
1.911152267456054688e+01
1.763130950927734375e+01
1.962005615234375000e+01
1.887145996093750000e+01
1.565277481079101562e+01
1.793901252746582031e+01
1.761678314208984375e+01
1.422835445404052734e+01
1.568171787261962891e+01
1.640714645385742188e+01
1.538991928100585938e+01
1.185090541839599609e+01
1.238868522644042969e+01
1.185919475555419922e+01
9.023866653442382812e+00
9.963466644287109375e+00
1.012910652160644531e+01
-8.381627202033996582e-01
-7.798616290092468262e-01
-8.632274270057678223e-01
-6.706087589263916016e-01
-5.402222275733947754e-01
-5.373815298080444336e-01
-6.651969552040100098e-01
-4.162766039371490479e-01
-4.887804388999938965e-01
-3.458511829376220703e-02
-2.405470423400402069e-02
-1.021259650588035583e-01
-9.700641036033630371e-03
-1.319754123687744141e-02
-9.738385677337646484e-02
2.141311764717102051e-03
1.271537132561206818e-02
-8.428704738616943359e-02
-2.953339219093322754e-01
-4.024053812026977539e-01
-3.747714757919311523e-01
-3.088481128215789795e-01
-4.591400325298309326e-01
-4.221578538417816162e-01
-2.967335879802703857e-01
-4.545934498310089111e-01
-4.929484724998474121e-01
-2.532650232315063477e-01
-4.276396334171295166e-01
-5.045824646949768066e-01
-2.024590075016021729e-01
-3.756352365016937256e-01
-4.243784844875335693e-01
-1.921250373125076294e-01
-3.540363311767578125e-01
-3.741591572761535645e-01
-4.972923174500465393e-02
-2.280332334339618683e-02
-4.361705482006072998e-02
-4.530106484889984131e-02
-1.850431226193904877e-02
-3.503096848726272583e-02
-4.067198559641838074e-02
-2.181783691048622131e-02
-1.908889599144458771e-02
-4.093997925519943237e-02
-2.390538528561592102e-02
-2.647983469069004059e-02
-4.158104583621025085e-02
-2.362451516091823578e-02
-2.357722260057926178e-02
-1.392682828009128571e-02
-5.121868848800659180e-02
-3.676153719425201416e-02
-3.021450638771057129e-01
-3.675900995731353760e-01
-3.432593345642089844e-01
-2.012861967086791992e-01
-2.447246760129928589e-01
-2.903517186641693115e-01
-1.300287097692489624e-01
-1.351813673973083496e-01
-1.785517930984497070e-01
5.512890592217445374e-02
-9.584161639213562012e-02
-8.598877489566802979e-02
1.807634979486465454e-01
1.410093456506729126e-01
7.777230441570281982e-02
-8.884961903095245361e-02
1.445994228124618530e-01
1.146234422922134399e-01
-1.969260454177856445e+00
-2.208225488662719727e+00
-2.469452619552612305e+00
-1.690879225730895996e+00
-2.136404752731323242e+00
-2.305281162261962891e+00
-1.551958322525024414e+00
-1.735430717468261719e+00
-2.083886146545410156e+00
-3.862973675131797791e-02
-1.369897872209548950e-01
-5.998325347900390625e-02
-4.653310403227806091e-02
-1.380950212478637695e-01
-1.102327331900596619e-01
-1.922137849032878876e-02
-1.146693080663681030e-01
-7.515367120504379272e-02
-2.903073728084564209e-01
-3.739328682422637939e-01
-3.597370088100433350e-01
-3.237454891204833984e-01
-3.708327114582061768e-01
-3.327943086624145508e-01
-3.326204121112823486e-01
-3.054724633693695068e-01
-2.947779893875122070e-01
-4.122120793908834457e-03
-1.760437339544296265e-01
-2.676318585872650146e-02
1.265592128038406372e-02
-2.735942900180816650e-01
6.315937265753746033e-03
-3.106479533016681671e-02
-3.089990019798278809e-01
-1.095373108983039856e-01
-5.135220289230346680e-02
-2.826990783214569092e-01
-3.463217616081237793e-01
-1.311365067958831787e-01
-2.923875749111175537e-01
-3.995895087718963623e-01
-1.128480955958366394e-01
-4.113089740276336670e-01
-4.915920794010162354e-01
8.213326334953308105e-03
-6.943992339074611664e-03
-9.593631140887737274e-03
-4.201626777648925781e-02
5.556205753237009048e-03
-6.407328881323337555e-03
-4.791436716914176941e-03
1.244528219103813171e-02
3.020000457763671875e-02
-5.109930038452148438e-01
-9.975221753120422363e-01
-9.778729081153869629e-01
-4.985529184341430664e-01
-7.045041918754577637e-01
-8.113439083099365234e-01
-4.294783174991607666e-01
-6.466016173362731934e-01
-7.584685087203979492e-01
-2.169650644063949585e-01
-2.374436408281326294e-01
-1.315943002700805664e-01
-1.047499328851699829e-01
-1.130445823073387146e-01
-3.911366686224937439e-02
-1.171071827411651611e-01
6.895712576806545258e-03
-6.748174130916595459e-02
2.604274749755859375e+00
1.702254772186279297e+00
1.044551953673362732e-01
3.811386585235595703e+00
3.286745309829711914e+00
2.170755386352539062e+00
3.471194267272949219e+00
3.323007345199584961e+00
2.548426866531372070e+00
2.427783049643039703e-02
1.661267690360546112e-02
4.137684404850006104e-02
2.332109957933425903e-01
1.657294034957885742e-01
1.465719640254974365e-01
4.614219963550567627e-01
4.196127355098724365e-01
3.353176414966583252e-01
9.618333578109741211e-01
4.955807328224182129e-01
9.161368012428283691e-02
1.401152014732360840e+00
8.871638178825378418e-01
4.689887464046478271e-01
2.209105014801025391e+00
1.895938038825988770e+00
1.538726091384887695e+00
2.185483425855636597e-01
1.038226857781410217e-02
4.094522818922996521e-02
6.917039155960083008e-01
7.059291601181030273e-01
6.013466119766235352e-01
2.306287437677383423e-01
1.552031040191650391e-01
1.622488647699356079e-01
1.262005418539047241e-01
4.166326671838760376e-02
-6.854870915412902832e-02
4.081539809703826904e-01
4.374796152114868164e-01
3.758088946342468262e-01
4.222240149974822998e-01
4.211116135120391846e-01
4.016086757183074951e-01
-8.368622511625289917e-03
-3.496478311717510223e-04
1.827219151891767979e-03
2.483518421649932861e-02
-1.068009994924068451e-02
1.189416833221912384e-02
5.859719589352607727e-02
3.016369231045246124e-02
-1.879888959228992462e-02
8.777225762605667114e-02
2.281228154897689819e-01
1.420977246016263962e-02
3.685849532485008240e-02
1.247963756322860718e-01
5.844442918896675110e-02
4.529052972793579102e-02
1.151594072580337524e-01
5.796043574810028076e-02
6.786617040634155273e-01
4.030783176422119141e-01
-6.036966443061828613e-01
4.856606960296630859e+00
5.279420852661132812e+00
4.228476047515869141e+00
4.292054176330566406e+00
4.434695720672607422e+00
3.872387886047363281e+00
6.383989453315734863e-01
7.060818672180175781e-01
4.072614610195159912e-01
8.652586936950683594e-01
7.370505928993225098e-01
4.365032017230987549e-01
4.518923461437225342e-01
3.144314587116241455e-01
5.255407094955444336e-02
6.552851945161819458e-02
1.154808700084686279e-01
9.554456919431686401e-02
2.709900960326194763e-02
1.251879632472991943e-01
-9.165600873529911041e-03
2.913620173931121826e-01
2.708219289779663086e-01
2.206312268972396851e-01
8.430406451225280762e-01
2.582309544086456299e-01
3.591034188866615295e-02
1.598479866981506348e+00
1.148177623748779297e+00
9.407863020896911621e-01
2.283670663833618164e+00
2.000051021575927734e+00
1.799707412719726562e+00
8.876026868820190430e-01
7.526344060897827148e-01
-5.459069460630416870e-02
1.852448582649230957e+00
1.782608509063720703e+00
9.543209671974182129e-01
2.291515827178955078e+00
2.060378789901733398e+00
1.509032607078552246e+00
-8.132930845022201538e-03
3.176859319210052490e-01
3.061435818672180176e-01
8.182785511016845703e-01
8.438103795051574707e-01
5.218083858489990234e-01
1.503952383995056152e+00
1.568217515945434570e+00
1.207669138908386230e+00
2.903956174850463867e-01
3.179355561733245850e-01
1.204451993107795715e-01
1.903705000877380371e-01
7.377699762582778931e-02
1.219305247068405151e-01
2.187216728925704956e-01
1.650844514369964600e-01
1.292530745267868042e-01
1.679930210113525391e+00
1.007737159729003906e+00
6.764909625053405762e-01
2.644652128219604492e+00
2.169601917266845703e+00
1.369498014450073242e+00
3.207158803939819336e+00
3.005476236343383789e+00
1.996800303459167480e+00
1.196274518966674805e+00
8.552623391151428223e-01
-2.878745198249816895e-01
2.400966644287109375e+00
1.926167964935302734e+00
1.454058170318603516e+00
3.358885049819946289e+00
2.811063528060913086e+00
2.805151939392089844e+00
3.149622201919555664e+00
1.748442411422729492e+00
2.267649650573730469e+00
2.423789024353027344e+00
1.509941339492797852e+00
2.231671571731567383e+00
2.054795265197753906e+00
1.281818985939025879e+00
1.757567763328552246e+00
6.350820660591125488e-01
5.319083929061889648e-01
6.167532205581665039e-01
6.264989376068115234e-01
4.259578883647918701e-01
5.336700081825256348e-01
2.118578851222991943e-01
6.689213216304779053e-03
8.546949923038482666e-02
2.503605842590332031e+00
1.878965497016906738e+00
1.537154197692871094e+00
1.652625441551208496e+00
1.323271512985229492e+00
1.249658346176147461e+00
1.375229716300964355e+00
1.139415383338928223e+00
1.026534438133239746e+00
2.746053934097290039e-01
2.991875410079956055e-01
2.763402760028839111e-01
2.317224442958831787e-01
2.436599880456924438e-01
3.571050167083740234e-01
5.268406122922897339e-02
6.874247640371322632e-02
2.928415238857269287e-01
-8.135455660521984100e-03
2.974674478173255920e-02
3.765423223376274109e-02
8.613766729831695557e-02
1.018292009830474854e-01
1.483784765005111694e-01
1.033797413110733032e-01
8.646316826343536377e-02
6.573431938886642456e-02
-3.248719125986099243e-02
7.733380049467086792e-02
-1.602360606193542480e-02
3.639754652976989746e-02
1.307026669383049011e-02
-3.795595094561576843e-02
9.221319109201431274e-02
-1.057636830955743790e-02
3.638561069965362549e-02
1.787427812814712524e-01
7.575013488531112671e-02
1.672710031270980835e-01
1.056134775280952454e-01
9.497184306383132935e-02
3.021356165409088135e-01
-5.046169273555278778e-03
5.601138249039649963e-02
2.989284098148345947e-01
-1.124587953090667725e-01
1.982332468032836914e-01
-2.267052978277206421e-02
4.637610539793968201e-02
3.795726001262664795e-01
3.391229808330535889e-01
5.790853500366210938e-01
7.606450319290161133e-01
7.032895088195800781e-01
2.303912878036499023e+00
1.815292477607727051e+00
1.099320530891418457e+00
7.077785730361938477e-01
4.770182073116302490e-01
-1.545063108205795288e-01
7.342236638069152832e-01
6.015772819519042969e-01
8.167457580566406250e-02
7.940389961004257202e-02
-1.223783716559410095e-01
-1.309756636619567871e-01
-3.124564886093139648e-02
-2.258073985576629639e-01
-1.697191596031188965e-01
1.544745117425918579e-01
-6.250953674316406250e-02
1.582252234220504761e-01
7.402585148811340332e-01
6.084719300270080566e-01
6.326957941055297852e-01
7.598754167556762695e-01
6.041892766952514648e-01
7.320863008499145508e-01
7.172831296920776367e-01
4.552920460700988770e-01
5.015178322792053223e-01
9.683986753225326538e-02
-6.900517642498016357e-02
4.566382989287376404e-02
2.510344982147216797e-01
2.998960018157958984e-01
4.301001429557800293e-01
6.001550555229187012e-01
4.381694197654724121e-01
4.627827107906341553e-01
1.907285213470458984e+00
2.037477970123291016e+00
2.215221881866455078e+00
1.258273482322692871e+00
1.020928502082824707e+00
1.004839658737182617e+00
8.131986856460571289e-01
1.068445920944213867e+00
9.292532205581665039e-01
8.096864819526672363e-02
-7.967419922351837158e-03
8.800500631332397461e-02
7.158710062503814697e-02
-1.626041904091835022e-02
1.479706019163131714e-01
1.458948999643325806e-01
1.503044366836547852e-01
2.638817131519317627e-01
2.182403087615966797e+00
2.371819734573364258e+00
2.298329591751098633e+00
1.190894484519958496e+00
1.503852963447570801e+00
9.672914147377014160e-01
1.446043133735656738e+00
1.947150707244873047e+00
1.599597454071044922e+00
6.800093650817871094e-01
4.902440607547760010e-01
9.982832521200180054e-02
9.533074498176574707e-01
9.129904508590698242e-01
3.201620280742645264e-01
1.207818627357482910e+00
9.592017531394958496e-01
6.911850571632385254e-01
-6.376928329467773438e+00
-7.987899303436279297e+00
-1.535848522186279297e+01
-9.639784812927246094e+00
-1.187182331085205078e+01
-1.901791000366210938e+01
-1.066476154327392578e+01
-1.335969161987304688e+01
-1.963165092468261719e+01
-2.817394971847534180e+00
-3.677443742752075195e+00
-3.594818592071533203e+00
-3.762367010116577148e+00
-4.569446086883544922e+00
-4.545611858367919922e+00
-3.872954368591308594e+00
-4.555251598358154297e+00
-4.184846401214599609e+00
-6.214485168457031250e+00
-1.066343212127685547e+01
-1.277560997009277344e+01
-7.673373222351074219e+00
-1.323408412933349609e+01
-1.404905319213867188e+01
-9.456133842468261719e+00
-1.486691284179687500e+01
-1.574959278106689453e+01
2.483853816986083984e+00
2.417736053466796875e+00
2.650837182998657227e+00
2.983342409133911133e+00
2.665216684341430664e+00
3.360571861267089844e+00
3.217504739761352539e+00
3.441686868667602539e+00
3.795192956924438477e+00
-1.868676662445068359e+00
-2.532259464263916016e+00
-2.676200151443481445e+00
-2.022927999496459961e+00
-2.786658287048339844e+00
-2.755212068557739258e+00
-1.291256308555603027e+00
-2.292688131332397461e+00
-2.280094146728515625e+00
1.997542530298233032e-01
2.161327004432678223e-02
1.638516038656234741e-02
2.610383629798889160e-01
1.023456379771232605e-01
-1.949061453342437744e-01
1.394160985946655273e-01
-9.467325173318386078e-03
8.450946956872940063e-02
3.213728189468383789e+00
3.834695816040039062e+00
3.241034507751464844e+00
3.276748895645141602e+00
3.650384902954101562e+00
3.072674989700317383e+00
3.703367233276367188e+00
3.749283790588378906e+00
2.695068359375000000e+00
-2.145142173767089844e+01
-2.546076202392578125e+01
-2.858977699279785156e+01
-2.360577583312988281e+01
-2.631067085266113281e+01
-2.773206710815429688e+01
-2.210738182067871094e+01
-2.287800407409667969e+01
-2.391035652160644531e+01
1.594570159912109375e+01
1.694861030578613281e+01
1.687578392028808594e+01
1.445510768890380859e+01
1.572095394134521484e+01
1.568803405761718750e+01
1.700233459472656250e+01
1.845136260986328125e+01
1.718419837951660156e+01
-2.247490882873535156e+00
-2.580929279327392578e+00
-2.558750867843627930e+00
-2.569375753402709961e+00
-3.105376482009887695e+00
-2.705721378326416016e+00
-2.746601104736328125e+00
-2.986552715301513672e+00
-3.186183214187622070e+00
-9.442877769470214844e+00
-1.205221652984619141e+01
-1.440894985198974609e+01
-1.179628753662109375e+01
-1.427260303497314453e+01
-1.625535392761230469e+01
-1.160559368133544922e+01
-1.482060432434082031e+01
-1.681819152832031250e+01
-5.456677913665771484e+00
-6.419854640960693359e+00
-8.748747825622558594e+00
-6.231613636016845703e+00
-8.949793815612792969e+00
-1.102795696258544922e+01
-6.776427745819091797e+00
-9.299088478088378906e+00
-1.095010185241699219e+01
2.117569446563720703e+00
-3.363034725189208984e-01
1.639045834541320801e+00
1.775062918663024902e+00
-4.189946353435516357e-01
8.326259851455688477e-01
2.603593111038208008e+00
-6.986352801322937012e-02
2.080888032913208008e+00
-2.280432701110839844e+00
-2.354832410812377930e+00
-2.949293613433837891e+00
-2.276597023010253906e+00
-2.661748886108398438e+00
-3.135378837585449219e+00
-2.167077064514160156e+00
-2.682267427444458008e+00
-3.321135759353637695e+00
-6.588069438934326172e+00
-9.920234680175781250e+00
-9.859142303466796875e+00
-8.448290824890136719e+00
-1.252008914947509766e+01
-1.214645004272460938e+01
-8.363585472106933594e+00
-1.293521308898925781e+01
-1.224627780914306641e+01
-9.296922683715820312e+00
-1.450591468811035156e+01
-1.628889846801757812e+01
-1.374429225921630859e+01
-1.826927947998046875e+01
-2.005129623413085938e+01
-1.206163597106933594e+01
-1.639875984191894531e+01
-1.718074989318847656e+01
2.086519241333007812e+00
2.702436685562133789e+00
2.926069259643554688e+00
2.484858751296997070e+00
2.609832525253295898e+00
2.732951641082763672e+00
2.814845085144042969e+00
2.338659048080444336e+00
2.301038265228271484e+00
1.595530509948730469e-01
2.107009291648864746e-01
2.566198408603668213e-01
1.230706796050071716e-01
1.562846451997756958e-01
2.292747795581817627e-01
1.560570895671844482e-01
2.082697153091430664e-01
2.750410437583923340e-01
1.452456712722778320e+00
1.468726873397827148e+00
1.267655372619628906e+00
1.252761960029602051e+00
1.243992567062377930e+00
1.219309926033020020e+00
1.035909414291381836e+00
1.246456980705261230e+00
1.424442768096923828e+00
6.196591258049011230e-01
7.671123743057250977e-01
7.690977454185485840e-01
5.782836079597473145e-01
7.786550521850585938e-01
8.246787190437316895e-01
5.675575137138366699e-01
7.245129346847534180e-01
8.056747913360595703e-01
2.232125848531723022e-01
2.197135835886001587e-01
2.113763540983200073e-01
2.614511847496032715e-01
2.075847834348678589e-01
2.114793807268142700e-01
2.242380380630493164e-01
1.830626875162124634e-01
2.061709165573120117e-01
4.383464157581329346e-02
4.540212824940681458e-02
7.784894853830337524e-02
2.052545547485351562e-02
3.974772989749908447e-02
7.342505455017089844e-02
7.974709570407867432e-02
1.063686832785606384e-01
1.734972000122070312e-01
3.643308579921722412e-01
4.358069896697998047e-01
4.829932749271392822e-01
4.059038460254669189e-01
5.361198782920837402e-01
5.350311398506164551e-01
4.781166911125183105e-01
5.068836212158203125e-01
5.959035754203796387e-01
6.620150804519653320e-01
5.659099221229553223e-01
8.032780289649963379e-01
5.051767826080322266e-01
4.506839811801910400e-01
6.120781898498535156e-01
7.329506278038024902e-01
5.742593407630920410e-01
5.293115973472595215e-01
3.680152177810668945e+00
4.221798896789550781e+00
4.500585079193115234e+00
3.719956398010253906e+00
4.015864372253417969e+00
4.485352039337158203e+00
4.565161705017089844e+00
5.109398365020751953e+00
5.542116641998291016e+00
1.526101529598236084e-01
1.722328960895538330e-01
1.735444962978363037e-01
1.411895900964736938e-01
2.770245373249053955e-01
2.272865176200866699e-01
2.565269470214843750e-01
2.993265092372894287e-01
3.116641342639923096e-01
1.265125036239624023e+00
1.174359083175659180e+00
1.112258315086364746e+00
1.187736988067626953e+00
1.161324620246887207e+00
1.054283499717712402e+00
1.106948733329772949e+00
1.098322510719299316e+00
1.074159383773803711e+00
6.841912865638732910e-01
4.506393373012542725e-01
4.423826038837432861e-01
1.195705413818359375e+00
8.431476354598999023e-01
3.802501261234283447e-01
1.072998762130737305e+00
8.438377380371093750e-01
4.450641870498657227e-01
3.749852776527404785e-01
4.793789684772491455e-01
8.426229953765869141e-01
4.089600741863250732e-01
4.805228412151336670e-01
7.215720415115356445e-01
5.685958862304687500e-01
7.478855848312377930e-01
9.307914972305297852e-01
1.733547896146774292e-01
1.532500684261322021e-01
1.147962361574172974e-01
1.852370500564575195e-01
9.049094468355178833e-02
1.133050844073295593e-01
1.596206873655319214e-01
8.655506372451782227e-02
9.002618491649627686e-02
2.022049665451049805e+00
2.385709762573242188e+00
2.407931804656982422e+00
1.698407530784606934e+00
2.262012720108032227e+00
2.340872287750244141e+00
1.916333317756652832e+00
2.315186738967895508e+00
2.415011644363403320e+00
3.973609805107116699e-01
5.724340677261352539e-01
7.624765038490295410e-01
4.405370354652404785e-01
5.534164905548095703e-01
7.024729251861572266e-01
6.492608189582824707e-01
7.673844695091247559e-01
7.755594849586486816e-01
1.982560157775878906e+01
2.576906204223632812e+01
2.580738067626953125e+01
1.778016853332519531e+01
2.248577880859375000e+01
2.185945320129394531e+01
1.597787284851074219e+01
1.780364799499511719e+01
1.734599494934082031e+01
2.958255767822265625e+00
3.108567476272583008e+00
2.874086856842041016e+00
2.958982229232788086e+00
2.858437776565551758e+00
2.561882257461547852e+00
2.732763528823852539e+00
2.605177640914916992e+00
2.579537391662597656e+00
9.880220413208007812e+00
1.065694522857666016e+01
9.822891235351562500e+00
1.180759811401367188e+01
1.272947216033935547e+01
1.221754360198974609e+01
1.288819408416748047e+01
1.363698291778564453e+01
1.380715751647949219e+01
6.844733238220214844e+00
6.747431278228759766e+00
6.186398506164550781e+00
6.329186916351318359e+00
6.517132759094238281e+00
5.910939693450927734e+00
5.826254367828369141e+00
6.100464344024658203e+00
5.173490047454833984e+00
1.469335794448852539e+00
1.554532408714294434e+00
1.381344318389892578e+00
9.067534208297729492e-01
9.208716750144958496e-01
8.472534418106079102e-01
8.146052360534667969e-01
7.805149555206298828e-01
7.439945340156555176e-01
1.034471392631530762e+00
1.304170608520507812e+00
1.045606851577758789e+00
7.109541893005371094e-01
7.548526525497436523e-01
7.141567468643188477e-01
5.667369961738586426e-01
5.146846771240234375e-01
4.900431036949157715e-01
4.746248245239257812e+00
5.156883716583251953e+00
4.355373859405517578e+00
4.538603305816650391e+00
4.996498584747314453e+00
4.288388252258300781e+00
4.076574802398681641e+00
4.014389514923095703e+00
3.170668363571166992e+00
3.770842790603637695e+00
4.978682518005371094e+00
6.178319931030273438e+00
1.647949576377868652e+00
1.982531189918518066e+00
2.763026475906372070e+00
9.400493502616882324e-01
1.041782498359680176e+00
1.461201190948486328e+00
4.399471664428710938e+01
4.526076889038085938e+01
4.571399688720703125e+01
3.565143585205078125e+01
3.698736953735351562e+01
3.862948608398437500e+01
3.586471939086914062e+01
3.763531875610351562e+01
3.858136367797851562e+01
1.661793470382690430e+00
1.634560465812683105e+00
1.594099760055541992e+00
1.457407116889953613e+00
1.976612091064453125e+00
1.887036204338073730e+00
1.257825374603271484e+00
2.299795150756835938e+00
1.908242940902709961e+00
8.488297462463378906e+00
9.276585578918457031e+00
8.871232986450195312e+00
9.016851425170898438e+00
9.566202163696289062e+00
8.665537834167480469e+00
8.839943885803222656e+00
8.867662429809570312e+00
8.055594444274902344e+00
1.663460969924926758e+00
1.224594950675964355e+00
1.326651096343994141e+00
2.001590013504028320e+00
1.525916814804077148e+00
1.342338442802429199e+00
1.434209346771240234e+00
1.501865625381469727e+00
1.601269245147705078e+00
1.125566768646240234e+01
9.735355377197265625e+00
9.162901878356933594e+00
1.236929321289062500e+01
1.138310909271240234e+01
1.120307350158691406e+01
1.211100101470947266e+01
1.205824756622314453e+01
1.249391651153564453e+01
-3.843032568693161011e-02
3.327119648456573486e-01
3.635213971138000488e-01
8.646005392074584961e-02
3.395624160766601562e-01
2.425007075071334839e-01
2.147519141435623169e-01
3.288912773132324219e-01
2.190051525831222534e-01
2.301030921936035156e+01
2.205625343322753906e+01
2.129709625244140625e+01
1.891938591003417969e+01
1.891828918457031250e+01
1.896103858947753906e+01
1.662723541259765625e+01
1.855563163757324219e+01
1.912873268127441406e+01
8.233025550842285156e+00
1.046774005889892578e+01
1.290676403045654297e+01
5.109719753265380859e+00
7.543394565582275391e+00
9.316165924072265625e+00
4.219179153442382812e+00
5.556270122528076172e+00
5.472929477691650391e+00
8.604878997802734375e+01
9.579200744628906250e+01
1.075862503051757812e+02
9.825412750244140625e+01
1.095500564575195312e+02
1.173918075561523438e+02
8.723471832275390625e+01
1.009398345947265625e+02
1.029323425292968750e+02
7.009080886840820312e+00
8.833068847656250000e+00
1.094027709960937500e+01
1.137384986877441406e+01
1.349460506439208984e+01
1.398913478851318359e+01
1.189140892028808594e+01
1.582350540161132812e+01
1.706456947326660156e+01
1.613109779357910156e+01
3.202173614501953125e+01
3.771045684814453125e+01
3.160084342956542969e+01
5.098804473876953125e+01
5.147696685791015625e+01
4.851555633544921875e+01
6.770475006103515625e+01
6.441650390625000000e+01
3.075096321105957031e+01
3.188979721069335938e+01
3.078351593017578125e+01
3.499117279052734375e+01
3.637702560424804688e+01
3.438368225097656250e+01
3.217404556274414062e+01
3.302038192749023438e+01
3.002201080322265625e+01
6.716999530792236328e+00
6.501702785491943359e+00
4.997903823852539062e+00
5.852613449096679688e+00
7.617687702178955078e+00
6.152728080749511719e+00
1.290239214897155762e+00
3.490320682525634766e+00
3.059075355529785156e+00
3.562182664871215820e+00
2.823078632354736328e+00
2.110910177230834961e+00
2.841351270675659180e+00
2.118959903717041016e+00
2.233787059783935547e+00
1.732460618019104004e+00
2.931473970413208008e+00
3.297886848449707031e+00
2.061050987243652344e+01
2.073023605346679688e+01
1.867690086364746094e+01
2.547915458679199219e+01
2.448639106750488281e+01
2.313842773437500000e+01
2.060477066040039062e+01
2.043531417846679688e+01
1.912487792968750000e+01
4.216124343872070312e+01
3.993525695800781250e+01
2.675646781921386719e+01
4.406599807739257812e+01
4.169031143188476562e+01
3.223033523559570312e+01
1.883143615722656250e+01
2.028466796875000000e+01
2.022172164916992188e+01
1.283444366455078125e+02
1.353300170898437500e+02
1.428609313964843750e+02
1.530283050537109375e+02
1.649400177001953125e+02
1.708433532714843750e+02
1.583241271972656250e+02
1.668164672851562500e+02
1.621964569091796875e+02
-2.112257927656173706e-01
1.746151804924011230e+00
3.551103353500366211e+00
3.153261661529541016e+00
5.810814857482910156e+00
6.553400039672851562e+00
6.493308067321777344e+00
6.209544658660888672e+00
7.095509529113769531e+00
3.330145263671875000e+01
3.276117324829101562e+01
2.876798629760742188e+01
3.936868667602539062e+01
3.946864318847656250e+01
3.759238433837890625e+01
3.485447311401367188e+01
3.722600173950195312e+01
3.634676361083984375e+01
1.284910583496093750e+01
1.540888786315917969e+01
1.162995338439941406e+01
1.795568847656250000e+01
2.378595924377441406e+01
1.491071033477783203e+01
1.701491546630859375e+01
1.776489639282226562e+01
1.138761615753173828e+01
3.857887649536132812e+01
5.484811019897460938e+01
5.733486938476562500e+01
5.420552825927734375e+01
6.946749114990234375e+01
7.215695953369140625e+01
6.105991744995117188e+01
7.677745819091796875e+01
7.858394622802734375e+01
5.393256664276123047e+00
4.931720256805419922e+00
3.736631631851196289e+00
3.479240655899047852e+00
3.995972871780395508e+00
2.195393323898315430e+00
3.326548814773559570e+00
2.367757320404052734e+00
1.938945770263671875e+00
9.062564849853515625e+01
9.956859588623046875e+01
8.569454193115234375e+01
1.108051452636718750e+02
1.209720077514648438e+02
1.092975997924804688e+02
9.520040893554687500e+01
1.109485397338867188e+02
1.133793487548828125e+02
1.371862316131591797e+01
2.835429763793945312e+01
3.316673660278320312e+01
2.602363395690917969e+01
4.365289688110351562e+01
4.924565124511718750e+01
1.536280536651611328e+01
3.265332794189453125e+01
3.925175857543945312e+01
2.279997406005859375e+02
2.299050598144531250e+02
2.425403747558593750e+02
2.138801879882812500e+02
2.120612792968750000e+02
2.265204467773437500e+02
2.011028594970703125e+02
2.001320648193359375e+02
2.189695587158203125e+02
3.211036300659179688e+01
3.415367507934570312e+01
3.750593185424804688e+01
3.161396217346191406e+01
3.433451080322265625e+01
3.871994018554687500e+01
3.126130867004394531e+01
3.506057739257812500e+01
3.950133132934570312e+01
1.273205566406250000e+02
1.325001525878906250e+02
1.376557464599609375e+02
1.238675231933593750e+02
1.299251403808593750e+02
1.395102233886718750e+02
1.205959854125976562e+02
1.297973785400390625e+02
1.399977722167968750e+02
5.572841644287109375e+01
5.429300308227539062e+01
5.077547073364257812e+01
5.576538848876953125e+01
5.249440765380859375e+01
4.735199737548828125e+01
5.197430801391601562e+01
4.926269149780273438e+01
4.665756225585937500e+01
1.600600433349609375e+01
1.497014522552490234e+01
1.669147682189941406e+01
1.623982620239257812e+01
1.489150619506835938e+01
1.663368415832519531e+01
1.432024574279785156e+01
1.350376033782958984e+01
1.495994377136230469e+01
6.202290058135986328e+00
6.283617019653320312e+00
5.965186595916748047e+00
6.258506298065185547e+00
5.427732944488525391e+00
5.720395565032958984e+00
6.839423656463623047e+00
6.693875312805175781e+00
6.841793537139892578e+00
3.786995315551757812e+01
3.518719863891601562e+01
3.428942489624023438e+01
3.922860717773437500e+01
3.597647857666015625e+01
3.334801864624023438e+01
3.532575225830078125e+01
3.429228210449218750e+01
3.231135940551757812e+01
7.115348815917968750e+01
8.317890930175781250e+01
9.924289703369140625e+01
5.632141113281250000e+01
6.720880889892578125e+01
8.623184967041015625e+01
6.048102188110351562e+01
7.327890777587890625e+01
8.249227905273437500e+01
3.356166076660156250e+02
3.366190490722656250e+02
3.213182678222656250e+02
3.437180175781250000e+02
3.413204040527343750e+02
3.235231323242187500e+02
3.398038024902343750e+02
3.364111022949218750e+02
3.154047546386718750e+02
2.370269012451171875e+01
2.113518333435058594e+01
1.823437690734863281e+01
2.445145034790039062e+01
2.273247528076171875e+01
1.977249145507812500e+01
2.209413146972656250e+01
2.028720855712890625e+01
1.849117851257324219e+01
1.100863647460937500e+02
1.138307647705078125e+02
1.173272933959960938e+02
1.081076202392578125e+02
1.134590759277343750e+02
1.174454650878906250e+02
1.074519424438476562e+02
1.135854721069335938e+02
1.169054946899414062e+02
3.790792465209960938e+01
4.064086914062500000e+01
3.603520202636718750e+01
3.389631271362304688e+01
3.651801300048828125e+01
2.925934982299804688e+01
3.306847763061523438e+01
3.471249771118164062e+01
2.963301849365234375e+01
9.074323272705078125e+01
9.746602630615234375e+01
1.049749145507812500e+02
8.920310974121093750e+01
9.655751800537109375e+01
1.012725067138671875e+02
9.210041809082031250e+01
9.668727874755859375e+01
9.790708923339843750e+01
8.415452957153320312e+00
8.943756103515625000e+00
9.839867591857910156e+00
7.820702552795410156e+00
6.984497070312500000e+00
8.146401405334472656e+00
6.950746059417724609e+00
8.133774757385253906e+00
9.845313072204589844e+00
2.088738708496093750e+02
2.195816345214843750e+02
2.290322113037109375e+02
1.976211090087890625e+02
2.043504028320312500e+02
2.165489654541015625e+02
1.932855529785156250e+02
2.045336456298828125e+02
2.094299468994140625e+02
9.266428375244140625e+01
9.793661499023437500e+01
1.075865936279296875e+02
8.774179840087890625e+01
8.981549835205078125e+01
1.032222900390625000e+02
8.673986053466796875e+01
9.178564453125000000e+01
1.037108154296875000e+02
