3.800868988037109375e+01
1.244187011718750000e+02
1.045956802368164062e+01
3.791154174804687500e+02
1.844374084472656250e+02
3.308263063430786133e+00
1.601804962158203125e+02
1.362647399902343750e+02
3.733152160644531250e+02
1.005800094604492188e+02
3.296487045288085938e+01
1.061348495483398438e+02
2.137803497314453125e+02
3.634972839355468750e+02
2.044430923461914062e+01
9.992868804931640625e+01
-1.443653259277343750e+02
-2.885039062500000000e+02
-1.532231292724609375e+02
-1.401211425781250000e+03
-6.348215942382812500e+02
-1.600535964965820312e+01
-6.918768920898437500e+02
-2.757857666015625000e+02
-1.125151855468750000e+03
-3.634570922851562500e+02
-6.133308410644531250e+01
-4.997834167480468750e+02
-8.988352050781250000e+02
-7.415263671875000000e+02
-1.436656036376953125e+02
-1.850411376953125000e+02
3.035322570800781250e+02
3.971935424804687500e+02
4.548791198730468750e+02
8.828448486328125000e+02
3.773729553222656250e+02
1.485110950469970703e+01
4.278022155761718750e+02
2.231076354980468750e+02
6.464282836914062500e+02
2.694322204589843750e+02
-4.418083190917968750e+00
2.081461181640625000e+02
7.478618774414062500e+02
2.605481567382812500e+02
6.722585296630859375e+01
2.416808471679687500e+02
2.330918426513671875e+02
5.088282470703125000e+02
2.437296600341796875e+02
1.843459228515625000e+03
6.253212280273437500e+02
2.296695518493652344e+01
7.079978637695312500e+02
4.449888916015625000e+02
1.198777343750000000e+03
6.586467285156250000e+02
8.242367553710937500e+01
7.798264160156250000e+02
1.401125244140625000e+03
1.163847778320312500e+03
1.377801513671875000e+02
3.273219604492187500e+02
9.824604988098144531e+00
3.164804458618164062e+01
-6.711472868919372559e-01
2.440369415283203125e+02
1.332937774658203125e+02
3.045210123062133789e+00
1.123024749755859375e+02
8.159845733642578125e+01
2.031004486083984375e+02
7.068237304687500000e+01
1.699528503417968750e+01
8.449778747558593750e+01
1.259445648193359375e+02
1.867296752929687500e+02
1.679540061950683594e+01
5.667329788208007812e+01
2.472525787353515625e+01
7.239133453369140625e+01
2.752094078063964844e+01
4.781611022949218750e+02
2.426062774658203125e+02
4.382881641387939453e+00
2.070559387207031250e+02
1.505807952880859375e+02
4.374068603515625000e+02
1.471342010498046875e+02
2.245043945312500000e+01
1.717913970947265625e+02
3.225467834472656250e+02
3.197874450683593750e+02
5.974071884155273438e+01
6.720397949218750000e+01
4.211801886558532715e-01
1.122281837463378906e+01
6.009593486785888672e+00
2.756553649902343750e+00
1.709847450256347656e+01
1.533972024917602539e-01
1.534489631652832031e+00
3.085635662078857422e+00
-2.982090950012207031e+00
1.886123418807983398e+00
5.977280735969543457e-01
3.819520473480224609e+00
1.457108306884765625e+01
4.921875000000000000e+00
2.616524696350097656e-01
2.156256288290023804e-01
4.870359897613525391e+00
1.986966514587402344e+01
6.022443294525146484e+00
9.059204101562500000e+01
4.423059463500976562e+01
1.520755171775817871e+00
4.902547073364257812e+01
5.976310729980468750e+01
5.520819854736328125e+01
2.330438804626464844e+01
6.880939006805419922e+00
3.918601608276367188e+01
5.693818283081054688e+01
5.605055236816406250e+01
6.368578433990478516e+00
5.707473754882812500e+01
3.560568847656250000e+02
7.419230346679687500e+02
2.796849365234375000e+02
5.151421386718750000e+03
2.887796630859375000e+03
4.320176696777343750e+01
2.799520507812500000e+03
1.598570922851562500e+03
4.514041503906250000e+03
9.509215698242187500e+02
1.672991638183593750e+02
1.932777954101562500e+03
2.637635742187500000e+03
2.953579101562500000e+03
6.100088500976562500e+02
6.676506347656250000e+02
8.016473388671875000e+01
1.955841064453125000e+02
1.063238220214843750e+02
5.199953613281250000e+02
2.095365447998046875e+02
7.104438781738281250e+00
1.555294952392578125e+02
1.531273345947265625e+02
3.530871276855468750e+02
2.335520477294921875e+02
3.854207611083984375e+01
2.190284881591796875e+02
5.230998535156250000e+02
4.558360290527343750e+02
3.702816772460937500e+01
9.163449096679687500e+01
2.039997482299804688e+01
6.602423858642578125e+01
3.095219421386718750e+01
4.727239379882812500e+02
2.629862060546875000e+02
3.487982749938964844e+00
2.422059173583984375e+02
8.552961730957031250e+01
4.635554504394531250e+02
1.408109588623046875e+02
1.571200847625732422e+01
1.121085357666015625e+02
3.263586730957031250e+02
1.823237152099609375e+02
7.198190307617187500e+01
2.319768142700195312e+01
1.468330383300781250e+02
3.127952575683593750e+02
1.378716735839843750e+02
3.174908447265625000e+02
1.090022354125976562e+02
7.686652660369873047e+00
1.423577117919921875e+02
7.128993225097656250e+01
7.326820373535156250e+01
9.241320037841796875e+01
2.120746421813964844e+01
1.480457458496093750e+02
3.438456726074218750e+02
2.094549865722656250e+02
2.069255447387695312e+01
1.729670715332031250e+02
-3.124250888824462891e+00
2.785053062438964844e+01
1.033594989776611328e+01
3.679141235351562500e+01
2.668351745605468750e+01
8.049961179494857788e-02
-7.073591709136962891e+00
8.861816406250000000e+00
3.660653686523437500e+01
5.402070236206054688e+01
2.809217929840087891e+00
2.693774223327636719e+01
8.417439270019531250e+01
4.856982040405273438e+01
4.062967896461486816e-01
-1.006460666656494141e+01
-2.670903778076171875e+01
-3.441558361053466797e+00
-3.683065032958984375e+01
-1.361776275634765625e+02
-3.397524642944335938e+01
-1.650149106979370117e+00
-7.978047180175781250e+01
3.002720832824707031e+01
-8.785459136962890625e+01
-3.544947052001953125e+01
5.124557495117187500e+00
-3.745667266845703125e+01
-1.000201416015625000e+02
2.283378028869628906e+01
-3.064217758178710938e+01
9.433785438537597656e+00
4.943572521209716797e+00
9.103363990783691406e+00
1.024200081825256348e+00
5.598027801513671875e+01
3.799884033203125000e+01
3.805728554725646973e-01
3.154825210571289062e+01
3.128525161743164062e+01
6.323763275146484375e+01
6.389754772186279297e+00
5.268237590789794922e+00
1.125747489929199219e+01
2.122958946228027344e+01
5.993175506591796875e+01
5.707794666290283203e+00
1.816915702819824219e+01
9.816118164062500000e+02
1.787706298828125000e+03
1.003731689453125000e+03
5.979178222656250000e+03
1.957626342773437500e+03
8.092385864257812500e+01
2.848914794921875000e+03
1.388216186523437500e+03
3.438218750000000000e+03
1.582734497070312500e+03
2.563319702148437500e+02
2.978522705078125000e+03
3.837050048828125000e+03
3.830884277343750000e+03
3.671884460449218750e+02
1.469912475585937500e+03
-1.013420224189758301e-01
-8.676458150148391724e-02
-1.698676645755767822e-01
-1.265195012092590332e-01
-1.240000128746032715e-02
-3.567857202142477036e-03
2.563435398042201996e-02
-7.304555177688598633e-02
-5.789169296622276306e-02
-5.083667114377021790e-02
1.861429214477539062e-02
-1.255447268486022949e-01
-1.860973387956619263e-01
-6.038622558116912842e-02
-8.728541433811187744e-03
1.056720465421676636e-01
6.690485229492187500e+02
1.419532958984375000e+03
7.652332153320312500e+02
7.864679199218750000e+03
3.920481201171875000e+03
7.885758972167968750e+01
3.778450195312500000e+03
2.048967529296875000e+03
6.649561035156250000e+03
1.886096679687500000e+03
3.888766784667968750e+02
2.573532958984375000e+03
4.888665039062500000e+03
4.923909179687500000e+03
8.789304199218750000e+02
1.163149780273437500e+03
-2.586688995361328125e+01
-6.861989593505859375e+01
-3.632038879394531250e+01
-1.330740051269531250e+02
-5.011413955688476562e+01
-1.990080595016479492e+00
-4.579394149780273438e+01
-4.079193496704101562e+01
-6.102307510375976562e+01
-4.509677124023437500e+01
-1.000015163421630859e+01
-6.142702865600585938e+01
-1.263421173095703125e+02
-1.138223114013671875e+02
-8.036387443542480469e+00
-4.243052291870117188e+01
1.838674926757812500e+01
3.695893478393554688e+01
1.026227760314941406e+01
7.107603454589843750e+01
1.792932510375976562e+01
1.083781957626342773e+00
3.074129867553710938e+01
1.486993598937988281e+01
5.446784210205078125e+01
4.146841049194335938e+01
8.610452651977539062e+00
2.247829246520996094e+01
5.075893402099609375e+01
2.859650611877441406e+01
6.444116592407226562e+00
2.686155891418457031e+01
2.175384674072265625e+02
3.561659545898437500e+02
2.220723419189453125e+02
1.196505615234375000e+03
4.206475830078125000e+02
1.757731056213378906e+01
6.303052368164062500e+02
7.331712341308593750e+01
6.127527465820312500e+02
2.447036743164062500e+02
1.852545166015625000e+01
4.505677490234375000e+02
8.475659790039062500e+02
4.788779296875000000e+02
1.249453048706054688e+02
2.336512451171875000e+02
4.181904983520507812e+01
1.225573272705078125e+02
3.485669326782226562e+01
2.426764678955078125e+02
1.003126831054687500e+02
3.077450752258300781e+00
1.001775283813476562e+02
6.675444030761718750e+01
1.412587127685546875e+02
6.623600769042968750e+01
9.998764991760253906e+00
8.831183624267578125e+01
2.421413116455078125e+02
1.673590240478515625e+02
3.689654541015625000e+01
6.347177124023437500e+01
1.555460739135742188e+01
3.373921203613281250e+01
-1.082371044158935547e+01
2.866592407226562500e+02
8.177809906005859375e+01
2.570348739624023438e+00
9.730643463134765625e+01
5.620136642456054688e+01
1.885006256103515625e+02
8.114773559570312500e+01
2.051232337951660156e+01
8.988451385498046875e+01
1.202023544311523438e+02
3.183928222656250000e+02
7.788311004638671875e+00
8.931923675537109375e+01
-4.064250946044921875e+01
-8.033761596679687500e+01
-3.735594940185546875e+01
-2.562626342773437500e+02
-1.168515930175781250e+02
-4.065367221832275391e+00
-1.523146820068359375e+02
-5.500094985961914062e+01
-1.673244018554687500e+02
-5.125137329101562500e+01
-7.780333042144775391e+00
-6.728953552246093750e+01
-1.335202636718750000e+02
-9.951829528808593750e+01
-4.211584472656250000e+01
-1.053806762695312500e+02
3.182785987854003906e+00
-4.128436088562011719e+00
-8.668961524963378906e-01
3.880116653442382812e+01
8.841920852661132812e+00
6.247280240058898926e-01
3.100942611694335938e+01
-2.695913696289062500e+01
6.910762786865234375e+00
4.390114247798919678e-01
-1.012873291969299316e+00
6.645339965820312500e+00
3.168672084808349609e+00
6.890305519104003906e+00
2.590898990631103516e+00
5.144467353820800781e+00
-6.287250995635986328e+00
3.020380258560180664e+00
-8.740081787109375000e+00
-6.696224975585937500e+01
4.239393234252929688e+00
-2.696173787117004395e-01
-1.713919067382812500e+01
2.382415771484375000e+00
-2.742677116394042969e+01
-1.073418617248535156e+01
-1.714484572410583496e+00
-4.844127655029296875e+01
-1.977651596069335938e+01
-4.291644287109375000e+01
-5.228163719177246094e+00
-5.558058261871337891e+00
5.392603278160095215e-01
5.975466728210449219e+00
3.440781354904174805e+00
2.266773414611816406e+01
2.049979019165039062e+01
8.891946077346801758e-02
1.485942459106445312e+01
5.588259124755859375e+01
2.898753356933593750e+01
1.056302738189697266e+01
1.343279480934143066e+00
2.266881179809570312e+01
1.859248542785644531e+01
5.246320247650146484e+00
3.712794184684753418e-01
9.251139640808105469e+00
-2.289757728576660156e-01
1.187638854980468750e+01
2.200057220458984375e+01
-2.054971466064453125e+02
-6.032849502563476562e+01
-1.522781729698181152e+00
-4.754955291748046875e+01
-2.129034805297851562e+01
-1.137152404785156250e+02
-5.204034423828125000e+01
-7.612281799316406250e+00
-1.629700164794921875e+02
-2.743416595458984375e+01
-1.829199371337890625e+02
-5.370117187500000000e+00
1.914782142639160156e+01
-2.591710472106933594e+01
-3.260055541992187500e+01
-1.849909210205078125e+01
7.200926971435546875e+01
7.357371520996093750e+01
-8.009349703788757324e-01
6.428837585449218750e+01
8.215651702880859375e+01
1.280713958740234375e+02
1.018024539947509766e+01
7.795611858367919922e+00
4.081783676147460938e+01
3.665222167968750000e+00
4.183583068847656250e+01
1.331822204589843750e+01
1.478213214874267578e+01
-1.438282847404479980e+00
-2.944160938262939453e+00
-2.477329492568969727e+00
-2.781825256347656250e+01
-2.068213462829589844e+01
-9.737849235534667969e-02
-1.828678894042968750e+01
-2.206407356262207031e+01
-3.792789077758789062e+01
-7.391391277313232422e+00
-1.124298095703125000e+00
-1.394017982482910156e+01
-1.560136032104492188e+01
-1.782674598693847656e+01
-1.102530956268310547e+00
-2.932050943374633789e+00
2.157852935791015625e+02
4.079876708984375000e+02
2.229865875244140625e+02
1.603479370117187500e+03
7.377260742187500000e+02
1.664102363586425781e+01
7.425915527343750000e+02
3.965808105468750000e+02
1.230251342773437500e+03
4.567044982910156250e+02
7.583536529541015625e+01
6.966243286132812500e+02
1.075528442382812500e+03
1.036148315429687500e+03
1.312302551269531250e+02
2.418386383056640625e+02
2.684363365173339844e+01
-3.139673767089843750e+02
-5.593920516967773438e+01
-5.187434082031250000e+02
-2.105044555664062500e+02
-5.081205844879150391e+00
5.862877655029296875e+01
-5.646110839843750000e+02
-6.108281250000000000e+02
-7.860929565429687500e+02
-8.262232971191406250e+01
-1.786427612304687500e+02
-1.134312988281250000e+03
-8.036428222656250000e+02
1.991037750244140625e+01
1.320723915100097656e+01
