5.017109680175781250e+01
7.172847747802734375e+01
8.771767425537109375e+01
5.478544235229492188e+01
7.834169006347656250e+01
9.352749633789062500e+01
5.412226104736328125e+01
7.240903472900390625e+01
8.481612396240234375e+01
6.090145111083984375e+01
7.481519317626953125e+01
1.076476058959960938e+02
1.386868896484375000e+02
1.284218750000000000e+02
1.320727233886718750e+02
1.441764526367187500e+02
1.032643203735351562e+02
1.045073776245117188e+02
4.787682723999023438e+01
1.081848526000976562e+02
1.069586563110351562e+02
7.834140777587890625e+01
1.230136337280273438e+02
9.692390441894531250e+01
1.073272552490234375e+02
9.381211090087890625e+01
6.342135620117187500e+01
4.508827209472656250e+00
7.513340473175048828e+00
1.114769268035888672e+01
6.857111930847167969e+00
1.062917041778564453e+01
1.453187561035156250e+01
8.928599357604980469e+00
1.309916973114013672e+01
1.541556739807128906e+01
1.477393188476562500e+02
2.304188385009765625e+02
2.420106964111328125e+02
1.041133346557617188e+02
2.203541412353515625e+02
2.403412017822265625e+02
1.072565689086914062e+02
1.542368469238281250e+02
2.629023437500000000e+02
3.358950805664062500e+01
4.370019912719726562e+01
3.155338859558105469e+01
4.347355651855468750e+01
3.210760116577148438e+01
1.661737060546875000e+01
2.053687572479248047e-01
-2.466951560974121094e+01
-2.436414909362792969e+01
-1.766304206848144531e+01
1.011436462402343750e+01
-2.792897224426269531e+01
-2.245322036743164062e+01
4.243662357330322266e+00
-3.303701019287109375e+01
-1.164592742919921875e+01
1.776387023925781250e+01
-1.953658866882324219e+01
1.430505981445312500e+03
1.993874755859375000e+03
2.377567871093750000e+03
1.781061645507812500e+03
2.346144042968750000e+03
2.719098144531250000e+03
2.168379638671875000e+03
2.639634765625000000e+03
2.807650634765625000e+03
2.787781066894531250e+02
2.218534545898437500e+02
1.852813720703125000e+02
1.388444213867187500e+02
5.355676269531250000e+01
3.820002365112304688e+01
-4.073911666870117188e+00
-7.773595428466796875e+01
-7.209360504150390625e+01
4.633155822753906250e+01
3.619366073608398438e+01
2.162098693847656250e+01
1.654185104370117188e+01
1.631188583374023438e+01
2.706361389160156250e+01
-2.280029678344726562e+01
-1.602202606201171875e+01
4.119928359985351562e+00
1.926861572265625000e+01
3.337834167480468750e+01
3.745118713378906250e+01
2.845821380615234375e+01
4.491924667358398438e+01
4.682542037963867188e+01
3.003722763061523438e+01
4.496622848510742188e+01
4.413206100463867188e+01
2.844076919555664062e+01
5.638189315795898438e+01
1.048855743408203125e+02
4.249307632446289062e+01
9.972143554687500000e+01
1.407310638427734375e+02
4.278720092773437500e+01
1.212173995971679688e+02
1.532481689453125000e+02
2.124194793701171875e+02
2.081976013183593750e+02
1.591103363037109375e+02
2.688305969238281250e+02
2.963164367675781250e+02
2.387943115234375000e+02
1.372456817626953125e+02
2.042911529541015625e+02
2.178369293212890625e+02
3.227438354492187500e+02
4.315136413574218750e+02
4.877456359863281250e+02
4.216834411621093750e+02
5.874057617187500000e+02
5.777890014648437500e+02
5.251159057617187500e+02
7.197093505859375000e+02
6.704184570312500000e+02
4.583554687500000000e+02
2.429610443115234375e+02
1.343851470947265625e+02
2.029852752685546875e+02
5.320838928222656250e+01
2.554657173156738281e+01
-2.120996551513671875e+02
-2.422661285400390625e+02
-1.885623626708984375e+02
2.078873443603515625e+02
2.418276672363281250e+02
2.807004394531250000e+02
2.589620361328125000e+02
2.477712097167968750e+02
2.950753173828125000e+02
2.673881225585937500e+02
2.019930725097656250e+02
2.333288574218750000e+02
9.738470458984375000e+01
1.134580612182617188e+02
1.079691162109375000e+02
1.158441009521484375e+02
1.336582946777343750e+02
1.236694107055664062e+02
1.285922241210937500e+02
1.372925109863281250e+02
1.245992507934570312e+02
2.079201507568359375e+02
2.667439880371093750e+02
2.663842468261718750e+02
2.372630004882812500e+02
2.749858093261718750e+02
2.808195800781250000e+02
2.727701110839843750e+02
2.634739990234375000e+02
2.658129272460937500e+02
9.121794128417968750e+01
1.705481414794921875e+02
9.164019775390625000e+01
8.522065734863281250e+01
2.036208038330078125e+02
1.106188201904296875e+02
7.503741455078125000e+01
1.763302612304687500e+02
1.244728698730468750e+02
1.053453254699707031e+01
1.031522274017333984e+01
9.039182662963867188e+00
1.220533847808837891e+01
1.121243286132812500e+01
1.027092170715332031e+01
1.246594619750976562e+01
1.090340709686279297e+01
1.088189601898193359e+01
5.391617431640625000e+02
5.989245605468750000e+02
5.174281005859375000e+02
7.358892822265625000e+02
7.706555175781250000e+02
6.265507812500000000e+02
7.204155273437500000e+02
7.586660156250000000e+02
6.810110473632812500e+02
2.673058891296386719e+01
3.388062667846679688e+01
1.050899028778076172e+01
3.813808822631835938e+01
2.653332710266113281e+01
2.291315460205078125e+01
1.298061275482177734e+01
1.882421302795410156e+01
3.484182739257812500e+01
6.954590606689453125e+01
5.132551956176757812e+01
1.921684265136718750e+01
9.790663146972656250e+01
7.746040344238281250e+01
1.179231929779052734e+01
1.043503341674804688e+02
9.336412048339843750e+01
1.991570472717285156e+01
2.245269775390625000e+03
2.526505371093750000e+03
2.308936035156250000e+03
2.662122314453125000e+03
2.906439453125000000e+03
2.654980468750000000e+03
2.546749267578125000e+03
2.649435058593750000e+03
2.530103027343750000e+03
2.230225219726562500e+02
1.574551544189453125e+02
1.644176025390625000e+02
2.470584259033203125e+02
2.046715545654296875e+02
2.424074859619140625e+02
2.671215515136718750e+02
2.526651306152343750e+02
3.402896423339843750e+02
1.922169494628906250e+01
7.267827510833740234e+00
1.960474777221679688e+01
4.850869369506835938e+01
3.427301025390625000e+01
2.721761703491210938e+01
5.725659561157226562e+01
7.611126708984375000e+01
6.004606628417968750e+01
3.600969696044921875e+01
3.492618179321289062e+01
2.838227081298828125e+01
4.400430297851562500e+01
4.091621780395507812e+01
2.936928558349609375e+01
4.716706085205078125e+01
4.539151763916015625e+01
3.078220748901367188e+01
1.114520339965820312e+02
1.115510864257812500e+02
1.252802658081054688e+02
1.426883392333984375e+02
1.434724121093750000e+02
1.314695892333984375e+02
1.598307037353515625e+02
1.500928649902343750e+02
1.163602676391601562e+02
4.948722534179687500e+02
4.672383728027343750e+02
2.941460266113281250e+02
5.670715942382812500e+02
5.454747314453125000e+02
2.830677490234375000e+02
6.520412597656250000e+02
6.347208251953125000e+02
3.307728271484375000e+02
4.534953308105468750e+02
3.871936035156250000e+02
3.808988037109375000e+02
5.157492065429687500e+02
3.984320068359375000e+02
3.282768554687500000e+02
5.725342407226562500e+02
4.138344726562500000e+02
3.030331726074218750e+02
4.036044616699218750e+02
1.456046447753906250e+02
2.385638122558593750e+02
4.686634521484375000e+02
2.140586547851562500e+02
2.865124206542968750e+02
5.197819213867187500e+02
3.415055236816406250e+02
3.175116577148437500e+02
3.158747253417968750e+02
4.176354980468750000e+02
4.644963378906250000e+02
3.741430664062500000e+02
4.786522216796875000e+02
5.475009765625000000e+02
3.686903991699218750e+02
4.540875244140625000e+02
5.688036499023437500e+02
5.948247528076171875e+01
6.051084899902343750e+01
6.425576019287109375e+01
4.409819793701171875e+01
4.226432800292968750e+01
5.051089096069335938e+01
4.259360122680664062e+01
4.046775817871093750e+01
5.104329299926757812e+01
8.208759307861328125e+01
6.718836975097656250e+01
1.095217895507812500e+02
7.974173736572265625e+01
7.809008026123046875e+01
1.492708740234375000e+02
6.580774688720703125e+01
6.614363861083984375e+01
1.318081359863281250e+02
7.987917900085449219e+00
3.478177261352539062e+01
7.528290557861328125e+01
4.084705352783203125e+00
2.721489334106445312e+01
9.799192810058593750e+01
3.785840511322021484e+00
2.213449096679687500e+01
9.682747650146484375e+01
1.904538273811340332e+00
4.479550719261169434e-01
3.752688169479370117e-01
6.321271657943725586e-01
-1.098820328712463379e+00
-1.824196577072143555e-01
1.865054368972778320e-01
-1.166058659553527832e+00
-3.447875976562500000e-01
6.397786865234375000e+02
5.408525390625000000e+02
5.215136718750000000e+02
4.711481018066406250e+02
3.790925292968750000e+02
4.530830078125000000e+02
4.867755737304687500e+02
4.304567871093750000e+02
4.967155761718750000e+02
-3.121018409729003906e-01
2.413186264038085938e+01
4.372858047485351562e+01
2.411564636230468750e+01
2.923618698120117188e+01
2.625382041931152344e+01
1.116058635711669922e+01
1.161640357971191406e+01
7.675064563751220703e+00
5.990327835083007812e+01
6.495810699462890625e+01
4.885965347290039062e+01
6.306034851074218750e+01
8.330533599853515625e+01
5.783260345458984375e+01
4.245848846435546875e+01
6.306394958496093750e+01
5.613634872436523438e+01
5.530764770507812500e+02
5.552046508789062500e+02
7.184227905273437500e+02
2.458464813232421875e+02
2.741554565429687500e+02
5.848206787109375000e+02
3.943604431152343750e+02
4.448571166992187500e+02
6.930774536132812500e+02
4.061799926757812500e+02
4.465132751464843750e+02
4.799388732910156250e+02
3.877488403320312500e+02
4.084959106445312500e+02
3.961829223632812500e+02
4.460522460937500000e+02
4.338548889160156250e+02
3.880932617187500000e+02
4.488075256347656250e+01
6.591981506347656250e+01
5.580918121337890625e+01
4.403725814819335938e+01
4.923356246948242188e+01
4.666779708862304688e+01
3.390301895141601562e+01
4.092016601562500000e+01
4.588295745849609375e+01
2.060288619995117188e+01
1.981567192077636719e+01
1.930204200744628906e+01
1.518390941619873047e+01
1.857012176513671875e+01
1.956666755676269531e+01
1.290763568878173828e+01
1.815304374694824219e+01
1.888770294189453125e+01
6.794556427001953125e+01
4.551134490966796875e+01
2.621904563903808594e+01
5.413391876220703125e+01
4.160840606689453125e+01
2.037852478027343750e+01
3.722028732299804688e+01
2.953659820556640625e+01
1.301200771331787109e+01
2.604983520507812500e+02
2.592801513671875000e+02
2.467513885498046875e+02
2.201014556884765625e+02
2.619322509765625000e+02
3.031213989257812500e+02
1.307760162353515625e+02
2.023492431640625000e+02
2.338727111816406250e+02
1.247310867309570312e+02
7.416139984130859375e+01
4.303932952880859375e+01
9.264162445068359375e+01
7.297741699218750000e+01
4.309857940673828125e+01
8.844327545166015625e+01
7.651343536376953125e+01
6.912931060791015625e+01
9.112719116210937500e+02
9.235254516601562500e+02
6.726995239257812500e+02
8.012684936523437500e+02
8.359854736328125000e+02
6.052445678710937500e+02
8.172119750976562500e+02
8.661797485351562500e+02
6.517362670898437500e+02
1.447594451904296875e+02
1.369332122802734375e+02
2.309983673095703125e+02
1.040304260253906250e+02
1.026027069091796875e+02
2.261043243408203125e+02
9.428143310546875000e+01
7.848457336425781250e+01
2.031727142333984375e+02
-3.639891433715820312e+01
-3.612278747558593750e+01
-3.224774169921875000e+01
-3.973021316528320312e+01
-3.952084350585937500e+01
-3.456494903564453125e+01
-3.682083511352539062e+01
-3.736984252929687500e+01
-3.229545593261718750e+01
-6.750794219970703125e+01
-6.633357238769531250e+01
-6.748731231689453125e+01
-5.820116424560546875e+01
-5.960292053222656250e+01
-6.100769042968750000e+01
-5.847546768188476562e+01
-5.761096191406250000e+01
-5.686595153808593750e+01
-1.166890811920166016e+01
6.232845306396484375e+00
3.772987842559814453e+00
-7.839911460876464844e+00
1.087197422981262207e+00
-4.707371234893798828e+00
-4.568422794342041016e+00
-2.988097667694091797e+00
-2.229952573776245117e+00
-4.435481548309326172e+00
-4.022906303405761719e+00
-3.477652788162231445e+00
-4.704879283905029297e+00
-4.223968982696533203e+00
-3.400283336639404297e+00
-4.371788024902343750e+00
-3.537003755569458008e+00
-3.065511465072631836e+00
-7.260449981689453125e+01
-1.923141670227050781e+01
-4.722479629516601562e+01
-1.449324798583984375e+02
-6.692893218994140625e+01
-9.670265960693359375e+01
-9.479007720947265625e+01
-2.317868423461914062e+01
-6.605341339111328125e+01
-3.392359733581542969e+00
-3.894245386123657227e+00
-6.287675857543945312e+00
1.168075919151306152e+00
1.654739975929260254e+00
-1.239227890968322754e+00
-1.389447927474975586e+00
-1.812781095504760742e+00
-4.493350028991699219e+00
-5.664785861968994141e+00
5.474199652671813965e-01
4.036150872707366943e-02
-5.412419795989990234e+00
-6.662532687187194824e-01
-3.707043230533599854e-01
-1.329613208770751953e+00
3.774988651275634766e+00
5.068967342376708984e+00
-9.747718505859375000e+02
-8.750380859375000000e+02
-7.257194213867187500e+02
-9.898865966796875000e+02
-8.668948364257812500e+02
-7.475291748046875000e+02
-9.391265258789062500e+02
-8.131077880859375000e+02
-7.149797363281250000e+02
5.351466178894042969e+00
2.108642578125000000e+01
1.236645507812500000e+01
-2.588604450225830078e+00
1.807772445678710938e+01
1.006744003295898438e+01
-4.994192123413085938e+00
1.682571983337402344e+01
8.076134681701660156e+00
1.208481431007385254e+00
-5.612015724182128906e-01
-1.284322261810302734e+00
-3.769035100936889648e+00
-3.942156553268432617e+00
-2.930018424987792969e+00
4.320721626281738281e-01
-5.106465816497802734e-01
2.622212886810302734e+00
-1.302678203582763672e+01
-1.184608459472656250e+01
-1.028502082824707031e+01
-1.221084499359130859e+01
-1.085298728942871094e+01
-9.870892524719238281e+00
-9.622563362121582031e+00
-8.961884498596191406e+00
-8.664143562316894531e+00
-4.325107955932617188e+01
-5.691922378540039062e+01
-4.695733261108398438e+01
-4.277973937988281250e+01
-5.574894714355468750e+01
-4.244437789916992188e+01
-3.748123550415039062e+01
-4.465178680419921875e+01
-3.111563301086425781e+01
-1.410096435546875000e+02
-1.516436309814453125e+02
-1.662846984863281250e+02
-1.394040222167968750e+02
-1.406567840576171875e+02
-1.528031311035156250e+02
-1.265661163330078125e+02
-1.247807006835937500e+02
-1.218658828735351562e+02
-2.387786102294921875e+02
-2.294517059326171875e+02
-1.882572479248046875e+02
-2.334183197021484375e+02
-2.247537078857421875e+02
-1.947275085449218750e+02
-2.271449432373046875e+02
-2.162024536132812500e+02
-1.873974304199218750e+02
1.243836879730224609e+00
-2.063227272033691406e+01
-1.642604064941406250e+01
-6.153874874114990234e+00
-1.500616168975830078e+01
5.070248603820800781e+00
3.145589828491210938e+00
-8.032975196838378906e+00
7.148018360137939453e+00
-1.131102371215820312e+02
-6.407183837890625000e+01
-6.255424880981445312e+01
-1.114995269775390625e+02
-5.420180892944335938e+01
-5.870515060424804688e+01
-1.095603942871093750e+02
-5.281510543823242188e+01
-6.009317779541015625e+01
2.016726875305175781e+01
2.023413467407226562e+01
2.148117828369140625e+01
1.992551612854003906e+01
1.928637504577636719e+01
2.122324180603027344e+01
1.950890731811523438e+01
1.878390312194824219e+01
2.158319664001464844e+01
8.438706207275390625e+01
8.975893402099609375e+01
9.829785156250000000e+01
8.239100646972656250e+01
8.120862579345703125e+01
9.304931640625000000e+01
8.960012817382812500e+01
8.968352508544921875e+01
9.856274414062500000e+01
-2.422657310962677002e-01
5.629408359527587891e+00
4.673124313354492188e+00
1.460112333297729492e-01
6.383098602294921875e+00
5.903429031372070312e+00
-1.324413776397705078e+00
1.089544892311096191e+00
5.954735279083251953e+00
7.396985292434692383e-01
7.767933011054992676e-01
4.878408610820770264e-01
5.777527093887329102e-01
6.955909132957458496e-01
4.202072620391845703e-01
7.332867383956909180e-01
9.605911970138549805e-01
7.970994710922241211e-01
8.282587051391601562e+00
4.504333496093750000e+01
3.075518417358398438e+01
1.879416275024414062e+01
6.314210510253906250e+01
5.619020843505859375e+01
-4.855794429779052734e+00
4.383831787109375000e+01
4.478862380981445312e+01
1.971637010574340820e+00
2.738061666488647461e+00
1.432181954383850098e+00
-3.948827743530273438e+00
-2.389531135559082031e+00
1.063158988952636719e+00
5.872800827026367188e+00
6.982577800750732422e+00
5.709531784057617188e+00
6.762390899658203125e+01
7.917945861816406250e+01
8.012118530273437500e+01
7.125907897949218750e+01
8.017270660400390625e+01
7.728774261474609375e+01
5.321490859985351562e+01
6.323914718627929688e+01
6.759384155273437500e+01
1.700942382812500000e+02
1.769038543701171875e+02
1.698182830810546875e+02
1.349552001953125000e+02
1.534749298095703125e+02
1.564383544921875000e+02
1.509384460449218750e+02
1.702096252441406250e+02
1.780962371826171875e+02
-8.108754158020019531e+00
4.766843318939208984e+00
1.441384887695312500e+01
-1.133176040649414062e+01
6.725484848022460938e+00
1.718842315673828125e+01
-6.339636325836181641e+00
8.317450523376464844e+00
1.682262229919433594e+01
-2.535657882690429688e-01
1.265047788619995117e+00
2.250604152679443359e+00
-1.483836293220520020e+00
1.567323088645935059e+00
2.637681484222412109e+00
-1.952457427978515625e+00
7.639793753623962402e-01
2.131784200668334961e+00
3.069964170455932617e+00
3.153378009796142578e+00
2.624501943588256836e+00
2.493999242782592773e+00
2.991351842880249023e+00
2.243237733840942383e+00
1.681183457374572754e+00
2.391518115997314453e+00
2.160735845565795898e+00
6.959298133850097656e+00
4.757256507873535156e+00
3.078829050064086914e+00
4.275813102722167969e+00
3.826701164245605469e+00
3.745285868644714355e-01
3.782756805419921875e+00
6.801986694335937500e+00
9.891545772552490234e-01
2.391282958984375000e+02
2.536653442382812500e+02
2.498258972167968750e+02
2.305934753417968750e+02
2.476826477050781250e+02
2.495700836181640625e+02
2.119306793212890625e+02
2.362928771972656250e+02
2.373373260498046875e+02
8.233209228515625000e+01
8.945072174072265625e+01
7.680421447753906250e+01
8.282702636718750000e+01
9.553392791748046875e+01
8.277008819580078125e+01
8.661027526855468750e+01
1.049898147583007812e+02
9.091265869140625000e+01
4.390882873535156250e+01
4.956410217285156250e+01
5.010926437377929688e+01
2.983984947204589844e+01
4.660071945190429688e+01
5.175784301757812500e+01
2.621948814392089844e+01
4.446504974365234375e+01
3.518964767456054688e+01
5.345413589477539062e+01
6.748628234863281250e+01
7.037493133544921875e+01
4.373506546020507812e+01
5.357323455810546875e+01
5.878550338745117188e+01
4.247673797607421875e+01
4.804051971435546875e+01
5.797127151489257812e+01
-5.200453758239746094e+00
-7.891887187957763672e+00
-6.527899742126464844e+00
-5.978283405303955078e+00
-1.055812454223632812e+01
-9.043319702148437500e+00
-9.536583900451660156e+00
-1.470283317565917969e+01
-1.524718379974365234e+01
-3.042695999145507812e+01
-5.363552856445312500e+01
-3.617509460449218750e+01
-5.492304229736328125e+01
-6.896381378173828125e+01
-3.179374694824218750e+01
-3.406769180297851562e+01
-3.815420913696289062e+01
-9.991544723510742188e+00
-1.263915061950683594e+01
-3.677273178100585938e+01
-1.877832412719726562e+01
-1.750820159912109375e+01
-3.982621383666992188e+01
-1.419528102874755859e+01
-3.196534919738769531e+01
-2.873490905761718750e+01
-4.370676577091217041e-01
-5.677616223692893982e-03
1.103827804327011108e-01
-6.801939606666564941e-01
-7.669450640678405762e-01
-1.318738460540771484e+00
-2.539865016937255859e+00
-1.847774624824523926e+00
-2.428852558135986328e+00
-2.818241357803344727e+00
-5.940624237060546875e+01
-5.420411300659179688e+01
-4.814520645141601562e+01
-6.123175048828125000e+01
-5.689942932128906250e+01
-5.068636703491210938e+01
-8.423048400878906250e+01
-8.433856201171875000e+01
-9.248332214355468750e+01
-2.934766769409179688e+01
-2.690096855163574219e+01
-1.409465408325195312e+01
-1.799464988708496094e+01
-2.814583778381347656e+00
1.248071193695068359e+00
4.405574798583984375e-01
2.457629919052124023e+00
2.311874389648437500e+00
-2.054860687255859375e+01
-1.468472671508789062e+01
-1.413890266418457031e+01
-9.783059120178222656e+00
-2.961378812789916992e+00
-1.492271065711975098e+00
-1.522783088684082031e+01
-3.162611722946166992e-01
5.743653297424316406e+00
-2.405585289001464844e+01
-1.337893371582031250e+02
-2.226826477050781250e+02
-2.637117004394531250e+02
-3.953296203613281250e+02
-4.707385864257812500e+02
-4.358948364257812500e+02
-5.174489746093750000e+02
-4.754349060058593750e+02
-8.468861389160156250e+01
-7.691313171386718750e+01
-5.070394134521484375e+01
-4.667987442016601562e+01
-4.153892135620117188e+01
-3.580095291137695312e+01
-2.501201248168945312e+01
-1.465764045715332031e+01
-2.132640075683593750e+01
-1.531728744506835938e+01
-1.626776313781738281e+01
-2.522493362426757812e+00
-1.921267271041870117e+00
-7.277222156524658203e+00
-3.417306423187255859e+00
-5.673395395278930664e-01
-3.947545051574707031e+00
-5.182971954345703125e+00
-1.701333522796630859e+00
-4.704391956329345703e+00
-6.057352066040039062e+00
-6.057639598846435547e+00
-7.904698371887207031e+00
-7.694807529449462891e+00
-8.218407630920410156e+00
-9.217511177062988281e+00
-7.804095268249511719e+00
-1.605550765991210938e+00
-4.149009704589843750e+00
-7.997906208038330078e+00
-1.426997423171997070e+00
-7.403604984283447266e+00
-1.122178459167480469e+01
-8.835976600646972656e+00
-2.111424636840820312e+01
-2.232891082763671875e+01
-1.218919677734375000e+02
-9.547350311279296875e+01
-5.971945190429687500e+01
-8.956166839599609375e+01
-5.868012619018554688e+01
-3.768619918823242188e+01
-5.042047119140625000e+01
-4.798570251464843750e+01
-2.654821014404296875e+01
2.181746864318847656e+01
5.565416336059570312e+00
-3.169018173217773438e+01
-1.543744087219238281e+01
-3.936664199829101562e+01
-6.656002807617187500e+01
-6.790451049804687500e+01
-8.065965270996093750e+01
-6.859088134765625000e+01
-2.582948608398437500e+02
-1.310618743896484375e+02
-9.389059448242187500e+01
-8.802326965332031250e+01
-3.535948562622070312e+01
-4.225014114379882812e+01
-1.885875320434570312e+01
-1.082654190063476562e+01
-3.686205291748046875e+01
-2.085110092163085938e+01
-5.146473312377929688e+01
-4.450958633422851562e+01
-3.335935592651367188e+01
-6.241035842895507812e+01
-5.010610961914062500e+01
-4.918890380859375000e+01
-6.761143493652343750e+01
-4.359855270385742188e+01
3.662242736816406250e+02
3.557319335937500000e+02
3.095407104492187500e+02
2.951749572753906250e+02
2.500157165527343750e+02
1.748289642333984375e+02
1.675910797119140625e+02
1.202352523803710938e+02
1.070888671875000000e+02
3.901913452148437500e+02
2.752276611328125000e+02
2.263804626464843750e+02
2.221993560791015625e+02
1.514494476318359375e+02
1.350768127441406250e+02
1.833240356445312500e+02
1.610856475830078125e+02
2.364717559814453125e+02
1.308018951416015625e+02
2.630702400207519531e+01
4.800676727294921875e+01
7.922389984130859375e+01
4.475572586059570312e+01
9.941615295410156250e+01
1.482513122558593750e+02
1.750979461669921875e+02
2.072871093750000000e+02
3.536363601684570312e+01
2.287806892395019531e+01
1.561820507049560547e+01
1.604912376403808594e+01
8.602542877197265625e+00
7.546019077301025391e+00
6.208025932312011719e+00
4.001167774200439453e+00
7.817995548248291016e+00
1.846258300781250000e+03
1.525609619140625000e+03
8.145969848632812500e+02
1.118998413085937500e+03
3.990564575195312500e+02
1.125141296386718750e+02
-1.517874145507812500e+02
-2.005804290771484375e+02
1.668850555419921875e+02
-1.978766326904296875e+02
-1.053814315795898438e+02
-6.454609680175781250e+01
8.052928161621093750e+01
1.101796112060546875e+02
1.555381164550781250e+02
1.242929687500000000e+02
2.152447204589843750e+02
1.447072448730468750e+02
-2.419569015502929688e+01
4.468558883666992188e+01
-2.958467102050781250e+01
2.868395614624023438e+01
5.404246902465820312e+01
-1.487050247192382812e+01
-6.380433082580566406e+00
4.329474258422851562e+01
6.820420837402343750e+01
7.487741699218750000e+03
5.750570312500000000e+03
4.146987792968750000e+03
3.016363525390625000e+03
1.963514770507812500e+03
1.920341552734375000e+03
1.524873779296875000e+03
2.056131103515625000e+03
3.064436279296875000e+03
9.225351562500000000e+02
8.986196899414062500e+02
9.257956542968750000e+02
1.335879028320312500e+03
1.158961791992187500e+03
1.018293823242187500e+03
1.045713623046875000e+03
8.551775512695312500e+02
4.570085754394531250e+02
8.951087951660156250e+01
9.865067291259765625e+01
1.639548492431640625e+02
2.135408935546875000e+02
1.575411071777343750e+02
1.411490631103515625e+02
2.331794128417968750e+02
1.160244216918945312e+02
1.436325740814208984e+01
9.111856842041015625e+01
5.510708618164062500e+01
3.788489913940429688e+01
1.627029609680175781e+01
8.738479614257812500e+00
1.312770271301269531e+01
1.659251785278320312e+01
4.328340911865234375e+01
6.416220092773437500e+01
3.850864868164062500e+02
4.605111999511718750e+02
4.177157287597656250e+02
2.383845977783203125e+02
2.449621582031250000e+02
1.964335784912109375e+02
2.145883178710937500e+02
2.401471862792968750e+02
2.397235717773437500e+02
6.623115234375000000e+02
6.879790649414062500e+02
5.939683227539062500e+02
7.692543334960937500e+02
7.645134277343750000e+02
7.473972167968750000e+02
9.683845825195312500e+02
8.063574218750000000e+02
7.607593994140625000e+02
1.044356567382812500e+03
1.144305175781250000e+03
1.009653015136718750e+03
5.117008056640625000e+02
5.911249389648437500e+02
7.408314208984375000e+02
2.255343933105468750e+02
5.518458862304687500e+02
7.257359008789062500e+02
1.210705200195312500e+03
1.404721557617187500e+03
1.228346435546875000e+03
2.230196044921875000e+03
2.237726318359375000e+03
1.470615966796875000e+03
2.234666503906250000e+03
1.346869628906250000e+03
4.023563537597656250e+02
1.194432128906250000e+03
7.187777099609375000e+02
5.979661865234375000e+02
9.927206420898437500e+02
4.881336669921875000e+02
3.013900451660156250e+02
7.330126342773437500e+02
4.396412658691406250e+02
4.065348815917968750e+02
3.509205245971679688e+01
4.472155761718750000e+01
3.702553558349609375e+01
3.083443832397460938e+01
4.092007446289062500e+01
2.884115791320800781e+01
3.070626449584960938e+01
4.070559692382812500e+01
3.074927902221679688e+01
4.878262329101562500e+01
1.263586883544921875e+02
8.345981597900390625e+01
4.488702774047851562e+01
1.160343399047851562e+02
6.640252685546875000e+01
4.267020797729492188e+01
8.560487365722656250e+01
3.483891296386718750e+01
-1.149355411529541016e+00
5.560815429687500000e+01
3.024562835693359375e+01
1.729487991333007812e+01
6.560470581054687500e+01
9.518612861633300781e+00
3.927710342407226562e+01
7.679356384277343750e+01
4.039840221405029297e+00
3.948637962341308594e+00
3.564054727554321289e+00
4.341970920562744141e+00
3.364748477935791016e+00
3.387986660003662109e+00
4.920018672943115234e+00
3.079502105712890625e+00
3.015316486358642578e+00
4.204826831817626953e+00
9.274017333984375000e+01
-3.780302429199218750e+01
3.734713745117187500e+01
2.029320068359375000e+02
4.653795623779296875e+01
8.208764648437500000e+01
9.708077239990234375e+01
-4.266470718383789062e+01
-2.097291374206542969e+01
1.531422042846679688e+01
9.411758422851562500e+00
-6.521066188812255859e+00
-3.883437871932983398e+00
-9.450795173645019531e+00
-1.532150268554687500e+01
-1.050154924392700195e+00
1.439437270164489746e+00
-5.969394445419311523e-01
2.340892028808593750e+01
6.320923328399658203e+00
7.430236935615539551e-01
4.304052734375000000e+01
2.169964408874511719e+01
1.141452407836914062e+01
5.102770614624023438e+01
2.770168685913085938e+01
2.005528259277343750e+01
9.835838012695312500e+02
8.834008178710937500e+02
9.083361206054687500e+02
7.981838989257812500e+02
7.289663696289062500e+02
7.438139648437500000e+02
6.750377197265625000e+02
5.686301879882812500e+02
5.010250549316406250e+02
-4.068937301635742188e+01
-6.410496520996093750e+01
-7.369114685058593750e+01
-1.000549316406250000e+01
-3.412671661376953125e+01
-5.108610153198242188e+01
-1.395929241180419922e+01
-2.442647361755371094e+01
-1.741078376770019531e+01
-1.351271724700927734e+01
1.072696685791015625e+00
1.106224656105041504e-01
-6.108276367187500000e+00
-7.812958240509033203e+00
-3.333883047103881836e+00
-9.389150142669677734e-01
5.779873371124267578e+00
-1.792134046554565430e+00
7.780113220214843750e+00
1.101720523834228516e+01
1.122691345214843750e+01
7.945386886596679688e+00
9.842138290405273438e+00
8.787315368652343750e+00
7.161113262176513672e+00
7.734111309051513672e+00
5.362331867218017578e+00
2.704960250854492188e+01
4.782816696166992188e+01
3.847298431396484375e+01
1.564345550537109375e+01
3.366481399536132812e+01
3.089732933044433594e+01
2.022772026062011719e+01
4.155514907836914062e+01
3.966503906250000000e+01
1.892359161376953125e+02
2.175165252685546875e+02
1.440977325439453125e+02
1.734571380615234375e+02
1.674349670410156250e+02
1.025555725097656250e+02
1.970992889404296875e+02
1.719300537109375000e+02
1.064381103515625000e+02
2.252643127441406250e+02
2.270306701660156250e+02
2.030731201171875000e+02
2.122696838378906250e+02
2.073818511962890625e+02
1.852225189208984375e+02
1.868075256347656250e+02
1.577359161376953125e+02
1.133317947387695312e+02
-3.696703720092773438e+01
-8.685409545898437500e+01
-1.357950897216796875e+02
-9.163373565673828125e+01
-1.085856399536132812e+02
-1.357118225097656250e+02
-5.166608428955078125e+01
-7.082020568847656250e+01
-5.042168807983398438e+01
1.238213348388671875e+02
1.107304916381835938e+02
1.162962417602539062e+02
1.126928176879882812e+02
1.155069198608398438e+02
8.668898773193359375e+01
1.150460968017578125e+02
1.201790313720703125e+02
8.234996032714843750e+01
-4.358297729492187500e+02
-4.809503784179687500e+02
-5.266231079101562500e+02
-3.590017700195312500e+02
-4.002278137207031250e+02
-4.665543518066406250e+02
-2.864267272949218750e+02
-3.350919494628906250e+02
-4.046565246582031250e+02
-4.740438232421875000e+02
-4.195970764160156250e+02
-4.609860229492187500e+02
-5.261380004882812500e+02
-4.371463928222656250e+02
-5.034439086914062500e+02
-5.819823608398437500e+02
-5.792187500000000000e+02
-6.168757324218750000e+02
-3.073869628906250000e+02
-3.681855468750000000e+02
-3.306110534667968750e+02
-2.750209350585937500e+02
-2.821273193359375000e+02
-3.313149719238281250e+02
-2.855103454589843750e+02
-2.659830322265625000e+02
-3.961438293457031250e+02
-1.248470020294189453e+01
-1.823933219909667969e+01
-1.969105529785156250e+01
-8.837468147277832031e+00
-1.517582893371582031e+01
-1.641219520568847656e+01
-8.633868217468261719e+00
-1.553217124938964844e+01
-1.731621170043945312e+01
-4.385031250000000000e+03
-4.655660156250000000e+03
-3.972469970703125000e+03
-3.959145996093750000e+03
-4.190459960937500000e+03
-3.744064208984375000e+03
-3.250816162109375000e+03
-3.602918212890625000e+03
-3.146754882812500000e+03
-8.470499420166015625e+01
-1.062092056274414062e+02
-1.692348022460937500e+02
-1.648959960937500000e+02
-2.139151458740234375e+02
-2.390934753417968750e+02
-1.280135803222656250e+02
-1.373410949707031250e+02
-1.362940979003906250e+02
-2.503197937011718750e+02
-2.433908843994140625e+02
-2.809913330078125000e+02
-3.067724609375000000e+02
-3.062856750488281250e+02
-2.729024963378906250e+02
-3.666263122558593750e+02
-3.947920837402343750e+02
-2.824279785156250000e+02
-4.333518554687500000e+03
-6.151580078125000000e+03
-6.824890625000000000e+03
-3.240129394531250000e+03
-5.030953613281250000e+03
-5.618673339843750000e+03
-3.804504150390625000e+03
-5.216182617187500000e+03
-5.786583984375000000e+03
-3.930610107421875000e+03
-4.057986083984375000e+03
-3.864885253906250000e+03
-3.590986816406250000e+03
-3.631622802734375000e+03
-3.639270996093750000e+03
-3.087467285156250000e+03
-3.022966308593750000e+03
-3.097824707031250000e+03
-4.933780822753906250e+02
-4.444697265625000000e+02
-3.345451049804687500e+02
-4.829244079589843750e+02
-4.840182800292968750e+02
-4.346034851074218750e+02
-3.282091064453125000e+02
-3.312222595214843750e+02
-4.208335876464843750e+02
-1.439142303466796875e+02
-1.538682403564453125e+02
-1.722188568115234375e+02
-1.216165084838867188e+02
-1.398141174316406250e+02
-1.557807159423828125e+02
-1.205882644653320312e+02
-1.427993011474609375e+02
-1.596993103027343750e+02
-2.168312377929687500e+02
-2.228025054931640625e+02
-3.375733032226562500e+02
-2.706493225097656250e+02
-2.708375854492187500e+02
-3.500555114746093750e+02
-3.181624755859375000e+02
-3.306996459960937500e+02
-4.178344421386718750e+02
-1.285146484375000000e+03
-1.298907104492187500e+03
-1.241482421875000000e+03
-1.559478149414062500e+03
-1.666276367187500000e+03
-1.557744506835937500e+03
-1.580683593750000000e+03
-1.809266479492187500e+03
-1.648403320312500000e+03
-3.845970153808593750e+02
-6.778914794921875000e+02
-1.000251037597656250e+03
-2.998234863281250000e+02
-6.974836425781250000e+02
-9.130997924804687500e+02
-4.087594909667968750e+02
-7.428911132812500000e+02
-9.741235351562500000e+02
-6.050687988281250000e+03
-5.628128417968750000e+03
-5.393012207031250000e+03
-6.596365234375000000e+03
-6.055254882812500000e+03
-5.460708984375000000e+03
-6.443303222656250000e+03
-5.981394042968750000e+03
-5.234624023437500000e+03
-1.606357910156250000e+03
-1.885739868164062500e+03
-1.711183471679687500e+03
-1.375337158203125000e+03
-1.632879516601562500e+03
-1.589006835937500000e+03
-1.191550781250000000e+03
-1.363358154296875000e+03
-1.332181030273437500e+03
-2.581839370727539062e+01
-2.702215003967285156e+01
-2.572960662841796875e+01
-2.455798912048339844e+01
-1.695995330810546875e+01
-1.938060569763183594e+01
-1.745890808105468750e+01
-1.231469726562500000e+01
-1.072439956665039062e+01
-2.700463867187500000e+01
-1.678043937683105469e+01
-1.236122798919677734e+01
-3.504987335205078125e+01
-2.000191879272460938e+01
-2.562672233581542969e+01
-3.060652160644531250e+01
-3.153491783142089844e+01
-5.420006179809570312e+01
-1.251109886169433594e+01
-2.698517036437988281e+01
-2.225637054443359375e+01
-2.343150901794433594e+01
-1.732541084289550781e+01
-1.515434551239013672e+01
-8.102064132690429688e+00
6.375460624694824219e+00
-1.064728975296020508e+00
9.376770257949829102e-02
-1.029141694307327271e-01
-7.927767038345336914e-01
3.643300533294677734e-01
-5.940284132957458496e-01
-4.590109586715698242e-01
1.339407265186309814e-01
7.420575618743896484e-02
-4.413878619670867920e-01
-2.023163909912109375e+02
-4.230039978027343750e+02
-3.745501098632812500e+02
-3.206275024414062500e+02
-4.507297668457031250e+02
-3.464497680664062500e+02
-1.560387725830078125e+02
-2.417053985595703125e+02
-1.811371765136718750e+02
-7.235107421875000000e+00
-5.727828025817871094e+00
-1.893979787826538086e+00
-2.965595960617065430e+00
-1.065159988403320312e+01
-8.717890739440917969e+00
1.394459009170532227e-01
-6.003082275390625000e+00
-8.514923095703125000e+00
-3.980181884765625000e+01
-3.539917373657226562e+01
-3.347543334960937500e+01
-3.977372741699218750e+01
-2.616174697875976562e+01
-3.669060516357421875e+01
-2.131290435791015625e+01
-2.499593162536621094e+01
-5.015835952758789062e+01
-2.163125000000000000e+02
-2.831744384765625000e+02
-4.360955200195312500e+02
-1.875284423828125000e+02
-1.420820465087890625e+02
-1.916098632812500000e+02
-3.183486328125000000e+02
-1.981773834228515625e+02
-1.960500946044921875e+02
-2.231385345458984375e+02
-2.586172790527343750e+02
-2.935579223632812500e+02
-9.541846466064453125e+01
-1.313079071044921875e+02
-1.538050842285156250e+02
-2.802040672302246094e+01
-5.481368637084960938e+01
-3.402869033813476562e+01
-5.145772457122802734e+00
-3.027210426330566406e+01
-6.588462066650390625e+01
-3.665846347808837891e+00
-1.355918216705322266e+01
-5.809646606445312500e+01
-3.534003496170043945e+00
1.770974636077880859e+00
-1.285560226440429688e+01
-1.013380336761474609e+01
-1.294821834564208984e+01
-1.046127223968505859e+01
-1.176066684722900391e+01
-1.054572010040283203e+01
-6.899178028106689453e+00
-1.078284263610839844e+01
-8.425438880920410156e+00
-8.913417816162109375e+00
-4.101822662353515625e+01
4.212577819824218750e+00
-1.127559852600097656e+01
-4.860113525390625000e+01
-3.890739059448242188e+01
-4.520196151733398438e+01
-6.198752593994140625e+01
-8.633551788330078125e+01
-7.893775939941406250e+01
-1.079555664062500000e+02
-1.047490234375000000e+02
-1.095337753295898438e+02
-1.296551971435546875e+02
-1.543060913085937500e+02
-2.265361633300781250e+02
-9.730931854248046875e+01
-1.230834960937500000e+02
-2.279319458007812500e+02
-6.436380767822265625e+01
-4.972931671142578125e+01
-4.426421737670898438e+01
-6.269235229492187500e+01
-4.996327209472656250e+01
-4.236240005493164062e+01
-7.549454498291015625e+01
-7.357498168945312500e+01
-8.065935516357421875e+01
-3.819553833007812500e+02
-4.600457763671875000e+02
-5.542620239257812500e+02
-3.559025878906250000e+02
-5.106108703613281250e+02
-6.972664794921875000e+02
-1.785153656005859375e+02
-3.782586059570312500e+02
-5.533274536132812500e+02
-4.847988891601562500e+01
-1.018152618408203125e+02
-1.160516967773437500e+02
-4.020590591430664062e+01
-5.632415008544921875e+01
-7.102672576904296875e+01
-4.885620498657226562e+01
-3.527709579467773438e+01
-3.708837127685546875e+01
-3.462814712524414062e+01
-4.170210266113281250e+01
-3.534161376953125000e+01
-3.449840545654296875e+01
-3.907023620605468750e+01
-2.954269409179687500e+01
-3.092436790466308594e+01
-3.352141952514648438e+01
-2.483225250244140625e+01
-4.352332687377929688e+01
-4.726434326171875000e+01
-2.182196426391601562e+01
-3.743811035156250000e+01
-3.715649795532226562e+01
-1.196745586395263672e+01
-4.997791671752929688e+01
-5.723842239379882812e+01
-3.962602233886718750e+01
-1.327282238006591797e+01
-4.038182830810546875e+01
-1.089243412017822266e+00
-1.841620826721191406e+01
-3.479101943969726562e+01
6.722348690032958984e+00
-1.665735816955566406e+01
-2.646210098266601562e+01
1.849034690856933594e+01
-9.922340512275695801e-01
-4.204366803169250488e-01
-6.485255360603332520e-01
-6.250692009925842285e-01
-8.940009772777557373e-02
-4.311333298683166504e-01
-4.242628812789916992e-01
1.370385885238647461e-01
-1.989192664623260498e-01
-4.327114257812500000e+02
-3.943688659667968750e+02
-3.678759155273437500e+02
-4.371488342285156250e+02
-3.575559692382812500e+02
-3.037425231933593750e+02
-4.273708801269531250e+02
-3.020899963378906250e+02
-2.689067382812500000e+02
-7.629441261291503906e+00
-3.762888193130493164e+00
-3.529965162277221680e+00
-5.119699954986572266e+00
-3.447859585285186768e-01
-1.691925287246704102e+00
-8.281933784484863281e+00
-5.542813301086425781e+00
-9.286664009094238281e+00
-5.663169097900390625e+01
-2.174065971374511719e+01
-1.909879302978515625e+01
-6.186032485961914062e+01
-2.708577728271484375e+01
-2.035938644409179688e+01
-5.400620269775390625e+01
-9.153944015502929688e+00
-1.679517745971679688e+01
-4.109741210937500000e+02
-4.101097106933593750e+02
-4.083732604980468750e+02
-3.254958801269531250e+02
-2.655227355957031250e+02
-2.989994812011718750e+02
-2.580324096679687500e+02
-2.235429840087890625e+02
-2.394781646728515625e+02
-3.140328979492187500e+02
-3.164768981933593750e+02
-3.201671447753906250e+02
-3.142789306640625000e+02
-3.410321044921875000e+02
-3.301547546386718750e+02
-2.784878540039062500e+02
-3.066728515625000000e+02
-2.847186889648437500e+02
-1.712817573547363281e+01
-3.193382453918457031e+01
-3.097974777221679688e+01
-2.433178329467773438e+01
-4.531501388549804688e+01
-4.752203750610351562e+01
-2.932379150390625000e+01
-4.609929275512695312e+01
-3.438276290893554688e+01
-1.428597164154052734e+01
-1.390813827514648438e+01
-1.068890380859375000e+01
-1.439186668395996094e+01
-1.153135013580322266e+01
-8.329226493835449219e+00
-1.349248409271240234e+01
-1.011186790466308594e+01
-7.627380371093750000e+00
-7.357006072998046875e+00
-2.693070602416992188e+01
-1.949006271362304688e+01
-1.289118385314941406e+01
-2.455097007751464844e+01
-2.098203468322753906e+01
-1.920077514648437500e+01
-2.545148468017578125e+01
-1.922850227355957031e+01
-1.277813720703125000e+02
-9.230125427246093750e+01
-6.688697052001953125e+01
-1.697662353515625000e+02
-1.339388427734375000e+02
-1.304998779296875000e+02
-1.784449920654296875e+02
-1.629988708496093750e+02
-1.730623931884765625e+02
-4.776627349853515625e+01
-2.167754364013671875e+01
-1.691334915161132812e+01
-2.809813117980957031e+01
-1.264027023315429688e+01
-9.315371513366699219e+00
-2.430937004089355469e+01
-9.653378486633300781e+00
-1.775309371948242188e+01
-4.246709594726562500e+02
-4.571169433593750000e+02
-5.611202392578125000e+02
-5.293520507812500000e+02
-6.240599975585937500e+02
-6.829637451171875000e+02
-5.447402954101562500e+02
-6.313940429687500000e+02
-6.215420532226562500e+02
-1.189733657836914062e+02
-1.375485076904296875e+02
-1.356113433837890625e+02
-1.164921951293945312e+02
-1.290274353027343750e+02
-1.106893768310546875e+02
-9.282889556884765625e+01
-1.092909622192382812e+02
-8.474875640869140625e+01
1.915914535522460938e+01
2.670473861694335938e+01
3.432537078857421875e+01
1.836569023132324219e+01
2.205611610412597656e+01
2.841570281982421875e+01
1.530910778045654297e+01
1.859659576416015625e+01
1.947012710571289062e+01
7.335223388671875000e+01
6.484853363037109375e+01
7.685489654541015625e+01
7.615153503417968750e+01
4.387393951416015625e+01
5.199071502685546875e+01
7.032231903076171875e+01
4.124851989746093750e+01
4.016703796386718750e+01
4.609871292114257812e+01
5.013644790649414062e+01
1.064241123199462891e+01
4.980747985839843750e+01
3.715505981445312500e+01
-1.742433547973632812e+01
4.287410354614257812e+01
1.780747175216674805e+00
-4.437488937377929688e+01
-1.086206912994384766e+00
2.222051858901977539e+00
4.096054553985595703e+00
-1.467780470848083496e+00
1.694158554077148438e+00
2.640039443969726562e+00
-5.911325812339782715e-01
2.270960092544555664e+00
2.795383453369140625e+00
-2.161455917358398438e+01
1.593157653808593750e+02
1.538052368164062500e+02
-8.434812164306640625e+01
1.332592620849609375e+02
1.285297393798828125e+02
-6.001397705078125000e+01
1.073965377807617188e+02
7.403345489501953125e+01
1.000504016876220703e+01
6.743639945983886719e+00
2.686811447143554688e+00
1.409531021118164062e+01
6.848745346069335938e+00
-5.980654239654541016e+00
4.047883510589599609e+00
-4.956536769866943359e+00
7.600008845329284668e-01
7.887439727783203125e+01
9.753175354003906250e+01
7.386573028564453125e+01
8.843978881835937500e+01
9.680640411376953125e+01
7.600141143798828125e+01
8.684726715087890625e+01
7.846833038330078125e+01
6.687459564208984375e+01
-7.057635498046875000e+01
3.191405334472656250e+02
7.642640991210937500e+02
-1.240447998046875000e+02
1.215678939819335938e+02
5.194750976562500000e+02
7.426026153564453125e+01
1.656354980468750000e+02
3.793747863769531250e+02
-1.407521247863769531e+00
-1.464105033874511719e+01
-1.426574325561523438e+01
-1.000085220336914062e+02
-9.261306762695312500e+01
-7.945887756347656250e+01
-1.228348617553710938e+02
-1.043106002807617188e+02
-9.502259826660156250e+01
-1.113298320770263672e+01
-1.086429023742675781e+01
-1.155022811889648438e+01
-2.810737609863281250e+01
-1.897753524780273438e+01
-1.178344917297363281e+01
-2.477528190612792969e+01
-1.535999011993408203e+01
-4.477135658264160156e+00
2.129893302917480469e+00
1.220666408538818359e+01
7.495112419128417969e+00
1.265259265899658203e+00
9.069544792175292969e+00
2.359267234802246094e+00
2.140415191650390625e+00
7.213125228881835938e+00
9.697665572166442871e-01
-4.205654525756835938e+01
-2.301877784729003906e+01
-2.623261451721191406e+01
-3.125916481018066406e+01
-1.432198905944824219e+01
-1.445856857299804688e+01
-3.396536636352539062e+01
1.120189189910888672e+00
-4.153599739074707031e+00
2.201620330810546875e+02
2.490867004394531250e+02
2.455166473388671875e+02
2.212801818847656250e+02
2.513830108642578125e+02
2.805754699707031250e+02
1.615939178466796875e+02
2.109995422363281250e+02
2.779716186523437500e+02
6.318006896972656250e+01
1.602874450683593750e+02
1.693998107910156250e+02
5.126434707641601562e+01
1.215282440185546875e+02
1.027079925537109375e+02
9.406365203857421875e+01
1.600399169921875000e+02
1.318872070312500000e+02
-6.706663513183593750e+01
-5.529637145996093750e+01
-2.571722412109375000e+01
-2.790607910156250000e+02
-1.038172988891601562e+02
4.053591918945312500e+01
-3.098455505371093750e+02
-1.424286270141601562e+01
1.312774200439453125e+02
8.631149291992187500e+01
1.221444396972656250e+02
1.681002044677734375e+02
6.082318115234375000e+01
1.036667480468750000e+02
1.178623352050781250e+02
4.056585311889648438e+01
8.447757720947265625e+01
5.731458663940429688e+01
-4.855679321289062500e+01
-5.684014892578125000e+01
-8.570279693603515625e+01
-4.636245727539062500e+01
-5.661747741699218750e+01
-8.945980834960937500e+01
-3.731196212768554688e+01
-4.426943969726562500e+01
-7.597589111328125000e+01
-9.366241455078125000e+01
-7.608124542236328125e+01
-1.476054992675781250e+02
-8.241641235351562500e+01
-6.021775817871093750e+01
-1.328187713623046875e+02
-7.616967773437500000e+01
-8.820372772216796875e+01
-1.691600952148437500e+02
-6.701036071777343750e+01
-7.042494201660156250e+01
-3.323663330078125000e+01
-1.602531814575195312e+01
-7.403406524658203125e+01
-5.650344467163085938e+01
-6.247735500335693359e+00
-5.544334030151367188e+01
-8.348561859130859375e+01
-4.834654629230499268e-01
-3.290997028350830078e+00
-2.939503669738769531e+00
-9.399681687355041504e-01
-2.805279970169067383e+00
-2.950101375579833984e+00
-9.345168471336364746e-01
-3.277745246887207031e+00
-3.462576150894165039e+00
-6.244374389648437500e+02
-9.722657470703125000e+02
-4.976961669921875000e+02
-6.192434082031250000e+02
-1.011626159667968750e+03
-4.839307250976562500e+02
-4.876215515136718750e+02
-9.023905029296875000e+02
-4.115762939453125000e+02
-8.963592529296875000e+00
-1.088334083557128906e+01
-1.901817321777343750e+01
3.182767629623413086e-01
-4.507967948913574219e+00
-3.132854461669921875e+01
-1.480497598648071289e+00
-1.573291873931884766e+01
-3.648441314697265625e+01
-7.878044891357421875e+01
-7.871012115478515625e+01
-9.150160217285156250e+01
-7.240678405761718750e+01
-9.377172851562500000e+01
-9.616060638427734375e+01
-4.854432678222656250e+01
-8.539342498779296875e+01
-7.863256072998046875e+01
-3.932825622558593750e+02
-1.154022827148437500e+03
-1.394521972656250000e+03
-2.796540527343750000e+02
-9.287979736328125000e+02
-1.227337646484375000e+03
-2.018386230468750000e+02
-7.611376953125000000e+02
-1.112623168945312500e+03
-3.279197387695312500e+02
-4.848599548339843750e+02
-4.394630737304687500e+02
-3.677965393066406250e+02
-5.680526733398437500e+02
-5.965369262695312500e+02
-3.314681701660156250e+02
-4.974009399414062500e+02
-5.199764404296875000e+02
-6.273163223266601562e+01
-5.601454544067382812e+01
-4.928719329833984375e+01
-7.039941406250000000e+01
-1.089143295288085938e+02
-9.069261932373046875e+01
-5.563781738281250000e+01
-7.814942169189453125e+01
-1.006572570800781250e+02
-2.084589385986328125e+01
-2.082307243347167969e+01
-2.056087303161621094e+01
-1.884514808654785156e+01
-1.920639228820800781e+01
-1.880707359313964844e+01
-1.356867122650146484e+01
-1.693766403198242188e+01
-2.001585006713867188e+01
-3.421131515502929688e+01
-2.123633766174316406e+01
-6.128992462158203125e+01
-4.212174987792968750e+01
-3.116895484924316406e+01
-5.779122924804687500e+01
-7.775907897949218750e+01
-4.435097122192382812e+01
-6.532498168945312500e+01
-2.171870727539062500e+02
-2.548961181640625000e+02
-3.032847595214843750e+02
-2.838460083007812500e+02
-3.695340270996093750e+02
-3.623937988281250000e+02
-3.382571716308593750e+02
-5.046179199218750000e+02
-4.823192749023437500e+02
2.293447685241699219e+01
-1.071972351074218750e+02
-2.441879730224609375e+02
-1.172705650329589844e+00
-1.091303939819335938e+02
-1.949959564208984375e+02
-5.969770431518554688e+01
-1.753742675781250000e+02
-2.132962036132812500e+02
-6.999743041992187500e+02
-7.682881469726562500e+02
-7.826318359375000000e+02
-1.051835815429687500e+03
-1.096144042968750000e+03
-1.044961059570312500e+03
-1.243917846679687500e+03
-1.386645263671875000e+03
-1.178616210937500000e+03
-1.935023193359375000e+02
-4.223351745605468750e+02
-2.578854980468750000e+02
-1.609305725097656250e+02
-3.902651062011718750e+02
-2.905635986328125000e+02
-9.208925628662109375e+01
-3.005931396484375000e+02
-2.388386077880859375e+02
7.228585052490234375e+01
6.908850860595703125e+01
6.203530502319335938e+01
6.368773269653320312e+01
5.896356582641601562e+01
5.440319442749023438e+01
4.785294342041015625e+01
4.426626968383789062e+01
4.417963409423828125e+01
5.712187194824218750e+01
4.631369781494140625e+01
7.716664886474609375e+01
5.659564971923828125e+01
4.939952850341796875e+01
7.954866027832031250e+01
6.280294418334960938e+01
6.817577362060546875e+01
1.070008087158203125e+02
3.025292015075683594e+01
3.421273422241210938e+01
4.024096679687500000e+01
2.438447189331054688e+01
3.726990509033203125e+01
4.822877120971679688e+01
2.522285270690917969e+01
3.425373077392578125e+01
5.798128509521484375e+01
1.963147282600402832e+00
1.418181538581848145e+00
1.560411691665649414e+00
1.175251245498657227e+00
8.984025120735168457e-01
1.077630758285522461e+00
6.068845987319946289e-01
6.037920117378234863e-01
6.550254821777343750e-01
6.873615112304687500e+02
6.361251831054687500e+02
5.715419311523437500e+02
5.580278930664062500e+02
5.298640136718750000e+02
4.985811767578125000e+02
4.754840087890625000e+02
4.674710083007812500e+02
4.433886108398437500e+02
1.337886524200439453e+01
1.595164108276367188e+01
2.121841621398925781e+01
1.664980316162109375e+01
2.202489471435546875e+01
2.782374763488769531e+01
1.651357460021972656e+01
2.071268653869628906e+01
2.152811241149902344e+01
3.672674179077148438e+01
3.008658218383789062e+01
3.755731201171875000e+01
3.699190139770507812e+01
3.907846069335937500e+01
5.177232360839843750e+01
5.043091964721679688e+01
5.692881774902343750e+01
6.215189361572265625e+01
7.496023559570312500e+02
6.996790161132812500e+02
7.747268066406250000e+02
4.450080871582031250e+02
4.588889770507812500e+02
5.418763427734375000e+02
3.585274658203125000e+02
3.746035766601562500e+02
4.061799926757812500e+02
4.842619934082031250e+02
4.926755981445312500e+02
4.668395996093750000e+02
5.206023559570312500e+02
5.092640991210937500e+02
4.865196228027343750e+02
4.712566223144531250e+02
4.362022399902343750e+02
4.111442565917968750e+02
5.792215347290039062e+01
5.571402359008789062e+01
4.470602798461914062e+01
7.381002044677734375e+01
7.769624328613281250e+01
6.898968505859375000e+01
6.054231643676757812e+01
5.770693206787109375e+01
6.644123840332031250e+01
2.079827880859375000e+01
1.831222152709960938e+01
1.661636543273925781e+01
1.585573577880859375e+01
1.490755558013916016e+01
1.475037860870361328e+01
1.535522651672363281e+01
1.457406425476074219e+01
1.534580135345458984e+01
4.626264190673828125e+01
4.798779296875000000e+01
3.255390930175781250e+01
4.378314971923828125e+01
3.665606307983398438e+01
2.746463775634765625e+01
4.136079025268554688e+01
3.601842880249023438e+01
3.460234451293945312e+01
1.521577758789062500e+02
1.414741210937500000e+02
1.803549194335937500e+02
2.077402191162109375e+02
2.202109375000000000e+02
2.368917541503906250e+02
2.442242889404296875e+02
2.727267761230468750e+02
3.034509277343750000e+02
8.935179138183593750e+01
7.613397216796875000e+01
6.106766510009765625e+01
5.444814300537109375e+01
5.031669235229492188e+01
3.777946853637695312e+01
3.533123397827148438e+01
4.640963363647460938e+01
4.713032531738281250e+01
6.499229736328125000e+02
7.379034423828125000e+02
7.524404907226562500e+02
8.865786132812500000e+02
8.970917358398437500e+02
8.414176635742187500e+02
9.325716552734375000e+02
9.028652954101562500e+02
8.511621093750000000e+02
1.990047454833984375e+02
2.123069915771484375e+02
2.265571594238281250e+02
1.798807983398437500e+02
1.983132781982421875e+02
2.219438171386718750e+02
1.460450592041015625e+02
1.636695861816406250e+02
1.910281829833984375e+02
1.132265014648437500e+02
1.150044097900390625e+02
1.212000656127929688e+02
1.155963134765625000e+02
1.136103134155273438e+02
1.186993484497070312e+02
1.072828521728515625e+02
1.042069396972656250e+02
1.152968673706054688e+02
1.799110107421875000e+02
2.034105682373046875e+02
2.548020324707031250e+02
1.564199523925781250e+02
1.782325286865234375e+02
2.501793518066406250e+02
1.402037506103515625e+02
1.656497650146484375e+02
2.370219879150390625e+02
3.038033866882324219e+01
3.477138137817382812e+01
7.464611053466796875e+01
3.099963569641113281e+01
4.239627838134765625e+01
9.154008483886718750e+01
4.311013031005859375e+01
5.808024215698242188e+01
1.224819030761718750e+02
5.129110813140869141e+00
5.855853557586669922e+00
4.563850879669189453e+00
3.529266595840454102e+00
4.723276138305664062e+00
4.396174907684326172e+00
2.653028726577758789e+00
3.200660228729248047e+00
3.572602272033691406e+00
9.305051879882812500e+02
9.575395507812500000e+02
8.871079101562500000e+02
9.538609008789062500e+02
9.480067138671875000e+02
8.123632812500000000e+02
8.349749145507812500e+02
9.011945190429687500e+02
8.361246948242187500e+02
1.681080627441406250e+01
1.226247596740722656e+01
2.308897018432617188e+01
1.618758773803710938e+01
2.716631317138671875e+01
3.348517227172851562e+01
2.305585670471191406e+01
3.595154190063476562e+01
4.132336425781250000e+01
7.107382965087890625e+01
8.559251403808593750e+01
9.974172973632812500e+01
5.947433090209960938e+01
9.308573150634765625e+01
9.826262664794921875e+01
6.174542999267578125e+01
1.059320678710937500e+02
1.117076568603515625e+02
1.777555786132812500e+03
1.862012695312500000e+03
1.814028564453125000e+03
1.465572998046875000e+03
1.611368652343750000e+03
1.720508300781250000e+03
1.161366943359375000e+03
1.352185546875000000e+03
1.586031616210937500e+03
5.918510131835937500e+02
6.535090942382812500e+02
6.631791992187500000e+02
7.257942504882812500e+02
7.671467895507812500e+02
7.573506469726562500e+02
7.176069946289062500e+02
7.578222045898437500e+02
7.431938476562500000e+02
4.478707504272460938e+01
5.042787933349609375e+01
6.451289367675781250e+01
5.866801834106445312e+01
5.650720214843750000e+01
6.189133834838867188e+01
8.669403076171875000e+01
7.621824645996093750e+01
6.963233184814453125e+01
3.208081054687500000e+01
3.241331863403320312e+01
3.390181350708007812e+01
3.101153945922851562e+01
3.028230094909667969e+01
3.247351074218750000e+01
2.928235435485839844e+01
3.107477378845214844e+01
3.443925857543945312e+01
9.591635131835937500e+01
1.000773162841796875e+02
8.779014587402343750e+01
9.235191345214843750e+01
7.566873168945312500e+01
6.968891143798828125e+01
9.832736206054687500e+01
5.407072067260742188e+01
5.408483123779296875e+01
3.859674072265625000e+02
5.198399658203125000e+02
5.677782592773437500e+02
3.904385070800781250e+02
5.057815551757812500e+02
5.430931396484375000e+02
4.629950866699218750e+02
5.651864624023437500e+02
5.518278198242187500e+02
3.078927917480468750e+02
3.316699523925781250e+02
3.148071594238281250e+02
2.156428985595703125e+02
2.422623748779296875e+02
2.571235046386718750e+02
1.673444824218750000e+02
1.853674468994140625e+02
2.128746948242187500e+02
1.057653320312500000e+03
1.273925781250000000e+03
1.236573242187500000e+03
1.276819091796875000e+03
1.391307861328125000e+03
1.301840454101562500e+03
1.410973266601562500e+03
1.452870361328125000e+03
1.302095581054687500e+03
3.014088439941406250e+02
3.291175537109375000e+02
3.448946838378906250e+02
3.262591552734375000e+02
3.489172973632812500e+02
3.759395141601562500e+02
3.309930725097656250e+02
3.484220581054687500e+02
3.952119140625000000e+02
9.620341491699218750e+01
9.526824188232421875e+01
9.254796600341796875e+01
9.776189422607421875e+01
9.707663726806640625e+01
9.555467224121093750e+01
9.674997711181640625e+01
9.214296722412109375e+01
8.890432739257812500e+01
2.196261138916015625e+02
2.164092559814453125e+02
1.896954956054687500e+02
2.098164978027343750e+02
2.035266571044921875e+02
1.880439300537109375e+02
1.958376312255859375e+02
2.021334686279296875e+02
2.030897674560546875e+02
9.270182037353515625e+01
7.536445617675781250e+01
4.209801483154296875e+01
8.770803070068359375e+01
5.990537643432617188e+01
4.270407485961914062e+01
6.218798828125000000e+01
4.374571228027343750e+01
6.045362472534179688e+01
4.670201778411865234e+00
4.249088764190673828e+00
3.720312833786010742e+00
5.031185626983642578e+00
4.904131889343261719e+00
3.993307828903198242e+00
5.157711029052734375e+00
4.332441329956054688e+00
3.060364723205566406e+00
8.611378173828125000e+02
8.350649414062500000e+02
7.090621948242187500e+02
9.544398193359375000e+02
8.881231079101562500e+02
6.601126708984375000e+02
8.548934936523437500e+02
7.509242553710937500e+02
5.693844604492187500e+02
3.429312515258789062e+01
2.256669807434082031e+01
2.263222885131835938e+01
6.448056697845458984e+00
7.687014579772949219e+00
1.666635894775390625e+01
1.073235702514648438e+01
1.400485706329345703e+01
3.522861099243164062e+01
1.038508987426757812e+02
7.236599731445312500e+01
6.574378967285156250e+01
1.178298034667968750e+02
7.611795043945312500e+01
7.190852355957031250e+01
1.144078826904296875e+02
7.650711822509765625e+01
7.440686798095703125e+01
1.506769653320312500e+03
1.567014892578125000e+03
1.347993286132812500e+03
1.585269653320312500e+03
1.530940063476562500e+03
1.189415039062500000e+03
1.473699584960937500e+03
1.276666381835937500e+03
9.922171630859375000e+02
4.502752990722656250e+02
4.849113464355468750e+02
4.788017578125000000e+02
4.192430725097656250e+02
4.777016601562500000e+02
5.074641723632812500e+02
4.028495483398437500e+02
4.684170837402343750e+02
5.050574035644531250e+02
6.131101608276367188e+01
6.050487899780273438e+01
6.879196166992187500e+01
5.903171920776367188e+01
8.453471374511718750e+01
8.554611206054687500e+01
6.466558074951171875e+01
8.830484008789062500e+01
8.341448211669921875e+01
3.884045028686523438e+01
3.163698959350585938e+01
2.621533203125000000e+01
4.151989746093750000e+01
3.014985656738281250e+01
2.085763931274414062e+01
3.548265838623046875e+01
2.393352317810058594e+01
1.746035766601562500e+01
8.103746795654296875e+01
7.000866699218750000e+01
9.147570037841796875e+01
8.758402252197265625e+01
8.002004241943359375e+01
9.045542144775390625e+01
1.088295135498046875e+02
1.021867675781250000e+02
8.260983276367187500e+01
5.431248779296875000e+02
4.633896179199218750e+02
4.665278930664062500e+02
5.776627807617187500e+02
5.171033325195312500e+02
5.137053833007812500e+02
6.054169311523437500e+02
5.819750366210937500e+02
5.584136962890625000e+02
1.834512329101562500e+02
1.613050842285156250e+02
1.907206268310546875e+02
2.249320220947265625e+02
1.657787170410156250e+02
1.689060058593750000e+02
2.542444763183593750e+02
1.708435211181640625e+02
1.369241333007812500e+02
8.787930297851562500e+02
9.307749023437500000e+02
1.073104248046875000e+03
9.634237060546875000e+02
1.086761230468750000e+03
1.171409301757812500e+03
1.134823974609375000e+03
1.254936523437500000e+03
1.197605102539062500e+03
3.404657592773437500e+02
3.962883605957031250e+02
3.121390380859375000e+02
3.132188415527343750e+02
3.530428466796875000e+02
2.861280517578125000e+02
2.793268432617187500e+02
2.872051391601562500e+02
2.500824432373046875e+02
