1.579198265075683594e+01
1.452341270446777344e+01
1.301412200927734375e+01
1.550073432922363281e+01
1.492524528503417969e+01
1.330922126770019531e+01
1.481573009490966797e+01
1.423155307769775391e+01
1.253883838653564453e+01
6.094053983688354492e-01
5.437279343605041504e-01
5.275199413299560547e-01
6.000214815139770508e-01
3.595135211944580078e-01
5.583538413047790527e-01
5.730283260345458984e-01
3.528080284595489502e-01
5.803188085556030273e-01
7.819975167512893677e-02
5.572376027703285217e-02
6.173063442111015320e-02
6.738588213920593262e-02
4.251079633831977844e-03
5.946271494030952454e-02
-3.986923024058341980e-02
-1.338735781610012054e-02
4.274032264947891235e-02
2.154727220535278320e+00
1.398727893829345703e+00
1.405067324638366699e+00
2.381825447082519531e+00
1.579776048660278320e+00
1.901394844055175781e+00
1.943735599517822266e+00
1.553211808204650879e+00
2.024752616882324219e+00
2.645521402359008789e+00
2.224184989929199219e+00
2.257983684539794922e+00
2.359208106994628906e+00
2.047771453857421875e+00
2.277792453765869141e+00
2.384923219680786133e+00
2.425768613815307617e+00
2.632025718688964844e+00
3.899930238723754883e+00
3.574161529541015625e+00
3.252539157867431641e+00
3.129696607589721680e+00
3.218762397766113281e+00
3.257006406784057617e+00
3.108987092971801758e+00
3.288805484771728516e+00
3.043972492218017578e+00
9.504939079284667969e+00
1.028170967102050781e+01
1.109519004821777344e+01
1.259342956542968750e+01
1.321082305908203125e+01
1.321298885345458984e+01
1.440947437286376953e+01
1.494001960754394531e+01
1.431162643432617188e+01
3.363304138183593750e-01
4.050293862819671631e-01
4.631624221801757812e-01
2.663959264755249023e-01
2.484851032495498657e-01
2.287226021289825439e-01
1.734497994184494019e-01
1.426855474710464478e-01
1.586910784244537354e-01
7.278723120689392090e-01
6.256735920906066895e-01
6.003232002258300781e-01
6.253777146339416504e-01
5.263702273368835449e-01
4.966889917850494385e-01
6.639113426208496094e-01
5.561843514442443848e-01
4.616046845912933350e-01
3.501622006297111511e-02
3.540933504700660706e-02
3.961049020290374756e-02
3.565634414553642273e-02
3.910604491829872131e-02
4.282277077436447144e-02
4.103395342826843262e-02
4.533923789858818054e-02
4.400385543704032898e-02
1.269896697998046875e+01
1.325749492645263672e+01
1.122550010681152344e+01
1.287870788574218750e+01
1.223831558227539062e+01
9.639124870300292969e+00
1.234488105773925781e+01
1.154986381530761719e+01
9.531925201416015625e+00
8.347090721130371094e+00
8.128890991210937500e+00
7.005644321441650391e+00
9.191976547241210938e+00
8.059325218200683594e+00
7.576552867889404297e+00
8.611459732055664062e+00
7.230878353118896484e+00
7.535188198089599609e+00
2.172702074050903320e+00
1.724890470504760742e+00
1.760860443115234375e+00
2.746297359466552734e+00
2.426213026046752930e+00
2.439810991287231445e+00
2.362668991088867188e+00
2.854723453521728516e+00
2.497818470001220703e+00
4.881115436553955078e+00
4.101684570312500000e+00
5.026408195495605469e+00
4.643056869506835938e+00
4.975439071655273438e+00
5.574249744415283203e+00
4.712357044219970703e+00
5.801408767700195312e+00
5.866537094116210938e+00
2.926691472530364990e-01
2.501835525035858154e-01
7.085869908332824707e-01
3.773488700389862061e-01
3.654136359691619873e-01
7.271931767463684082e-01
3.907015025615692139e-01
5.370040535926818848e-01
4.870076179504394531e-01
3.673603013157844543e-02
3.713577613234519958e-02
6.731891632080078125e-02
1.869088858366012573e-01
1.922155320644378662e-01
1.943533718585968018e-01
1.707116961479187012e-01
1.586821824312210083e-01
1.555145531892776489e-01
-3.468209838867187500e+01
-3.858465194702148438e+01
-3.088487815856933594e+01
-3.282064819335937500e+01
-3.516095733642578125e+01
-2.775846099853515625e+01
-2.769315338134765625e+01
-2.999791336059570312e+01
-2.718001937866210938e+01
-6.826481223106384277e-01
4.248502105474472046e-02
-2.792924165725708008e+00
5.533773303031921387e-01
2.939475178718566895e-01
-3.895867347717285156e+00
-5.965065360069274902e-01
-8.837142586708068848e-01
-3.294885635375976562e+00
1.542479842901229858e-01
2.242674864828586578e-02
4.527845680713653564e-01
-2.351753264665603638e-01
-1.737373322248458862e-01
-1.207379996776580811e-01
-1.287297904491424561e-01
-2.671461999416351318e-01
2.252915948629379272e-01
-3.425169944763183594e+00
-5.092664718627929688e+00
-6.864117622375488281e+00
-3.529494047164916992e+00
-6.082753181457519531e+00
-6.863433361053466797e+00
-5.078766345977783203e+00
-6.720931529998779297e+00
-6.584338665008544922e+00
-5.623873233795166016e+00
-4.854207038879394531e+00
-4.635312080383300781e+00
-6.345939159393310547e+00
-4.921219348907470703e+00
-4.631578445434570312e+00
-6.940769672393798828e+00
-5.237003326416015625e+00
-4.732800483703613281e+00
-5.595123767852783203e+00
-4.535593032836914062e+00
-1.856560707092285156e-01
-4.022919654846191406e+00
-3.620159149169921875e+00
9.780801534652709961e-01
-4.729331493377685547e+00
-3.822653293609619141e+00
2.287241965532302856e-01
-3.972694778442382812e+01
-3.872289276123046875e+01
-3.485232925415039062e+01
-3.674143981933593750e+01
-3.222182464599609375e+01
-3.306610870361328125e+01
-3.429146194458007812e+01
-2.917424583435058594e+01
-3.208888626098632812e+01
1.232780963182449341e-01
5.229101777076721191e-01
7.416059374809265137e-01
-2.795511484146118164e-01
-6.563421487808227539e-01
-6.787344217300415039e-01
1.024564653635025024e-01
-1.403439640998840332e-01
-2.128172665834426880e-01
-1.484434962272644043e+00
-1.562929034233093262e+00
-9.926760792732238770e-01
-1.806707859039306641e+00
-1.357738018035888672e+00
-1.188561320304870605e+00
-1.087649106979370117e+00
-3.318804800510406494e-01
-5.591622591018676758e-01
-1.393485665321350098e-01
-1.309980452060699463e-01
-9.085660427808761597e-02
-1.353781074285507202e-01
-1.212293058633804321e-01
-8.090627938508987427e-02
-1.012027859687805176e-01
-9.281886368989944458e-02
-6.980632245540618896e-02
-3.417664337158203125e+01
-2.845477867126464844e+01
-2.617955207824707031e+01
-3.212137222290039062e+01
-2.817679405212402344e+01
-2.540885162353515625e+01
-2.702112388610839844e+01
-2.326046943664550781e+01
-1.832192611694335938e+01
-1.639334106445312500e+01
-1.281951236724853516e+01
-1.122288417816162109e+01
-1.311298274993896484e+01
-1.725209045410156250e+01
-1.719691085815429688e+01
-7.746105670928955078e+00
-1.359267234802246094e+01
-1.296850967407226562e+01
-6.644410610198974609e+00
-9.211432456970214844e+00
-7.041767120361328125e+00
-7.625439643859863281e+00
-9.716236114501953125e+00
-7.589085102081298828e+00
-9.300021171569824219e+00
-9.150661468505859375e+00
-7.997480869293212891e+00
-1.111161136627197266e+01
-1.001932430267333984e+01
-1.160556030273437500e+01
-1.617041397094726562e+01
-1.350684452056884766e+01
-1.235472583770751953e+01
-1.578127002716064453e+01
-1.132983016967773438e+01
-1.056903839111328125e+01
-8.535953760147094727e-01
-1.905555248260498047e+00
-1.717441976070404053e-01
-1.419410467147827148e+00
-2.331955194473266602e+00
-6.043029427528381348e-01
-1.357245326042175293e+00
-2.122069597244262695e+00
-1.006699085235595703e+00
-9.940267354249954224e-02
6.622561253607273102e-03
-7.644037157297134399e-02
2.264301776885986328e-01
3.123684227466583252e-01
2.076619416475296021e-01
-1.597939729690551758e-01
-1.106788218021392822e-01
-5.225863307714462280e-03
5.631412982940673828e+00
5.955299377441406250e+00
6.047355175018310547e+00
6.167670249938964844e+00
6.400215625762939453e+00
6.537342071533203125e+00
5.749189376831054688e+00
5.599160671234130859e+00
5.123049736022949219e+00
5.821157693862915039e-01
9.494887590408325195e-01
1.960004717111587524e-01
1.142928525805473328e-01
7.267119884490966797e-01
2.473823875188827515e-01
-1.215651333332061768e-01
5.367296338081359863e-01
3.375103771686553955e-01
7.322683930397033691e-02
1.790577322244644165e-01
1.562563329935073853e-01
9.627579711377620697e-03
1.266020443290472031e-02
4.789099469780921936e-02
-9.338518604636192322e-03
6.234917789697647095e-02
-4.734485875815153122e-03
1.121076941490173340e+00
6.368864178657531738e-01
4.041873291134834290e-02
1.144433736801147461e+00
5.487781763076782227e-01
-5.988587439060211182e-02
7.797299027442932129e-01
2.258962541818618774e-01
-2.398281693458557129e-01
1.419372200965881348e+00
1.600772261619567871e+00
1.928201794624328613e+00
7.342477440834045410e-01
7.844525575637817383e-01
1.332688093185424805e+00
4.670012891292572021e-01
6.432133316993713379e-01
1.005513787269592285e+00
4.804466068744659424e-01
6.117533445358276367e-01
1.938188672065734863e+00
2.581804394721984863e-01
5.124674439430236816e-01
1.897613763809204102e+00
4.617820382118225098e-01
8.084514141082763672e-01
1.648587465286254883e+00
1.360520482063293457e+00
1.890541553497314453e+00
7.206794619560241699e-01
2.677500963211059570e+00
3.509879112243652344e+00
2.435659408569335938e+00
2.105201959609985352e+00
3.401287317276000977e+00
2.940412044525146484e+00
1.610770523548126221e-01
1.764401644468307495e-01
6.385686993598937988e-02
7.861079275608062744e-02
7.271582260727882385e-03
-7.506885379552841187e-02
-8.069617673754692078e-03
1.453492045402526855e-02
8.710404857993125916e-03
2.589082717895507812e-01
3.691169023513793945e-01
2.632225155830383301e-01
1.373282223939895630e-01
2.940137982368469238e-01
1.915554404258728027e-01
1.681484282016754150e-01
2.747898399829864502e-01
1.492024064064025879e-01
1.113408827222883701e-03
-1.545670442283153534e-03
1.956908032298088074e-03
6.712375208735466003e-03
7.499629165977239609e-03
9.293111041188240051e-03
9.623675607144832611e-03
1.308460626751184464e-02
1.380898430943489075e-02
7.372510433197021484e+00
8.128426551818847656e+00
8.158329963684082031e+00
6.568618774414062500e+00
7.000969886779785156e+00
6.827006340026855469e+00
5.090922355651855469e+00
5.490528583526611328e+00
5.625657558441162109e+00
3.728270828723907471e-01
1.978996038436889648e+00
-5.839974284172058105e-01
2.512940168380737305e+00
3.375570297241210938e+00
4.958335161209106445e-01
1.550809383392333984e+00
2.115300178527832031e+00
1.067280322313308716e-01
5.821527242660522461e-01
-2.564659416675567627e-01
-3.921198546886444092e-01
6.565303802490234375e-01
-8.776803314685821533e-02
-8.405856788158416748e-02
7.114421129226684570e-01
2.089898586273193359e-01
2.436786293983459473e-01
3.015313744544982910e-01
1.237446814775466919e-01
2.919469475746154785e-01
-8.121472597122192383e-02
2.034964859485626221e-01
2.180441319942474365e-01
6.948503851890563965e-01
1.193621158599853516e+00
9.756519198417663574e-01
1.167513579130172729e-01
3.935324028134346008e-02
1.055432781577110291e-01
8.672668784856796265e-02
-3.411255404353141785e-02
9.643303602933883667e-02
8.447097986936569214e-02
2.114384248852729797e-02
1.407475620508193970e-01
3.133538365364074707e-02
1.691317558288574219e-02
9.320874698460102081e-03
2.810613438487052917e-02
2.521812170743942261e-02
1.223436556756496429e-02
4.161915928125381470e-02
5.789155513048171997e-02
6.211785227060317993e-02
1.029784297943115234e+01
1.495734596252441406e+01
1.375090694427490234e+01
1.458004379272460938e+01
1.795043563842773438e+01
1.690462684631347656e+01
1.692604827880859375e+01
1.868782424926757812e+01
1.637525558471679688e+01
6.494663655757904053e-02
-4.919801373034715652e-03
2.579820342361927032e-02
2.602958679199218750e-01
1.589493602514266968e-01
1.246934756636619568e-01
1.423070281744003296e-01
1.804430931806564331e-01
7.620228081941604614e-02
5.240507051348686218e-02
2.585084363818168640e-02
3.726407513022422791e-02
5.722634494304656982e-03
3.097696416079998016e-02
1.275277733802795410e-01
9.285492449998855591e-02
1.176023259758949280e-01
5.189557373523712158e-02
6.491378545761108398e-01
1.165876835584640503e-01
1.683083623647689819e-01
3.041978478431701660e-01
6.105739623308181763e-02
1.196446493268013000e-01
9.590828418731689453e-02
4.152172803878784180e-02
1.261132955551147461e-01
3.888486623764038086e+00
4.753199100494384766e+00
5.674612045288085938e+00
4.086488723754882812e+00
4.988820075988769531e+00
5.744047164916992188e+00
3.982536792755126953e+00
4.624732971191406250e+00
5.358973026275634766e+00
5.652149200439453125e+00
8.221091270446777344e+00
8.534154891967773438e+00
6.445626735687255859e+00
8.347681999206542969e+00
7.854598999023437500e+00
6.438538074493408203e+00
7.584180831909179688e+00
6.567416667938232422e+00
2.150122880935668945e+00
1.702930212020874023e+00
1.257034301757812500e+00
2.701704502105712891e+00
2.436947584152221680e+00
2.185220003128051758e+00
2.528808355331420898e+00
1.845429420471191406e+00
2.116050004959106445e+00
6.437047719955444336e-01
5.670148730278015137e-01
3.414556980133056641e-01
2.313489913940429688e-01
1.360242515802383423e-01
1.283120457082986832e-02
3.349832445383071899e-02
6.585500203073024750e-03
-8.299245685338973999e-02
2.624348104000091553e-01
3.415689468383789062e-01
6.128501892089843750e-01
5.330139398574829102e-01
6.967352628707885742e-01
9.110352993011474609e-01
8.428911566734313965e-01
9.494838714599609375e-01
1.133111596107482910e+00
1.420552283525466919e-02
2.616217732429504395e-02
2.756780944764614105e-02
2.242056466639041901e-02
3.437872976064682007e-02
3.313427790999412537e-02
2.977842092514038086e-02
3.867408260703086853e-02
3.431438654661178589e-02
8.603302001953125000e+00
1.347324848175048828e+01
1.795525932312011719e+01
1.313804149627685547e+01
1.810478019714355469e+01
2.270132827758789062e+01
1.631780052185058594e+01
2.151237106323242188e+01
2.533007812500000000e+01
4.496653079986572266e+00
2.665575742721557617e+00
1.780600428581237793e+00
4.179384708404541016e+00
2.392090320587158203e+00
2.334089517593383789e+00
4.928971767425537109e+00
2.995636224746704102e+00
2.096418619155883789e+00
4.869344085454940796e-02
-4.697586596012115479e-02
-1.164797134697437286e-02
-1.770357936620712280e-01
-6.249206140637397766e-02
2.432143837213516235e-01
-7.236346602439880371e-02
3.757085204124450684e-01
2.621878087520599365e-01
3.264180660247802734e+00
4.616978168487548828e+00
5.173916816711425781e+00
3.190613269805908203e+00
4.576485633850097656e+00
5.510405063629150391e+00
3.279893636703491211e+00
4.811780452728271484e+00
6.166695594787597656e+00
4.478367045521736145e-02
-8.523270487785339355e-02
-1.838649064302444458e-02
3.038345091044902802e-02
3.696530684828758240e-02
6.971312314271926880e-02
-8.158663660287857056e-02
-9.450761228799819946e-02
-1.187188550829887390e-01
6.148050725460052490e-02
4.200686514377593994e-02
3.149448707699775696e-02
1.422699242830276489e-01
1.217641383409500122e-01
9.309746325016021729e-02
-2.922147884964942932e-02
-8.454125374555587769e-02
-1.143936812877655029e-01
3.395208740234375000e+01
3.762979888916015625e+01
3.974096679687500000e+01
4.367195510864257812e+01
4.665654754638671875e+01
4.729344940185546875e+01
3.954432296752929688e+01
3.991279983520507812e+01
4.271483230590820312e+01
2.387569993734359741e-01
1.435916066169738770e+00
1.815197765827178955e-01
8.103807568550109863e-01
1.553943634033203125e+00
1.795137882232666016e+00
8.018007278442382812e-01
1.258667588233947754e+00
2.837709903717041016e+00
2.193001359701156616e-01
3.442425131797790527e-01
1.325500607490539551e-01
3.087841272354125977e-01
5.739026069641113281e-01
5.527510643005371094e-01
1.211258545517921448e-01
2.375320345163345337e-02
2.389322966337203979e-03
6.457608699798583984e+00
7.781851768493652344e+00
7.907524585723876953e+00
7.586243152618408203e+00
1.006030464172363281e+01
1.080744361877441406e+01
6.852131366729736328e+00
9.567826271057128906e+00
1.047644615173339844e+01
4.048536300659179688e+00
5.585328578948974609e+00
5.150737285614013672e+00
3.390230894088745117e+00
4.962337970733642578e+00
4.867631912231445312e+00
3.016595125198364258e+00
4.218934535980224609e+00
3.741245985031127930e+00
3.881631135940551758e+00
1.896197319030761719e+00
1.761124849319458008e+00
3.276504278182983398e+00
1.114995002746582031e+00
2.299698144197463989e-01
1.830571889877319336e+00
-1.246869325637817383e+00
-2.189986467361450195e+00
3.750774002075195312e+01
4.849138641357421875e+01
4.558424377441406250e+01
5.894875717163085938e+01
7.021257019042968750e+01
6.567678070068359375e+01
6.723865509033203125e+01
7.370510101318359375e+01
7.024787139892578125e+01
1.312179327011108398e+00
1.201693892478942871e+00
1.271592855453491211e+00
7.972382307052612305e-01
1.082529067993164062e+00
1.180740237236022949e+00
-2.013899534940719604e-01
2.985773682594299316e-01
5.998237133026123047e-01
1.430424451828002930e+00
2.127964496612548828e+00
1.323126673698425293e+00
1.480928659439086914e+00
2.408363580703735352e+00
1.342391371726989746e+00
1.145484209060668945e+00
1.715380430221557617e+00
6.478966474533081055e-01
1.217639073729515076e-01
1.291679739952087402e-01
1.243913993239402771e-01
1.536612808704376221e-01
1.602922081947326660e-01
1.396235227584838867e-01
1.721282899379730225e-01
1.757847070693969727e-01
1.552561521530151367e-01
1.974595260620117188e+01
2.350802421569824219e+01
1.778226470947265625e+01
2.947763252258300781e+01
2.772438812255859375e+01
1.790437507629394531e+01
2.546724891662597656e+01
2.175053787231445312e+01
1.339627647399902344e+01
2.583674812316894531e+01
2.761217689514160156e+01
2.455293273925781250e+01
2.857346153259277344e+01
3.043886756896972656e+01
2.829160881042480469e+01
3.051476669311523438e+01
3.300806427001953125e+01
2.953451538085937500e+01
7.378362655639648438e+00
1.115224647521972656e+01
1.045506572723388672e+01
1.043466091156005859e+01
1.567408847808837891e+01
1.595657730102539062e+01
1.210450267791748047e+01
1.636617088317871094e+01
1.757593154907226562e+01
7.593449592590332031e+00
9.181180953979492188e+00
9.415271759033203125e+00
1.188349533081054688e+01
1.481795501708984375e+01
1.640524101257324219e+01
1.310859680175781250e+01
1.930324172973632812e+01
2.082064056396484375e+01
2.246393680572509766e+00
2.108962297439575195e+00
2.242300271987915039e+00
3.325121879577636719e+00
3.637783288955688477e+00
3.173450469970703125e+00
2.765573501586914062e+00
3.378783941268920898e+00
2.026252508163452148e+00
1.742988824844360352e-01
1.854968816041946411e-01
1.675396859645843506e-01
7.943684458732604980e-01
6.107921004295349121e-01
4.575006365776062012e-01
5.559226870536804199e-01
4.938943684101104736e-01
4.361192286014556885e-01
1.430542469024658203e+00
8.952024579048156738e-01
7.061599493026733398e-01
8.686767816543579102e-01
7.905802726745605469e-01
6.042084693908691406e-01
3.787984848022460938e-01
4.010183811187744141e-01
3.503727614879608154e-01
1.511888355016708374e-01
1.447917670011520386e-01
6.545932590961456299e-02
1.700124442577362061e-01
2.292006611824035645e-01
8.299436420202255249e-02
-6.064860522747039795e-02
3.056726604700088501e-02
-2.749864710494875908e-03
4.123561084270477295e-02
1.513772644102573395e-03
3.543145721778273582e-03
5.763087887316942215e-03
-1.122332643717527390e-02
7.926682010293006897e-03
-1.118868682533502579e-02
-5.291731562465429306e-03
1.087912265211343765e-02
2.044605836272239685e-02
-1.963965129107236862e-03
9.572219848632812500e-02
-1.305723283439874649e-02
2.824963815510272980e-02
7.746917754411697388e-02
-5.617082118988037109e-03
7.571097463369369507e-02
7.180289924144744873e-02
-1.918209716677665710e-03
2.357352152466773987e-02
3.445806913077831268e-03
-4.711520858108997345e-03
1.811511814594268799e-03
-1.199017837643623352e-02
7.692953199148178101e-02
7.921920716762542725e-02
-9.980848059058189392e-03
5.305958911776542664e-02
-1.189704611897468567e-02
-2.070881426334381104e-02
1.286254972219467163e-01
4.012320190668106079e-02
-2.835280075669288635e-02
4.129991233348846436e-01
3.626773357391357422e-01
1.863075494766235352e-01
4.572830200195312500e-01
4.316356480121612549e-01
3.227411508560180664e-01
7.951772212982177734e-01
6.106171011924743652e-01
3.473921716213226318e-01
6.730298995971679688e-01
5.751328468322753906e-01
3.510984182357788086e-01
-1.661468669772148132e-02
-5.312131717801094055e-03
-2.600604295730590820e-02
1.291044242680072784e-02
2.585040405392646790e-02
3.969538956880569458e-02
1.153873279690742493e-01
1.657771617174148560e-01
1.615640372037887573e-01
3.025480918586254120e-02
4.014545306563377380e-02
1.356778573244810104e-02
1.613677665591239929e-02
-5.433897604234516621e-04
7.300770375877618790e-03
3.162979334592819214e-02
-1.640407019294798374e-03
-9.514577686786651611e-03
1.048192381858825684e-03
9.977465961128473282e-04
8.901832625269889832e-04
1.049095764756202698e-03
4.959367215633392334e-04
3.837770782411098480e-04
2.710149390622973442e-03
1.970342826098203659e-03
1.030475716106593609e-03
7.910827994346618652e-01
4.768977463245391846e-01
5.473955869674682617e-01
4.210063219070434570e-01
1.048076599836349487e-01
4.118057191371917725e-01
4.799626767635345459e-01
2.278245687484741211e-01
4.073730409145355225e-01
1.177939414978027344e+00
8.211476802825927734e-01
4.932783246040344238e-01
7.448446750640869141e-01
9.311736822128295898e-01
7.781828641891479492e-01
7.766807675361633301e-01
1.072475075721740723e+00
8.959522843360900879e-01
2.722060680389404297e-02
1.018018200993537903e-01
1.941882371902465820e-01
2.963244318962097168e-01
1.551621258258819580e-01
8.061721920967102051e-02
2.168501615524291992e-01
6.680224090814590454e-02
-1.346523687243461609e-02
3.289456665515899658e-01
2.495945245027542114e-01
3.305348753929138184e-01
1.647463440895080566e-01
1.289623230695724487e-01
1.502111852169036865e-01
3.725358247756958008e-01
3.106906414031982422e-01
1.832854747772216797e-01
-8.730491995811462402e-02
-3.704566881060600281e-02
1.279477961361408234e-03
-5.142286419868469238e-02
3.182750195264816284e-02
9.588509798049926758e-03
-5.666394531726837158e-02
6.321921944618225098e-03
-1.100108120590448380e-02
4.156894981861114502e-03
-1.577448216266930103e-03
-1.095501985400915146e-02
6.068719550967216492e-02
4.117633029818534851e-02
3.071590326726436615e-02
2.607310563325881958e-02
1.194128673523664474e-02
9.628106839954853058e-03
3.933735847473144531e+00
4.821253776550292969e+00
5.098257064819335938e+00
5.700266361236572266e+00
5.900695800781250000e+00
4.403945446014404297e+00
7.997252464294433594e+00
8.357003211975097656e+00
5.250342369079589844e+00
3.739173337817192078e-02
3.678147196769714355e-01
-8.444617502391338348e-03
4.749288260936737061e-01
1.831053346395492554e-01
-1.428433656692504883e-01
4.072084426879882812e-01
3.633207455277442932e-02
-6.718398630619049072e-02
-2.814009785652160645e-02
-1.418499946594238281e-01
-1.524050831794738770e-01
-8.021930605173110962e-02
1.659962721168994904e-02
-5.069955810904502869e-02
-8.257107809185981750e-03
1.097924448549747467e-02
2.338299900293350220e-02
3.744167685508728027e-01
-9.079737663269042969e-01
-1.178067445755004883e+00
5.948747992515563965e-01
-1.136362433433532715e+00
-9.128368496894836426e-01
-3.277491405606269836e-02
-1.723428726196289062e+00
-6.673933267593383789e-01
4.366700723767280579e-02
-6.486288309097290039e-01
-5.163049697875976562e-02
3.807639777660369873e-01
-3.304876983165740967e-01
5.081793069839477539e-01
-2.280275523662567139e-01
-6.498788595199584961e-01
4.826794862747192383e-01
2.426779747009277344e+00
2.430747747421264648e+00
2.708989143371582031e+00
1.987046360969543457e+00
2.249878406524658203e+00
2.776834011077880859e+00
2.005023241043090820e+00
3.069898366928100586e+00
3.099216938018798828e+00
-1.040917301177978516e+01
-9.192659378051757812e+00
-6.212475299835205078e+00
-1.088333606719970703e+01
-7.558707714080810547e+00
-6.010194778442382812e+00
-7.173173427581787109e+00
-3.301908016204833984e+00
-3.111714363098144531e+00
1.776072680950164795e-01
2.323889136314392090e-01
3.843549266457557678e-02
1.815340369939804077e-01
1.506620831787586212e-02
-9.318656474351882935e-02
9.592089802026748657e-03
-1.242571175098419189e-01
-1.926622390747070312e-01
-9.495920687913894653e-02
-9.059022367000579834e-02
9.452845156192779541e-02
1.294355560094118118e-02
9.486668556928634644e-02
2.063071429729461670e-01
1.964563727378845215e-01
1.822079867124557495e-01
2.700712978839874268e-01
1.487278612330555916e-03
9.942921809852123260e-03
1.921047270298004150e-02
-4.407390020787715912e-03
1.039029564708471298e-02
2.150193043053150177e-02
-4.724256694316864014e-03
1.694007404148578644e-02
2.335039898753166199e-02
-4.177306652069091797e+00
-2.806581258773803711e+00
-2.257209062576293945e+00
-2.563041210174560547e+00
-8.660064935684204102e-01
-2.244275093078613281e+00
-2.151577711105346680e+00
-1.413013339042663574e+00
-1.412089824676513672e+00
6.568007469177246094e+00
9.829577445983886719e+00
5.222844600677490234e+00
7.462151527404785156e+00
9.263380050659179688e+00
2.781521797180175781e+00
3.200970411300659180e+00
3.480697631835937500e+00
-3.396333158016204834e-01
-1.176451683044433594e+00
-3.297109842300415039e+00
-1.265896916389465332e+00
-1.260909438133239746e+00
-2.500763416290283203e+00
-1.950765103101730347e-01
-1.269528865814208984e-01
-4.267120659351348877e-01
8.480378985404968262e-01
5.108442306518554688e+00
3.522520780563354492e+00
6.299303054809570312e+00
4.196239948272705078e+00
3.922363281250000000e+00
7.007940292358398438e+00
4.640624523162841797e+00
5.007172584533691406e+00
7.646658897399902344e+00
-8.546605110168457031e-01
-3.825989961624145508e-01
-6.028202176094055176e-01
-1.641661763191223145e+00
-9.601949453353881836e-01
-7.613930106163024902e-01
-1.791622996330261230e+00
-7.875092029571533203e-01
-7.012028098106384277e-01
-8.344976603984832764e-02
-4.168653115630149841e-02
-5.260047316551208496e-02
-2.797267138957977295e-01
-3.175146281719207764e-01
-2.935481965541839600e-01
-2.449988126754760742e-01
-2.580474019050598145e-01
-2.378963381052017212e-01
4.123610496520996094e+00
4.465117931365966797e+00
4.368000507354736328e+00
6.723863601684570312e+00
7.005140304565429688e+00
5.995653629302978516e+00
8.268194198608398438e+00
8.193884849548339844e+00
6.667183876037597656e+00
9.419719874858856201e-02
2.467421144247055054e-01
-1.169824451208114624e-01
-9.468414634466171265e-02
-7.964962720870971680e-02
-1.061680316925048828e-01
-7.474066317081451416e-02
-3.804353624582290649e-02
1.144388169050216675e-01
-1.550778746604919434e-03
-5.940642580389976501e-02
1.017655618488788605e-02
1.024259813129901886e-02
3.823120146989822388e-02
2.453887835144996643e-02
-8.772700093686580658e-03
5.102333612740039825e-03
4.316431656479835510e-02
-2.254786491394042969e-01
-1.578706502914428711e-01
-4.910158514976501465e-01
-1.235423758625984192e-01
-1.697256416082382202e-02
-2.780648171901702881e-01
-1.994364261627197266e-01
-9.625423699617385864e-03
-2.985581755638122559e-01
2.612254858016967773e+00
3.178485393524169922e+00
3.162032365798950195e+00
2.859337568283081055e+00
3.615864753723144531e+00
3.707412719726562500e+00
2.824013948440551758e+00
3.378633499145507812e+00
3.450737953186035156e+00
3.416652202606201172e+00
3.635057210922241211e+00
4.237353801727294922e+00
3.820225715637207031e+00
3.932109355926513672e+00
4.211031913757324219e+00
3.733835220336914062e+00
3.575900554656982422e+00
3.480403661727905273e+00
-1.813778400421142578e+00
-8.458938598632812500e-01
-3.424485772848129272e-02
-1.735610067844390869e-01
7.754689455032348633e-01
1.182625532150268555e+00
1.234860062599182129e+00
1.526392936706542969e+00
1.815868496894836426e+00
1.867992728948593140e-01
2.025629281997680664e-01
2.816158831119537354e-01
2.307204902172088623e-01
1.377679854631423950e-01
1.738171875476837158e-01
-1.427724659442901611e-01
-1.704910993576049805e-01
-1.228238344192504883e-01
3.280554711818695068e-01
4.552400112152099609e-01
4.271909594535827637e-01
3.215793073177337646e-01
6.262250542640686035e-01
5.534607768058776855e-01
4.055115878582000732e-01
6.795653700828552246e-01
6.161234378814697266e-01
1.123223337344825268e-03
2.742545912042260170e-03
6.835229229182004929e-03
9.549155831336975098e-03
1.167409401386976242e-02
1.416876539587974548e-02
1.188152749091386795e-02
1.304160617291927338e-02
1.245221961289644241e-02
1.124294471740722656e+01
1.290928554534912109e+01
1.332956123352050781e+01
1.310106277465820312e+01
1.501351451873779297e+01
1.512165260314941406e+01
1.387991428375244141e+01
1.548276042938232422e+01
1.567920970916748047e+01
-9.916248917579650879e-01
-6.713836789131164551e-01
-7.827266454696655273e-01
9.849199056625366211e-01
8.802355527877807617e-01
1.041621088981628418e+00
-9.631106257438659668e-02
6.526993215084075928e-02
-4.251226037740707397e-02
-1.026100873947143555e+00
-7.916017174720764160e-01
-7.468547821044921875e-01
-1.205420017242431641e+00
-8.638646602630615234e-01
-5.838276147842407227e-01
-1.083816647529602051e+00
-5.930380821228027344e-01
-4.245617985725402832e-01
2.957342565059661865e-01
2.743869125843048096e-01
6.505603790283203125e-01
6.914017200469970703e-01
1.475322246551513672e+00
2.160323619842529297e+00
6.850029230117797852e-01
1.496980786323547363e+00
2.302017927169799805e+00
3.755685314536094666e-02
-8.725295215845108032e-02
-1.801178455352783203e-01
1.189276278018951416e-01
2.167044728994369507e-01
-1.404188424348831177e-01
3.458282351493835449e-02
1.100834533572196960e-01
-1.290940791368484497e-01
1.133264824748039246e-01
1.203969940543174744e-01
1.420162767171859741e-01
5.414310842752456665e-02
3.593944013118743896e-02
2.706633880734443665e-02
2.258170954883098602e-02
-1.500791963189840317e-02
-8.780331350862979889e-03
1.103435230255126953e+01
1.198436450958251953e+01
1.357582187652587891e+01
1.020404052734375000e+01
1.154622364044189453e+01
1.376608562469482422e+01
7.637058258056640625e+00
9.937278747558593750e+00
1.249131011962890625e+01
1.884141415357589722e-01
2.175945192575454712e-01
3.084885776042938232e-01
1.710317283868789673e-01
3.339269161224365234e-01
5.736851096153259277e-01
1.618162393569946289e-01
2.772208452224731445e-01
3.441873192787170410e-01
5.746134743094444275e-02
8.204764127731323242e-02
6.424218416213989258e-02
9.606575593352317810e-03
-2.135952003300189972e-02
3.220489993691444397e-02
-8.386068977415561676e-03
-6.865898612886667252e-03
3.144989535212516785e-02
2.245579004287719727e+00
2.860947847366333008e+00
3.136096000671386719e+00
2.364534378051757812e+00
3.022508621215820312e+00
3.184274435043334961e+00
2.327630043029785156e+00
2.897523403167724609e+00
2.903868913650512695e+00
1.583154201507568359e+00
1.758471608161926270e+00
1.520560741424560547e+00
1.044698357582092285e+00
1.227389574050903320e+00
1.102242708206176758e+00
1.219058752059936523e+00
1.309820175170898438e+00
1.156927227973937988e+00
5.251323580741882324e-01
3.441607654094696045e-01
6.170647144317626953e-01
1.254761777818202972e-02
-1.045755818486213684e-01
3.347622752189636230e-01
9.959931671619415283e-02
-3.341961279511451721e-02
5.409931540489196777e-01
1.997041320800781250e+01
2.021137237548828125e+01
1.872988510131835938e+01
2.210243225097656250e+01
2.192467498779296875e+01
2.035131835937500000e+01
2.051985740661621094e+01
2.077952384948730469e+01
1.958192443847656250e+01
3.268422931432723999e-02
1.102027222514152527e-01
1.691752523183822632e-01
8.229139447212219238e-02
1.004127860069274902e-01
1.240919977426528931e-01
2.591867446899414062e-01
2.649988830089569092e-01
2.342937737703323364e-01
4.994615912437438965e-01
4.845354557037353516e-01
3.501883745193481445e-01
3.025399744510650635e-01
2.989478409290313721e-01
1.508120596408843994e-01
1.948581933975219727e-01
2.149203717708587646e-01
1.285302340984344482e-01
4.200266674160957336e-02
3.974054381251335144e-02
3.837315365672111511e-02
4.138608649373054504e-02
3.643311932682991028e-02
3.592955321073532104e-02
4.308790713548660278e-02
4.119998589158058167e-02
4.213739559054374695e-02
9.368401527404785156e+00
8.612927436828613281e+00
8.300647735595703125e+00
6.578932762145996094e+00
5.441098213195800781e+00
5.456310272216796875e+00
5.373923301696777344e+00
4.328540802001953125e+00
4.961531162261962891e+00
6.916961193084716797e+00
7.264834403991699219e+00
7.680629730224609375e+00
7.068089485168457031e+00
7.463138580322265625e+00
8.273808479309082031e+00
8.266843795776367188e+00
9.308720588684082031e+00
9.682466506958007812e+00
3.258282423019409180e+00
3.705738544464111328e+00
3.493851184844970703e+00
4.081149101257324219e+00
4.448657035827636719e+00
3.973729848861694336e+00
3.417092084884643555e+00
3.852242469787597656e+00
3.535481929779052734e+00
2.307334899902343750e+00
2.973282337188720703e+00
3.161182165145874023e+00
2.483124494552612305e+00
2.809031009674072266e+00
2.960174322128295898e+00
2.324233055114746094e+00
2.788872003555297852e+00
3.072899341583251953e+00
1.174635887145996094e+00
9.428408741950988770e-01
8.839072585105895996e-01
1.423473954200744629e+00
1.140531897544860840e+00
1.008379697799682617e+00
1.529788732528686523e+00
1.356471657752990723e+00
9.689937233924865723e-01
1.539542227983474731e-01
1.639857441186904907e-01
1.577118784189224243e-01
4.440369307994842529e-01
4.675195813179016113e-01
4.443157911300659180e-01
3.223920464515686035e-01
3.268206417560577393e-01
3.016862273216247559e-01
2.579325437545776367e+00
2.689990758895874023e+00
1.187105536460876465e+00
1.639806509017944336e+00
1.728728413581848145e+00
1.050478339195251465e+00
1.283028006553649902e+00
9.518719315528869629e-01
6.353639960289001465e-01
1.285175830125808716e-01
1.401611715555191040e-01
4.397163987159729004e-01
-1.876805350184440613e-02
1.870146095752716064e-01
5.017344355583190918e-01
-8.087009191513061523e-02
1.506390720605850220e-01
3.439243733882904053e-01
2.731129713356494904e-02
4.284581169486045837e-02
-4.489581286907196045e-02
-2.161111123859882355e-02
1.401322893798351288e-02
-1.217558048665523529e-02
-1.235081069171428680e-02
-3.457225393503904343e-03
1.535450760275125504e-02
1.068379059433937073e-01
2.660004198551177979e-01
-7.677887380123138428e-02
1.239393129944801331e-01
1.849599182605743408e-01
-1.455477178096771240e-01
2.647299468517303467e-01
2.556182444095611572e-01
-1.016788482666015625e-01
6.040408015251159668e-01
6.682919859886169434e-01
4.908357560634613037e-01
3.780972957611083984e-01
4.543001949787139893e-01
2.496960163116455078e-01
2.996661365032196045e-01
3.314276337623596191e-01
1.402928382158279419e-01
3.442279994487762451e-01
3.434654772281646729e-01
1.640984117984771729e-01
4.634716808795928955e-01
3.417581021785736084e-01
2.053034305572509766e-01
3.387046158313751221e-01
1.876576095819473267e-01
9.256070852279663086e-02
2.158776283264160156e+00
1.391448140144348145e+00
3.505522906780242920e-01
1.595434546470642090e+00
1.054194569587707520e+00
3.791765570640563965e-01
1.053513765335083008e+00
8.460277318954467773e-01
5.337663888931274414e-01
2.871104143559932709e-02
4.049736633896827698e-02
5.157754197716712952e-02
-3.535084798932075500e-02
-7.243604864925146103e-03
1.200137007981538773e-02
-1.108094677329063416e-02
1.495811808854341507e-02
-5.504028499126434326e-02
2.004569172859191895e-01
1.133093386888504028e-01
2.282407693564891815e-02
2.170937806367874146e-01
7.870431244373321533e-02
-6.879968568682670593e-03
1.505734771490097046e-01
1.050666943192481995e-01
5.441106855869293213e-03
4.466109443455934525e-03
3.849671920761466026e-03
3.371688304468989372e-03
6.081197876483201981e-03
4.970035981386899948e-03
2.571498276665806770e-03
6.187926046550273895e-03
5.747165530920028687e-03
3.439868101850152016e-03
3.015183448791503906e+00
2.153462648391723633e+00
1.595717072486877441e+00
2.615464687347412109e+00
1.787456750869750977e+00
1.251049876213073730e+00
2.582588434219360352e+00
1.802261710166931152e+00
9.160892963409423828e-01
3.499073982238769531e-01
5.794794559478759766e-01
-3.779761120676994324e-02
-6.724587678909301758e-01
-1.102876588702201843e-01
-4.750970602035522461e-01
-1.608426570892333984e-01
2.778618931770324707e-01
-4.899708628654479980e-01
2.553537189960479736e-01
1.991567164659500122e-01
-3.130885958671569824e-01
5.556197166442871094e-01
4.363855123519897461e-01
-4.453281164169311523e-01
1.003164723515510559e-01
6.009824201464653015e-02
-1.330944448709487915e-01
5.426082611083984375e-01
7.479360699653625488e-01
6.581531167030334473e-01
5.426108837127685547e-01
5.936769247055053711e-01
5.128628611564636230e-01
6.049315929412841797e-01
5.999276041984558105e-01
2.799658775329589844e-01
5.207662284374237061e-02
1.600494533777236938e-01
1.761719584465026855e-01
2.381763160228729248e-01
5.206818133592605591e-02
1.156745180487632751e-01
3.709098100662231445e-01
7.679621875286102295e-02
1.576627641916275024e-01
-5.306393280625343323e-02
-5.815529823303222656e-02
-6.859231740236282349e-02
-4.347774200141429901e-03
-1.922975480556488037e-02
-2.287627942860126495e-02
-5.392620339989662170e-02
-3.185526654124259949e-02
-6.673673633486032486e-03
2.086989784240722656e+01
2.574031066894531250e+01
2.331195259094238281e+01
2.550883102416992188e+01
2.645383453369140625e+01
2.340662193298339844e+01
3.008842849731445312e+01
2.813122367858886719e+01
2.099926185607910156e+01
-6.010096669197082520e-01
9.216125011444091797e-01
6.142692565917968750e-01
-5.939765572547912598e-01
-5.210128426551818848e-01
-9.689173102378845215e-02
-6.607211232185363770e-01
-9.468224644660949707e-01
-2.727747261524200439e-01
-6.860637664794921875e-02
5.941433832049369812e-02
-1.212573871016502380e-01
1.750664412975311279e-01
6.758275628089904785e-02
-8.896000683307647705e-02
2.348975092172622681e-01
8.585879206657409668e-02
-2.969844266772270203e-02
8.997689187526702881e-02
-9.281293153762817383e-01
-2.092329740524291992e+00
-1.053514599800109863e+00
-2.411171436309814453e+00
-2.370632171630859375e+00
-1.564780473709106445e+00
-2.590203523635864258e+00
-1.870208859443664551e+00
7.686675071716308594e+00
9.052419662475585938e+00
1.097265148162841797e+01
7.667529582977294922e+00
8.192340850830078125e+00
1.028295326232910156e+01
7.793404102325439453e+00
8.412057876586914062e+00
1.053604984283447266e+01
1.155879878997802734e+01
1.317419433593750000e+01
1.533250713348388672e+01
1.319451045989990234e+01
1.535718917846679688e+01
1.555225181579589844e+01
1.364642715454101562e+01
1.587122058868408203e+01
1.407789325714111328e+01
-3.580286502838134766e+00
-6.086882352828979492e-01
2.016080617904663086e+00
-8.460522651672363281e+00
-5.545686244964599609e+00
-1.712040901184082031e+00
-1.077172183990478516e+01
-7.751873493194580078e+00
-5.342200279235839844e+00
5.352976322174072266e-01
4.637266397476196289e-01
2.010980993509292603e-01
-3.270010948181152344e-01
-4.549269080162048340e-01
-6.353359222412109375e-01
-2.759341001510620117e-01
-7.830676436424255371e-01
-4.088536798954010010e-01
2.381269037723541260e-01
7.947457432746887207e-01
1.276514172554016113e+00
3.769623339176177979e-01
1.027021288871765137e+00
1.993170142173767090e+00
9.283629655838012695e-01
1.814757704734802246e+00
2.319456338882446289e+00
1.225877832621335983e-02
3.147128596901893616e-02
3.945463150739669800e-02
2.098857983946800232e-02
5.403017252683639526e-02
6.216064468026161194e-02
2.388433739542961121e-02
5.529280006885528564e-02
5.635030195116996765e-02
2.074215507507324219e+01
3.719451904296875000e+01
4.482240676879882812e+01
2.377522659301757812e+01
3.881994628906250000e+01
4.805940246582031250e+01
2.865267181396484375e+01
4.375747299194335938e+01
5.225151443481445312e+01
6.337808132171630859e+00
4.043916225433349609e+00
-1.295795083045959473e+00
5.568565368652343750e+00
2.073470115661621094e+00
-3.979821681976318359e+00
2.785175561904907227e+00
-1.037878870964050293e+00
-6.672285079956054688e+00
-3.096471548080444336e+00
-3.554103136062622070e+00
-1.603766202926635742e+00
-4.164448738098144531e+00
-4.323441982269287109e+00
-1.496772050857543945e+00
-3.737909555435180664e+00
-4.169535160064697266e+00
-8.512921929359436035e-01
2.739092588424682617e+00
5.528329849243164062e+00
5.017292499542236328e+00
2.451482534408569336e+00
4.406402111053466797e+00
5.158350944519042969e+00
2.706817388534545898e+00
4.715120315551757812e+00
6.145435810089111328e+00
-1.353620588779449463e-01
3.065114617347717285e-01
-1.469222456216812134e-01
-4.885276556015014648e-01
1.289610415697097778e-01
-2.010636627674102783e-01
-7.311612963676452637e-01
-1.126843169331550598e-01
-4.104157388210296631e-01
5.782728791236877441e-01
5.966542959213256836e-01
4.862662553787231445e-01
8.063965290784835815e-02
8.373934030532836914e-02
-5.085219442844390869e-02
-1.176666989922523499e-01
-1.357753872871398926e-01
-1.846984177827835083e-01
6.484354019165039062e+00
5.995989799499511719e+00
6.940950393676757812e+00
7.625841140747070312e+00
6.810801029205322266e+00
7.375237941741943359e+00
8.840133666992187500e+00
7.556644916534423828e+00
7.864567756652832031e+00
-9.807077795267105103e-02
-5.139802396297454834e-02
-2.644124254584312439e-02
-5.281556025147438049e-02
-3.267496125772595406e-03
-2.189749479293823242e-02
4.195503145456314087e-02
2.359551563858985901e-02
-3.909719176590442657e-03
2.083145081996917725e-02
1.488561183214187622e-02
2.180455811321735382e-02
2.975963428616523743e-02
3.592199087142944336e-02
2.555010840296745300e-02
-2.152168378233909607e-02
-5.788242071866989136e-02
-1.136027555912733078e-02
1.920016855001449585e-02
6.488313525915145874e-02
6.333662271499633789e-01
1.042891815304756165e-01
9.869434684514999390e-02
8.012360930442810059e-01
2.545561492443084717e-01
1.486775428056716919e-01
8.828650712966918945e-01
2.535411596298217773e+00
2.559000968933105469e+00
2.929978609085083008e+00
3.240141391754150391e+00
3.429189443588256836e+00
3.611161231994628906e+00
3.091630458831787109e+00
3.406443357467651367e+00
3.526821613311767578e+00
4.842479228973388672e+00
3.854792356491088867e+00
3.219052076339721680e+00
4.780414104461669922e+00
3.902530670166015625e+00
3.280404567718505859e+00
3.712973833084106445e+00
3.270292520523071289e+00
2.984665155410766602e+00
9.512714147567749023e-01
2.962021350860595703e+00
2.810285091400146484e+00
1.754426240921020508e+00
3.783342838287353516e+00
3.562771320343017578e+00
2.878685474395751953e+00
4.629299640655517578e+00
4.173316955566406250e+00
1.869589090347290039e-01
3.198170959949493408e-01
2.497772723436355591e-01
1.139444485306739807e-01
2.326784729957580566e-01
3.295365869998931885e-01
-4.129920527338981628e-02
-1.668840646743774414e-02
1.286305487155914307e-01
3.403117358684539795e-01
4.471752345561981201e-01
4.343266487121582031e-01
4.585936069488525391e-01
4.713507592678070068e-01
4.088774621486663818e-01
5.079388618469238281e-01
4.758903980255126953e-01
4.267851710319519043e-01
1.663085445761680603e-02
2.373991906642913818e-02
2.245365083217620850e-02
1.421084627509117126e-02
2.332626096904277802e-02
2.473193779587745667e-02
1.248159818351268768e-02
2.184411510825157166e-02
2.266032807528972626e-02
1.193252372741699219e+01
1.285304355621337891e+01
1.154831504821777344e+01
1.376725196838378906e+01
1.478768348693847656e+01
1.388615608215332031e+01
1.365975189208984375e+01
1.442918109893798828e+01
1.456132221221923828e+01
-2.521869540214538574e-01
1.440891623497009277e+00
6.662616729736328125e-01
-4.941101074218750000e-01
1.521345496177673340e+00
9.230551123619079590e-01
-1.152691096067428589e-01
2.248565912246704102e+00
1.324292302131652832e+00
8.654380217194557190e-04
2.239449620246887207e-01
5.866038799285888672e-01
6.477082520723342896e-02
1.617796570062637329e-01
4.500724375247955322e-01
1.895857043564319611e-03
-6.967647373676300049e-02
3.957808017730712891e-01
1.222894191741943359e+00
1.953158140182495117e+00
2.799129247665405273e+00
1.843257546424865723e+00
2.994284391403198242e+00
3.895783185958862305e+00
1.722638130187988281e+00
2.913440704345703125e+00
3.656001806259155273e+00
7.788555324077606201e-02
4.636684358119964600e-01
3.317656517028808594e-01
-4.662707820534706116e-02
4.490869343280792236e-01
2.850418686866760254e-01
-1.091707125306129456e-01
3.980851173400878906e-01
1.734614074230194092e-01
-4.607451334595680237e-02
-4.980567842721939087e-02
-5.716294422745704651e-02
-2.184445038437843323e-03
5.471354350447654724e-03
6.882510613650083542e-03
-2.728402055799961090e-02
-1.451062038540840149e-02
-4.156839102506637573e-03
2.454183387756347656e+01
2.672063446044921875e+01
2.658227348327636719e+01
2.331426048278808594e+01
2.540930938720703125e+01
2.451828384399414062e+01
2.269937705993652344e+01
2.457691955566406250e+01
2.260091400146484375e+01
-2.175358682870864868e-02
9.741747975349426270e-01
9.568306803703308105e-01
-1.479443013668060303e-01
7.268064022064208984e-01
6.652688980102539062e-01
8.884636312723159790e-02
4.683483839035034180e-01
2.934155464172363281e-01
-7.729418575763702393e-02
-5.979570001363754272e-02
-7.466945797204971313e-02
2.920368872582912445e-02
-1.229038555175065994e-02
-2.144386060535907745e-02
5.314762145280838013e-02
1.122886985540390015e-01
-3.082629106938838959e-02
2.105037689208984375e+00
2.353578567504882812e+00
8.450157642364501953e-01
1.759835958480834961e+00
1.550804138183593750e+00
1.833374500274658203e-01
2.429343938827514648e+00
1.661357641220092773e+00
5.563257336616516113e-01
3.714550256729125977e+00
3.727626800537109375e+00
4.373521804809570312e+00
3.073915719985961914e+00
2.856538295745849609e+00
3.582680463790893555e+00
3.198700428009033203e+00
3.049840688705444336e+00
3.425630569458007812e+00
5.758318901062011719e+00
6.021402835845947266e+00
7.635179042816162109e+00
5.654180526733398438e+00
5.619850635528564453e+00
7.252548694610595703e+00
6.399962425231933594e+00
7.133959293365478516e+00
8.572459220886230469e+00
7.138109683990478516e+00
7.483563423156738281e+00
7.151947021484375000e+00
2.545592069625854492e+00
4.275867938995361328e+00
5.223213195800781250e+00
8.336266279220581055e-01
2.246208429336547852e+00
2.840661287307739258e+00
-1.100712493062019348e-01
-7.416206598281860352e-02
-3.657013177871704102e-02
-1.029950827360153198e-01
-1.439568847417831421e-01
-1.376992166042327881e-01
1.916408240795135498e-01
2.876473367214202881e-01
2.568272054195404053e-01
5.682989358901977539e-01
9.132415652275085449e-01
7.371208071708679199e-01
6.174498200416564941e-01
9.754139780998229980e-01
9.133490920066833496e-01
6.141224503517150879e-01
9.160959720611572266e-01
9.852406978607177734e-01
4.850847646594047546e-02
4.610027745366096497e-02
4.871410876512527466e-02
4.263352230191230774e-02
4.674283787608146667e-02
5.214217305183410645e-02
3.946553170680999756e-02
4.798439890146255493e-02
5.484033375978469849e-02
1.298688125610351562e+01
1.728166198730468750e+01
1.951780319213867188e+01
1.093107318878173828e+01
1.610103225708007812e+01
1.878453826904296875e+01
1.000287055969238281e+01
1.430097770690917969e+01
1.686874389648437500e+01
1.315601062774658203e+01
1.791860008239746094e+01
1.424198341369628906e+01
1.248906421661376953e+01
1.630277442932128906e+01
1.197895145416259766e+01
1.115638828277587891e+01
1.428479576110839844e+01
9.228831291198730469e+00
2.582762241363525391e+00
1.632384419441223145e+00
9.950404167175292969e-01
2.210382938385009766e+00
1.483821868896484375e+00
1.286785244941711426e+00
1.775990486145019531e+00
9.198183417320251465e-01
1.205463528633117676e+00
8.288448333740234375e+00
9.686994552612304688e+00
1.046973133087158203e+01
8.025547027587890625e+00
8.829674720764160156e+00
9.914189338684082031e+00
8.678398132324218750e+00
8.948640823364257812e+00
9.651823997497558594e+00
-1.158629506826400757e-01
-1.372839063405990601e-01
-6.264482736587524414e-01
-3.548884391784667969e-01
-6.886556148529052734e-01
-1.101822376251220703e+00
-1.279917210340499878e-01
-6.016085743904113770e-01
-5.801098346710205078e-01
1.826406270265579224e-01
1.444179415702819824e-01
1.138205751776695251e-01
6.949093937873840332e-02
1.441382914781570435e-01
1.380737721920013428e-01
-7.574485987424850464e-02
-2.697112783789634705e-02
2.004412934184074402e-03
-1.029092407226562500e+01
-9.737140655517578125e+00
-5.090516090393066406e+00
-9.472190856933593750e+00
-9.873794555664062500e+00
-8.373795509338378906e+00
-8.887315750122070312e+00
-9.809256553649902344e+00
-9.924532890319824219e+00
4.470066726207733154e-02
3.417627215385437012e-01
2.584984004497528076e-01
7.805889844894409180e-02
2.332125306129455566e-01
-1.644861549139022827e-01
1.622576415538787842e-01
5.181837677955627441e-01
4.389045238494873047e-01
-4.792542755603790283e-02
-2.539700642228126526e-02
-1.923680491745471954e-02
6.634186953306198120e-02
-4.697615653276443481e-02
-1.203872859477996826e-01
-8.464702218770980835e-02
-3.787776455283164978e-02
3.466146811842918396e-02
-7.156807184219360352e-01
-4.652044475078582764e-01
3.625048324465751648e-02
-4.879536628723144531e-01
-4.783264100551605225e-01
1.535153687000274658e-01
-4.319630265235900879e-01
-3.304289579391479492e-01
-4.228244423866271973e-01
-5.135655879974365234e+00
-5.968477725982666016e+00
-5.994755744934082031e+00
-5.404918670654296875e+00
-6.186789989471435547e+00
-6.123275279998779297e+00
-5.821125030517578125e+00
-5.778268814086914062e+00
-5.783703804016113281e+00
-2.552585601806640625e+00
-4.578020095825195312e+00
-4.414309024810791016e+00
-3.536524772644042969e+00
-4.663427352905273438e+00
-4.263604164123535156e+00
-4.848598003387451172e+00
-5.243701934814453125e+00
-4.277195453643798828e+00
-6.726337909698486328e+00
-4.979749679565429688e+00
-3.137031078338623047e+00
-5.776141643524169922e+00
-4.835164070129394531e+00
-4.389148712158203125e+00
-6.747710704803466797e+00
-6.454473972320556641e+00
-7.133965015411376953e+00
-4.224527478218078613e-01
-2.901737093925476074e-01
-4.335165023803710938e-01
-3.720527887344360352e-01
-4.172719419002532959e-01
-1.663073599338531494e-01
-1.639825403690338135e-01
-1.128499507904052734e-01
1.403654273599386215e-02
-6.055631041526794434e-01
-3.188111186027526855e-01
-2.939550876617431641e-01
-5.047595500946044922e-01
-2.985100746154785156e-01
-3.366885781288146973e-01
-9.139097929000854492e-01
-7.170214653015136719e-01
-8.195571303367614746e-01
-1.723263040184974670e-02
-1.244293525815010071e-02
-4.278859123587608337e-03
-2.576670423150062561e-02
-2.296634763479232788e-02
-1.369963493198156357e-02
-3.079777583479881287e-02
-3.155067935585975647e-02
-2.673930861055850983e-02
-1.931012344360351562e+01
-1.782015800476074219e+01
-1.918579101562500000e+01
-2.243258476257324219e+01
-2.100297164916992188e+01
-2.242372322082519531e+01
-2.630363655090332031e+01
-2.591618156433105469e+01
-2.533310890197753906e+01
2.783910989761352539e+00
6.860798358917236328e+00
8.055530548095703125e+00
4.630352020263671875e+00
6.662603378295898438e+00
8.214735984802246094e+00
3.980617761611938477e+00
7.821878433227539062e+00
7.972424030303955078e+00
-2.472662627696990967e-01
-8.354649879038333893e-03
3.088637888431549072e-01
-1.471769809722900391e-01
6.720758974552154541e-02
2.782953977584838867e-01
5.523558259010314941e-01
4.782544970512390137e-01
8.683660030364990234e-01
-7.799532413482666016e-01
-1.312699615955352783e-01
2.178341627120971680e+00
-1.234956026077270508e+00
1.365175604820251465e+00
2.399582147598266602e+00
-4.957870841026306152e-01
2.441774368286132812e+00
2.838188409805297852e+00
-4.677654504776000977e-01
-1.356336772441864014e-01
-1.887708157300949097e-01
-3.508976995944976807e-01
-5.981138348579406738e-02
-5.483749508857727051e-01
-2.050026059150695801e-01
-1.227183714509010315e-01
-6.531605124473571777e-01
1.362842973321676254e-02
4.461061581969261169e-02
7.460120320320129395e-02
-3.174865245819091797e-02
-3.595887869596481323e-02
-3.081999905407428741e-02
-3.898575156927108765e-02
-3.978076204657554626e-02
1.902185380458831787e-03
8.942346572875976562e+00
1.039936828613281250e+01
1.161757659912109375e+01
6.690176486968994141e+00
8.220590591430664062e+00
9.737056732177734375e+00
5.810412883758544922e+00
7.504958629608154297e+00
9.590422630310058594e+00
4.829225316643714905e-02
2.419232157990336418e-03
3.435554206371307373e-01
-3.472758084535598755e-02
-3.414221853017807007e-02
2.751592099666595459e-01
1.657301373779773712e-02
1.577633991837501526e-02
2.227831333875656128e-01
1.055008266121149063e-02
2.010855358093976974e-03
-1.901782117784023285e-02
2.108264528214931488e-02
-1.001980900764465332e-02
-4.811102151870727539e-02
1.650941092520952225e-03
1.934210653416812420e-03
3.939929977059364319e-02
2.201450586318969727e+00
2.796996593475341797e+00
3.037275314331054688e+00
1.881805539131164551e+00
2.322842836380004883e+00
2.604440450668334961e+00
1.708305716514587402e+00
2.126127958297729492e+00
2.640932083129882812e+00
6.603147983551025391e-01
6.146813631057739258e-01
7.716909646987915039e-01
2.272133380174636841e-01
1.275282651185989380e-01
2.471597492694854736e-01
5.331280231475830078e-01
4.620945155620574951e-01
5.251678228378295898e-01
-3.732021450996398926e-01
-3.435018956661224365e-01
-1.431312263011932373e-01
-3.103702068328857422e-01
-3.275919556617736816e-01
-5.927852541208267212e-02
-3.344640135765075684e-01
-3.360599875450134277e-01
-3.756352514028549194e-02
2.014410972595214844e+01
2.030111694335937500e+01
1.981357383728027344e+01
1.824877357482910156e+01
1.763059616088867188e+01
1.701504135131835938e+01
1.616458892822265625e+01
1.513724136352539062e+01
1.441000270843505859e+01
5.561080947518348694e-02
2.032671682536602020e-02
7.639596611261367798e-02
2.792074577882885933e-03
-2.997722476720809937e-02
7.523802667856216431e-02
9.014625847339630127e-02
7.660239934921264648e-02
1.722396016120910645e-01
2.442255914211273193e-01
2.585236430168151855e-01
2.546232342720031738e-01
4.609680175781250000e-02
7.810075581073760986e-02
1.565035730600357056e-01
-3.097449801862239838e-02
9.176671504974365234e-03
1.285425275564193726e-01
4.069944098591804504e-02
4.067147895693778992e-02
3.808599710464477539e-02
3.694294020533561707e-02
3.848493844270706177e-02
3.416862338781356812e-02
3.194001317024230957e-02
3.157193213701248169e-02
2.945475280284881592e-02
3.835453271865844727e+00
3.430180549621582031e+00
3.472004413604736328e+00
5.516368150711059570e-01
2.847895026206970215e-01
1.158513665199279785e+00
-6.653363108634948730e-01
-2.411599308252334595e-01
8.244687318801879883e-01
7.686443805694580078e+00
6.856732845306396484e+00
7.238693237304687500e+00
6.269130229949951172e+00
5.565274715423583984e+00
5.866580963134765625e+00
5.309229373931884766e+00
4.916426658630371094e+00
5.705456733703613281e+00
2.949427366256713867e+00
3.917094469070434570e+00
4.082104682922363281e+00
2.901744604110717773e+00
3.505212068557739258e+00
3.946244478225708008e+00
3.004489660263061523e+00
3.159604310989379883e+00
3.338417768478393555e+00
2.457470893859863281e+00
2.999773263931274414e+00
3.234505176544189453e+00
2.205724716186523438e+00
2.691904783248901367e+00
2.983840227127075195e+00
1.945444703102111816e+00
2.254745483398437500e+00
2.457396745681762695e+00
1.310243725776672363e+00
9.897055029869079590e-01
7.090346217155456543e-01
1.018583178520202637e+00
9.377822279930114746e-01
4.995820820331573486e-01
1.366231083869934082e+00
1.147781729698181152e+00
6.587354540824890137e-01
2.329895198345184326e-01
2.180063575506210327e-01
1.980928629636764526e-01
1.204791292548179626e-01
1.186186596751213074e-01
1.080798655748367310e-01
2.865242063999176025e-01
2.670306563377380371e-01
2.532342970371246338e-01
2.381313896179199219e+01
2.395012664794921875e+01
2.173458480834960938e+01
2.342831420898437500e+01
2.308772659301757812e+01
2.058764266967773438e+01
2.294910430908203125e+01
2.266643714904785156e+01
1.960590171813964844e+01
5.811007022857666016e-01
9.232193231582641602e-01
4.349057674407958984e-01
6.953810453414916992e-01
7.555644512176513672e-01
6.979593038558959961e-01
2.781893610954284668e-01
4.639306962490081787e-01
6.541444659233093262e-01
1.141819432377815247e-01
2.140381000936031342e-02
1.358107775449752808e-01
1.780673488974571228e-02
-8.319529145956039429e-02
-1.095303371548652649e-01
2.489455416798591614e-02
7.636097073554992676e-02
9.065916389226913452e-02
2.873995780944824219e+00
2.236906766891479492e+00
2.570358514785766602e+00
2.503837823867797852e+00
1.818654179573059082e+00
2.401378631591796875e+00
1.946764349937438965e+00
1.593613266944885254e+00
2.226773738861083984e+00
4.716804981231689453e+00
4.785078048706054688e+00
4.656171321868896484e+00
4.658174514770507812e+00
4.785577297210693359e+00
4.616610527038574219e+00
3.850656270980834961e+00
4.265037536621093750e+00
4.189502239227294922e+00
5.299495220184326172e+00
5.847044944763183594e+00
5.752930164337158203e+00
4.757904529571533203e+00
5.267550945281982422e+00
4.831969738006591797e+00
4.959269046783447266e+00
5.407708644866943359e+00
4.591682910919189453e+00
1.400351333618164062e+01
1.413806152343750000e+01
1.439849853515625000e+01
1.608095169067382812e+01
1.699689292907714844e+01
1.606608772277832031e+01
1.452954101562500000e+01
1.578946018218994141e+01
1.403226757049560547e+01
4.656060412526130676e-02
8.605393022298812866e-02
2.115681767463684082e-03
6.213905662298202515e-02
9.981109946966171265e-02
-3.905302286148071289e-02
1.256910413503646851e-01
3.720681369304656982e-02
1.038863658905029297e-01
8.458966016769409180e-01
7.707442641258239746e-01
8.494330048561096191e-01
7.971567511558532715e-01
7.390893697738647461e-01
7.776959538459777832e-01
7.687460780143737793e-01
8.138931989669799805e-01
7.401628494262695312e-01
4.455429688096046448e-02
5.035846680402755737e-02
4.910333082079887390e-02
5.399154126644134521e-02
6.032929196953773499e-02
5.763421580195426941e-02
6.472788006067276001e-02
6.928494572639465332e-02
6.124581396579742432e-02
2.162456512451171875e+01
2.120097923278808594e+01
2.025242614746093750e+01
2.153986167907714844e+01
2.088325119018554688e+01
1.930776023864746094e+01
2.007299423217773438e+01
1.873949432373046875e+01
1.837797927856445312e+01
8.232137680053710938e+00
8.703414916992187500e+00
6.710748672485351562e+00
1.170731639862060547e+01
1.147914123535156250e+01
8.550982475280761719e+00
1.305440998077392578e+01
1.244156551361083984e+01
1.013232803344726562e+01
2.730921983718872070e+00
2.119284152984619141e+00
2.753968238830566406e+00
2.725281238555908203e+00
2.771450996398925781e+00
3.336879730224609375e+00
2.464491128921508789e+00
3.496145963668823242e+00
3.327745437622070312e+00
6.745108604431152344e+00
7.305436134338378906e+00
6.946373939514160156e+00
7.122223854064941406e+00
7.845393180847167969e+00
7.306272506713867188e+00
7.506373405456542969e+00
8.535713195800781250e+00
8.227222442626953125e+00
4.232994318008422852e-01
6.604696512222290039e-01
5.663472414016723633e-01
2.587035000324249268e-01
5.247390270233154297e-01
4.491817653179168701e-01
3.331561684608459473e-01
7.156596779823303223e-01
4.636044502258300781e-01
2.248395234346389771e-01
2.135234475135803223e-01
1.238770410418510437e-01
3.187490999698638916e-01
2.826428711414337158e-01
2.069277316331863403e-01
1.675514727830886841e-01
1.159620583057403564e-01
9.962235391139984131e-02
