-2.503143310546875000e+01
-2.882809638977050781e+01
-5.158607101440429688e+01
-6.171462631225585938e+01
-6.338511276245117188e+01
-7.494150543212890625e+01
-1.058349914550781250e+02
-1.232950363159179688e+02
-1.327480926513671875e+02
9.383358001708984375e+01
1.193827362060546875e+02
1.024460372924804688e+02
1.198054580688476562e+02
1.483291625976562500e+02
1.303345642089843750e+02
1.522221527099609375e+02
1.830122375488281250e+02
1.557980804443359375e+02
-1.916838264465332031e+01
8.661747741699218750e+01
1.399873352050781250e+02
3.242349624633789062e+01
1.155074691772460938e+02
1.106725769042968750e+02
4.157228088378906250e+01
1.273401336669921875e+02
9.083126068115234375e+01
-5.183983993530273438e+01
-4.195206451416015625e+01
-2.661768531799316406e+01
-7.636135864257812500e+01
-5.668523406982421875e+01
-4.261073303222656250e+01
-6.543725585937500000e+01
-4.686990356445312500e+01
-3.161007881164550781e+01
-3.628028869628906250e+01
-4.255141830444335938e+01
-3.232968902587890625e+01
-5.645751953125000000e+01
-5.638839721679687500e+01
-5.864677429199218750e+01
-1.399893951416015625e+02
-1.356924438476562500e+02
-1.208022613525390625e+02
2.788768529891967773e+00
3.242774248123168945e+00
1.845480561256408691e+00
2.484061956405639648e+00
4.234251022338867188e+00
3.040668487548828125e+00
3.303375482559204102e+00
5.387775897979736328e+00
4.569156169891357422e+00
7.647656250000000000e+01
1.087618255615234375e+02
8.553895568847656250e+01
1.102492599487304688e+02
1.291608734130859375e+02
9.450712585449218750e+01
1.130194168090820312e+02
1.258700180053710938e+02
8.684088134765625000e+01
-2.979114990234375000e+02
-3.151594848632812500e+02
-2.719315490722656250e+02
-5.058402404785156250e+02
-4.888201599121093750e+02
-4.230675354003906250e+02
-5.605925292968750000e+02
-5.350488891601562500e+02
-4.418302612304687500e+02
2.637031364440917969e+01
1.803158950805664062e+01
4.503808021545410156e+00
5.336703109741210938e+01
4.553128433227539062e+01
3.924793243408203125e+01
6.047114944458007812e+01
5.657033157348632812e+01
5.213778686523437500e+01
4.313023757934570312e+01
7.638967132568359375e+01
8.138755035400390625e+01
1.123348464965820312e+02
1.418849487304687500e+02
1.067900848388671875e+02
1.181901245117187500e+02
1.283809051513671875e+02
4.670375442504882812e+01
9.262120723724365234e-01
4.798488616943359375e+00
4.540551662445068359e+00
3.256263732910156250e+00
5.898737907409667969e+00
1.182587265968322754e+00
4.890289306640625000e+00
6.871530532836914062e+00
1.265626549720764160e+00
-9.806438446044921875e+01
-1.023217239379882812e+02
-1.047919692993164062e+02
-1.389384307861328125e+02
-1.707203063964843750e+02
-1.759958343505859375e+02
-1.367664489746093750e+02
-1.847376251220703125e+02
-2.112994995117187500e+02
2.079332427978515625e+02
2.161011352539062500e+02
1.828733367919921875e+02
2.289353790283203125e+02
2.444589691162109375e+02
2.183489990234375000e+02
2.887613525390625000e+02
2.853228454589843750e+02
2.424930114746093750e+02
-2.469973297119140625e+02
-2.466245117187500000e+02
-2.410097503662109375e+02
-4.044173583984375000e+02
-4.284008178710937500e+02
-3.929191589355468750e+02
-4.233460998535156250e+02
-4.464216003417968750e+02
-4.130307006835937500e+02
1.971787261962890625e+02
1.777456512451171875e+02
1.612834167480468750e+02
2.620117797851562500e+02
2.372248840332031250e+02
2.230764312744140625e+02
3.198869934082031250e+02
2.680317077636718750e+02
2.272638549804687500e+02
-5.371544265747070312e+01
-3.409235000610351562e+01
-1.259553527832031250e+01
-5.464047622680664062e+01
-3.174583435058593750e+00
3.758711242675781250e+01
-8.104041290283203125e+01
4.970805168151855469e+00
5.105000305175781250e+01
5.413842201232910156e+00
8.851817131042480469e+00
1.005905437469482422e+01
7.086836695671081543e-01
5.296889305114746094e+00
7.853241443634033203e+00
-2.228847503662109375e+00
7.107039093971252441e-01
3.022802352905273438e+00
1.069788169860839844e+01
1.009444618225097656e+01
2.584922981262207031e+01
1.644612312316894531e+01
1.146532917022705078e+01
2.887511253356933594e+01
2.563004684448242188e+01
1.870360565185546875e+01
3.279785537719726562e+01
1.257131862640380859e+01
-1.827275276184082031e+00
2.438210964202880859e+00
1.774002075195312500e+01
-1.003731250762939453e+01
-1.612272644042968750e+01
1.542402744293212891e+01
-1.090256500244140625e+01
-2.567205810546875000e+01
5.002970695495605469e+00
7.658087730407714844e+00
3.905251979827880859e+00
2.538738012313842773e+00
4.839959144592285156e+00
-1.647153139114379883e+00
5.199683666229248047e+00
7.727944374084472656e+00
1.567678093910217285e+00
6.871996402740478516e+00
9.033574104309082031e+00
1.045161342620849609e+01
6.374217987060546875e+00
5.396370410919189453e+00
-3.308772444725036621e-01
-8.224896430969238281e+00
-8.835699081420898438e+00
-1.268637371063232422e+01
3.716741502285003662e-01
-2.256114184856414795e-01
-4.141780138015747070e-01
8.405141234397888184e-01
2.784142792224884033e-01
3.032675012946128845e-02
5.387666821479797363e-01
1.101917028427124023e-01
-2.771553099155426025e-01
1.888157653808593750e+01
2.037631607055664062e+01
3.152597999572753906e+01
2.260976409912109375e+01
2.065615844726562500e+01
3.059556007385253906e+01
2.249559020996093750e+01
1.966591262817382812e+01
3.319453048706054688e+01
7.611049652099609375e+00
1.251775455474853516e+01
7.013231754302978516e+00
-3.937620639801025391e+00
-5.732352733612060547e-01
-9.886450767517089844e+00
5.699390172958374023e-01
6.081960201263427734e+00
-8.546723723411560059e-01
2.910681962966918945e-01
8.844857215881347656e-01
1.356131076812744141e+00
3.598966360092163086e+00
5.853412151336669922e+00
4.047739028930664062e+00
6.125384569168090820e-01
4.005020141601562500e+00
-2.629664540290832520e-02
5.147983551025390625e+00
2.845075845718383789e+00
2.027176475524902344e+01
1.764226531982421875e+01
5.657170295715332031e+00
1.736963081359863281e+01
1.271204185485839844e+01
-5.289095878601074219e+00
3.672567367553710938e+00
8.649754524230957031e-02
-6.329368948936462402e-01
1.590237766504287720e-01
2.147729247808456421e-01
-1.084778070449829102e+00
-3.019660711288452148e-01
-3.645153716206550598e-03
-1.702286243438720703e+00
-7.579426765441894531e-01
1.862581133842468262e+00
2.853423833847045898e+00
4.136503696441650391e+00
7.106421589851379395e-01
1.235928386449813843e-01
3.771621942520141602e+00
6.327814579010009766e+00
2.119791984558105469e+00
3.509322881698608398e+00
7.161777496337890625e+00
9.273882865905761719e+00
2.989263343811035156e+01
2.133464813232421875e+01
2.028787231445312500e+01
4.119251251220703125e+01
2.774049568176269531e+01
2.278839302062988281e+01
4.293721771240234375e+01
-9.407951831817626953e-01
1.287734031677246094e+00
2.864878416061401367e+00
-8.334809303283691406e+00
-5.484069347381591797e+00
-1.762045979499816895e+00
1.108375430107116699e+00
1.266866922378540039e+00
5.742182254791259766e+00
-1.730294418334960938e+01
-5.870736598968505859e+00
1.526729464530944824e+00
-1.591328334808349609e+01
-7.089082717895507812e+00
3.806947708129882812e+00
-2.043583679199218750e+01
-1.175253391265869141e+01
1.665983438491821289e+00
1.387319183349609375e+01
1.203003120422363281e+01
-2.860615491867065430e+00
1.842793083190917969e+01
2.128476905822753906e+01
-3.208662509918212891e+00
1.210985279083251953e+01
1.965295410156250000e+01
-1.243965435028076172e+01
-1.774981975555419922e+00
-1.985329389572143555e+00
-5.438611507415771484e-01
-8.841019630432128906e+00
-1.059598159790039062e+01
-5.855464935302734375e+00
-6.890726566314697266e+00
-6.934101581573486328e+00
-5.391375541687011719e+00
-3.062805175781250000e+00
-4.755073070526123047e+00
-6.273017406463623047e+00
-1.155924201011657715e+00
-1.882592201232910156e+00
-1.639726161956787109e+00
-2.103439331054687500e+00
-3.512248277664184570e+00
-2.201653003692626953e+00
-7.857498645782470703e+00
-5.176247358322143555e-01
1.364644289016723633e+00
-8.837599754333496094e+00
1.542036533355712891e+00
-1.297853112220764160e+00
-3.250598162412643433e-02
-7.229830622673034668e-01
-5.663982391357421875e+00
-6.153721809387207031e+00
-4.070918083190917969e+00
-2.829718828201293945e+00
-3.937840938568115234e+00
-2.175191879272460938e+00
-3.155588150024414062e+00
-2.014315128326416016e+00
-9.893326163291931152e-01
-4.046030998229980469e+00
-3.756547927856445312e+00
-2.659746885299682617e+00
-2.647384643554687500e+00
-1.830544662475585938e+01
-1.236115741729736328e+01
-7.292268276214599609e+00
-4.792822360992431641e+00
-5.881175041198730469e+00
-7.914480686187744141e+00
1.175957322120666504e-01
-6.255686283111572266e-02
-5.152257159352302551e-02
-4.120381549000740051e-02
-1.627651751041412354e-01
-4.869739711284637451e-02
-4.672159254550933838e-01
-7.128729224205017090e-01
-4.915289878845214844e-01
-7.111529111862182617e-01
-1.212193846702575684e+00
-1.881666183471679688e+00
-4.501876831054687500e+00
-4.441158771514892578e+00
-3.268444299697875977e+00
-5.110974311828613281e+00
-7.462692737579345703e+00
-5.836159706115722656e+00
-1.088543891906738281e+01
-6.206053733825683594e+00
-2.193393409252166748e-01
-1.311742973327636719e+01
-7.122542858123779297e+00
5.003306269645690918e-01
-6.276345729827880859e+00
-9.351751208305358887e-01
1.974520206451416016e+00
-5.794975757598876953e-01
1.010944247245788574e-01
-1.450653970241546631e-01
-2.294383049011230469e+00
-6.548799872398376465e-01
-1.610563397407531738e+00
-9.543895721435546875e+00
-6.291667461395263672e+00
-6.590128421783447266e+00
1.530683040618896484e-01
-8.818760514259338379e-01
4.269022941589355469e-01
-4.936009883880615234e+00
-4.688779354095458984e+00
-2.645223617553710938e+00
-1.245878887176513672e+01
-1.288540935516357422e+01
-9.267490386962890625e+00
-5.038044452667236328e-01
-5.998513102531433105e-01
-6.280662417411804199e-01
-4.596096575260162354e-01
-2.625800967216491699e-01
-7.841496169567108154e-02
2.237550765275955200e-01
-1.009022593498229980e-01
9.503175504505634308e-03
-3.204067945480346680e+00
-1.056987380981445312e+01
-8.697691917419433594e+00
-2.973233461380004883e+00
-3.920283794403076172e+00
-4.455379009246826172e+00
-5.820301532745361328e+00
-3.416304349899291992e+00
3.476038575172424316e-01
-5.594205260276794434e-01
1.420492827892303467e-01
-1.501273632049560547e+00
-2.330791711807250977e+00
-2.891625404357910156e+00
-9.386807680130004883e-01
-1.037442588806152344e+01
-1.012028789520263672e+01
-6.094700813293457031e+00
-1.365551567077636719e+01
-1.439583015441894531e+01
-8.147975921630859375e+00
-6.948523521423339844e+00
-7.076552391052246094e+00
-5.775002479553222656e+00
-6.617067337036132812e+00
-4.788590431213378906e+00
-1.721878886222839355e+00
1.566347599029541016e+00
-2.992045879364013672e-01
-1.924206614494323730e+00
-4.649641036987304688e+00
-2.905902147293090820e+00
-3.238164663314819336e+00
-1.547798252105712891e+01
-1.127756595611572266e+01
-7.835893630981445312e+00
-2.829409360885620117e+00
1.290647864341735840e+00
-1.147599697113037109e+00
-3.351227760314941406e+00
1.792058348655700684e+00
-2.792237758636474609e+00
-1.169852733612060547e+01
-4.850591182708740234e+00
-9.900606155395507812e+00
-4.112686157226562500e+02
-4.301014404296875000e+02
-4.918710632324218750e+02
-4.066957092285156250e+02
-3.526788635253906250e+02
-3.280078430175781250e+02
-6.412704467773437500e+02
-5.444293823242187500e+02
-3.931777343750000000e+02
2.039802551269531250e+00
7.622074127197265625e+01
4.261035461425781250e+02
5.571777343750000000e+01
1.429652099609375000e+02
4.089555664062500000e+02
-1.857022552490234375e+02
-1.124401245117187500e+02
-1.125389328002929688e+02
8.977658843994140625e+01
-9.125350189208984375e+01
4.376791381835937500e+02
1.628894653320312500e+02
1.961014404296875000e+02
7.482319335937500000e+02
1.712963409423828125e+02
4.244883117675781250e+02
7.897573242187500000e+02
-3.533385467529296875e+01
-3.608171081542968750e+01
4.734210586547851562e+01
2.327059507369995117e+00
3.851965904235839844e+00
1.305715484619140625e+02
-3.021453380584716797e+00
4.174401473999023438e+01
2.180299530029296875e+02
-2.461604309082031250e+02
-3.599704895019531250e+02
-2.819642639160156250e+02
-2.860404968261718750e+00
3.217493438720703125e+01
1.523350524902343750e+02
-4.707243041992187500e+02
-3.868248291015625000e+02
-2.608544311523437500e+02
-1.116260170936584473e+00
3.284567117691040039e+00
4.142371654510498047e+00
9.087195396423339844e+00
1.162542343139648438e+01
4.464622974395751953e+00
1.087078475952148438e+01
1.638294219970703125e+01
1.276766109466552734e+01
-1.015718841552734375e+02
-7.524587249755859375e+01
1.166009521484375000e+02
-1.622200012207031250e+02
-7.970119476318359375e+01
1.315317153930664062e+01
-1.327004089355468750e+02
-8.688601684570312500e+01
-6.717041015625000000e+01
-1.014479125976562500e+03
-8.975800170898437500e+02
-7.226551513671875000e+02
-1.110401733398437500e+03
-8.791214599609375000e+02
-5.750431518554687500e+02
-8.867402954101562500e+02
-5.603052978515625000e+02
-9.685266113281250000e+01
4.677124023437500000e+02
4.163431091308593750e+02
3.675380859375000000e+02
6.004959106445312500e+02
4.888927307128906250e+02
4.621740722656250000e+02
6.100861206054687500e+02
5.845816040039062500e+02
6.281912231445312500e+02
-2.793673095703125000e+02
-3.470723876953125000e+02
-7.230596160888671875e+01
-1.847820587158203125e+02
-3.123111572265625000e+02
-1.788587036132812500e+02
-1.442815093994140625e+02
-1.394263153076171875e+02
-2.302785797119140625e+02
2.870054817199707031e+01
2.949283790588378906e+01
4.631740951538085938e+01
3.328551101684570312e+01
4.571210479736328125e+01
3.566193389892578125e+01
2.846308135986328125e+01
5.415824127197265625e+01
3.111843109130859375e+01
-3.849925231933593750e+02
-1.146485824584960938e+02
-1.628454132080078125e+02
-4.326975402832031250e+02
-3.455453491210937500e+02
-2.192337341308593750e+02
-2.400769042968750000e+02
-2.630881042480468750e+02
-1.626222381591796875e+02
1.864659729003906250e+02
4.141249084472656250e+02
6.316583862304687500e+02
1.019050369262695312e+02
2.128088836669921875e+02
2.643895263671875000e+02
1.373054046630859375e+02
1.228745269775390625e+02
1.972552299499511719e+01
-1.105111083984375000e+03
-8.546921386718750000e+02
-7.013303222656250000e+02
-1.393841186523437500e+03
-1.048651733398437500e+03
-7.169461059570312500e+02
-9.387185058593750000e+02
-7.092772827148437500e+02
-3.145090942382812500e+02
1.589243164062500000e+03
1.635583374023437500e+03
1.328641601562500000e+03
1.606728637695312500e+03
1.388299316406250000e+03
1.126242431640625000e+03
1.623024780273437500e+03
1.323488891601562500e+03
1.178968017578125000e+03
-3.830794982910156250e+02
-6.006448974609375000e+02
-4.249987182617187500e+02
-1.916997070312500000e+02
-3.989244995117187500e+02
-7.540868377685546875e+01
-1.564836120605468750e+01
-6.053401184082031250e+01
4.952241516113281250e+02
4.049008941650390625e+01
2.408544921875000000e+01
6.043382263183593750e+01
1.064236526489257812e+02
7.929988861083984375e+00
-1.390240287780761719e+01
9.123415374755859375e+01
-6.965331268310546875e+01
-1.234122238159179688e+02
-1.077765426635742188e+02
-1.236278305053710938e+02
-8.856231689453125000e+01
-1.229215011596679688e+02
-1.072743530273437500e+02
-4.503406906127929688e+01
-1.372456264495849609e+01
1.474527549743652344e+01
4.478423309326171875e+01
1.420028839111328125e+02
1.923571395874023438e+01
5.275543212890625000e+01
-4.855538368225097656e+00
-4.839275360107421875e+01
8.558272552490234375e+01
-1.089913864135742188e+02
6.090369224548339844e+00
2.311119842529296875e+02
1.730039405822753906e+01
2.889928627014160156e+01
-1.700992584228515625e+01
-7.913878631591796875e+01
-5.132412338256835938e+01
-4.433527374267578125e+01
-1.128513031005859375e+02
-3.795131683349609375e+01
2.176494407653808594e+01
1.522341918945312500e+02
1.337276000976562500e+02
5.991090774536132812e+01
3.760312652587890625e+01
1.362842679023742676e+00
-2.013639068603515625e+01
-4.294714355468750000e+01
-4.796475601196289062e+01
-1.711107254028320312e+01
-8.995410799980163574e-01
-3.488742187619209290e-02
3.141371965408325195e+00
9.485881328582763672e-01
5.103216171264648438e+00
6.852159023284912109e+00
3.008991479873657227e+00
7.397601127624511719e+00
7.146231174468994141e+00
-8.231060028076171875e+01
-9.265833282470703125e+01
-8.534984588623046875e+01
-6.665264892578125000e+01
-5.581518554687500000e+01
-6.522747802734375000e+01
-6.146817016601562500e+01
-1.191290378570556641e+01
-4.524608612060546875e+01
2.672108154296875000e+02
1.532414398193359375e+02
-3.559766006469726562e+01
8.505977630615234375e+01
-6.290653610229492188e+01
-1.059141082763671875e+02
-1.126465530395507812e+02
-1.389788665771484375e+02
5.285267639160156250e+01
2.557827568054199219e+01
6.873411560058593750e+01
3.792588806152343750e+01
5.087302017211914062e+01
9.072042083740234375e+01
5.613330841064453125e+01
5.979838180541992188e+01
7.954412841796875000e+01
4.353337860107421875e+01
4.848340606689453125e+01
-1.249555230140686035e+00
-2.187867355346679688e+01
1.146024780273437500e+02
3.297669219970703125e+01
-2.204803657531738281e+01
7.356686401367187500e+01
-3.952500820159912109e+00
-5.142855834960937500e+01
1.581765556335449219e+01
8.395471572875976562e+00
7.758862018585205078e+00
1.153179931640625000e+01
4.053740978240966797e+00
3.437799215316772461e+00
6.915072441101074219e+00
7.307951927185058594e+00
5.736804008483886719e+00
2.792148132324218750e+02
1.210204162597656250e+02
1.238187332153320312e+02
3.671250305175781250e+02
9.578826904296875000e+01
-1.732619094848632812e+01
3.566626281738281250e+02
-2.968372821807861328e+00
-1.348858032226562500e+02
-8.003378295898437500e+01
-2.022073364257812500e+01
4.967148303985595703e+00
2.307078933715820312e+01
9.112908935546875000e+01
9.925198364257812500e+01
1.314708099365234375e+02
1.693756713867187500e+02
1.243441467285156250e+02
1.883828125000000000e+02
1.428876686096191406e+01
1.822534179687500000e+01
1.574188385009765625e+02
-3.851531219482421875e+01
-1.511892509460449219e+01
1.329630584716796875e+02
-8.268132019042968750e+01
-4.602292633056640625e+01
1.744924316406250000e+02
2.235627288818359375e+02
1.990093994140625000e+02
3.145210571289062500e+02
2.894897460937500000e+02
2.010241088867187500e+02
3.618589172363281250e+02
2.590823669433593750e+02
1.107905578613281250e+02
-1.231834564208984375e+02
-3.438708877563476562e+01
-1.571823730468750000e+02
-1.311924285888671875e+02
2.065838623046875000e+01
-1.474192810058593750e+01
-2.306396331787109375e+02
1.157850265502929688e+01
1.412699432373046875e+02
2.368569641113281250e+02
2.891030883789062500e+02
3.580178222656250000e+02
2.317737731933593750e+02
3.419235229492187500e+02
4.270354919433593750e+02
2.934974060058593750e+02
4.168958740234375000e+02
5.302042236328125000e+02
4.726862487792968750e+02
4.308959960937500000e+02
3.997198791503906250e+02
4.258047180175781250e+02
3.520339355468750000e+02
3.628615417480468750e+02
3.454407958984375000e+02
2.497552947998046875e+02
2.704933471679687500e+02
5.206211547851562500e+02
3.625611877441406250e+02
2.207593994140625000e+02
6.599162597656250000e+02
3.588919982910156250e+02
1.258411254882812500e+02
6.610730590820312500e+02
2.776211242675781250e+02
7.855887603759765625e+01
2.705476379394531250e+02
2.409721984863281250e+02
2.265645599365234375e+02
3.684974365234375000e+02
3.247746276855468750e+02
2.583237915039062500e+02
3.423393249511718750e+02
2.884154968261718750e+02
1.985393371582031250e+02
2.568624267578125000e+02
2.870945434570312500e+02
2.841209106445312500e+02
3.580900268554687500e+02
3.809613342285156250e+02
3.090716247558593750e+02
4.590096130371093750e+02
4.911906127929687500e+02
4.422047119140625000e+02
9.461965560913085938e+00
3.673934936523437500e+00
1.636696100234985352e+00
8.489389419555664062e+00
2.633356809616088867e+00
1.358473181724548340e+00
6.312034130096435547e+00
3.094778299331665039e+00
2.039962291717529297e+00
3.235804748535156250e+02
2.831557922363281250e+02
2.949171752929687500e+02
3.135513610839843750e+02
2.431878967285156250e+02
2.652790832519531250e+02
2.703866577148437500e+02
2.128452301025390625e+02
2.421356201171875000e+02
1.116398681640625000e+03
1.280759399414062500e+03
1.348675292968750000e+03
1.454260864257812500e+03
1.612144287109375000e+03
1.541214721679687500e+03
1.579978881835937500e+03
1.659494140625000000e+03
1.463194824218750000e+03
6.497438049316406250e+01
4.544845199584960938e+01
4.782395935058593750e+01
6.518671417236328125e+01
5.511026382446289062e+01
3.634226608276367188e+01
6.007276916503906250e+01
7.323097991943359375e+01
4.201763534545898438e+01
2.269445495605468750e+02
1.839518737792968750e+02
2.154831848144531250e+02
2.101014099121093750e+02
1.565677032470703125e+02
1.728388061523437500e+02
2.566152648925781250e+02
1.314066925048828125e+02
1.320383453369140625e+02
1.083196640014648438e+01
6.763458251953125000e+00
9.143512725830078125e+00
1.596927833557128906e+01
5.405943393707275391e+00
5.030989170074462891e+00
1.742681121826171875e+01
5.520165443420410156e+00
2.322507381439208984e+00
2.324281311035156250e+02
4.094998474121093750e+02
4.811327514648437500e+02
2.852110595703125000e+02
4.156449279785156250e+02
5.996596069335937500e+02
3.508687438964843750e+02
4.678970336914062500e+02
6.257883911132812500e+02
4.875202331542968750e+02
4.146752624511718750e+02
4.343222656250000000e+02
3.675400390625000000e+02
3.154530639648437500e+02
3.718619079589843750e+02
2.892565307617187500e+02
2.594556579589843750e+02
3.095702514648437500e+02
8.137523193359375000e+02
1.048642456054687500e+03
1.121243408203125000e+03
9.206296997070312500e+02
1.176869262695312500e+03
1.314843872070312500e+03
9.746913452148437500e+02
1.165355590820312500e+03
1.283118164062500000e+03
7.858580017089843750e+01
1.022155761718750000e+02
1.288844604492187500e+02
3.519923400878906250e+01
8.832591247558593750e+01
1.279427947998046875e+02
6.602848052978515625e+00
5.811698150634765625e+01
1.344409332275390625e+02
6.921898193359375000e+02
5.613511352539062500e+02
4.365206298828125000e+02
7.577988891601562500e+02
5.783515625000000000e+02
3.321292419433593750e+02
7.803052368164062500e+02
6.011466064453125000e+02
2.857094726562500000e+02
3.390535888671875000e+02
3.416441650390625000e+02
4.103867492675781250e+02
2.879169921875000000e+02
2.897588500976562500e+02
3.525469360351562500e+02
2.973713378906250000e+02
2.863338317871093750e+02
2.978616027832031250e+02
4.772645568847656250e+02
4.155670166015625000e+02
3.825762023925781250e+02
5.386116333007812500e+02
5.018966674804687500e+02
4.276329956054687500e+02
6.072441406250000000e+02
6.306521606445312500e+02
5.598977661132812500e+02
6.220397338867187500e+02
6.190089111328125000e+02
4.334889526367187500e+02
5.557186889648437500e+02
6.311953125000000000e+02
5.026629943847656250e+02
4.914810485839843750e+02
6.062456665039062500e+02
5.695430297851562500e+02
2.082156524658203125e+02
2.215239562988281250e+02
1.631132507324218750e+02
1.838561096191406250e+02
1.837759857177734375e+02
1.371821746826171875e+02
1.441169281005859375e+02
1.353167877197265625e+02
1.199899368286132812e+02
4.828478393554687500e+02
5.038614196777343750e+02
4.497390747070312500e+02
3.628583374023437500e+02
3.536618652343750000e+02
3.047884216308593750e+02
3.522794799804687500e+02
3.197095336914062500e+02
2.656203308105468750e+02
1.868260765075683594e+01
1.973016548156738281e+01
1.717636108398437500e+01
1.571964836120605469e+01
1.917064857482910156e+01
1.996121978759765625e+01
1.205017471313476562e+01
1.644930839538574219e+01
2.029032707214355469e+01
3.299649353027343750e+02
3.107512512207031250e+02
2.564580383300781250e+02
3.799322509765625000e+02
3.823038024902343750e+02
3.281407470703125000e+02
3.970675048828125000e+02
4.210570678710937500e+02
3.793706970214843750e+02
1.135810668945312500e+03
1.148270019531250000e+03
1.001148925781250000e+03
1.022728698730468750e+03
9.592509155273437500e+02
7.529304809570312500e+02
9.054014892578125000e+02
7.379572143554687500e+02
5.490381469726562500e+02
5.165604858398437500e+02
5.648773193359375000e+02
5.422071533203125000e+02
5.375837402343750000e+02
6.075057983398437500e+02
6.004179687500000000e+02
5.038512268066406250e+02
5.652844848632812500e+02
5.781761474609375000e+02
5.110681457519531250e+02
4.573293762207031250e+02
3.420186157226562500e+02
5.421083374023437500e+02
5.375967407226562500e+02
4.027998352050781250e+02
4.925053100585937500e+02
5.460448608398437500e+02
4.189277648925781250e+02
4.630188369750976562e+01
3.899884414672851562e+01
3.102138519287109375e+01
4.766159057617187500e+01
4.495975112915039062e+01
3.599340057373046875e+01
4.829878234863281250e+01
5.189634323120117188e+01
4.332021713256835938e+01
5.959790649414062500e+02
5.352586059570312500e+02
6.635775756835937500e+02
6.462789916992187500e+02
5.742511596679687500e+02
6.412561645507812500e+02
7.235320434570312500e+02
6.394971923828125000e+02
6.052399291992187500e+02
7.639633789062500000e+02
7.387292480468750000e+02
7.302987670898437500e+02
8.903463745117187500e+02
9.016714477539062500e+02
8.627962036132812500e+02
9.976543579101562500e+02
1.056423583984375000e+03
1.030979980468750000e+03
8.115388793945312500e+02
7.933388671875000000e+02
8.237826538085937500e+02
7.909418334960937500e+02
7.063208007812500000e+02
6.739727172851562500e+02
7.841831054687500000e+02
6.168173217773437500e+02
5.119160766601562500e+02
1.248474853515625000e+03
1.233842407226562500e+03
1.343496337890625000e+03
1.464386474609375000e+03
1.470115356445312500e+03
1.539473632812500000e+03
1.583664306640625000e+03
1.618328002929687500e+03
1.618057128906250000e+03
5.680170898437500000e+02
6.655841674804687500e+02
4.875537109375000000e+02
4.909163208007812500e+02
5.996994628906250000e+02
5.102203979492187500e+02
3.344077148437500000e+02
4.132418518066406250e+02
4.427982482910156250e+02
2.931210899353027344e+01
2.995782852172851562e+01
2.235134601593017578e+00
3.713429641723632812e+01
3.072323989868164062e+01
1.257189464569091797e+01
4.160159301757812500e+01
2.694813156127929688e+01
2.281918716430664062e+01
6.927495574951171875e+01
7.821945953369140625e+01
8.266312408447265625e+01
9.992088317871093750e+01
1.282260589599609375e+02
1.355842285156250000e+02
8.457230377197265625e+01
9.998065948486328125e+01
8.844997406005859375e+01
2.804033279418945312e+01
6.276279830932617188e+01
5.991074371337890625e+01
4.905341720581054688e+01
1.028873901367187500e+02
1.447043457031250000e+02
5.394445419311523438e+01
1.307492370605468750e+02
1.621720123291015625e+02
1.851174926757812500e+01
1.713141441345214844e+01
2.777529144287109375e+01
3.882572555541992188e+01
4.362350082397460938e+01
6.842479705810546875e+01
3.440819549560546875e+01
4.864819335937500000e+01
7.568144989013671875e+01
1.654991340637207031e+01
1.362961483001708984e+01
1.745249557495117188e+01
6.302043914794921875e+01
5.641462707519531250e+01
5.383275222778320312e+01
4.817188262939453125e+01
6.417737579345703125e+01
8.123277282714843750e+01
3.948891401290893555e+00
5.844901561737060547e+00
6.566668510437011719e+00
1.597722172737121582e+00
2.999220132827758789e+00
2.413024902343750000e+00
1.584968328475952148e+00
2.296738624572753906e+00
1.013803839683532715e+00
2.637452507019042969e+01
3.613284683227539062e+01
3.479589080810546875e+01
4.623557281494140625e+01
5.354447937011718750e+01
4.720832061767578125e+01
4.892978286743164062e+01
6.219492721557617188e+01
3.896715545654296875e+01
2.007802009582519531e+01
1.135018169879913330e-01
1.887700843811035156e+01
9.489659118652343750e+01
9.323171997070312500e+01
1.273827590942382812e+02
7.957897949218750000e+01
1.082999725341796875e+02
1.727335205078125000e+02
1.150333862304687500e+02
1.073187408447265625e+02
1.102847595214843750e+02
6.912837982177734375e+01
5.410707473754882812e+01
6.300276565551757812e+01
5.903433227539062500e+01
4.400506210327148438e+01
5.231227111816406250e+01
8.047921752929687500e+01
9.675848388671875000e+01
7.513705444335937500e+01
2.999040603637695312e+01
5.277056503295898438e+01
3.915221786499023438e+01
3.427457809448242188e+01
5.249573135375976562e+01
4.090504074096679688e+01
2.877437353134155273e+00
4.976746559143066406e+00
3.288415431976318359e+00
4.956363677978515625e+00
8.242161750793457031e+00
6.800547122955322266e+00
6.516205787658691406e+00
9.833699226379394531e+00
7.944040775299072266e+00
7.474971771240234375e+01
1.019810714721679688e+02
2.606908988952636719e+01
1.263758621215820312e+02
1.190493087768554688e+02
5.233821868896484375e+01
1.338403472900390625e+02
1.061344909667968750e+02
5.210845565795898438e+01
1.411085510253906250e+02
1.666578521728515625e+02
1.643929748535156250e+02
1.323342132568359375e+02
1.575130920410156250e+02
1.425232849121093750e+02
8.562663269042968750e+01
8.776887512207031250e+01
8.286936950683593750e+01
1.916832160949707031e+01
1.427612018585205078e+01
4.630299091339111328e+00
6.891613006591796875e+01
5.295278167724609375e+01
6.232791900634765625e+01
1.031566238403320312e+02
9.027566528320312500e+01
9.237548828125000000e+01
2.311592407226562500e+02
2.639212036132812500e+02
2.145079650878906250e+02
2.167225646972656250e+02
2.237044830322265625e+02
1.684025268554687500e+02
1.748885498046875000e+02
1.612563171386718750e+02
1.203418884277343750e+02
7.380532836914062500e+01
6.130609893798828125e+01
1.034904861450195312e+02
2.293381118774414062e+01
2.099154472351074219e+01
7.072619628906250000e+01
4.758327102661132812e+01
5.172744750976562500e+01
9.369224548339843750e+01
3.360989570617675781e+00
4.017316997051239014e-01
2.553019142150878906e+01
7.653485536575317383e-01
-1.104694080352783203e+01
1.062756538391113281e+01
8.915884494781494141e-01
-8.711095809936523438e+00
3.618564367294311523e+00
2.755970153808593750e+02
2.656557006835937500e+02
2.184751281738281250e+02
2.717457885742187500e+02
2.753718261718750000e+02
2.469675903320312500e+02
2.778575439453125000e+02
2.824181518554687500e+02
2.754498901367187500e+02
1.481381835937500000e+02
1.771779479980468750e+02
9.296138000488281250e+01
1.221569519042968750e+02
1.346180572509765625e+02
5.054227447509765625e+01
1.153868713378906250e+02
1.287467803955078125e+02
8.337676239013671875e+01
4.717469024658203125e+01
7.145291900634765625e+01
5.434925460815429688e+01
3.909713745117187500e+01
5.971571731567382812e+01
4.028877258300781250e+01
3.114492416381835938e+01
4.957492828369140625e+01
3.487297058105468750e+01
1.104228782653808594e+01
4.277030944824218750e+01
4.499665832519531250e+01
-7.019367694854736328e+00
1.177932357788085938e+01
7.406441688537597656e+00
1.850315666198730469e+01
3.920570755004882812e+01
4.502749252319335938e+01
1.465877056121826172e+00
1.045217871665954590e+00
7.267110347747802734e-01
1.093573331832885742e+00
1.471162557601928711e+00
1.493798732757568359e+00
1.523444294929504395e+00
1.873845934867858887e+00
1.565672993659973145e+00
2.785765380859375000e+02
2.705444335937500000e+02
2.388626556396484375e+02
2.803732299804687500e+02
2.723752441406250000e+02
2.506780395507812500e+02
2.779124450683593750e+02
2.775565795898437500e+02
2.683197937011718750e+02
-1.028532104492187500e+02
-1.824789237976074219e+01
2.203669357299804688e+01
-1.313620147705078125e+02
-5.476168441772460938e+01
-2.323432540893554688e+01
-1.997993011474609375e+02
-1.227925720214843750e+02
-1.004759292602539062e+02
1.529339218139648438e+01
4.141004562377929688e+01
3.507715606689453125e+01
1.912292861938476562e+01
4.672086334228515625e+01
3.873351287841796875e+01
2.957305717468261719e+01
4.967403030395507812e+01
4.384096908569335938e+01
1.733239288330078125e+02
1.845140991210937500e+02
1.460790252685546875e+02
1.840099639892578125e+02
1.862854766845703125e+02
1.565476837158203125e+02
2.083763275146484375e+02
1.942191009521484375e+02
1.744901123046875000e+02
6.349138736724853516e+00
4.510153770446777344e+00
1.889781117439270020e+00
4.687975883483886719e+00
1.891060590744018555e+00
4.232511520385742188e-01
4.184813022613525391e+00
3.347489118576049805e+00
3.044435262680053711e+00
-3.398056030273437500e+01
-7.103330993652343750e+01
-4.117511367797851562e+01
-3.031025886535644531e+01
-6.419200134277343750e+01
-5.217816162109375000e+01
-5.231730270385742188e+01
-6.633800506591796875e+01
-6.167927169799804688e+01
2.958239746093750000e+02
2.894214782714843750e+02
2.628851013183593750e+02
3.170256958007812500e+02
3.318272705078125000e+02
3.283857116699218750e+02
3.228814086914062500e+02
3.413000488281250000e+02
3.364983520507812500e+02
-1.073255920410156250e+02
-1.036236953735351562e+02
-2.397823143005371094e+01
-1.225598373413085938e+02
-1.250510177612304688e+02
-4.972254180908203125e+01
-1.592435302734375000e+02
-1.599915161132812500e+02
-1.166150131225585938e+02
6.616518402099609375e+01
7.277928924560546875e+01
9.780927276611328125e+01
7.967377471923828125e+01
1.115317001342773438e+02
1.198503875732421875e+02
1.143250961303710938e+02
1.489618377685546875e+02
1.472494812011718750e+02
4.571319961547851562e+01
1.557234039306640625e+02
8.562486267089843750e+01
3.376625823974609375e+01
1.420959625244140625e+02
6.929123687744140625e+01
2.491470909118652344e+01
1.152917861938476562e+02
3.314811706542968750e+01
1.552650299072265625e+02
1.561917724609375000e+02
1.957248535156250000e+02
1.911513366699218750e+02
2.170167999267578125e+02
2.586688842773437500e+02
2.307700347900390625e+02
2.785236206054687500e+02
2.740553283691406250e+02
5.461235046386718750e+01
3.848949050903320312e+01
-1.236941909790039062e+01
-1.279325389862060547e+01
-4.234085083007812500e+01
-8.384212493896484375e+01
-4.852548599243164062e+01
-6.084821319580078125e+01
-5.518203353881835938e+01
1.642613983154296875e+02
1.641800231933593750e+02
8.906336212158203125e+01
2.049903106689453125e+02
9.666094207763671875e+01
6.786889553070068359e+00
1.593446960449218750e+02
-3.091698884963989258e-01
-6.119694519042968750e+01
1.269997863769531250e+02
1.439302062988281250e+02
1.388335876464843750e+02
1.335146484375000000e+02
1.114927902221679688e+02
8.592355346679687500e+01
1.001168365478515625e+02
5.440081405639648438e+01
3.082491493225097656e+01
1.675616607666015625e+02
2.011432189941406250e+02
2.036121826171875000e+02
2.306677246093750000e+02
2.345709075927734375e+02
2.166860046386718750e+02
2.783562011718750000e+02
2.358589782714843750e+02
1.847369232177734375e+02
8.091429471969604492e-01
-1.311312794685363770e+00
-2.348879098892211914e+00
-7.815029621124267578e-01
-2.448183536529541016e+00
-1.413813829421997070e+00
2.935884237289428711e+00
1.454599976539611816e+00
3.680910825729370117e+00
2.075229263305664062e+01
1.779780769348144531e+01
-6.970718383789062500e+00
1.739583206176757812e+01
1.284623241424560547e+01
3.721388816833496094e+00
1.250987529754638672e+01
9.411875724792480469e+00
1.878768348693847656e+01
7.581165161132812500e+02
8.276509399414062500e+02
7.986658935546875000e+02
8.625836791992187500e+02
8.449141845703125000e+02
7.116315307617187500e+02
7.348291015625000000e+02
6.369585571289062500e+02
4.795257873535156250e+02
-5.871009063720703125e+01
-5.837687683105468750e+01
-3.603323364257812500e+01
-4.595476150512695312e+01
-3.311195755004882812e+01
3.450212180614471436e-01
5.752828216552734375e+01
5.458584976196289062e+01
6.466325378417968750e+01
-2.646751976013183594e+01
8.943629264831542969e+00
-7.466596126556396484e+00
3.184169197082519531e+01
6.504922485351562500e+01
5.678525543212890625e+01
1.053987274169921875e+02
1.188488998413085938e+02
1.113478240966796875e+02
1.922581076622009277e+00
3.557413101196289062e+00
-2.387029081583023071e-01
1.055043697357177734e+00
1.251498579978942871e+00
-1.019949316978454590e+00
-2.711288452148437500e+00
-3.475742816925048828e+00
-4.888652801513671875e+00
2.369909973144531250e+02
2.428613281250000000e+02
2.835822753906250000e+02
2.283203887939453125e+02
3.038246459960937500e+02
3.371849975585937500e+02
1.816168060302734375e+02
3.043292236328125000e+02
3.184292297363281250e+02
-4.936812591552734375e+01
-8.615399932861328125e+01
-9.747464752197265625e+01
-1.038390274047851562e+02
-1.205067596435546875e+02
-9.764666748046875000e+01
-6.506015777587890625e+01
-4.051156234741210938e+01
2.008796882629394531e+01
6.141030883789062500e+02
6.287600097656250000e+02
6.189703369140625000e+02
6.345537109375000000e+02
6.503664550781250000e+02
5.814795532226562500e+02
4.909584045410156250e+02
5.454356079101562500e+02
4.644499206542968750e+02
-2.447744140625000000e+02
-2.562575378417968750e+02
-1.762429656982421875e+02
-2.556837615966796875e+02
-2.010088043212890625e+02
-8.281248474121093750e+01
-1.141734619140625000e+02
3.808689117431640625e-02
9.677246856689453125e+01
1.984236450195312500e+02
1.958912506103515625e+02
2.117879028320312500e+02
2.682322692871093750e+02
1.941039276123046875e+02
1.735574645996093750e+02
3.250565185546875000e+02
1.794731903076171875e+02
1.453510284423828125e+02
2.338340606689453125e+02
2.512985839843750000e+02
3.575047302246093750e+02
2.656540222167968750e+02
3.137740783691406250e+02
4.285494384765625000e+02
3.677240600585937500e+02
4.600155944824218750e+02
5.484929809570312500e+02
2.032836761474609375e+02
1.655072174072265625e+02
7.818394470214843750e+01
2.123565521240234375e+02
1.711234283447265625e+02
6.908867645263671875e+01
1.670748138427734375e+02
1.369521636962890625e+02
4.968712997436523438e+01
3.686671142578125000e+02
4.197650146484375000e+02
2.808732910156250000e+02
3.687525329589843750e+02
3.900453796386718750e+02
2.468607330322265625e+02
4.045608520507812500e+02
3.299665222167968750e+02
1.815426483154296875e+02
2.462176971435546875e+02
2.820413818359375000e+02
2.748498535156250000e+02
2.852421569824218750e+02
2.956398620605468750e+02
2.861160888671875000e+02
2.969852905273437500e+02
2.784006652832031250e+02
2.529819183349609375e+02
3.478809204101562500e+02
3.866836853027343750e+02
4.198831176757812500e+02
3.463405151367187500e+02
3.896864624023437500e+02
4.125533142089843750e+02
5.172938842773437500e+02
5.218490600585937500e+02
4.766563110351562500e+02
6.716544151306152344e+00
6.747141361236572266e+00
3.657506465911865234e+00
3.983722925186157227e+00
2.080834388732910156e+00
8.459674715995788574e-01
8.679068684577941895e-01
-1.522276401519775391e+00
-1.157054528594017029e-01
9.918929290771484375e+01
8.904028320312500000e+01
2.719420433044433594e+01
1.024015274047851562e+02
9.705981445312500000e+01
3.627492141723632812e+01
1.118159790039062500e+02
9.885530853271484375e+01
5.709563446044921875e+01
1.315508422851562500e+03
1.530359252929687500e+03
1.609701416015625000e+03
1.655828857421875000e+03
1.811379394531250000e+03
1.776459838867187500e+03
1.873091430664062500e+03
1.889081909179687500e+03
1.730757568359375000e+03
4.231410980224609375e+01
4.449655151367187500e+01
8.384636688232421875e+01
1.223327994346618652e+00
8.467655181884765625e+00
7.134796142578125000e+01
6.267868518829345703e+00
1.315701007843017578e+01
6.176316452026367188e+01
1.630421600341796875e+02
1.385279541015625000e+02
1.335263442993164062e+01
7.540999603271484375e+01
1.116272964477539062e+02
3.299114227294921875e+01
7.492253112792968750e+01
1.376981964111328125e+02
8.492819213867187500e+01
1.607873725891113281e+01
1.609167480468750000e+01
4.219702720642089844e+00
1.253045654296875000e+01
1.579129791259765625e+01
6.581776618957519531e+00
1.123209571838378906e+01
1.249203968048095703e+01
5.414200305938720703e+00
3.744441528320312500e+02
3.926914367675781250e+02
5.067950439453125000e+02
4.341930541992187500e+02
5.202120971679687500e+02
6.518366699218750000e+02
4.563802185058593750e+02
6.093057861328125000e+02
7.246390380859375000e+02
1.935466003417968750e+02
1.197147064208984375e+02
4.596034622192382812e+01
1.861091308593750000e+02
1.086032409667968750e+02
4.161106109619140625e+01
1.071970367431640625e+02
6.181018829345703125e+01
4.443221282958984375e+01
9.948403930664062500e+02
1.100431640625000000e+03
1.220070922851562500e+03
1.291129028320312500e+03
1.400697753906250000e+03
1.414482543945312500e+03
1.345023803710937500e+03
1.442291503906250000e+03
1.410122924804687500e+03
8.547708129882812500e+01
-2.028899765014648438e+01
3.064804553985595703e+00
-1.095610857009887695e+00
-6.139629745483398438e+01
1.645050239562988281e+01
-6.016855239868164062e+01
-2.416651344299316406e+01
1.043768692016601562e+02
4.480958251953125000e+02
5.685989379882812500e+02
5.918560791015625000e+02
5.128090209960937500e+02
5.478679199218750000e+02
5.825405273437500000e+02
5.477822875976562500e+02
4.575471801757812500e+02
4.759035034179687500e+02
4.177856445312500000e+01
1.922534179687500000e+01
1.026686191558837891e+01
2.713677406311035156e+01
8.949917793273925781e+00
1.326621246337890625e+01
3.167928886413574219e+01
1.638513183593750000e+01
2.195401954650878906e+01
8.521348571777343750e+01
1.046925659179687500e+02
8.898086547851562500e+01
1.008840179443359375e+02
1.172420120239257812e+02
8.017398071289062500e+01
1.522718048095703125e+02
1.761721496582031250e+02
1.594021301269531250e+02
1.461673545837402344e+01
5.685071563720703125e+01
1.031481933593750000e+02
1.987780570983886719e+01
5.438837814331054688e+01
8.000586700439453125e+01
5.777539062500000000e+01
4.673940277099609375e+01
6.158372116088867188e+01
2.576849174499511719e+01
3.315898513793945312e+01
5.742825698852539062e+01
3.232022476196289062e+01
3.328088378906250000e+01
5.800406646728515625e+01
4.427214431762695312e+01
3.668012619018554688e+01
5.183607482910156250e+01
9.740030288696289062e+00
1.325347232818603516e+01
3.293405151367187500e+01
-3.207386016845703125e+01
-2.044391822814941406e+01
-1.770914077758789062e+01
-5.668447017669677734e+00
-2.591481208801269531e+00
1.930739283561706543e+00
6.013405919075012207e-01
1.088239669799804688e+00
5.242236256599426270e-01
6.619129776954650879e-01
1.785103380680084229e-01
-6.741321086883544922e-02
-1.493458986282348633e+00
-1.984016776084899902e+00
-1.761400818824768066e+00
1.302195281982421875e+02
1.585052642822265625e+02
1.356327209472656250e+02
1.514862213134765625e+02
1.723061676025390625e+02
1.541638641357421875e+02
1.517062072753906250e+02
1.675891265869140625e+02
1.521140899658203125e+02
-2.885092544555664062e+01
-2.452994155883789062e+01
7.067138195037841797e+00
-2.335587882995605469e+01
-5.082756996154785156e+00
1.789240264892578125e+01
1.409177494049072266e+01
3.151326560974121094e+01
4.477054977416992188e+01
-2.169439315795898438e+01
-2.773811340332031250e+01
-1.352069282531738281e+01
-2.278099632263183594e+01
-2.821259117126464844e+01
-1.253097629547119141e+01
-4.744999313354492188e+01
-5.685262680053710938e+01
-4.103007507324218750e+01
6.133885192871093750e+01
9.711413574218750000e+01
7.882859039306640625e+01
6.648048400878906250e+01
1.138351898193359375e+02
1.002591552734375000e+02
3.574486923217773438e+01
8.548229217529296875e+01
7.159326171875000000e+01
-4.593778133392333984e+00
-5.842788219451904297e-01
-3.049477100372314453e+00
-5.514342308044433594e+00
-1.218055725097656250e+00
-4.186636447906494141e+00
-4.469261646270751953e+00
-1.149368405342102051e+00
-2.498532056808471680e+00
3.566835784912109375e+01
-1.346943378448486328e+01
-2.150862121582031250e+01
2.006731414794921875e+01
-1.884105110168457031e+01
-2.354143524169921875e+01
8.714562416076660156e+00
-1.468475055694580078e+01
-9.251382827758789062e+00
8.026623535156250000e+01
6.999268341064453125e+01
3.222028732299804688e+01
1.239083786010742188e+02
1.155829162597656250e+02
7.733892059326171875e+01
1.296700439453125000e+02
1.379044494628906250e+02
1.275312576293945312e+02
9.275090217590332031e+00
-1.342437744140625000e+01
-1.792011260986328125e+01
2.646882438659667969e+01
5.293817520141601562e+00
2.954113006591796875e+00
2.227270507812500000e+01
2.208254241943359375e+01
2.114087486267089844e+01
-9.768684387207031250e+01
-1.566919250488281250e+02
-1.721651611328125000e+02
-7.856491088867187500e+01
-1.297432708740234375e+02
-1.311624450683593750e+02
-1.158796768188476562e+02
-1.570656738281250000e+02
-1.588051757812500000e+02
1.696669006347656250e+01
3.184409141540527344e+01
1.285270996093750000e+02
4.382246780395507812e+01
3.882379531860351562e+01
1.280879364013671875e+02
4.895164108276367188e+01
8.726081848144531250e+00
6.807241821289062500e+01
1.633078384399414062e+01
2.080656242370605469e+01
4.578147506713867188e+01
1.585208892822265625e+01
2.498983764648437500e+01
4.325941848754882812e+01
1.882492637634277344e+01
2.460650634765625000e+01
2.482685661315917969e+01
2.147829246520996094e+01
-1.392141628265380859e+01
-1.576309967041015625e+01
2.969967365264892578e+00
-2.695620155334472656e+01
-2.808105659484863281e+01
3.264994049072265625e+01
2.336639785766601562e+01
1.823058319091796875e+01
1.075340270996093750e+02
4.473150253295898438e+01
-1.505999946594238281e+01
6.722175598144531250e+01
1.593531036376953125e+01
-4.119723320007324219e+00
2.978153419494628906e+01
1.112364673614501953e+01
1.591911983489990234e+01
3.222623443603515625e+01
3.525016403198242188e+01
1.380074119567871094e+01
1.919892311096191406e+01
1.625056838989257812e+01
2.942621231079101562e+00
1.184918880462646484e+01
8.735518455505371094e+00
4.375091075897216797e+00
4.371575164794921875e+01
4.908365631103515625e+01
3.109877395629882812e+01
3.407120513916015625e+01
2.985418891906738281e+01
2.280213546752929688e+01
1.753985404968261719e+01
1.066160297393798828e+01
1.305367374420166016e+01
1.396320164203643799e-01
-1.549387723207473755e-02
7.941916584968566895e-02
6.831374168395996094e-01
1.342131972312927246e+00
2.083725929260253906e+00
7.973145246505737305e-01
1.302353739738464355e+00
2.222605228424072266e+00
2.729355239868164062e+01
1.887656927108764648e+00
3.798136949539184570e+00
1.745748519897460938e+01
3.298902034759521484e+00
3.377771854400634766e+00
1.036842727661132812e+01
8.857862472534179688e+00
1.599249362945556641e+01
6.288305664062500000e+01
7.829173278808593750e+01
3.943853378295898438e+01
5.222794723510742188e+01
4.267132568359375000e+01
7.810795783996582031e+00
4.497930526733398438e+01
2.199590110778808594e+01
4.340201020240783691e-01
2.090513467788696289e+00
1.818438911437988281e+01
9.107014656066894531e+00
2.021002006530761719e+01
3.432889556884765625e+01
2.629187774658203125e+01
2.375783729553222656e+01
2.793501853942871094e+01
2.255396461486816406e+01
5.338426208496093750e+01
1.971684646606445312e+01
7.674944400787353516e+00
6.996267700195312500e+01
4.476884078979492188e+01
2.135936737060546875e+01
3.733991241455078125e+01
2.988737297058105469e+01
2.254943847656250000e+01
4.071481227874755859e+00
8.104417324066162109e-01
2.536300420761108398e-01
2.706112146377563477e+00
2.405644655227661133e-01
-3.555797338485717773e-01
6.167101263999938965e-01
5.397552251815795898e-01
9.806606769561767578e-01
1.199049472808837891e+01
1.208630847930908203e+01
5.832080078125000000e+01
1.928421020507812500e+01
2.769052124023437500e+01
5.027266693115234375e+01
2.707564926147460938e+01
4.352776718139648438e+01
3.835112762451171875e+01
-1.602543067932128906e+01
-4.069553756713867188e+01
-3.374068069458007812e+01
3.414607763290405273e+00
-4.116514682769775391e+00
-8.630679845809936523e-01
4.665926361083984375e+01
4.677933120727539062e+01
4.390213394165039062e+01
2.690740394592285156e+01
2.752639579772949219e+01
4.980017089843750000e+01
2.668412017822265625e+01
2.476597595214843750e+01
2.806439971923828125e+01
3.656321334838867188e+01
2.701160430908203125e+01
1.746740913391113281e+01
-3.046160316467285156e+01
-1.675077247619628906e+01
2.156203842163085938e+01
2.190743827819824219e+01
3.537247085571289062e+01
5.135241699218750000e+01
4.673681259155273438e+01
5.815098190307617188e+01
5.360790252685546875e+01
5.097499465942382812e+01
8.005202484130859375e+01
1.595259571075439453e+01
5.134888076782226562e+01
6.400926971435546875e+01
2.748023033142089844e+01
3.376009368896484375e+01
3.495795440673828125e+01
3.259700393676757812e+01
1.576750030517578125e+02
1.541989746093750000e+02
1.545978393554687500e+02
1.641202697753906250e+02
1.569573059082031250e+02
1.465160369873046875e+02
1.693209838867187500e+02
1.133097381591796875e+02
1.130272674560546875e+02
2.615931701660156250e+02
2.723352355957031250e+02
2.753153686523437500e+02
2.693314819335937500e+02
2.539576873779296875e+02
2.847029724121093750e+02
3.332264404296875000e+02
3.168197326660156250e+02
3.432151184082031250e+02
1.925391693115234375e+02
1.737988433837890625e+02
4.516899490356445312e+01
1.711453704833984375e+02
2.089329986572265625e+02
1.081142883300781250e+02
1.107282180786132812e+02
1.683129425048828125e+02
1.424832000732421875e+02
1.193741683959960938e+02
7.725247192382812500e+01
6.582633209228515625e+01
8.913063049316406250e+01
8.415254974365234375e+01
8.343454742431640625e+01
6.446556854248046875e+01
8.890632629394531250e+01
7.587319946289062500e+01
1.162403335571289062e+02
9.753338623046875000e+01
6.502217102050781250e+01
1.254961700439453125e+02
1.392878417968750000e+02
1.093936614990234375e+02
6.307393264770507812e+01
1.030953063964843750e+02
1.250826416015625000e+02
1.193352222442626953e+00
2.758090257644653320e+00
1.940646290779113770e+00
2.250882387161254883e+00
3.316625595092773438e+00
2.903322458267211914e+00
1.473167300224304199e+00
3.116539478302001953e+00
4.135573863983154297e+00
2.710971679687500000e+02
2.451016540527343750e+02
2.405077667236328125e+02
2.775414123535156250e+02
2.729869384765625000e+02
2.682615051269531250e+02
2.326208648681640625e+02
2.249980010986328125e+02
2.294893188476562500e+02
3.307382507324218750e+02
2.965349121093750000e+02
2.772129516601562500e+02
2.752960510253906250e+02
2.507744598388671875e+02
2.783905639648437500e+02
2.006033782958984375e+02
2.306314544677734375e+02
2.549687652587890625e+02
5.036018371582031250e+00
5.500904560089111328e+00
3.612437057495117188e+01
2.009633064270019531e+01
1.082634544372558594e+01
2.934115982055664062e+01
3.751051127910614014e-01
1.377707099914550781e+01
2.756997489929199219e+01
1.826392669677734375e+02
1.770159759521484375e+02
1.434344177246093750e+02
2.093665161132812500e+02
1.923162994384765625e+02
1.563305664062500000e+02
2.007272644042968750e+02
1.668229217529296875e+02
1.166299896240234375e+02
6.781952857971191406e+00
5.738811969757080078e+00
1.924995422363281250e+00
8.000943183898925781e+00
6.585061073303222656e+00
2.937751770019531250e+00
6.114335536956787109e+00
4.918892383575439453e+00
5.811323642730712891e+00
1.448402557373046875e+02
1.663700561523437500e+02
1.051222457885742188e+02
1.948543548583984375e+02
1.379069061279296875e+02
6.575157165527343750e+01
2.025318298339843750e+02
1.052007675170898438e+02
3.540199661254882812e+01
3.199833374023437500e+02
3.350630798339843750e+02
3.779786987304687500e+02
3.346628723144531250e+02
3.403794860839843750e+02
3.698990478515625000e+02
3.556139526367187500e+02
3.541816406250000000e+02
3.514545898437500000e+02
2.758826599121093750e+02
2.556480255126953125e+02
2.753838806152343750e+02
2.870942382812500000e+02
2.127059326171875000e+02
2.542883605957031250e+02
2.880809936523437500e+02
1.904362945556640625e+02
1.991606140136718750e+02
1.818847198486328125e+02
2.270505828857421875e+02
2.114099273681640625e+02
1.958137207031250000e+02
2.540735778808593750e+02
2.040535278320312500e+02
1.612523193359375000e+02
1.525086364746093750e+02
1.019401779174804688e+02
2.241937713623046875e+02
2.063910217285156250e+02
1.950932006835937500e+02
1.532860870361328125e+02
1.920937042236328125e+02
1.448978576660156250e+02
9.202162933349609375e+01
2.295292968750000000e+02
2.002786407470703125e+02
3.690285491943359375e+01
1.620432472229003906e+01
9.776627540588378906e+00
4.309897613525390625e+01
2.498209953308105469e+01
1.883876228332519531e+01
4.510274124145507812e+01
2.094814872741699219e+01
1.290441513061523438e+01
3.346971130371093750e+01
4.939615631103515625e+01
6.647178649902343750e+01
1.781650543212890625e+01
3.437730407714843750e+01
6.258913040161132812e+01
1.948403739929199219e+01
4.351058959960937500e+01
6.988259887695312500e+01
2.186444664001464844e+01
6.813025474548339844e+00
4.795359420776367188e+01
3.096035385131835938e+01
3.033195686340332031e+01
6.444883728027343750e+01
3.812973403930664062e+01
2.584722328186035156e+01
6.766740417480468750e+01
1.237275695800781250e+01
8.815503120422363281e+00
9.224266052246093750e+00
9.402277946472167969e+00
9.314291954040527344e+00
6.910805225372314453e+00
6.364530563354492188e+00
1.256620788574218750e+01
2.625955104827880859e+00
1.564956283569335938e+01
1.550196361541748047e+01
1.472893238067626953e+01
3.397241210937500000e+01
3.744414520263671875e+01
3.270409774780273438e+01
1.966376304626464844e+01
2.008046340942382812e+01
1.672766113281250000e+01
5.111299753189086914e-01
5.724250674247741699e-01
9.645430445671081543e-01
1.071629524230957031e+00
1.144599318504333496e+00
2.149515867233276367e+00
1.780723571777343750e+00
2.578320741653442383e+00
3.079751968383789062e+00
1.441846942901611328e+01
3.360375976562500000e+01
4.902872848510742188e+01
1.557137393951416016e+01
3.678006362915039062e+01
5.917853927612304688e+01
1.410972023010253906e+01
3.619371795654296875e+01
6.566255187988281250e+01
3.178632164001464844e+01
2.661305236816406250e+01
2.522645187377929688e+01
2.371606063842773438e+01
2.308549118041992188e+01
1.939775848388671875e+01
1.631017684936523438e+01
2.742890357971191406e+01
1.186472606658935547e+01
3.245144271850585938e+01
3.806710433959960938e+01
2.934108924865722656e+01
3.702234649658203125e+01
4.361391067504882812e+01
3.397072982788085938e+01
4.670282745361328125e+01
5.454009246826171875e+01
4.415336608886718750e+01
8.346240043640136719e+00
1.705205535888671875e+01
4.456534576416015625e+01
3.032797622680664062e+01
4.346450042724609375e+01
7.148226928710937500e+01
4.330938339233398438e+01
4.844538497924804688e+01
8.161759948730468750e+01
2.960499286651611328e+00
3.990345716476440430e+00
6.059675693511962891e+00
4.171633720397949219e+00
5.965936183929443359e+00
7.248769760131835938e+00
3.431824207305908203e+00
4.433895587921142578e+00
6.896679878234863281e+00
8.399108886718750000e+01
6.349710083007812500e+01
4.521208953857421875e+01
1.019886932373046875e+02
7.025035858154296875e+01
4.289773941040039062e+01
1.119807968139648438e+02
8.586874389648437500e+01
5.218250656127929688e+01
3.135804748535156250e+01
6.919963073730468750e+01
9.466011810302734375e+01
2.374676513671875000e+01
7.073291015625000000e+01
1.135954589843750000e+02
6.529569244384765625e+01
1.171919708251953125e+02
1.518854522705078125e+02
6.669403839111328125e+01
2.855453491210937500e+01
3.030490112304687500e+01
5.645916366577148438e+01
1.836602783203125000e+01
2.122827911376953125e+01
5.853578948974609375e+01
2.471753120422363281e+01
2.451446151733398438e+01
1.180916061401367188e+02
1.528625793457031250e+02
1.524152069091796875e+02
1.472097320556640625e+02
1.910135345458984375e+02
1.811273345947265625e+02
1.809176788330078125e+02
2.260747985839843750e+02
1.999293212890625000e+02
1.242814540863037109e+01
1.334392929077148438e+01
1.688714504241943359e+00
1.956080055236816406e+01
2.737626075744628906e+01
1.393299388885498047e+01
2.949741363525390625e+01
4.893336105346679688e+01
3.173403930664062500e+01
3.797473669052124023e+00
5.274935722351074219e+00
3.665930986404418945e+00
2.630841255187988281e+00
8.064772486686706543e-01
6.309235095977783203e-01
3.293919086456298828e+00
1.244312524795532227e+00
5.219373703002929688e-01
-1.133979856967926025e-01
1.440912485122680664e+00
2.297774791717529297e+00
-4.752214908599853516e+00
-8.762140274047851562e+00
1.380685091018676758e+00
-1.257107639312744141e+01
-1.570396327972412109e+01
-8.606489181518554688e+00
5.875455379486083984e+00
-1.346679115295410156e+01
4.038513302803039551e-01
1.151116013526916504e+00
-1.098333930969238281e+01
-3.301385045051574707e-01
-4.594470024108886719e+00
-1.431174087524414062e+01
-8.672171592712402344e+00
2.631893157958984375e+00
1.344654679298400879e+00
9.164248704910278320e-01
2.632496118545532227e+00
1.967225909233093262e+00
-1.764293909072875977e-01
2.937726259231567383e+00
2.481246590614318848e-01
-2.649277210235595703e+00
7.002367973327636719e+00
6.363964080810546875e+00
4.645081996917724609e+00
9.598426818847656250e-01
3.194596171379089355e-01
-3.940427005290985107e-01
3.321564912796020508e+00
1.147875666618347168e+00
2.310059547424316406e+00
5.410925149917602539e-01
4.618443548679351807e-01
5.271992087364196777e-01
-1.093015223741531372e-01
-1.422135084867477417e-01
-6.830635666847229004e-02
1.876028776168823242e-01
1.015345603227615356e-01
2.142970561981201172e-01
-4.572181701660156250e+00
-5.367903709411621094e+00
9.108447432518005371e-01
-2.705308914184570312e+00
-3.965944766998291016e+00
-5.486248135566711426e-01
-7.081044197082519531e+00
-8.199812889099121094e+00
-5.221353530883789062e+00
6.107160568237304688e+00
4.215322017669677734e+00
6.176434159278869629e-01
5.305216312408447266e+00
3.091879487037658691e-01
1.832552552223205566e+00
7.360317230224609375e+00
4.263449192047119141e+00
2.975725412368774414e+00
2.944964218139648438e+01
3.230083465576171875e+01
2.431224822998046875e+01
1.955981826782226562e+01
2.305935096740722656e+01
1.343245697021484375e+01
2.033364486694335938e+01
2.134547805786132812e+01
1.420694541931152344e+01
2.591368436813354492e+00
-6.535394668579101562e+00
6.816926598548889160e-01
-1.612770676612854004e+00
-1.323357677459716797e+01
-1.875966310501098633e+00
-7.242333292961120605e-01
-7.910038471221923828e+00
-4.447394371032714844e+00
1.084850072860717773e+00
5.828396081924438477e-01
2.182171106338500977e+00
1.255466580390930176e+00
8.007417917251586914e-01
1.828012704849243164e+00
1.004524946212768555e+00
7.288462519645690918e-01
1.416753768920898438e+00
2.678102016448974609e+00
4.522849559783935547e+00
1.180914020538330078e+01
3.685251951217651367e+00
3.932120561599731445e+00
1.235486793518066406e+01
8.920759201049804688e+00
1.288542366027832031e+01
1.137478351593017578e+01
8.642252683639526367e-01
6.176531314849853516e+00
1.140949249267578125e+01
-1.416197490692138672e+01
-1.260131359100341797e+01
-1.937138557434082031e+00
-1.301353168487548828e+01
-1.213654327392578125e+01
-6.185582160949707031e+00
1.438807487487792969e+00
4.122843742370605469e+00
5.075556755065917969e+00
4.820717334747314453e+00
4.667198657989501953e+00
6.270125865936279297e+00
2.330265045166015625e+00
2.891337871551513672e-02
1.075966358184814453e-01
4.721857452392578125e+01
5.936428070068359375e+01
6.693320465087890625e+01
3.855997467041015625e+01
4.906721878051757812e+01
5.797872924804687500e+01
4.175915145874023438e+01
4.793627166748046875e+01
4.911001205444335938e+01
1.399754238128662109e+01
-3.923978805541992188e+00
-8.822046279907226562e+00
1.898260712623596191e+00
-7.298117637634277344e+00
-1.887927818298339844e+01
3.893501520156860352e+00
-4.160426557064056396e-02
-1.072240161895751953e+01
