-2.071612596511840820e+00
-1.813091158866882324e+00
-1.949492096900939941e+00
-3.008821725845336914e+00
-2.888991355895996094e+00
-2.999317169189453125e+00
-4.122772216796875000e+00
-5.358284950256347656e+00
-5.241730213165283203e+00
2.205280542373657227e+00
2.288511276245117188e+00
1.990533590316772461e+00
2.710996150970458984e+00
2.675690650939941406e+00
2.409135341644287109e+00
2.771278858184814453e+00
2.554706335067749023e+00
2.148224353790283203e+00
2.029974460601806641e+00
3.921377420425415039e+00
4.258681774139404297e+00
2.944297313690185547e+00
5.273650169372558594e+00
4.319406986236572266e+00
3.430817604064941406e+00
6.121578216552734375e+00
4.671712398529052734e+00
-7.708017826080322266e-01
-2.628069221973419189e-01
2.565934360027313232e-01
-8.710438013076782227e-01
-1.711275279521942139e-01
1.935050040483474731e-01
-7.722311615943908691e-01
1.021364331245422363e-01
4.342096745967864990e-01
-1.717100739479064941e-01
-2.790072560310363770e-02
9.744849801063537598e-02
-4.331001937389373779e-01
-2.610279619693756104e-01
-2.198610603809356689e-01
-8.116961717605590820e-01
-6.189014911651611328e-01
-4.307388663291931152e-01
2.904646873474121094e+00
3.292355060577392578e+00
2.468205928802490234e+00
2.074192762374877930e+00
3.069506168365478516e+00
2.425172805786132812e+00
2.172093152999877930e+00
3.515426397323608398e+00
3.340633392333984375e+00
2.497922420501708984e+00
2.473031759262084961e+00
2.165575742721557617e+00
3.288593530654907227e+00
3.003155231475830078e+00
2.429612636566162109e+00
3.421183347702026367e+00
3.217542886734008789e+00
2.474880695343017578e+00
-9.787672042846679688e+00
-8.825016975402832031e+00
-5.938481807708740234e+00
-1.573187541961669922e+01
-1.525691223144531250e+01
-1.186229991912841797e+01
-1.877755355834960938e+01
-1.760572052001953125e+01
-1.392090034484863281e+01
2.805037736892700195e+00
3.812883138656616211e+00
3.722492456436157227e+00
4.387204647064208984e+00
6.071646690368652344e+00
6.189536571502685547e+00
4.848628520965576172e+00
6.921066284179687500e+00
6.797783851623535156e+00
3.070801973342895508e+00
3.031413078308105469e+00
2.864557027816772461e+00
4.374764919281005859e+00
4.392404556274414062e+00
3.557623863220214844e+00
4.693996429443359375e+00
4.388784408569335938e+00
3.088237047195434570e+00
5.021672248840332031e-01
5.047357082366943359e-01
5.409387946128845215e-01
6.988620758056640625e-01
5.110379457473754883e-01
3.451873660087585449e-01
9.909628033638000488e-01
7.768553495407104492e-01
4.513091146945953369e-01
-1.946681737899780273e+00
-2.805744886398315430e+00
-2.602415561676025391e+00
-3.060929775238037109e+00
-5.031114578247070312e+00
-4.791728019714355469e+00
-3.095673322677612305e+00
-5.505596160888671875e+00
-5.849724769592285156e+00
1.116117095947265625e+01
1.045560646057128906e+01
9.235246658325195312e+00
1.177408123016357422e+01
1.061812400817871094e+01
9.546697616577148438e+00
1.242559432983398438e+01
1.133961963653564453e+01
9.873956680297851562e+00
-2.191478967666625977e+00
-2.419991970062255859e+00
-2.146264314651489258e+00
-3.567198514938354492e+00
-4.018899917602539062e+00
-3.524474143981933594e+00
-4.010410308837890625e+00
-4.585258007049560547e+00
-4.178009033203125000e+00
1.303187370300292969e+01
1.110722446441650391e+01
1.098924350738525391e+01
1.678520584106445312e+01
1.400299644470214844e+01
1.387618064880371094e+01
1.940361213684082031e+01
1.631473159790039062e+01
1.484902572631835938e+01
-1.950436681509017944e-01
2.059164524078369141e+00
2.832626581192016602e+00
-1.231798768043518066e+00
2.460645198822021484e+00
3.562762498855590820e+00
-2.843809843063354492e+00
2.054802179336547852e+00
3.139407157897949219e+00
2.128337323665618896e-01
2.616857886314392090e-01
1.135147511959075928e-01
2.522748112678527832e-01
2.000293135643005371e-01
2.013458460569381714e-01
-4.264374449849128723e-02
1.407739706337451935e-03
1.143708825111389160e-01
1.588509604334831238e-02
3.309492021799087524e-02
-1.774877309799194336e-04
9.829546324908733368e-03
7.361601293087005615e-02
4.990684241056442261e-02
1.180915907025337219e-02
8.241379261016845703e-02
8.494642376899719238e-02
-3.453159332275390625e-02
-8.738178759813308716e-02
-5.012594535946846008e-02
-2.454219572246074677e-02
-4.588364064693450928e-02
-1.883780062198638916e-01
1.006595343351364136e-01
-9.655927121639251709e-02
-3.291534185409545898e-01
8.936212956905364990e-02
2.309130132198333740e-02
3.558848053216934204e-02
6.575045734643936157e-02
-3.212996572256088257e-02
-4.535529296845197678e-03
9.499531239271163940e-02
-1.945527829229831696e-02
-5.926275625824928284e-02
6.648110598325729370e-02
4.009522125124931335e-02
2.993697114288806915e-02
5.295637622475624084e-02
6.701037287712097168e-02
4.098311066627502441e-02
1.293588895350694656e-03
2.094655111432075500e-02
-1.456773653626441956e-02
-4.525943100452423096e-02
5.125829484313726425e-03
-7.730551809072494507e-02
2.308352738618850708e-01
-8.035333454608917236e-02
-1.551496684551239014e-01
2.019723057746887207e-01
8.759589400142431259e-05
-1.181719079613685608e-01
3.344949334859848022e-02
1.117720901966094971e-01
4.802340269088745117e-02
2.750923112034797668e-02
1.225283667445182800e-01
8.483126014471054077e-02
8.434147387742996216e-02
9.449436515569686890e-02
1.077043488621711731e-01
3.883445262908935547e-01
3.210429549217224121e-01
2.542404830455780029e-01
-9.815872460603713989e-02
-8.666519820690155029e-02
-4.610715433955192566e-02
-1.959606632590293884e-02
-5.611388385295867920e-02
-1.618350744247436523e-01
-2.490281909704208374e-01
-2.850672602653503418e-01
1.079999208450317383e-01
-5.142505094408988953e-02
-2.334303557872772217e-01
2.497121244668960571e-01
-2.173313871026039124e-02
-5.349463969469070435e-02
8.273947238922119141e-02
-5.061340332031250000e-02
5.956896394491195679e-02
3.776565566658973694e-02
-8.696099370718002319e-02
1.065078377723693848e-01
1.939150691032409668e-02
-1.289934292435646057e-02
1.021486148238182068e-01
-1.235333457589149475e-02
-4.450121894478797913e-02
1.727245934307575226e-02
-1.561734639108181000e-02
-6.731817126274108887e-02
3.382074646651744843e-03
-1.245549414306879044e-02
-5.920725688338279724e-02
-5.754598975181579590e-02
-3.203980997204780579e-02
7.070706039667129517e-02
1.265734881162643433e-01
3.644666820764541626e-02
1.579842902719974518e-02
-2.314374782145023346e-02
7.867407053709030151e-02
-2.874275855720043182e-02
-4.833228141069412231e-02
2.309955656528472900e-02
3.959866985678672791e-02
4.175999760627746582e-02
1.128926202654838562e-01
-2.815297245979309082e-02
6.885918974876403809e-02
2.125681340694427490e-01
1.114660352468490601e-01
1.861620992422103882e-01
3.215500116348266602e-01
3.659377619624137878e-02
7.409127801656723022e-02
4.174916446208953857e-02
-2.408410981297492981e-02
-8.519759401679039001e-03
3.040644107386469841e-03
1.069183833897113800e-02
8.607378229498863220e-03
3.262822702527046204e-02
-4.403494894504547119e-01
-2.419915646314620972e-01
1.269930228590965271e-02
-5.047072768211364746e-01
-2.742902934551239014e-01
-8.653457462787628174e-02
-5.685334205627441406e-01
-3.418680429458618164e-01
-2.489626705646514893e-01
1.124069392681121826e-01
-1.879896819591522217e-01
2.379374951124191284e-01
2.971748709678649902e-01
-1.407838016748428345e-01
1.014155149459838867e-01
3.479726016521453857e-01
2.855250239372253418e-02
-1.340868622064590454e-01
-1.203456707298755646e-02
-2.897935919463634491e-04
7.690384052693843842e-03
-2.367584593594074249e-02
-1.619252748787403107e-02
-8.523445576429367065e-03
3.643379732966423035e-02
1.703136041760444641e-02
-1.532025448977947235e-02
5.262743681669235229e-03
7.742336019873619080e-04
-4.682620987296104431e-03
1.739202998578548431e-03
4.402743652462959290e-03
6.817170651629567146e-05
-7.656331639736890793e-03
-1.601348747499287128e-03
-2.356431446969509125e-03
2.435590885579586029e-02
2.107247337698936462e-02
1.924563944339752197e-02
-1.699390262365341187e-02
-3.376695513725280762e-02
-1.933804154396057129e-02
-1.334950327873229980e-02
-1.965948380529880524e-02
3.988488111644983292e-03
8.836224675178527832e-03
1.319536846131086349e-02
1.296623051166534424e-02
1.453929487615823746e-02
3.593693254515528679e-03
8.909881114959716797e-03
-3.425302682444453239e-03
-1.413352042436599731e-02
-1.064447592943906784e-02
1.734699122607707977e-03
6.992391310632228851e-03
1.061744056642055511e-02
-1.221232209354639053e-02
-1.065771654248237610e-02
-9.201275184750556946e-03
5.242242477834224701e-03
5.608890205621719360e-03
6.378146354109048843e-03
1.157463528215885162e-02
-2.812375547364354134e-03
-1.410529948770999908e-04
-3.968121856451034546e-02
-9.310312569141387939e-03
-3.846462277579121292e-06
-4.959570243954658508e-02
-5.011174082756042480e-02
-4.483050480484962463e-02
5.124839022755622864e-03
1.306354161351919174e-02
4.952014889568090439e-03
-1.065013464540243149e-02
-3.598595270887017250e-03
-7.706563454121351242e-03
-1.830326765775680542e-02
-1.243917737156152725e-02
-1.432553492486476898e-02
3.716909512877464294e-02
7.364444434642791748e-02
6.565126031637191772e-02
9.212328493595123291e-02
1.083555519580841064e-01
9.123785793781280518e-02
-3.024442121386528015e-02
-4.299070313572883606e-02
-2.252117358148097992e-02
-1.444001309573650360e-02
-2.355460776016116142e-03
1.434674113988876343e-02
-5.173614248633384705e-02
-2.964653633534908295e-02
7.671368308365345001e-03
-1.185044273734092712e-01
-1.283495277166366577e-01
-5.751713365316390991e-02
1.300057629123330116e-04
8.134965784847736359e-03
1.847654639277607203e-04
-1.478683436289429665e-03
3.227363526821136475e-02
5.894200876355171204e-03
-4.425599053502082825e-02
-8.353387936949729919e-03
-1.825900375843048096e-02
6.251492071896791458e-03
1.850465312600135803e-02
1.708803465589880943e-03
-5.824964959174394608e-03
2.787274541333317757e-03
-7.124693598598241806e-03
-5.362805910408496857e-03
1.902941381558775902e-03
1.267971005290746689e-03
-1.504920423030853271e-02
1.849053055047988892e-02
1.092673093080520630e-02
-4.387521184980869293e-03
1.090908609330654144e-02
-3.354541258886456490e-03
8.299276232719421387e-03
1.919532567262649536e-02
6.713647395372390747e-03
8.367247879505157471e-03
-3.450555959716439247e-03
-9.642351418733596802e-03
-2.712287008762359619e-03
-4.421203397214412689e-03
2.690444700419902802e-03
-6.102336570620536804e-02
-3.362407535314559937e-02
-2.107397466897964478e-02
5.097886547446250916e-03
5.364215001463890076e-03
8.111816830933094025e-03
1.091946195811033249e-02
1.025038678199052811e-02
8.337525650858879089e-03
-5.761411972343921661e-03
-7.700756657868623734e-03
-9.266648441553115845e-03
-1.148871053010225296e-02
3.265128470957279205e-03
-2.266018418595194817e-04
-3.003357723355293274e-02
-2.962886355817317963e-02
-2.799406833946704865e-02
-1.019294857978820801e-01
-1.136158704757690430e-01
-1.065826043486595154e-01
1.097715343348681927e-03
8.645189926028251648e-03
6.319297477602958679e-03
-1.030055806040763855e-03
-2.619769796729087830e-02
4.218773543834686279e-02
-2.687667869031429291e-02
-5.955934897065162659e-02
1.779078319668769836e-02
-1.389259696006774902e+00
-4.460585117340087891e-01
-6.573545932769775391e-01
-2.390788316726684570e+00
-1.498229146003723145e+00
-1.191247701644897461e+00
-5.699265480041503906e+00
-5.612163543701171875e+00
-5.305132865905761719e+00
-3.306919336318969727e+00
-3.319813728332519531e+00
-1.994078159332275391e+00
-2.328697919845581055e+00
-2.167719364166259766e+00
-1.470017790794372559e+00
-1.702070116996765137e+00
-1.940742492675781250e+00
-1.527574181556701660e+00
-2.255386590957641602e+00
-3.699691534042358398e+00
-2.956987023353576660e-01
-2.932570219039916992e+00
-3.015669345855712891e+00
-8.584904670715332031e-02
-2.239292144775390625e+00
-2.335423827171325684e-01
1.794699788093566895e+00
-3.151778131723403931e-02
-2.830886542797088623e-01
5.593271255493164062e-01
-6.355623006820678711e-01
-5.341072082519531250e-01
8.557565212249755859e-01
-1.867196857929229736e-01
3.244248330593109131e-01
1.822659611701965332e+00
9.913602471351623535e-02
-1.931413263082504272e-01
-2.056380361318588257e-01
-5.182888358831405640e-02
-7.356244325637817383e-02
9.973220527172088623e-02
-1.345180273056030273e+00
-1.314754486083984375e+00
-9.492912888526916504e-01
1.147523045539855957e+00
2.598062992095947266e+00
3.464409112930297852e+00
6.089031219482421875e+00
7.870593070983886719e+00
6.500835418701171875e+00
6.545286178588867188e+00
6.741778850555419922e+00
4.473952293395996094e+00
-3.807271718978881836e+00
-3.528711318969726562e+00
-2.713377952575683594e+00
-3.612260818481445312e+00
-3.618362188339233398e+00
-3.151091337203979492e+00
-2.702761411666870117e+00
-3.068100452423095703e+00
-3.285809993743896484e+00
-3.620264053344726562e+00
-2.488694667816162109e+00
-2.900560379028320312e+00
-8.925532341003417969e+00
-7.622743606567382812e+00
-4.191699504852294922e+00
-1.086028957366943359e+01
-8.506044387817382812e+00
4.188239574432373047e-02
2.032429885864257812e+01
1.936830520629882812e+01
1.712660598754882812e+01
3.179713439941406250e+01
2.754539108276367188e+01
2.690862655639648438e+01
3.348111343383789062e+01
2.744425773620605469e+01
2.751192283630371094e+01
-2.501768350601196289e+00
-3.754054307937622070e+00
-1.559518694877624512e+00
-2.150019645690917969e+00
-3.542324304580688477e+00
-2.445659160614013672e+00
-2.571106433868408203e+00
-3.646468639373779297e+00
-3.769841909408569336e+00
3.314151763916015625e-01
3.637365698814392090e-01
4.170446991920471191e-01
1.720002293586730957e-02
4.233811795711517334e-01
2.641231715679168701e-01
3.405020833015441895e-01
8.617106676101684570e-01
3.515933752059936523e-01
-1.554425358772277832e+00
2.054962664842605591e-01
-2.090281248092651367e-01
-3.115478754043579102e+00
-1.455806732177734375e+00
-3.766225576400756836e+00
-3.833891630172729492e+00
-3.354032337665557861e-01
-2.224102497100830078e+00
-1.247770881652832031e+01
-1.152229022979736328e+01
-8.507338523864746094e+00
-8.120952606201171875e+00
-8.313064575195312500e+00
-7.532924175262451172e+00
-7.791210651397705078e+00
-1.032056236267089844e+01
-1.045725440979003906e+01
-1.585550665855407715e+00
-1.302890062332153320e+00
-7.578929662704467773e-01
-2.614590167999267578e+00
-2.636414527893066406e+00
-2.038434743881225586e+00
-2.500230312347412109e+00
-2.094489574432373047e+00
-1.610752224922180176e+00
7.112749576568603516e+00
8.538643836975097656e+00
5.454283714294433594e+00
1.462343883514404297e+01
1.165665149688720703e+01
8.901308059692382812e+00
1.614601135253906250e+01
1.153278923034667969e+01
8.440337181091308594e+00
-8.594632148742675781e-01
-1.316264033317565918e+00
-1.070273876190185547e+00
6.175490617752075195e-01
8.995585441589355469e-01
3.283549308776855469e+00
1.213794276118278503e-01
9.455676078796386719e-01
6.631609439849853516e+00
7.443675041198730469e+00
5.708394050598144531e+00
8.860536575317382812e+00
1.074380493164062500e+01
6.475306034088134766e+00
4.918568611145019531e+00
1.042954349517822266e+01
3.360365629196166992e+00
-1.029217123985290527e+00
2.913295328617095947e-01
8.700126409530639648e-02
4.591953158378601074e-01
8.653763532638549805e-01
9.688493609428405762e-01
1.379938840866088867e+00
1.425381422042846680e+00
1.986601114273071289e+00
2.751878023147583008e+00
5.391031265258789062e+00
3.634654760360717773e+00
1.670898318290710449e+00
2.012532472610473633e+00
1.180631399154663086e+00
1.610288023948669434e+00
5.660622119903564453e-01
1.893509626388549805e+00
4.597896575927734375e+00
1.121025204658508301e+00
1.766601204872131348e+00
7.633664011955261230e-01
3.008355498313903809e-01
7.196008563041687012e-01
5.796839594841003418e-01
2.551713213324546814e-02
6.256650090217590332e-01
1.088529706001281738e+00
2.051502227783203125e+00
2.113545179367065430e+00
1.479571461677551270e+00
1.088091611862182617e+00
7.138442993164062500e-01
5.327474474906921387e-01
2.588689029216766357e-01
1.586322188377380371e-01
4.688004553318023682e-01
6.608245372772216797e-01
1.122187376022338867e+00
3.610099554061889648e+00
1.131765723228454590e+00
2.642117738723754883e+00
4.516507625579833984e+00
2.573874950408935547e+00
4.437917232513427734e+00
3.830333232879638672e+00
1.299955368041992188e+00
1.114368915557861328e+00
1.236064314842224121e+00
1.199881672859191895e+00
1.479988217353820801e+00
2.123413324356079102e+00
8.518140316009521484e-01
1.787460088729858398e+00
2.553965330123901367e+00
2.245098495483398438e+01
1.982743453979492188e+01
1.160664939880371094e+01
1.563722133636474609e+01
1.236762714385986328e+01
9.614881515502929688e+00
9.729747772216796875e+00
8.758541107177734375e+00
1.330947494506835938e+01
-8.719377517700195312e-01
5.991880416870117188e+00
5.916118144989013672e+00
5.942995071411132812e+00
9.670553207397460938e+00
7.696893215179443359e+00
6.159078121185302734e+00
6.002668857574462891e+00
4.222821235656738281e+00
3.362248897552490234e+00
2.573173046112060547e+00
2.579095125198364258e+00
4.258674144744873047e+00
2.614382266998291016e+00
2.548305273056030273e+00
2.618303775787353516e+00
9.184542894363403320e-01
1.149150490760803223e+00
1.536509275436401367e+00
5.389758348464965820e-01
2.621244490146636963e-01
8.771910667419433594e-01
-1.198571547865867615e-02
2.643772065639495850e-01
5.745534896850585938e-01
4.856500327587127686e-01
9.008094668388366699e-01
1.263508510589599609e+01
6.361280918121337891e+00
4.533815383911132812e+00
1.416291046142578125e+01
7.051345348358154297e+00
1.366376876831054688e+00
1.448417472839355469e+01
4.372548580169677734e+00
5.344542264938354492e-01
3.495415925979614258e+00
6.142419815063476562e+00
8.195727348327636719e+00
5.223451614379882812e+00
9.036845207214355469e+00
1.107244205474853516e+01
7.475368976593017578e+00
1.081729412078857422e+01
1.128455066680908203e+01
4.346542835235595703e+00
2.713567495346069336e+00
3.206279277801513672e+00
4.322476387023925781e+00
2.703039407730102539e+00
2.696749687194824219e+00
4.210668563842773438e+00
2.703500986099243164e+00
2.653579711914062500e+00
1.643059539794921875e+01
2.035628700256347656e+01
1.835524940490722656e+01
2.454902458190917969e+01
2.561857986450195312e+01
1.884592628479003906e+01
2.499949455261230469e+01
2.050768280029296875e+01
1.318772888183593750e+01
1.064776778221130371e+00
4.182725906372070312e+00
-1.608350872993469238e-01
2.220058917999267578e+00
4.939956188201904297e+00
2.307927370071411133e+00
1.165705844759941101e-01
3.286195755004882812e+00
4.242611408233642578e+00
8.498941421508789062e+00
1.098545455932617188e+01
1.337675189971923828e+01
9.287055015563964844e+00
1.351747417449951172e+01
1.745431518554687500e+01
1.167300224304199219e+01
1.697411727905273438e+01
2.223851585388183594e+01
4.314728260040283203e+00
3.895741224288940430e+00
3.630079030990600586e+00
2.870157003402709961e+00
1.959799647331237793e+00
2.324286699295043945e+00
2.024635791778564453e+00
1.039831757545471191e+00
1.400498509407043457e+00
9.745775222778320312e+00
7.410882949829101562e+00
4.740876197814941406e+00
1.302963542938232422e+01
7.379447460174560547e+00
2.985225677490234375e+00
1.215066719055175781e+01
4.985354900360107422e+00
1.724403619766235352e+00
4.577198028564453125e+00
4.627681732177734375e+00
3.716231822967529297e+00
6.391642093658447266e+00
6.011685848236083984e+00
4.232914447784423828e+00
5.513717651367187500e+00
4.587335586547851562e+00
2.747843742370605469e+00
1.835817575454711914e+00
2.149061203002929688e+00
2.164058208465576172e+00
3.231181621551513672e+00
3.296990394592285156e+00
2.859251499176025391e+00
3.837021112442016602e+00
4.141036033630371094e+00
3.889483213424682617e+00
5.751151561737060547e+00
1.440704107284545898e+00
3.197348713874816895e-01
3.796014785766601562e+00
6.462204456329345703e-01
-1.256496012210845947e-01
3.353091955184936523e+00
2.075312137603759766e+00
1.648284196853637695e+00
3.501577138900756836e+00
2.675995588302612305e+00
3.026564121246337891e+00
3.430162668228149414e+00
2.436990261077880859e+00
2.644577741622924805e+00
2.757236957550048828e+00
1.937812089920043945e+00
2.324715137481689453e+00
4.244019317626953125e+01
4.894841766357421875e+01
4.973458862304687500e+01
5.421989440917968750e+01
5.981679916381835938e+01
5.562731170654296875e+01
5.511042022705078125e+01
5.678069686889648438e+01
4.893358230590820312e+01
4.487283229827880859e+00
4.328916549682617188e+00
4.791942596435546875e+00
3.008685588836669922e+00
2.715622901916503906e+00
1.872420072555541992e+00
5.706861495971679688e+00
6.158567428588867188e+00
4.031165599822998047e+00
2.985503911972045898e+00
1.892174839973449707e+00
2.938373565673828125e+00
3.479948282241821289e+00
2.092635393142700195e+00
2.821586370468139648e+00
4.948694705963134766e+00
2.712280035018920898e+00
2.729799985885620117e+00
6.491555571556091309e-01
4.671807885169982910e-01
8.509054183959960938e-01
9.877022504806518555e-01
3.543381392955780029e-01
5.098108649253845215e-01
1.233348608016967773e+00
2.747947573661804199e-01
9.385772794485092163e-02
6.497307300567626953e+00
9.605154037475585938e+00
1.421819877624511719e+01
6.553010463714599609e+00
1.038419723510742188e+01
1.664590454101562500e+01
8.330786705017089844e+00
1.096951961517333984e+01
1.582290172576904297e+01
1.049831295013427734e+01
8.296983718872070312e+00
8.484030723571777344e+00
6.464216709136962891e+00
4.916596889495849609e+00
6.428736686706542969e+00
5.478146553039550781e+00
4.516667842864990234e+00
5.569684982299804688e+00
8.869768142700195312e+00
1.107107925415039062e+01
1.172140979766845703e+01
9.527708053588867188e+00
1.191996383666992188e+01
1.343669223785400391e+01
9.238204002380371094e+00
1.112678241729736328e+01
1.250860691070556641e+01
1.756939888000488281e+00
1.966993093490600586e+00
5.770812511444091797e+00
1.400963544845581055e+00
2.440213680267333984e+00
6.172608375549316406e+00
2.692467451095581055e+00
3.299174785614013672e+00
6.549842357635498047e+00
1.648455047607421875e+01
1.458165359497070312e+01
1.047718620300292969e+01
1.761037445068359375e+01
1.390153217315673828e+01
7.305468559265136719e+00
1.998717689514160156e+01
1.426969432830810547e+01
6.665642261505126953e+00
1.433244991302490234e+01
1.515820407867431641e+01
1.975989151000976562e+01
1.325990390777587891e+01
1.410842990875244141e+01
1.729514694213867188e+01
1.500155830383300781e+01
1.462773418426513672e+01
1.499209022521972656e+01
9.311971664428710938e+00
8.461180686950683594e+00
7.860586166381835938e+00
1.036180305480957031e+01
9.781280517578125000e+00
8.959561347961425781e+00
1.109923076629638672e+01
1.106931781768798828e+01
1.047283935546875000e+01
1.907336616516113281e+01
1.906143760681152344e+01
1.510147380828857422e+01
1.787354278564453125e+01
1.925295257568359375e+01
1.662980270385742188e+01
1.665193557739257812e+01
1.795292663574218750e+01
1.748335647583007812e+01
3.221273422241210938e+00
3.879817724227905273e+00
2.959658145904541016e+00
3.099634408950805664e+00
3.398094177246093750e+00
2.618315696716308594e+00
2.611657142639160156e+00
2.576098918914794922e+00
2.093895196914672852e+00
3.615145921707153320e+00
4.152030944824218750e+00
3.817781209945678711e+00
2.758967399597167969e+00
2.960635900497436523e+00
2.741597890853881836e+00
2.980141878128051758e+00
2.687882900238037109e+00
2.335799694061279297e+00
1.596795272827148438e+01
1.665727424621582031e+01
1.546419239044189453e+01
1.170740604400634766e+01
1.390564823150634766e+01
1.527253723144531250e+01
9.815690040588378906e+00
1.218506336212158203e+01
1.474463272094726562e+01
1.006783771514892578e+01
9.471698760986328125e+00
8.737737655639648438e+00
1.140801811218261719e+01
1.119402980804443359e+01
1.054199886322021484e+01
1.176761341094970703e+01
1.206228542327880859e+01
1.149607753753662109e+01
4.156031417846679688e+01
4.341045379638671875e+01
3.981274032592773438e+01
4.050286865234375000e+01
3.772310256958007812e+01
3.204039382934570312e+01
3.536840057373046875e+01
3.017950057983398438e+01
2.444434165954589844e+01
5.365592956542968750e+01
5.835221862792968750e+01
5.950561904907226562e+01
5.156886291503906250e+01
5.929967498779296875e+01
6.173474884033203125e+01
4.808310317993164062e+01
5.390843200683593750e+01
5.834790802001953125e+01
1.706138229370117188e+01
1.514561080932617188e+01
1.266961002349853516e+01
1.729020690917968750e+01
1.724341011047363281e+01
1.459835052490234375e+01
1.579665279388427734e+01
1.734581565856933594e+01
1.533926200866699219e+01
5.003129482269287109e+00
4.436015605926513672e+00
3.650811195373535156e+00
5.207030773162841797e+00
4.918236255645751953e+00
4.202025890350341797e+00
5.198268413543701172e+00
5.410374164581298828e+00
4.861409664154052734e+00
1.542399883270263672e+01
1.482046413421630859e+01
1.701545906066894531e+01
1.706242179870605469e+01
1.584762668609619141e+01
1.649180030822753906e+01
1.885941505432128906e+01
1.781068420410156250e+01
1.578785133361816406e+01
4.163314819335937500e+01
4.014820480346679688e+01
3.902064514160156250e+01
4.598465728759765625e+01
4.525139999389648438e+01
4.393241882324218750e+01
4.726921081542968750e+01
4.947418212890625000e+01
4.939838790893554688e+01
9.368030548095703125e+00
9.014074325561523438e+00
9.533002853393554688e+00
9.313196182250976562e+00
8.336215019226074219e+00
8.057886123657226562e+00
8.832705497741699219e+00
7.492072105407714844e+00
6.619028568267822266e+00
8.354680633544921875e+01
8.412384796142578125e+01
8.782483673095703125e+01
9.476632690429687500e+01
9.712876129150390625e+01
9.895459747314453125e+01
9.949124145507812500e+01
1.034428100585937500e+02
1.029600753784179688e+02
1.683054161071777344e+01
2.212891769409179688e+01
1.736254501342773438e+01
1.357107734680175781e+01
1.850976371765136719e+01
1.639729309082031250e+01
8.937315940856933594e+00
1.218784809112548828e+01
1.339523410797119141e+01
9.360409975051879883e-01
1.153227329254150391e+00
-1.275787204504013062e-01
9.159386157989501953e-01
1.144066095352172852e+00
-1.368150115013122559e-03
1.249584555625915527e+00
1.058264493942260742e+00
4.575634002685546875e-01
1.245043992996215820e+00
1.143615007400512695e+00
9.471421241760253906e-01
1.317262887954711914e+00
1.618231534957885742e+00
1.570847868919372559e+00
1.158311247825622559e+00
1.291891336441040039e+00
9.919478893280029297e-01
3.956203162670135498e-01
1.045933127403259277e+00
2.006182432174682617e+00
1.525799751281738281e+00
2.737347841262817383e+00
4.270168304443359375e+00
1.952410578727722168e+00
3.464862585067749023e+00
4.456213474273681641e+00
-3.699118271470069885e-02
7.459560781717300415e-02
2.081275135278701782e-01
7.213766574859619141e-01
9.018554091453552246e-01
1.150669217109680176e+00
8.951035141944885254e-01
1.064870476722717285e+00
1.535173654556274414e+00
1.259871721267700195e-01
4.934019967913627625e-02
6.634802371263504028e-02
3.413798809051513672e-01
2.184362709522247314e-01
2.820374965667724609e-01
2.448143213987350464e-01
2.591796517372131348e-01
3.862246274948120117e-01
2.817267417907714844e+00
4.094407558441162109e+00
4.907884597778320312e+00
1.672629594802856445e+00
2.080971240997314453e+00
1.792587161064147949e+00
1.338813304901123047e+00
1.516426920890808105e+00
7.322782278060913086e-01
4.944166839122772217e-01
7.123566865921020508e-01
5.220208764076232910e-01
1.030961751937866211e+00
1.146417737007141113e+00
8.377516269683837891e-01
1.051358580589294434e+00
1.180565953254699707e+00
8.167228102684020996e-01
2.301189452409744263e-01
-4.232262670993804932e-01
-7.989022135734558105e-01
3.276624679565429688e+00
3.733218193054199219e+00
4.438893318176269531e+00
5.100189208984375000e+00
6.474797248840332031e+00
9.691459655761718750e+00
1.209832000732421875e+01
1.078199291229248047e+01
1.156460857391357422e+01
6.624542236328125000e+00
4.517319679260253906e+00
5.845473766326904297e+00
4.954424381256103516e+00
3.271199226379394531e+00
3.727443456649780273e+00
1.502156376838684082e+00
1.766082286834716797e+00
1.585878849029541016e+00
6.240448951721191406e-01
1.134485840797424316e+00
1.135228991508483887e+00
7.482540607452392578e-01
1.211968660354614258e+00
7.117173075675964355e-01
2.232249975204467773e-01
5.421093702316284180e-01
4.491648077964782715e-01
4.178860187530517578e-01
8.214153647422790527e-01
8.638911247253417969e-01
4.944659173488616943e-01
8.245418071746826172e-01
9.270970821380615234e-01
1.260658740997314453e+00
1.871974349021911621e+00
-3.066219091415405273e-01
2.266160726547241211e+00
2.500117301940917969e+00
8.825873136520385742e-01
2.563322305679321289e+00
2.374632120132446289e+00
1.628401756286621094e+00
5.621697425842285156e+00
5.654316425323486328e+00
4.345801830291748047e+00
4.605253219604492188e+00
4.665736675262451172e+00
3.829333066940307617e+00
3.725206136703491211e+00
3.298503637313842773e+00
2.735421895980834961e+00
2.047470957040786743e-02
-7.499659433960914612e-03
-2.320156842470169067e-01
5.870590209960937500e-01
7.084863781929016113e-01
6.520834565162658691e-01
1.259028553962707520e+00
1.690129160881042480e+00
1.630253553390502930e+00
1.255892181396484375e+01
1.295043182373046875e+01
8.663398742675781250e+00
1.191319274902343750e+01
1.055761051177978516e+01
7.387044429779052734e+00
8.290663719177246094e+00
7.316430568695068359e+00
5.402374267578125000e+00
1.584146857261657715e+00
1.414180994033813477e+00
2.472352027893066406e+00
6.791082620620727539e-01
5.489991307258605957e-01
2.524138450622558594e+00
1.737238526344299316e+00
1.309803485870361328e+00
3.281987667083740234e+00
-1.653961896896362305e+00
-7.620195746421813965e-01
4.226330280303955078e+00
-5.588663816452026367e-01
1.306516647338867188e+00
4.944020748138427734e+00
-9.048782587051391602e-01
-8.912643194198608398e-01
1.106813788414001465e+00
1.156249427795410156e+01
1.096859073638916016e+01
9.406463623046875000e+00
1.061006927490234375e+01
1.104963207244873047e+01
9.545768737792968750e+00
9.763091087341308594e+00
1.167276287078857422e+01
1.095207023620605469e+01
1.938015174865722656e+01
2.210214614868164062e+01
1.748367500305175781e+01
1.727726364135742188e+01
1.901988792419433594e+01
1.671074867248535156e+01
1.428975582122802734e+01
1.654862785339355469e+01
1.533492374420166016e+01
3.529942512512207031e+00
5.380584716796875000e+00
4.250827789306640625e+00
2.721945285797119141e+00
3.743469715118408203e+00
3.353998422622680664e+00
3.394251763820648193e-01
1.159470200538635254e+00
1.654005527496337891e+00
-1.150579750537872314e-01
1.153819084167480469e+00
2.259197711944580078e+00
1.962023138999938965e+00
2.319095611572265625e+00
2.474463462829589844e+00
9.099137783050537109e-01
1.761350631713867188e+00
2.413017272949218750e+00
5.551094055175781250e+00
7.624226093292236328e+00
7.963184356689453125e+00
7.887613773345947266e+00
1.101786422729492188e+01
1.317952632904052734e+01
1.246150970458984375e+01
1.634011268615722656e+01
2.002818870544433594e+01
1.440384483337402344e+01
1.479295063018798828e+01
1.219446849822998047e+01
1.410511398315429688e+01
1.504503822326660156e+01
1.291315174102783203e+01
1.428634071350097656e+01
1.489009571075439453e+01
1.385436058044433594e+01
2.547718524932861328e+00
1.410506153106689453e+01
2.445046997070312500e+01
-1.233198356628417969e+01
-1.317751407623291016e+00
8.286605834960937500e+00
-3.232636642456054688e+01
-2.377892303466796875e+01
-1.271491432189941406e+01
1.831415939331054688e+01
2.424033546447753906e+01
2.540249061584472656e+01
3.477937698364257812e+01
4.019287490844726562e+01
4.284675598144531250e+01
4.873953247070312500e+01
5.546335983276367188e+01
5.457444763183593750e+01
1.501157283782958984e+01
1.973234558105468750e+01
1.507562732696533203e+01
1.891399002075195312e+01
2.306000518798828125e+01
1.947840499877929688e+01
2.070017433166503906e+01
2.499968910217285156e+01
2.151228523254394531e+01
3.142901182174682617e+00
3.698848724365234375e+00
2.667572498321533203e+00
2.254631042480468750e+00
3.442173719406127930e+00
2.144576787948608398e+00
2.407591342926025391e+00
3.455904960632324219e+00
2.692767381668090820e+00
-2.259482622146606445e+00
-1.406119585037231445e+00
1.356673717498779297e+00
-9.015361785888671875e+00
-4.797574996948242188e+00
-5.666451930999755859e+00
-9.678572654724121094e+00
-4.380788803100585938e+00
-1.081620407104492188e+01
3.906351089477539062e+01
4.013072204589843750e+01
3.145176506042480469e+01
4.039208984375000000e+01
4.439448928833007812e+01
3.931812286376953125e+01
4.314688873291015625e+01
4.830970001220703125e+01
4.600793838500976562e+01
-1.100268244743347168e+00
8.962508440017700195e-01
4.193289279937744141e+00
-4.806695938110351562e+00
-3.402811050415039062e+00
4.632053077220916748e-01
-8.297465324401855469e+00
-7.083285331726074219e+00
-4.995471954345703125e+00
3.541562652587890625e+01
3.788576889038085938e+01
3.233133316040039062e+01
5.065484237670898438e+01
6.088987731933593750e+01
5.502262878417968750e+01
7.094279479980468750e+01
8.311502075195312500e+01
7.366679382324218750e+01
1.163099670410156250e+01
2.046769714355468750e+01
1.844149780273437500e+01
9.659714698791503906e+00
1.757776451110839844e+01
1.697109413146972656e+01
1.203676795959472656e+01
1.617870140075683594e+01
1.491415405273437500e+01
2.077451171875000000e+03
2.176504394531250000e+03
2.758853759765625000e+03
2.624781494140625000e+03
2.946635253906250000e+03
3.827991699218750000e+03
3.456638916015625000e+03
3.936172363281250000e+03
4.230326660156250000e+03
-3.680826950073242188e+01
-1.424583721160888672e+01
-1.020039367675781250e+02
-2.890840148925781250e+02
-3.103804321289062500e+02
-3.197457885742187500e+02
-4.947388305664062500e+02
-4.438479309082031250e+02
-3.477005310058593750e+02
8.542137451171875000e+02
8.355453491210937500e+02
2.915309448242187500e+02
1.224546142578125000e+03
3.762556152343750000e+02
-2.226782989501953125e+02
1.024790405273437500e+03
-3.718562927246093750e+02
-5.807483520507812500e+02
7.428130493164062500e+02
7.673800659179687500e+02
6.838519287109375000e+02
8.092915649414062500e+02
6.135522460937500000e+02
3.796528930664062500e+02
6.087446289062500000e+02
2.780611267089843750e+02
9.878552246093750000e+01
4.468499145507812500e+02
5.256882934570312500e+02
5.638914794921875000e+02
6.054125366210937500e+02
6.694260864257812500e+02
6.407463989257812500e+02
8.070806884765625000e+02
7.354985351562500000e+02
6.091906127929687500e+02
1.677972106933593750e+02
-5.217055664062500000e+02
-8.327380981445312500e+02
-5.295527343750000000e+02
-1.037474121093750000e+03
-7.887162475585937500e+02
2.793952636718750000e+02
1.160566902160644531e+01
6.290463867187500000e+02
-7.157501983642578125e+01
-3.030763435363769531e+01
-7.227346038818359375e+01
-1.186476058959960938e+02
-4.470418167114257812e+01
-6.651095581054687500e+01
-2.018481292724609375e+02
-1.346555175781250000e+02
-5.638225555419921875e+01
9.208035156250000000e+03
1.012376953125000000e+04
1.003495703125000000e+04
1.050531933593750000e+04
1.057669238281250000e+04
8.957305664062500000e+03
9.093223632812500000e+03
8.115018554687500000e+03
6.005770996093750000e+03
-2.276760009765625000e+03
-2.830769042968750000e+03
-2.009573974609375000e+03
-2.210766113281250000e+03
-2.282531494140625000e+03
-1.228864868164062500e+03
1.004996459960937500e+03
1.254248779296875000e+03
1.984343750000000000e+03
-6.662799072265625000e+02
-2.758132324218750000e+02
-2.939879455566406250e+02
-3.370314025878906250e+02
1.889813537597656250e+02
2.210210418701171875e+02
6.131748657226562500e+02
9.017434692382812500e+02
7.472158813476562500e+02
-2.855444145202636719e+01
8.239627075195312500e+01
-6.416259765625000000e+00
-4.277004241943359375e+01
4.931280136108398438e+01
-8.489852142333984375e+01
-1.348017272949218750e+02
-1.481921844482421875e+02
-2.344022369384765625e+02
2.337867675781250000e+03
2.558861816406250000e+03
2.737670410156250000e+03
2.430269531250000000e+03
3.030943359375000000e+03
3.113495849609375000e+03
1.927598632812500000e+03
2.870990234375000000e+03
2.690489013671875000e+03
-1.125170654296875000e+03
-1.039036376953125000e+03
-1.067382934570312500e+03
-2.006093139648437500e+03
-1.722074096679687500e+03
-1.350540771484375000e+03
-1.692361450195312500e+03
-1.112087646484375000e+03
-4.474199829101562500e+02
2.010263671875000000e+03
2.137758300781250000e+03
2.261694824218750000e+03
2.171067382812500000e+03
2.251406982421875000e+03
2.170511718750000000e+03
1.672905029296875000e+03
1.853247680664062500e+03
1.691531616210937500e+03
-4.573847656250000000e+03
-4.500470214843750000e+03
-3.750846191406250000e+03
-5.217133300781250000e+03
-3.847937744140625000e+03
-2.352914550781250000e+03
-2.775387939453125000e+03
-4.044318847656250000e+02
7.421313476562500000e+02
1.859927612304687500e+03
1.588245971679687500e+03
1.486146118164062500e+03
2.671481933593750000e+03
1.552584716796875000e+03
1.103986328125000000e+03
3.203113281250000000e+03
1.550334472656250000e+03
9.912335205078125000e+02
8.044872283935546875e+00
8.408438682556152344e+00
1.081748008728027344e+01
8.933433532714843750e+00
9.998962402343750000e+00
1.299780845642089844e+01
1.128803825378417969e+01
1.361892795562744141e+01
1.629557418823242188e+01
9.848293066024780273e-01
6.865102648735046387e-01
2.438898831605911255e-01
1.181197285652160645e+00
9.330529570579528809e-01
3.657723963260650635e-01
9.488405585289001465e-01
7.962612509727478027e-01
4.478133916854858398e-01
4.377648353576660156e+00
4.759521484375000000e+00
3.685147285461425781e+00
3.903924942016601562e+00
3.901831626892089844e+00
2.784842014312744141e+00
4.505642890930175781e+00
3.754465579986572266e+00
2.123956680297851562e+00
2.858898878097534180e+00
2.986869812011718750e+00
2.987915754318237305e+00
3.338993549346923828e+00
3.279698848724365234e+00
3.106853246688842773e+00
3.272242784500122070e+00
2.979418277740478516e+00
2.808682918548583984e+00
1.962461590766906738e+00
2.092403888702392578e+00
2.285391569137573242e+00
1.910796642303466797e+00
2.095538139343261719e+00
2.283978462219238281e+00
2.932497501373291016e+00
2.968654632568359375e+00
2.671102523803710938e+00
1.748298883438110352e+00
2.141803979873657227e+00
1.315331459045410156e+00
1.367595791816711426e+00
4.341975748538970947e-01
-2.391795814037322998e-01
1.864773929119110107e-01
-7.700618505477905273e-01
-3.487724363803863525e-01
1.010544538497924805e+00
7.438492178916931152e-01
2.731907367706298828e-01
9.778653383255004883e-01
7.421947121620178223e-01
3.658965826034545898e-01
1.186140418052673340e+00
9.294828176498413086e-01
5.905107259750366211e-01
3.573085021972656250e+01
3.852532958984375000e+01
3.932975769042968750e+01
4.357576370239257812e+01
4.628348159790039062e+01
4.513052368164062500e+01
4.692891311645507812e+01
4.755907058715820312e+01
4.442753982543945312e+01
1.355501055717468262e+00
5.549461245536804199e-01
2.313076496124267578e+00
-1.221361160278320312e+00
-2.214977502822875977e+00
9.698547124862670898e-01
-1.669720768928527832e+00
-2.713019847869873047e+00
-1.961257457733154297e-01
1.786767959594726562e+00
1.344128608703613281e+00
3.483052551746368408e-01
1.092695236206054688e+00
1.134515881538391113e+00
7.559942603111267090e-01
9.397037625312805176e-01
1.351614832878112793e+00
1.269893407821655273e+00
6.373775601387023926e-01
5.538969635963439941e-01
2.283039987087249756e-01
4.601375460624694824e-01
4.698442816734313965e-01
1.619872003793716431e-01
5.468675494194030762e-01
3.907731175422668457e-01
8.952675759792327881e-02
7.460087299346923828e+00
7.803788185119628906e+00
9.812652587890625000e+00
8.865702629089355469e+00
1.024882793426513672e+01
1.213217163085937500e+01
8.444587707519531250e+00
1.114244937896728516e+01
1.279482841491699219e+01
2.733120918273925781e+00
1.266938209533691406e+00
-1.803808212280273438e-01
3.526118516921997070e+00
2.246751785278320312e+00
9.926074147224426270e-01
2.058509349822998047e+00
1.299702882766723633e+00
1.308481693267822266e+00
7.828177928924560547e+00
8.518639564514160156e+00
9.090682029724121094e+00
9.512794494628906250e+00
1.033194351196289062e+01
1.034593486785888672e+01
9.461283683776855469e+00
1.034891033172607422e+01
1.022943401336669922e+01
2.211359024047851562e+00
-1.641685605049133301e+00
-2.059494018554687500e+00
-3.906309306621551514e-01
-2.831848621368408203e+00
-1.572995424270629883e+00
-3.354216098785400391e+00
-2.999051809310913086e+00
-5.503868460655212402e-01
7.334990978240966797e+00
8.187439918518066406e+00
9.020029067993164062e+00
8.989302635192871094e+00
8.340239524841308594e+00
8.724572181701660156e+00
9.742465972900390625e+00
7.215066432952880859e+00
7.129059314727783203e+00
3.490142822265625000e-01
-2.583605647087097168e-01
-2.482799738645553589e-01
5.817860364913940430e-04
-3.623007535934448242e-01
-4.554822742938995361e-01
-1.687484085559844971e-01
-4.940094947814941406e-01
-1.719800531864166260e-01
-1.450645476579666138e-01
-1.489425748586654663e-01
-3.326459527015686035e-01
-1.043390855193138123e-01
-2.139205038547515869e-01
-4.796398580074310303e-01
8.406907320022583008e-02
-3.770397976040840149e-02
-2.963078022003173828e-01
-3.798993304371833801e-02
5.197418928146362305e-01
5.016295909881591797e-01
4.679152369499206543e-02
2.555855214595794678e-01
1.266784965991973877e-02
1.602709591388702393e-01
-1.493312418460845947e-01
-3.365970551967620850e-01
6.462643295526504517e-02
1.090236753225326538e-01
3.829347491264343262e-01
1.376224905252456665e-01
1.828197091817855835e-01
3.833317458629608154e-01
2.334519922733306885e-01
1.513378620147705078e-01
1.798826456069946289e-01
-4.693629965186119080e-02
1.682201400399208069e-04
5.846558511257171631e-02
-9.151966124773025513e-02
-7.276462018489837646e-02
-4.466243833303451538e-02
-6.812947243452072144e-02
-2.776927128434181213e-02
2.971761859953403473e-02
-1.018581688404083252e-01
-1.302687674760818481e-01
-2.400229722261428833e-01
-7.012592256069183350e-02
-1.905822604894638062e-01
-3.544266223907470703e-01
-3.460546135902404785e-01
-7.017471194267272949e-01
-8.277539610862731934e-01
1.203679889440536499e-01
9.916934370994567871e-02
-1.704179793596267700e-01
1.385449618101119995e-01
8.554963022470474243e-02
-2.014541029930114746e-01
1.190685927867889404e-01
3.913890197873115540e-02
-1.454706192016601562e-01
-5.691473484039306641e-01
-7.776576280593872070e-01
-1.635958999395370483e-01
-1.884008496999740601e-01
-9.053613990545272827e-02
5.744351744651794434e-01
2.248454242944717407e-01
2.456829547882080078e-01
1.793895959854125977e-01
-1.626845240592956543e+00
-1.938384771347045898e+00
-1.458108067512512207e+00
-1.339968323707580566e+00
-1.697924256324768066e+00
-1.450812101364135742e+00
-1.686572074890136719e+00
-2.203798294067382812e+00
-2.198291301727294922e+00
-5.772772431373596191e-02
3.106788396835327148e-01
-1.490767896175384521e-01
-1.385556459426879883e-01
2.965961396694183350e-01
-2.393377944827079773e-02
-3.706441521644592285e-01
-4.830510541796684265e-02
-1.868894845247268677e-01
-1.807783544063568115e-01
-1.230098009109497070e-01
-1.946415901184082031e-01
-2.176580578088760376e-01
-1.648452430963516235e-01
-2.853547334671020508e-01
-1.894638091325759888e-01
-1.749894917011260986e-01
-2.192607671022415161e-01
-7.525122165679931641e-02
-3.652344346046447754e-01
-2.426163107156753540e-01
-2.831455171108245850e-01
-9.116939902305603027e-01
-3.914305865764617920e-01
-4.010393917560577393e-01
-9.295046329498291016e-01
-8.061593770980834961e-02
-7.059637904167175293e-01
-1.528471946716308594e+00
-2.388278722763061523e+00
-4.990912377834320068e-01
-1.366030097007751465e+00
-2.025650978088378906e+00
-4.232608377933502197e-01
-1.162121534347534180e+00
-1.598083019256591797e+00
8.219726383686065674e-03
-7.882096618413925171e-02
-2.037037760019302368e-01
-3.835673630237579346e-02
-1.187547296285629272e-02
-5.408286303281784058e-02
-3.475179523229598999e-02
1.254116417840123177e-03
1.881847158074378967e-03
-3.522334098815917969e+00
-5.995762825012207031e+00
-5.791979312896728516e+00
-3.164655447006225586e+00
-5.450165748596191406e+00
-4.992245197296142578e+00
-3.765143632888793945e+00
-5.903808593750000000e+00
-4.791250228881835938e+00
-2.836370468139648438e-01
1.047730669379234314e-01
1.291145920753479004e+00
5.353986099362373352e-02
-8.936677873134613037e-02
9.955117702484130859e-01
1.955230832099914551e-01
-3.441879749298095703e-01
2.639252841472625732e-01
9.159677028656005859e-01
8.939631581306457520e-01
1.209741711616516113e+00
8.350456357002258301e-01
7.102236747741699219e-01
1.095171689987182617e+00
7.948285341262817383e-01
4.819225072860717773e-01
5.742455720901489258e-01
4.382579922676086426e-01
3.838583528995513916e-01
3.520284593105316162e-01
1.874001324176788330e-01
1.549508124589920044e-01
4.184976220130920410e-02
1.265434920787811279e-01
3.086920380592346191e-01
9.468907862901687622e-02
1.241125941276550293e+00
5.948101878166198730e-01
-1.446162164211273193e-01
2.460467815399169922e-01
5.845789313316345215e-01
5.110692381858825684e-01
-5.027989745140075684e-01
6.361395716667175293e-01
9.588783383369445801e-01
4.874967336654663086e-01
5.040717124938964844e-01
3.389839231967926025e-01
3.658084571361541748e-01
2.659560739994049072e-01
2.187530845403671265e-01
3.165912628173828125e-01
1.659245789051055908e-01
2.710254788398742676e-01
2.652487158775329590e-01
2.759263515472412109e-01
1.449432820081710815e-01
2.400908619165420532e-01
2.395199090242385864e-01
2.236900180578231812e-01
1.277568638324737549e-01
1.611700952053070068e-01
1.876548826694488525e-01
-5.502783656120300293e-01
-4.802911728620529175e-02
-2.054118812084197998e-01
-4.036581516265869141e-01
4.923708736896514893e-01
4.355915784835815430e-01
7.452744245529174805e-02
6.830317974090576172e-01
7.274978756904602051e-01
6.357399225234985352e-01
4.929251372814178467e-01
3.835331797599792480e-01
3.058159053325653076e-01
4.312412738800048828e-01
2.464065551757812500e-01
4.455933347344398499e-03
4.046670794486999512e-01
2.726312577724456787e-01
1.356762528419494629e+00
1.352996706962585449e+00
1.093815326690673828e+00
1.124164819717407227e+00
1.043003559112548828e+00
5.479492545127868652e-01
9.188652634620666504e-01
4.435645341873168945e-01
3.180630207061767578e-01
-7.878261208534240723e-01
-7.610895633697509766e-01
-1.201981544494628906e+00
4.756299257278442383e-01
6.781691908836364746e-01
9.309313297271728516e-01
1.062333345413208008e+00
1.517794609069824219e+00
2.334712743759155273e+00
7.487601041793823242e-01
4.831636846065521240e-01
-9.241711348295211792e-02
1.021281242370605469e+00
9.369577169418334961e-01
-7.246190309524536133e-02
5.766046047210693359e-01
1.124645948410034180e+00
4.896141290664672852e-01
2.390406876802444458e-01
6.378503143787384033e-02
-1.122103855013847351e-01
2.921029329299926758e-01
1.741079837083816528e-01
-4.410792887210845947e-02
8.069434016942977905e-02
2.833116054534912109e-01
4.989431798458099365e-02
1.000440835952758789e+00
1.767399460077285767e-01
4.680791795253753662e-01
1.184985995292663574e+00
1.710765212774276733e-01
2.566242963075637817e-02
1.819898962974548340e+00
4.646692872047424316e-01
2.615273594856262207e-01
4.456235170364379883e-01
5.342192053794860840e-01
4.928841292858123779e-01
-1.824009418487548828e-01
1.824856102466583252e-01
-2.083862870931625366e-01
-6.252558901906013489e-03
8.056740164756774902e-01
1.363765895366668701e-01
2.035037726163864136e-01
2.120685279369354248e-01
3.348453938961029053e-01
1.699624955654144287e-01
1.336793452501296997e-01
1.848177015781402588e-01
2.992195487022399902e-01
2.141367793083190918e-01
1.824703663587570190e-01
6.353143453598022461e-01
-1.610879600048065186e-01
3.270711302757263184e-01
1.895385503768920898e+00
2.720647156238555908e-01
-2.968948483467102051e-01
2.382007122039794922e+00
8.227853775024414062e-01
-9.373110532760620117e-02
8.820222616195678711e-01
6.643004417419433594e-01
-2.120062112808227539e-01
7.246614694595336914e-01
8.193409442901611328e-01
7.330812811851501465e-01
2.946107387542724609e-01
6.583642959594726562e-01
1.614325761795043945e+00
3.492963314056396484e+00
3.292294025421142578e+00
4.030249595642089844e+00
4.241215705871582031e+00
3.341070652008056641e+00
3.643818378448486328e+00
3.724059343338012695e+00
2.689268589019775391e+00
2.574298620223999023e+00
8.030637502670288086e-01
5.620298385620117188e-01
6.861529946327209473e-01
7.852111458778381348e-01
5.584664940834045410e-01
7.856384515762329102e-01
7.569097876548767090e-01
6.315667629241943359e-01
8.809059262275695801e-01
2.224908590316772461e+00
1.432110071182250977e+00
-9.197926521301269531e-02
2.033740520477294922e+00
9.850938320159912109e-01
4.734095036983489990e-01
1.022502303123474121e+00
3.687858581542968750e-01
9.071274995803833008e-01
8.308051228523254395e-01
8.977065682411193848e-01
4.238655865192413330e-01
8.366534113883972168e-01
9.182619452476501465e-01
5.823872685432434082e-01
8.282224535942077637e-01
8.227414488792419434e-01
6.305073499679565430e-01
7.110900878906250000e-01
6.839454770088195801e-01
4.806530475616455078e-01
7.330975532531738281e-01
6.957648992538452148e-01
5.780118703842163086e-01
4.339985847473144531e-01
4.112395048141479492e-01
4.062822461128234863e-01
2.156085819005966187e-01
-6.122937053442001343e-02
5.236860513687133789e-01
2.694869041442871094e-01
4.710337221622467041e-01
9.145630598068237305e-01
3.847474753856658936e-01
4.698130786418914795e-01
1.072979927062988281e+00
1.076523542404174805e+00
6.436572670936584473e-01
8.097360134124755859e-01
9.736032485961914062e-01
7.132733464241027832e-01
1.004877686500549316e+00
8.403530716896057129e-01
6.896648406982421875e-01
9.494652152061462402e-01
7.553058624267578125e+00
7.683002471923828125e+00
6.736308097839355469e+00
6.077175140380859375e+00
6.352165222167968750e+00
5.763626575469970703e+00
5.009945869445800781e+00
5.251383781433105469e+00
5.040357589721679688e+00
-1.442432403564453125e+00
-6.583010554313659668e-01
1.246591359376907349e-01
2.479679286479949951e-01
3.250213563442230225e-01
2.636149525642395020e-01
4.953614473342895508e-01
5.847511291503906250e-01
7.320842742919921875e-01
1.670760273933410645e+00
9.608592391014099121e-01
1.104650139808654785e+00
1.893274664878845215e+00
1.104041457176208496e+00
1.008929610252380371e+00
1.538377881050109863e+00
1.021873831748962402e+00
1.138847947120666504e+00
1.667693108320236206e-01
-4.385622218251228333e-02
-1.566867157816886902e-02
2.263630777597427368e-01
-3.782312385737895966e-03
1.940280199050903320e-02
1.071404516696929932e-01
-4.905387759208679199e-02
7.411278039216995239e-02
2.906418323516845703e+00
2.512117624282836914e+00
2.150652647018432617e+00
2.864686012268066406e+00
2.421946287155151367e+00
1.531355738639831543e+00
2.842814445495605469e+00
1.792451620101928711e+00
1.393314123153686523e+00
2.259131908416748047e+00
2.072091579437255859e+00
2.831902503967285156e+00
1.815267562866210938e+00
1.863152980804443359e+00
2.717540502548217773e+00
1.775029897689819336e+00
2.114459037780761719e+00
2.589030981063842773e+00
1.899171829223632812e+00
1.624449729919433594e+00
1.662661910057067871e+00
1.574709773063659668e+00
1.237455725669860840e+00
1.307620406150817871e+00
1.498596191406250000e+00
1.141916394233703613e+00
1.185456514358520508e+00
6.477826833724975586e-01
2.357872009277343750e+00
2.485630750656127930e+00
9.648291468620300293e-01
2.592457056045532227e+00
2.490661144256591797e+00
1.042034864425659180e+00
1.657141327857971191e+00
1.099445104598999023e+00
2.418733119964599609e+00
3.641866683959960938e+00
1.044632792472839355e+00
2.516211271286010742e+00
3.286382675170898438e+00
8.881823420524597168e-01
2.318849563598632812e+00
2.605787992477416992e+00
1.434254288673400879e+00
-8.464457094669342041e-02
4.707837402820587158e-01
2.278096526861190796e-01
1.752263754606246948e-01
7.608032226562500000e-01
2.998299896717071533e-01
3.759276866912841797e-01
8.771443963050842285e-01
3.101361989974975586e-01
2.406380176544189453e-01
3.508636355400085449e-01
4.452434778213500977e-01
1.406917124986648560e-01
2.468791007995605469e-01
3.693824708461761475e-01
5.386009067296981812e-02
1.519809514284133911e-01
3.729670643806457520e-01
9.270605444908142090e-02
5.628930404782295227e-02
7.865347713232040405e-02
2.753644585609436035e-01
3.063464164733886719e-01
2.622001171112060547e-01
4.033340513706207275e-01
2.961156368255615234e-01
3.809615075588226318e-01
1.464486718177795410e-01
1.247708052396774292e-01
9.953137487173080444e-02
1.243181824684143066e-01
8.362631499767303467e-02
5.263139307498931885e-02
1.787793785333633423e-01
1.032254621386528015e-01
6.825277954339981079e-02
8.262103796005249023e-02
8.180594444274902344e-02
5.159095302224159241e-02
1.282841265201568604e-01
1.443562060594558716e-01
1.511190980672836304e-01
8.021087944507598877e-02
8.584169298410415649e-02
9.125811606645584106e-02
1.052822843194007874e-01
5.675232410430908203e-02
2.084410935640335083e-02
2.571933865547180176e-01
3.185101151466369629e-01
2.786751687526702881e-01
2.453121095895767212e-01
4.189527332782745361e-01
3.528103530406951904e-01
1.307998001575469971e-01
3.448882997035980225e-01
4.772326648235321045e-01
1.002962142229080200e-01
2.691920697689056396e-01
5.173652768135070801e-01
7.052715867757797241e-02
2.438723295927047729e-01
4.911501109600067139e-01
6.077649593353271484e-01
4.415250122547149658e-01
3.971134424209594727e-01
4.668345153331756592e-01
2.351996153593063354e-01
1.594255268573760986e-01
4.069145619869232178e-01
2.038761042058467865e-02
-8.929596841335296631e-02
3.665328323841094971e-01
-1.064439490437507629e-01
-2.132042199373245239e-01
1.086756706237792969e+00
5.429155230522155762e-01
4.281749427318572998e-01
1.267121076583862305e+00
1.408430933952331543e+00
1.706289291381835938e+00
-1.362381875514984131e-02
1.780942231416702271e-01
2.579869627952575684e-01
1.218933239579200745e-01
2.519958019256591797e-01
3.970118463039398193e-01
2.106070667505264282e-01
3.540826737880706787e-01
5.811160802841186523e-01
1.541888620704412460e-02
1.531573235988616943e-01
1.074377894401550293e-01
-8.616827428340911865e-03
1.277190893888473511e-01
1.263767182826995850e-01
3.593848273158073425e-02
6.664265692234039307e-02
6.239791214466094971e-02
-2.239065617322921753e-01
1.237610578536987305e+00
5.405021905899047852e-01
4.686690121889114380e-02
1.519537806510925293e+00
6.308745145797729492e-01
3.704905807971954346e-01
1.421452760696411133e+00
4.003274142742156982e-01
6.525354981422424316e-01
1.239015460014343262e+00
1.747592806816101074e+00
4.081543087959289551e-01
9.783102869987487793e-01
1.637383341789245605e+00
3.312338590621948242e-01
1.073642611503601074e+00
1.911550760269165039e+00
7.605206966400146484e-02
1.475945860147476196e-01
1.320576071739196777e-01
8.125537633895874023e-02
1.150962561368942261e-01
8.053582906723022461e-02
6.080212444067001343e-02
6.539855152368545532e-02
-4.562703520059585571e-02
-7.495476603507995605e-01
2.163979768753051758e+00
2.498047828674316406e+00
-2.553613185882568359e-01
2.821511507034301758e+00
2.949170351028442383e+00
1.112306833267211914e+00
3.911278486251831055e+00
4.169149398803710938e+00
1.584506183862686157e-01
1.915064454078674316e-01
-7.323925197124481201e-02
2.888565659523010254e-01
2.835778892040252686e-01
1.522537320852279663e-01
4.370575845241546631e-01
3.714696466922760010e-01
3.431900739669799805e-01
7.154256105422973633e-02
5.493599176406860352e-01
6.455596685409545898e-01
3.687704205513000488e-01
3.450115323066711426e-01
-4.471249878406524658e-02
2.083669453859329224e-01
-4.305111765861511230e-01
2.395958751440048218e-01
4.414665699005126953e-02
5.182611942291259766e-02
2.960684895515441895e-01
2.995433807373046875e-01
4.092818126082420349e-02
2.056192159652709961e-01
-2.632036246359348297e-02
-3.971498012542724609e-01
-2.383713126182556152e-01
1.079680681228637695e+00
-3.237541019916534424e-01
9.902632236480712891e-01
6.550425291061401367e-01
-3.453840613365173340e-01
7.223444581031799316e-01
1.040195584297180176e+00
-3.436625748872756958e-02
-4.887849092483520508e-01
-1.662751846015453339e-02
2.297272533178329468e-02
-4.403315484523773193e-03
5.911920219659805298e-02
2.691332101821899414e-01
3.595936596393585205e-01
5.768676996231079102e-01
3.868438005447387695e-01
2.995999455451965332e-01
1.190398037433624268e-01
3.627596795558929443e-02
2.121906876564025879e-01
1.403044611215591431e-01
3.891457617282867432e-02
8.943449705839157104e-02
3.463429212570190430e-02
8.747471868991851807e-02
9.340688586235046387e-02
3.641077518463134766e+00
3.517703056335449219e+00
3.397908449172973633e+00
-1.585824787616729736e-01
-9.289098978042602539e-01
-8.721017837524414062e-01
5.719471573829650879e-01
3.412670791149139404e-01
3.015929460525512695e-01
-1.114144623279571533e-01
1.355900466442108154e-01
5.017355084419250488e-01
-1.653901636600494385e-01
-3.321106731891632080e-02
2.736619710922241211e-01
-7.056733369827270508e-01
-8.124645352363586426e-01
-4.395385384559631348e-01
8.675476312637329102e-01
9.868416786193847656e-01
1.297407388687133789e+00
-3.329274654388427734e-01
1.103749275207519531e+00
2.225673437118530273e+00
2.546387195587158203e+00
3.110058546066284180e+00
3.835566282272338867e+00
2.782073593139648438e+01
2.859605598449707031e+01
2.475520706176757812e+01
2.060677337646484375e+01
2.120755195617675781e+01
1.772580337524414062e+01
1.669241333007812500e+01
1.676918983459472656e+01
1.459930610656738281e+01
1.395326495170593262e+00
8.955208659172058105e-01
1.313637256622314453e+00
-5.290830731391906738e-01
-1.416844964027404785e+00
9.951460361480712891e-02
-6.291474103927612305e-01
-1.346820473670959473e+00
-4.558265805244445801e-01
5.268503427505493164e-01
3.102672696113586426e-01
6.933761239051818848e-01
9.673560261726379395e-01
9.310750365257263184e-01
1.219679832458496094e+00
1.548448562622070312e+00
1.357598304748535156e+00
1.615898847579956055e+00
6.390184164047241211e-01
8.305050730705261230e-01
1.239795088768005371e+00
5.203489065170288086e-01
6.848769634962081909e-02
1.700492620468139648e+00
2.386002063751220703e+00
2.239552021026611328e+00
3.609595775604248047e+00
1.761952757835388184e+00
2.203277587890625000e+00
2.104422330856323242e+00
-3.710676133632659912e-01
-6.070616841316223145e-01
2.839035689830780029e-01
-1.416996359825134277e+00
-1.903782844543457031e+00
-6.406455636024475098e-01
3.966719806194305420e-01
3.110755085945129395e-01
5.533508062362670898e-01
4.951836466789245605e-01
2.320078015327453613e-01
5.459067821502685547e-01
1.460070490837097168e+00
1.332088351249694824e+00
9.851512908935546875e-01
2.401559066772460938e+01
2.768852996826171875e+01
2.939669036865234375e+01
2.031778335571289062e+01
2.413177680969238281e+01
2.623730278015136719e+01
1.519017601013183594e+01
1.679726791381835938e+01
2.076085090637207031e+01
2.896264553070068359e+00
1.553156256675720215e+00
9.746678471565246582e-01
6.492945551872253418e-01
-5.833850502967834473e-01
-1.544622778892517090e+00
5.308040976524353027e-01
2.128109037876129150e-01
-5.671407580375671387e-01
