2.080908660888671875e+02
2.895775451660156250e+02
3.935622863769531250e+02
2.097515106201171875e+02
2.969174804687500000e+02
4.035306396484375000e+02
2.158945159912109375e+02
2.880055847167968750e+02
3.539530334472656250e+02
-1.176750946044921875e+01
-1.298910236358642578e+01
-3.742286205291748047e+00
1.119421291351318359e+01
7.782773017883300781e+00
9.554830551147460938e+00
1.604664230346679688e+01
4.617535114288330078e+00
7.381659507751464844e+00
3.927976226806640625e+01
5.679128265380859375e+01
7.939633178710937500e+01
4.669192504882812500e+01
5.939904403686523438e+01
6.069817352294921875e+01
6.928869628906250000e+01
5.034897994995117188e+01
2.956878089904785156e+01
7.120110321044921875e+01
1.064335250854492188e+02
1.289093170166015625e+02
8.122062683105468750e+01
1.218808746337890625e+02
1.500377197265625000e+02
1.024035339355468750e+02
1.459507293701171875e+02
1.632104187011718750e+02
-1.029207134246826172e+01
-7.086718082427978516e+00
-2.473344564437866211e+00
-1.881546020507812500e+01
-9.163634300231933594e+00
3.720622539520263672e+00
-1.794806671142578125e+01
-1.319188880920410156e+01
2.786318302154541016e+00
2.118552780151367188e+01
2.431464195251464844e+01
1.356453609466552734e+01
2.599669647216796875e+01
1.719211387634277344e+01
5.697838068008422852e-01
-4.528835773468017578e+00
-1.729540824890136719e+01
-1.686171340942382812e+01
-3.263134765625000000e+01
-2.217135429382324219e+01
-3.329222106933593750e+01
-3.636218643188476562e+01
-2.105986785888671875e+01
-2.552249717712402344e+01
-3.062171363830566406e+01
-1.442445468902587891e+01
-1.992197799682617188e+01
7.064437866210937500e+02
8.960496215820312500e+02
1.046356933593750000e+03
8.052632446289062500e+02
1.027564331054687500e+03
1.183153564453125000e+03
9.824890136718750000e+02
1.161622924804687500e+03
1.240487060546875000e+03
1.970400428771972656e+01
-1.047874546051025391e+01
-8.445014953613281250e+01
-1.031143722534179688e+02
-1.740247955322265625e+02
-2.204270019531250000e+02
-2.606461486816406250e+02
-3.317783813476562500e+02
-3.389974365234375000e+02
8.202101707458496094e+00
1.247195911407470703e+01
8.799860954284667969e+00
6.330542564392089844e-01
2.406239271163940430e+00
1.597237205505371094e+01
-1.848240280151367188e+01
-1.318092632293701172e+01
8.546381592750549316e-01
5.590772628784179688e+01
1.080427551269531250e+02
1.276921615600585938e+02
8.384419250488281250e+01
1.536939086914062500e+02
1.673692474365234375e+02
9.864472198486328125e+01
1.604533843994140625e+02
1.596756439208984375e+02
7.253923797607421875e+01
1.440832519531250000e+02
1.997366333007812500e+02
8.519211578369140625e+01
1.703144683837890625e+02
2.376353149414062500e+02
7.003480529785156250e+01
1.872176055908203125e+02
2.559248962402343750e+02
-4.377453994750976562e+01
-2.213313865661621094e+01
-5.267463302612304688e+01
-4.466156959533691406e+00
1.670742797851562500e+01
-1.076738643646240234e+01
-5.595285034179687500e+01
-2.580363845825195312e+01
-6.643794059753417969e+00
1.089048614501953125e+02
1.396799774169921875e+02
1.445240325927734375e+02
1.286921081542968750e+02
1.648116149902343750e+02
1.662396392822265625e+02
1.515904541015625000e+02
1.918702087402343750e+02
1.874750213623046875e+02
-9.762306213378906250e+01
-1.449003753662109375e+02
-2.220782318115234375e+02
-2.056801605224609375e+02
-2.176260986328125000e+02
-2.634516601562500000e+02
-3.793117675781250000e+02
-3.355285949707031250e+02
-3.161571350097656250e+02
1.727907867431640625e+02
1.608311157226562500e+02
2.006111755371093750e+02
2.236972503662109375e+02
1.913229370117187500e+02
2.211176910400390625e+02
2.399510955810546875e+02
1.850375518798828125e+02
1.679094848632812500e+02
3.060383300781250000e+02
3.274877624511718750e+02
3.199564819335937500e+02
3.780677490234375000e+02
3.989241943359375000e+02
3.853307495117187500e+02
4.313112487792968750e+02
4.308536682128906250e+02
3.952463073730468750e+02
4.852331542968750000e+01
5.594574737548828125e+01
5.316553497314453125e+01
5.603970718383789062e+01
6.098331451416015625e+01
5.563143539428710938e+01
6.683057403564453125e+01
6.026162719726562500e+01
5.186948394775390625e+01
3.908577728271484375e+01
6.740885162353515625e+01
4.546559524536132812e+01
4.055146408081054688e+01
8.507357025146484375e+01
4.835199737548828125e+01
4.574028396606445312e+01
7.644123840332031250e+01
4.902253723144531250e+01
6.910206604003906250e+01
7.225205230712890625e+01
6.223741149902343750e+01
7.464648437500000000e+01
6.894593811035156250e+01
6.899353027343750000e+01
8.186864471435546875e+01
7.619623565673828125e+01
7.292945861816406250e+01
2.623475265502929688e+01
2.928493118286132812e+01
2.869606018066406250e+01
4.261119461059570312e+01
5.070320510864257812e+01
4.133625793457031250e+01
4.146314239501953125e+01
4.909473037719726562e+01
3.927939987182617188e+01
9.996776580810546875e+00
9.110159873962402344e+00
-9.079967737197875977e-01
1.351641845703125000e+01
1.305987358093261719e+01
3.871215343475341797e+00
8.872740745544433594e+00
1.022539520263671875e+01
9.974516868591308594e+00
1.952395820617675781e+01
1.658926773071289062e+01
8.860777854919433594e+00
2.669886207580566406e+01
2.088544654846191406e+01
5.345513343811035156e+00
3.208214187622070312e+01
2.177847671508789062e+01
6.853830337524414062e+00
5.666047363281250000e+02
6.119961547851562500e+02
5.963739624023437500e+02
6.997985839843750000e+02
7.353444213867187500e+02
7.122236938476562500e+02
7.008515014648437500e+02
6.958407592773437500e+02
6.722595825195312500e+02
8.013161468505859375e+01
6.447636413574218750e+01
5.705798339843750000e+01
1.024544448852539062e+02
9.798236083984375000e+01
1.013781661987304688e+02
1.212026596069335938e+02
1.432434539794921875e+02
1.893488922119140625e+02
9.002070426940917969e+00
-1.277252733707427979e-01
4.757649421691894531e+00
1.226126003265380859e+01
8.864546775817871094e+00
9.631892204284667969e+00
1.728452301025390625e+01
2.677807617187500000e+01
2.223367500305175781e+01
7.205101013183593750e+01
7.200746917724609375e+01
5.571908569335937500e+01
9.104596710205078125e+01
8.987195587158203125e+01
6.130457305908203125e+01
1.058905639648437500e+02
1.027352142333984375e+02
6.942323303222656250e+01
1.026859741210937500e+02
9.514768218994140625e+01
1.168936843872070312e+02
1.312057189941406250e+02
1.299350738525390625e+02
1.397180175781250000e+02
1.435405883789062500e+02
1.390065307617187500e+02
1.334546508789062500e+02
1.649320220947265625e+02
1.429916381835937500e+02
9.100752258300781250e+01
1.870866699218750000e+02
1.668203735351562500e+02
1.021052246093750000e+02
2.151123046875000000e+02
2.002938232421875000e+02
1.264465179443359375e+02
7.007656097412109375e+01
5.405225372314453125e+01
5.102012252807617188e+01
8.042480468750000000e+01
6.032390213012695312e+01
4.952965927124023438e+01
8.943004608154296875e+01
6.512731170654296875e+01
4.625969314575195312e+01
5.659848022460937500e+01
2.810362052917480469e+01
5.003885269165039062e+01
6.202328109741210938e+01
3.933672714233398438e+01
6.407894134521484375e+01
7.383592987060546875e+01
6.575749969482421875e+01
7.851985931396484375e+01
1.845495758056640625e+02
2.452935638427734375e+02
2.625334167480468750e+02
2.161927185058593750e+02
2.847718200683593750e+02
3.166875610351562500e+02
2.381104736328125000e+02
3.032223205566406250e+02
3.349154052734375000e+02
7.869509887695312500e+01
8.360935211181640625e+01
1.008439865112304688e+02
6.023308944702148438e+01
5.413409805297851562e+01
7.155180358886718750e+01
6.654783630371093750e+01
5.735520935058593750e+01
7.195684051513671875e+01
6.248231410980224609e+00
7.348930358886718750e+00
1.084448909759521484e+01
5.931678771972656250e+00
1.011128044128417969e+01
1.756215095520019531e+01
2.620205163955688477e+00
6.441041469573974609e+00
1.482891464233398438e+01
1.871752738952636719e+00
-5.978556349873542786e-02
1.336841106414794922e+01
-1.685102939605712891e+00
-3.022993803024291992e+00
9.744619369506835938e+00
-7.386187553405761719e+00
8.690638542175292969e-01
1.384379673004150391e+01
7.041839122772216797e+00
3.648113012313842773e+00
5.169210433959960938e+00
3.581911802291870117e+00
-1.470889091491699219e+00
-1.474100828170776367e+00
8.132981657981872559e-01
-3.493315696716308594e+00
-1.058568239212036133e+00
2.103788566589355469e+01
1.806442070007324219e+01
1.469399166107177734e+01
1.621109390258789062e+01
1.339314079284667969e+01
1.199228286743164062e+01
1.543453311920166016e+01
1.354137802124023438e+01
1.336605834960937500e+01
3.141332626342773438e+00
2.378146409988403320e+00
1.142324256896972656e+01
2.778104305267333984e+00
2.699252843856811523e+00
2.534759283065795898e+00
1.946640491485595703e+00
2.476325988769531250e+00
2.673828840255737305e+00
5.934725761413574219e+00
8.561756134033203125e+00
8.042593002319335938e+00
4.809051513671875000e+00
7.198532104492187500e+00
7.311211109161376953e+00
1.906031608581542969e+00
5.739515304565429688e+00
5.763700485229492188e+00
1.005970458984375000e+02
9.535522460937500000e+01
9.829239654541015625e+01
4.876051330566406250e+01
4.228500366210937500e+01
7.416745758056640625e+01
5.597212982177734375e+01
6.361210632324218750e+01
9.563067626953125000e+01
1.173932647705078125e+02
1.446501770019531250e+02
1.732923431396484375e+02
1.329069976806640625e+02
1.345124969482421875e+02
1.412588958740234375e+02
1.728218688964843750e+02
1.590299224853515625e+02
1.427324829101562500e+02
7.453767776489257812e+00
1.237019538879394531e+01
1.007945537567138672e+01
6.756924152374267578e+00
6.993455410003662109e+00
9.084959030151367188e+00
5.425204753875732422e+00
3.868068218231201172e+00
6.250897884368896484e+00
2.483370399475097656e+01
2.289193153381347656e+01
2.093381690979003906e+01
1.564905071258544922e+01
1.754690551757812500e+01
1.987110328674316406e+01
1.126942920684814453e+01
1.632333755493164062e+01
2.157869720458984375e+01
3.520100021362304688e+01
3.233549118041992188e+01
2.381454658508300781e+01
3.090914726257324219e+01
2.259815025329589844e+01
1.117696952819824219e+01
1.096067619323730469e+01
9.154514312744140625e+00
4.135691165924072266e+00
2.853351211547851562e+01
3.602923965454101562e+01
3.789289093017578125e+01
2.763172531127929688e+01
3.784102249145507812e+01
4.050262832641601562e+01
6.872707366943359375e+00
1.291991996765136719e+01
2.357192993164062500e+01
8.383289337158203125e+00
5.573708057403564453e+00
7.845561027526855469e+00
6.849953651428222656e+00
3.696269512176513672e+00
5.195631027221679688e+00
6.290015220642089844e+00
6.162614345550537109e+00
8.790550231933593750e+00
9.781807708740234375e+01
1.209344253540039062e+02
9.462649536132812500e+01
8.652117156982421875e+01
1.068928909301757812e+02
7.117641448974609375e+01
9.208615875244140625e+01
1.021308364868164062e+02
7.798062896728515625e+01
5.196358489990234375e+01
4.569599914550781250e+01
6.197407913208007812e+01
3.928313827514648438e+01
3.669323348999023438e+01
5.903787231445312500e+01
2.871702194213867188e+01
3.144932174682617188e+01
5.186453628540039062e+01
-3.857015380859375000e+02
-3.774308166503906250e+02
-3.249091796875000000e+02
-3.818164978027343750e+02
-3.703936462402343750e+02
-3.187096557617187500e+02
-3.490510559082031250e+02
-3.363934936523437500e+02
-3.014953613281250000e+02
-3.800523376464843750e+01
-3.825972366333007812e+01
-3.685965347290039062e+01
-3.836262512207031250e+01
-3.939772415161132812e+01
-3.803252792358398438e+01
-3.832131195068359375e+01
-4.014622116088867188e+01
-3.785921859741210938e+01
-1.369106006622314453e+01
-2.373997211456298828e+00
-3.939991474151611328e+00
-1.413560867309570312e+01
-2.456935405731201172e+00
-9.241580009460449219e+00
-1.330534362792968750e+01
-8.953211784362792969e+00
-8.515007972717285156e+00
-8.631802368164062500e+01
-7.936551666259765625e+01
-6.990651702880859375e+01
-8.403956604003906250e+01
-7.643512725830078125e+01
-6.343695068359375000e+01
-8.687903594970703125e+01
-7.350167846679687500e+01
-6.373094940185546875e+01
-1.741877937316894531e+01
-7.535483360290527344e+00
-1.342989063262939453e+01
-2.284494590759277344e+01
-1.209024047851562500e+01
-1.808276367187500000e+01
-1.435190773010253906e+01
-6.946717739105224609e+00
-1.526968765258789062e+01
-5.920788288116455078e+00
-5.987324237823486328e+00
-3.410737037658691406e+00
-3.826633691787719727e+00
-4.998116493225097656e+00
-6.156179904937744141e+00
-2.560959458351135254e-01
-1.753350853919982910e+00
3.934932351112365723e-01
3.998755514621734619e-01
3.343938350677490234e+00
5.406973838806152344e+00
-3.355967283248901367e+00
1.909417510032653809e-01
1.010580301284790039e+00
-2.497044056653976440e-01
1.008349180221557617e+00
2.127253770828247070e+00
-7.904620361328125000e+02
-7.139649047851562500e+02
-6.145557861328125000e+02
-7.632840576171875000e+02
-6.940856323242187500e+02
-6.110103759765625000e+02
-7.838783569335937500e+02
-7.143507690429687500e+02
-6.386539916992187500e+02
4.424972152709960938e+01
6.662966156005859375e+01
5.676817703247070312e+01
5.392784500122070312e+01
7.897161865234375000e+01
7.783986663818359375e+01
6.085558700561523438e+01
9.724242401123046875e+01
9.245670318603515625e+01
-2.136996835470199585e-01
9.460582733154296875e-01
1.099632740020751953e+00
-3.032330036163330078e+00
-2.373574733734130859e+00
-3.104714751243591309e-01
1.841312170028686523e+00
4.827366352081298828e+00
3.318022489547729492e+00
-8.666687774658203125e+01
-8.128321838378906250e+01
-7.000403594970703125e+01
-8.259136962890625000e+01
-7.889869689941406250e+01
-7.183207702636718750e+01
-7.777809143066406250e+01
-7.723989105224609375e+01
-7.337198638916015625e+01
-1.317465057373046875e+02
-1.612823791503906250e+02
-1.577427368164062500e+02
-1.266571044921875000e+02
-1.530164489746093750e+02
-1.570190277099609375e+02
-1.206627655029296875e+02
-1.444701690673828125e+02
-1.343331909179687500e+02
-1.463560180664062500e+02
-1.445903015136718750e+02
-1.360836334228515625e+02
-1.425886688232421875e+02
-1.388316497802734375e+02
-1.271004409790039062e+02
-1.402235870361328125e+02
-1.344557647705078125e+02
-1.202682647705078125e+02
-1.040845565795898438e+02
-9.501881408691406250e+01
-7.795603179931640625e+01
-1.019272155761718750e+02
-9.018311309814453125e+01
-7.751237487792968750e+01
-1.047542114257812500e+02
-9.140743255615234375e+01
-7.889983367919921875e+01
1.491524887084960938e+01
1.049068641662597656e+01
-3.191724777221679688e+00
2.521451950073242188e+01
2.569904708862304688e+01
2.891303062438964844e+01
2.933332443237304688e+01
2.881220436096191406e+01
3.508641433715820312e+01
-1.993920288085937500e+02
-1.196937179565429688e+02
-1.204349746704101562e+02
-1.971802673339843750e+02
-1.195009613037109375e+02
-1.280580139160156250e+02
-1.940673675537109375e+02
-1.218376235961914062e+02
-1.290729217529296875e+02
1.359160766601562500e+02
1.349505920410156250e+02
1.552488555908203125e+02
1.320323791503906250e+02
1.358854064941406250e+02
1.589918212890625000e+02
1.361320648193359375e+02
1.364493865966796875e+02
1.656784210205078125e+02
5.090572357177734375e+01
5.369627380371093750e+01
5.576312255859375000e+01
4.842863082885742188e+01
5.126956176757812500e+01
5.168061828613281250e+01
5.763428497314453125e+01
6.236899566650390625e+01
6.208968734741210938e+01
6.947923660278320312e+00
1.370769500732421875e+01
1.362812995910644531e+01
1.400324249267578125e+01
1.896329879760742188e+01
2.107466888427734375e+01
1.501446437835693359e+01
1.234080982208251953e+01
2.141470146179199219e+01
8.444051742553710938e+00
1.283451843261718750e+01
9.593079566955566406e+00
8.665695190429687500e+00
1.298556327819824219e+01
1.172184753417968750e+01
8.511116981506347656e+00
1.217070007324218750e+01
9.087854385375976562e+00
1.113074493408203125e+01
1.230000782012939453e+01
1.053372192382812500e+01
1.187761878967285156e+01
1.385543918609619141e+01
1.178684902191162109e+01
8.268559455871582031e+00
1.137411212921142578e+01
1.203620910644531250e+01
4.658837795257568359e+00
6.673056602478027344e+00
6.374001979827880859e+00
2.008720636367797852e+00
6.105191707611083984e+00
7.185088157653808594e+00
1.220104026794433594e+01
1.759495544433593750e+01
1.825243759155273438e+01
4.653037643432617188e+01
5.025889968872070312e+01
5.327113342285156250e+01
4.655580902099609375e+01
4.981500625610351562e+01
5.295045089721679688e+01
3.784847259521484375e+01
4.098074340820312500e+01
4.246388626098632812e+01
1.064447860717773438e+02
1.160375289916992188e+02
1.147104415893554688e+02
8.318536376953125000e+01
9.708245086669921875e+01
1.020350418090820312e+02
7.557340240478515625e+01
8.297634887695312500e+01
1.039356307983398438e+02
2.669321250915527344e+01
5.729484176635742188e+01
5.143332290649414062e+01
3.832825088500976562e+01
7.150474548339843750e+01
7.312135314941406250e+01
3.244154739379882812e+01
6.684756469726562500e+01
5.735929107666015625e+01
5.261027812957763672e+00
6.510439395904541016e+00
5.826846599578857422e+00
7.950323104858398438e+00
7.624896049499511719e+00
8.255089759826660156e+00
4.000719070434570312e+00
6.197060108184814453e+00
6.506223201751708984e+00
1.386727237701416016e+01
1.497399997711181641e+01
1.579058361053466797e+01
1.083152008056640625e+01
1.049625682830810547e+01
1.163145732879638672e+01
5.169180393218994141e+00
7.700459957122802734e+00
1.345014381408691406e+01
7.472282886505126953e+00
7.174380779266357422e+00
1.304121112823486328e+01
1.025811481475830078e+01
8.250497817993164062e+00
1.467746734619140625e+01
1.394815540313720703e+01
1.344414520263671875e+01
1.806765747070312500e+01
1.929403839111328125e+02
2.079146881103515625e+02
2.123937835693359375e+02
1.924963684082031250e+02
2.062918395996093750e+02
2.105914611816406250e+02
1.963987579345703125e+02
2.058645019531250000e+02
2.065804443359375000e+02
1.303845977783203125e+01
1.945873451232910156e+01
2.040630722045898438e+01
1.316117382049560547e+01
1.946787643432617188e+01
2.180212020874023438e+01
1.433806133270263672e+01
1.772361373901367188e+01
1.898362922668457031e+01
6.627623748779296875e+01
7.513406372070312500e+01
6.626447296142578125e+01
7.800289916992187500e+01
8.841438293457031250e+01
8.145500183105468750e+01
6.363639450073242188e+01
6.825405883789062500e+01
5.253496551513671875e+01
1.136670455932617188e+02
1.408502502441406250e+02
1.224080429077148438e+02
8.769366455078125000e+01
1.171983108520507812e+02
9.922745513916015625e+01
8.963642883300781250e+01
1.191910858154296875e+02
1.008052673339843750e+02
-3.267461776733398438e+01
-1.076881256103515625e+02
-1.698854980468750000e+02
-4.865159988403320312e+01
-1.543977050781250000e+02
-1.921219482421875000e+02
-1.125394515991210938e+02
-1.878450012207031250e+02
-2.180227203369140625e+02
-1.921591758728027344e+01
-4.228895950317382812e+01
-2.237068176269531250e+01
-3.346998214721679688e+01
-4.317182159423828125e+01
-1.194085216522216797e+01
-1.849912643432617188e+01
-2.517179107666015625e+01
1.329160881042480469e+01
-2.476410293579101562e+01
-7.027301788330078125e+01
-5.719947814941406250e+01
-3.939321899414062500e+01
-9.533075714111328125e+01
-5.486535263061523438e+01
-7.709552764892578125e+01
-9.472687530517578125e+01
-1.750974464416503906e+01
1.437988376617431641e+01
-1.936095237731933594e+00
-2.192876625061035156e+01
-1.939670801162719727e+00
-1.749003982543945312e+01
-5.252236175537109375e+01
-1.372397804260253906e+01
-3.434464263916015625e+01
-6.636495971679687500e+01
-1.410913467407226562e+01
-6.459446430206298828e+00
3.365777730941772461e-01
-1.843041801452636719e+01
-2.412140274047851562e+01
-1.808895492553710938e+01
-2.959552574157714844e+01
-3.567068862915039062e+01
-2.947145652770996094e+01
-2.434314537048339844e+01
-2.580085563659667969e+01
-2.625997543334960938e+01
-7.666566371917724609e+00
1.028821372985839844e+01
3.444052505493164062e+01
1.446027755737304688e+01
2.561777496337890625e+01
1.371095275878906250e+01
-1.113480854034423828e+01
-5.294588088989257812e+00
2.386307001113891602e+00
-1.683006095886230469e+01
-5.736808776855468750e+00
2.229677438735961914e+00
-1.414554119110107422e+01
1.592518389225006104e-02
7.241250514984130859e+00
-7.213217926025390625e+01
-1.993597564697265625e+02
-3.417841186523437500e+02
-1.976374359130859375e+02
-3.673488159179687500e+02
-5.898607177734375000e+02
-2.608576965332031250e+02
-4.178500366210937500e+02
-5.326040039062500000e+02
-2.521902160644531250e+02
-2.140190887451171875e+02
-1.137379379272460938e+02
-1.621632232666015625e+02
-1.044662094116210938e+02
-5.910581588745117188e+01
-5.831658554077148438e+01
-4.920516967773437500e+01
-4.034603500366210938e+01
-2.143945312500000000e+01
-8.587059974670410156e+00
-1.859432935714721680e+00
-3.359905958175659180e+00
-6.161759853363037109e+00
2.071218013763427734e+00
-1.956443786621093750e+00
-2.913845777511596680e+00
-4.699034214019775391e+00
-3.430269002914428711e+00
-2.581191062927246094e+01
-5.541101455688476562e+01
-3.090981864929199219e+01
-6.333147811889648438e+01
-8.302690887451171875e+01
-5.449324035644531250e+01
-7.142342376708984375e+01
-6.777196502685546875e+01
6.192442321777343750e+01
3.108003044128417969e+01
-4.760988235473632812e+00
3.157664299011230469e+01
3.146242141723632812e+01
-1.476796531677246094e+01
1.494531154632568359e+01
9.339284896850585938e+00
-2.662069511413574219e+01
-1.163354187011718750e+02
-8.598089599609375000e+01
-2.743451309204101562e+01
-8.696243286132812500e+01
-3.488874053955078125e+01
1.266841888427734375e+01
-6.226807785034179688e+01
-3.433684158325195312e+01
-9.036685943603515625e+00
1.648254203796386719e+01
5.197793006896972656e+00
-2.459294128417968750e+01
-6.978212356567382812e+00
-1.924877548217773438e+01
-4.342831039428710938e+01
-1.805965805053710938e+01
-2.882403182983398438e+01
-3.806085586547851562e+01
-2.258482360839843750e+02
-8.474081420898437500e+01
-2.940682029724121094e+01
-4.547127151489257812e+01
3.662129974365234375e+01
6.707031250000000000e+01
-1.367421245574951172e+01
-6.708776473999023438e+00
2.052026748657226562e+01
-6.949955749511718750e+01
-1.348362884521484375e+02
-1.393697509765625000e+02
-8.885740661621093750e+01
-1.743582305908203125e+02
-1.852468566894531250e+02
-1.092639617919921875e+02
-2.240528869628906250e+02
-1.747104644775390625e+02
2.420287017822265625e+02
2.232828063964843750e+02
2.259989013671875000e+02
2.361289367675781250e+02
2.160624389648437500e+02
1.925202026367187500e+02
1.843810577392578125e+02
1.615581054687500000e+02
1.472888488769531250e+02
2.005700492858886719e+01
1.583913040161132812e+01
1.651570892333984375e+01
1.351691722869873047e+01
1.074768066406250000e+01
9.951657295227050781e+00
1.045139312744140625e+01
1.087975311279296875e+01
1.454552173614501953e+01
1.544321155548095703e+01
-1.810682177543640137e+00
1.754185485839843750e+01
1.750022506713867188e+01
3.996826887130737305e+00
1.700353240966796875e+01
9.454071044921875000e+00
5.342880725860595703e+00
1.364047050476074219e+01
5.162615203857421875e+01
4.019771575927734375e+01
2.374284362792968750e+01
3.880641937255859375e+01
3.283360290527343750e+01
2.143563270568847656e+01
2.671679496765136719e+01
2.399763107299804688e+01
1.784526252746582031e+01
1.980554962158203125e+01
1.794225883483886719e+01
1.665376281738281250e+01
1.104501628875732422e+01
4.131282806396484375e+00
5.160018444061279297e+00
3.399143934249877930e+00
7.890709042549133301e-01
8.339696884155273438e+00
-1.492311954498291016e+01
-6.040510654449462891e+00
4.701672792434692383e-01
8.797963142395019531e+00
1.052585601806640625e+01
1.201795196533203125e+01
8.501217842102050781e+00
1.465409946441650391e+01
1.223246860504150391e+01
-3.085886001586914062e+00
9.952524304389953613e-01
2.253865480422973633e+00
9.865447878837585449e-01
-7.991003990173339844e-01
-2.730561256408691406e+00
-3.114693403244018555e+00
-1.663820385932922363e+00
1.949835896492004395e+00
5.149028320312500000e+02
4.301230773925781250e+02
3.015886230468750000e+02
3.457439880371093750e+02
2.705273437500000000e+02
2.247174987792968750e+02
2.322127380371093750e+02
2.381558990478515625e+02
2.443072509765625000e+02
1.212607803344726562e+02
1.240176162719726562e+02
1.299276885986328125e+02
1.808489074707031250e+02
1.580247650146484375e+02
1.477457427978515625e+02
1.321297607421875000e+02
6.351396179199218750e+01
4.343977737426757812e+01
3.746600151062011719e+00
7.423227787017822266e+00
2.795802593231201172e+00
1.067120933532714844e+01
1.504320907592773438e+01
1.630345153808593750e+01
1.428794479370117188e+01
9.503305435180664062e+00
1.099364948272705078e+01
5.890735626220703125e+01
4.590901565551757812e+01
3.834122467041015625e+01
4.099118423461914062e+01
3.637124633789062500e+01
3.448828506469726562e+01
2.977409172058105469e+01
4.072900772094726562e+01
4.181253433227539062e+01
1.081922378540039062e+02
1.325087432861328125e+02
1.313375091552734375e+02
7.929423522949218750e+01
9.322000122070312500e+01
7.866270446777343750e+01
5.825325775146484375e+01
7.790789031982421875e+01
7.620839691162109375e+01
5.780459594726562500e+01
5.271457672119140625e+01
5.352745437622070312e+01
7.790288543701171875e+01
7.139531707763671875e+01
6.271603012084960938e+01
7.334700012207031250e+01
6.271912002563476562e+01
5.931502151489257812e+01
4.902895355224609375e+01
4.237622070312500000e+01
3.644787979125976562e+01
3.990374755859375000e+01
3.042907524108886719e+01
2.893500137329101562e+01
3.471905517578125000e+01
3.375999832153320312e+01
3.484252929687500000e+01
4.034112167358398438e+01
5.070651626586914062e+01
4.364567565917968750e+01
9.984022521972656250e+01
1.070464706420898438e+02
7.185919952392578125e+01
8.534130859375000000e+01
5.021523666381835938e+01
1.023541641235351562e+01
1.711422271728515625e+02
1.130125961303710938e+02
8.634437561035156250e+01
1.411932678222656250e+02
8.320315551757812500e+01
6.248965072631835938e+01
1.017904968261718750e+02
5.630538940429687500e+01
6.071396255493164062e+01
8.200668945312500000e+02
9.962395019531250000e+02
8.397931518554687500e+02
8.342549438476562500e+02
9.807789916992187500e+02
7.965616455078125000e+02
7.947939453125000000e+02
8.503959350585937500e+02
7.212030639648437500e+02
1.293203735351562500e+02
1.951393432617187500e+02
1.351761474609375000e+02
1.188218765258789062e+02
1.727310180664062500e+02
1.115996780395507812e+02
1.066386947631835938e+02
1.268935012817382812e+02
6.766461181640625000e+01
2.433008575439453125e+01
1.556302032470703125e+02
1.344740447998046875e+02
9.184476470947265625e+01
1.994731140136718750e+02
6.432324218750000000e+01
1.445802307128906250e+02
1.769690399169921875e+02
1.769561767578125000e+01
1.708252258300781250e+02
1.538484497070312500e+02
1.854720916748046875e+02
1.525381927490234375e+02
1.401538085937500000e+02
2.043128662109375000e+02
1.554986877441406250e+02
1.531154479980468750e+02
1.920305023193359375e+02
4.553900527954101562e+01
1.204466724395751953e+01
3.229120635986328125e+01
9.105369567871093750e+01
5.995406341552734375e+01
5.172342681884765625e+01
5.763967132568359375e+01
1.423265743255615234e+01
7.893685340881347656e+00
3.121653747558593750e+01
1.479068851470947266e+01
-2.997253417968750000e+00
1.849623203277587891e+00
-2.219246292114257812e+01
-3.614210128784179688e+01
-9.728304862976074219e+00
1.312991333007812500e+01
2.050329589843750000e+01
2.816668319702148438e+01
3.129833602905273438e+01
3.260297775268554688e+01
7.349530029296875000e+01
6.328707122802734375e+01
4.304129791259765625e+01
9.396891784667968750e+01
5.455536651611328125e+01
3.993300247192382812e+01
1.677955200195312500e+03
1.569831665039062500e+03
1.592446899414062500e+03
1.520290161132812500e+03
1.486082763671875000e+03
1.508713134765625000e+03
1.419232299804687500e+03
1.341552246093750000e+03
1.264954833984375000e+03
-1.428328094482421875e+02
-2.332955627441406250e+02
-2.244502868652343750e+02
-8.308547973632812500e+01
-1.564176940917968750e+02
-1.884055175781250000e+02
-5.823227691650390625e+01
-5.376148223876953125e+01
-8.011072540283203125e+01
4.816951751708984375e+00
-3.010967016220092773e+00
-1.045922279357910156e+01
-2.819602584838867188e+01
-1.891557693481445312e+01
-1.408261108398437500e+01
9.620779037475585938e+00
1.733918571472167969e+01
3.881143569946289062e+00
1.626623382568359375e+02
1.952676849365234375e+02
2.367940368652343750e+02
1.806779327392578125e+02
1.962325897216796875e+02
1.985064239501953125e+02
1.350581817626953125e+02
1.169076843261718750e+02
1.048092117309570312e+02
2.649023437500000000e+02
2.782072143554687500e+02
2.432577209472656250e+02
2.232031555175781250e+02
1.836439056396484375e+02
2.062135162353515625e+02
2.422645416259765625e+02
2.228318786621093750e+02
2.396780700683593750e+02
5.511769409179687500e+02
5.286235351562500000e+02
3.560084838867187500e+02
4.514921264648437500e+02
3.977370300292968750e+02
2.947489624023437500e+02
4.680831604003906250e+02
3.894429931640625000e+02
2.961470031738281250e+02
2.062379150390625000e+02
2.014496765136718750e+02
1.736473541259765625e+02
2.055953369140625000e+02
1.816575164794921875e+02
1.685820617675781250e+02
2.236351318359375000e+02
1.785742645263671875e+02
1.488658447265625000e+02
3.022184753417968750e+01
-1.385669708251953125e+02
-1.340096588134765625e+02
-8.366325378417968750e+01
-1.501297607421875000e+02
-1.439384460449218750e+02
-5.901489257812500000e-01
-3.970613861083984375e+01
-2.052960586547851562e+01
5.771974487304687500e+02
4.877312622070312500e+02
5.385305786132812500e+02
5.120906372070312500e+02
5.180548706054687500e+02
4.593874511718750000e+02
5.343063354492187500e+02
5.790335693359375000e+02
4.113176574707031250e+02
-6.222235107421875000e+02
-6.604814453125000000e+02
-7.309631958007812500e+02
-5.252634887695312500e+02
-5.665514526367187500e+02
-6.398825683593750000e+02
-4.295399780273437500e+02
-4.649923095703125000e+02
-5.461235961914062500e+02
-4.165071487426757812e+01
-3.551564407348632812e+01
-3.630651855468750000e+01
-4.160539245605468750e+01
-3.567675018310546875e+01
-3.327469253540039062e+01
-5.194950103759765625e+01
-5.257415008544921875e+01
-5.262931060791015625e+01
-4.475517654418945312e+01
-5.582631683349609375e+01
-3.844501876831054688e+01
-4.225115585327148438e+01
-4.235717773437500000e+01
-4.320149230957031250e+01
-4.613357925415039062e+01
-3.884231185913085938e+01
-4.992159271240234375e+01
-3.619721984863281250e+01
-6.169626617431640625e+01
-6.767644500732421875e+01
-2.646446037292480469e+01
-4.965081024169921875e+01
-5.471960067749023438e+01
-2.939667510986328125e+01
-4.746474075317382812e+01
-5.224090194702148438e+01
-1.127950210571289062e+02
-1.231151580810546875e+02
-1.037012405395507812e+02
-1.060616149902343750e+02
-1.198913040161132812e+02
-1.000198822021484375e+02
-8.232190704345703125e+01
-9.755294036865234375e+01
-8.097879028320312500e+01
-2.080468559265136719e+01
-2.118032264709472656e+01
-3.543101882934570312e+01
-1.149963760375976562e+01
-1.984941101074218750e+01
-3.401675415039062500e+01
-3.104635620117187500e+01
-3.573242950439453125e+01
-3.755221176147460938e+01
-2.667922592163085938e+01
-2.877977752685546875e+01
-3.585321807861328125e+01
-2.869252586364746094e+01
-3.164299201965332031e+01
-3.236797714233398438e+01
-2.960230064392089844e+01
-3.182531547546386719e+01
-3.319729995727539062e+01
-5.038708496093750000e+02
-6.655863037109375000e+02
-7.574368286132812500e+02
-3.307632446289062500e+02
-4.750496826171875000e+02
-5.838464965820312500e+02
-4.121903991699218750e+02
-5.195073852539062500e+02
-6.125261230468750000e+02
-1.297721801757812500e+03
-1.346260375976562500e+03
-1.284897460937500000e+03
-1.150350097656250000e+03
-1.182866577148437500e+03
-1.162956542968750000e+03
-9.312571411132812500e+02
-9.373073120117187500e+02
-9.034271850585937500e+02
-6.999544525146484375e+01
-6.112149429321289062e+01
-5.472323226928710938e+01
-5.902614593505859375e+01
-7.267369842529296875e+01
-6.030734252929687500e+01
-4.295695114135742188e+01
-4.251106262207031250e+01
-6.082148361206054688e+01
-1.321822052001953125e+02
-1.430804748535156250e+02
-1.551903991699218750e+02
-1.124852981567382812e+02
-1.303955841064453125e+02
-1.514436798095703125e+02
-1.105582199096679688e+02
-1.290884399414062500e+02
-1.591014099121093750e+02
-6.767538452148437500e+01
-7.696229553222656250e+01
-1.246059951782226562e+02
-9.140094757080078125e+01
-1.107382354736328125e+02
-1.499335327148437500e+02
-1.173195266723632812e+02
-1.406493072509765625e+02
-1.845791931152343750e+02
-1.798326568603515625e+02
-1.714936218261718750e+02
-1.576432952880859375e+02
-1.936098480224609375e+02
-2.143030548095703125e+02
-1.922341918945312500e+02
-1.998134307861328125e+02
-2.289951934814453125e+02
-2.253488159179687500e+02
-3.379347610473632812e+01
-5.553157806396484375e+01
-6.741802978515625000e+01
-2.457892417907714844e+01
-5.278716659545898438e+01
-6.349236297607421875e+01
-2.683649253845214844e+01
-5.527077102661132812e+01
-7.146119689941406250e+01
-7.012846069335937500e+02
-6.768530883789062500e+02
-6.416514282226562500e+02
-7.582855224609375000e+02
-7.410456542968750000e+02
-6.778680419921875000e+02
-6.739429931640625000e+02
-6.492006835937500000e+02
-6.168797607421875000e+02
-4.599331359863281250e+02
-5.512543945312500000e+02
-4.744918212890625000e+02
-3.798437194824218750e+02
-4.521763610839843750e+02
-3.923093261718750000e+02
-3.385490112304687500e+02
-3.962927856445312500e+02
-3.430207214355468750e+02
-1.217243003845214844e+01
-1.780573844909667969e+01
-1.835916328430175781e+01
-8.984789848327636719e+00
-1.488740062713623047e+01
-1.658256721496582031e+01
-7.870976448059082031e+00
-7.999261379241943359e+00
-1.060356998443603516e+01
-5.091098546981811523e-01
-4.919065237045288086e-01
-2.464954257011413574e-01
-1.249811410903930664e+00
-7.107406258583068848e-01
-1.004420876502990723e+00
-1.296668529510498047e+00
-1.683097481727600098e+00
-1.973358273506164551e+00
-4.575354754924774170e-01
-1.271994113922119141e+00
-1.487130403518676758e+00
-5.347031950950622559e-01
-4.487779438495635986e-01
-3.519097864627838135e-01
-7.005436420440673828e-01
-1.011316664516925812e-03
-3.972571194171905518e-01
-1.769470870494842529e-01
-2.279145717620849609e-01
-7.963956892490386963e-02
-2.495838105678558350e-01
-1.733856946229934692e-01
-8.850768208503723145e-02
-1.411569476127624512e+00
-4.700725078582763672e-01
1.390917897224426270e-01
-3.071054458618164062e+00
-4.212591648101806641e+00
-3.575189352035522461e+00
-3.442584037780761719e+00
-5.004238605499267578e+00
-4.285718917846679688e+00
-2.339608669281005859e+00
-3.463850736618041992e+00
-3.117799997329711914e+00
1.504437476396560669e-01
5.718376636505126953e-01
3.896557390689849854e-01
-1.520638823509216309e+00
-4.340614676475524902e-01
-5.619849562644958496e-01
-8.886513113975524902e-01
-6.943148970603942871e-01
-6.788363456726074219e-01
-3.024227142333984375e+00
-2.811197280883789062e+00
-2.178168296813964844e+00
-1.669589400291442871e+00
-1.936083674430847168e+00
-1.036349177360534668e+00
-1.607252359390258789e+00
-1.818239212036132812e+00
-1.645744085311889648e+00
-1.009957981109619141e+01
-1.781081962585449219e+01
-1.764600944519042969e+01
-5.320192813873291016e+00
-8.238834381103515625e+00
-3.917680978775024414e+00
-1.713002777099609375e+01
-1.217179775238037109e+01
-4.278679370880126953e+00
-3.123364067077636719e+01
-3.730899429321289062e+01
-4.136488723754882812e+01
-1.656972122192382812e+01
-2.136878013610839844e+01
-3.185651206970214844e+01
-5.366707324981689453e+00
-4.075026512145996094e+00
-8.812023162841796875e+00
-5.022564530372619629e-01
-2.079934358596801758e+00
-3.425340175628662109e+00
-9.662733674049377441e-01
-2.763135910034179688e+00
-5.249967098236083984e+00
-2.165870070457458496e-01
-7.099909782409667969e-01
-1.415853738784790039e+00
-4.344217300415039062e+00
-4.560958862304687500e+00
-4.182501792907714844e+00
-4.955985546112060547e+00
-5.020990371704101562e+00
-3.321695804595947266e+00
-4.946279525756835938e+00
-4.964165210723876953e+00
-4.069091796875000000e+00
1.486816406250000000e+00
-7.246162295341491699e-01
-3.124256372451782227e+00
-2.727969408035278320e+00
-4.814131736755371094e+00
-6.758159637451171875e+00
-1.094148635864257812e+01
-1.793466186523437500e+01
-1.488410949707031250e+01
-4.318178653717041016e+00
-6.335122585296630859e+00
-5.290440082550048828e+00
-6.612104415893554688e+00
-8.738417625427246094e+00
-8.245892524719238281e+00
-4.546127319335937500e+00
-8.377773284912109375e+00
-9.388833045959472656e+00
1.120223283767700195e+00
2.612644731998443604e-01
-4.174449443817138672e-01
3.318953514099121094e-01
9.053227305412292480e-02
-6.296563148498535156e-01
-1.937529206275939941e+00
-1.408131718635559082e+00
-1.243784427642822266e+00
-2.236340713500976562e+01
-2.286194610595703125e+01
-2.787218856811523438e+01
-2.057195281982421875e+01
-2.829019546508789062e+01
-3.512115478515625000e+01
-1.145050907135009766e+01
-1.915517997741699219e+01
-2.449133300781250000e+01
-7.890974044799804688e+00
-1.102184486389160156e+01
-1.341849136352539062e+01
-5.568723201751708984e+00
-6.654082298278808594e+00
-7.727954387664794922e+00
-5.814770221710205078e+00
-4.892704963684082031e+00
-5.937085628509521484e+00
-3.960413208007812500e+02
-4.631977844238281250e+02
-4.071654357910156250e+02
-3.529893493652343750e+02
-4.006171875000000000e+02
-3.467052917480468750e+02
-3.092305297851562500e+02
-3.396280822753906250e+02
-2.907602233886718750e+02
-3.522677993774414062e+01
-4.799533843994140625e+01
-3.987520217895507812e+01
-2.264883041381835938e+01
-3.370729827880859375e+01
-3.328948974609375000e+01
-3.873758697509765625e+01
-5.162771987915039062e+01
-5.188382720947265625e+01
-2.412857437133789062e+01
-2.418747520446777344e+01
-2.002356147766113281e+01
-2.787304878234863281e+01
-2.729552841186523438e+01
-2.807392692565917969e+01
-2.199445533752441406e+01
-2.099040603637695312e+01
-1.657258224487304688e+01
-1.235422515869140625e+01
-7.681554317474365234e+00
-1.518093967437744141e+01
-5.458983421325683594e+00
-1.120449185371398926e+00
-7.474497795104980469e+00
-5.423941612243652344e+00
-2.347501993179321289e+00
-9.193286895751953125e+00
-9.963954162597656250e+01
-8.674618530273437500e+01
-7.581962585449218750e+01
-1.027270126342773438e+02
-7.949422454833984375e+01
-6.888047790527343750e+01
-8.977304840087890625e+01
-6.249786376953125000e+01
-6.401911163330078125e+01
-1.159455776214599609e+01
-1.768253135681152344e+01
-1.088642501831054688e+01
-1.369682788848876953e+00
-5.471305847167968750e+00
-6.725673675537109375e+00
-7.397796630859375000e+00
-1.201038265228271484e+01
-1.301363563537597656e+01
-4.376368713378906250e+01
-2.746024894714355469e+01
-2.933953666687011719e+01
-6.200794982910156250e+01
-3.621891403198242188e+01
-3.587255096435546875e+01
-4.953078460693359375e+01
-2.081437301635742188e+01
-3.602592468261718750e+01
-3.062556762695312500e+02
-3.429584960937500000e+02
-3.321399841308593750e+02
-2.071573333740234375e+02
-2.139949340820312500e+02
-2.162778472900390625e+02
-1.310276184082031250e+02
-1.509081726074218750e+02
-1.582612152099609375e+02
-8.086734008789062500e+02
-8.298820800781250000e+02
-8.107043457031250000e+02
-8.606107788085937500e+02
-9.184463500976562500e+02
-8.979908447265625000e+02
-7.828287353515625000e+02
-8.166510620117187500e+02
-8.035946655273437500e+02
-2.396736335754394531e+01
-3.124083518981933594e+01
-3.456701660156250000e+01
-4.772057723999023438e+01
-5.450576019287109375e+01
-5.466382598876953125e+01
-4.129998016357421875e+01
-5.160085678100585938e+01
-3.175987243652343750e+01
-1.024377593994140625e+02
-7.070265960693359375e+01
-7.911888885498046875e+01
-1.073398895263671875e+02
-6.775462341308593750e+01
-6.465776824951171875e+01
-9.145861053466796875e+01
-5.127030563354492188e+01
-5.843090438842773438e+01
-2.057139778137207031e+01
-4.374639129638671875e+01
-3.080970001220703125e+01
-3.078636932373046875e+01
-4.000407028198242188e+01
-2.833237075805664062e+01
-6.708248138427734375e+01
-5.009587478637695312e+01
-3.843006896972656250e+01
-1.595008697509765625e+02
-1.274897842407226562e+02
-1.405325012207031250e+02
-2.140657806396484375e+02
-1.747165222167968750e+02
-2.058396911621093750e+02
-2.764758911132812500e+02
-2.261600189208984375e+02
-2.499502105712890625e+02
-9.867054939270019531e+00
-1.083369827270507812e+01
-1.643023872375488281e+01
-4.436444759368896484e+00
-7.963596582412719727e-01
-4.521293640136718750e+00
-1.475926208496093750e+01
-7.770045280456542969e+00
-8.690800666809082031e+00
-4.644219360351562500e+02
-4.629208068847656250e+02
-5.097536621093750000e+02
-6.031337890625000000e+02
-6.482630004882812500e+02
-6.548521728515625000e+02
-6.325996093750000000e+02
-6.471774902343750000e+02
-5.832807006835937500e+02
-3.150832214355468750e+02
-3.360574035644531250e+02
-3.168631591796875000e+02
-2.734001464843750000e+02
-2.890497131347656250e+02
-2.406537322998046875e+02
-2.085326232910156250e+02
-2.520050659179687500e+02
-1.849640502929687500e+02
-2.825256652832031250e+02
-1.510137481689453125e+02
-7.132624053955078125e+01
-3.188506164550781250e+02
-2.547002410888671875e+02
-1.607527770996093750e+02
-3.200300903320312500e+02
-2.796043090820312500e+02
-1.951997528076171875e+02
-1.583547973632812500e+01
-1.357496738433837891e+01
2.824640750885009766e+00
-2.409331893920898438e+01
-3.138189125061035156e+01
-1.381322288513183594e+01
-2.186054229736328125e+01
-3.628469848632812500e+01
-1.616303825378417969e+01
1.900235176086425781e+01
2.877722549438476562e+01
-2.276342010498046875e+01
2.808012008666992188e+01
6.876026153564453125e+00
-4.936214065551757812e+01
8.846504211425781250e+00
-2.015337753295898438e+01
-6.520130157470703125e+01
-7.256175994873046875e+01
-1.471958065032958984e+01
1.852272415161132812e+01
-8.137089538574218750e+01
-2.761705017089843750e+01
-8.103295326232910156e+00
-6.114501190185546875e+01
-1.269873619079589844e+01
-1.571599292755126953e+01
-3.955973815917968750e+01
-4.072494029998779297e+00
-1.276697921752929688e+01
-4.389177322387695312e+01
-1.163606882095336914e+00
-6.565646648406982422e+00
-5.334143829345703125e+01
-9.630596160888671875e+00
-7.853580474853515625e+00
-4.840265274047851562e+00
-5.730967044830322266e+00
-1.273290824890136719e+01
-5.821471214294433594e+00
-1.055166721343994141e+01
-1.659941101074218750e+01
-9.463097572326660156e+00
-2.235769653320312500e+01
-2.683146667480468750e+01
4.117520523071289062e+01
5.871880722045898438e+01
3.781394958496093750e+01
4.641415786743164062e+01
5.644034957885742188e+01
4.121569061279296875e+01
3.830479049682617188e+01
4.595922088623046875e+01
4.578422927856445312e+01
-6.006698608398437500e+02
-3.011348571777343750e+02
-5.174449443817138672e+00
-7.615884399414062500e+02
-5.177276611328125000e+02
-2.739194641113281250e+02
-6.874126586914062500e+02
-5.660781860351562500e+02
-4.098138732910156250e+02
-2.816782531738281250e+02
-3.116686706542968750e+02
-2.349142761230468750e+02
-5.161621093750000000e+02
-4.865276184082031250e+02
-4.036860656738281250e+02
-5.860296630859375000e+02
-5.144246215820312500e+02
-4.251870117187500000e+02
-2.563098144531250000e+01
-2.158885192871093750e+01
-2.021923446655273438e+01
-2.800351524353027344e+01
-9.233502388000488281e+00
-2.241473197937011719e+01
-2.944361877441406250e+01
-1.124100303649902344e+01
-1.696738815307617188e+01
-5.974266433715820312e+01
-1.180942440032958984e+01
-4.394490432739257812e+01
-7.615188598632812500e+01
-2.957017326354980469e+01
-7.848433685302734375e+01
-7.737745666503906250e+01
-4.694886016845703125e+01
-8.713542175292968750e+01
-2.069980773925781250e+02
-1.739051361083984375e+02
-1.639419403076171875e+02
-1.622114562988281250e+02
-1.431782836914062500e+02
-1.655930633544921875e+02
-1.336104583740234375e+02
-9.440054321289062500e+01
-1.425566864013671875e+02
-2.255692863464355469e+01
5.641720581054687500e+01
7.194623565673828125e+01
2.866649150848388672e+00
7.694174194335937500e+01
1.118110351562500000e+02
-2.453880310058593750e+01
6.424710083007812500e+01
1.145840530395507812e+02
-5.285000991821289062e+01
-1.705543327331542969e+01
-1.492078590393066406e+01
-5.017210388183593750e+01
-3.061146354675292969e+01
-3.132580375671386719e+01
-3.474208068847656250e+01
-2.004555892944335938e+01
-3.097289085388183594e+01
-2.647446899414062500e+02
-2.136998138427734375e+02
-1.940058135986328125e+02
-2.977384643554687500e+02
-1.848212432861328125e+02
-1.539469451904296875e+02
-2.865817871093750000e+02
-1.135305252075195312e+02
-7.014722442626953125e+01
-2.959540939331054688e+01
6.196622467041015625e+01
1.236427154541015625e+02
-1.315548858642578125e+02
-2.547379875183105469e+01
1.750330924987792969e+00
-2.198742828369140625e+02
-1.271279373168945312e+02
-1.160319976806640625e+02
-7.398347473144531250e+01
-1.046994018554687500e+02
-1.456364288330078125e+02
-6.500023651123046875e+01
-9.385800933837890625e+01
-1.457766571044921875e+02
-6.008017349243164062e+01
-7.779769897460937500e+01
-1.319811859130859375e+02
-9.968652725219726562e+00
-1.208002948760986328e+01
-1.791629600524902344e+01
-8.048377990722656250e+00
-9.954157829284667969e+00
-1.588047122955322266e+01
-5.940916538238525391e+00
-1.315558624267578125e+01
-1.793632888793945312e+01
-9.795047760009765625e+00
-1.678581809997558594e+01
-3.816525936126708984e+00
-1.096282672882080078e+01
-1.413844680786132812e+01
-7.733504772186279297e+00
-5.853961944580078125e+00
-1.339670562744140625e+01
-8.420344352722167969e+00
-1.707374095916748047e+00
-1.147988510131835938e+01
-1.357601833343505859e+01
-9.256452322006225586e-02
-1.277210426330566406e+01
-1.242928981781005859e+01
-2.030561685562133789e+00
-1.170135688781738281e+01
-1.219993305206298828e+01
-2.225880241394042969e+01
-3.610466003417968750e+01
-1.677358436584472656e+01
-2.429267311096191406e+01
-3.709864044189453125e+01
-1.685459899902343750e+01
-1.964298820495605469e+01
-3.327551269531250000e+01
-1.592100429534912109e+01
-3.122518777847290039e+00
-7.606062889099121094e-01
-7.223069667816162109e-01
-2.282287478446960449e-01
-4.917127490043640137e-01
-4.372760772705078125e+00
-4.740218162536621094e+00
-4.823294162750244141e+00
-8.760683059692382812e+00
-1.314648914337158203e+01
-1.439049339294433594e+01
-1.316171360015869141e+01
-1.328308582305908203e+01
-1.553496456146240234e+01
-1.527699756622314453e+01
-1.034261322021484375e+01
-1.279212284088134766e+01
-1.157917881011962891e+01
-4.861557769775390625e+01
-1.694883575439453125e+02
-2.115054779052734375e+02
-3.996481323242187500e+01
-1.466778106689453125e+02
-1.869338989257812500e+02
-2.619481658935546875e+01
-1.082344512939453125e+02
-1.547212677001953125e+02
-9.516620635986328125e+01
-1.607666015625000000e+02
-1.449824981689453125e+02
-9.969185638427734375e+01
-1.840996093750000000e+02
-1.757324676513671875e+02
-9.898054504394531250e+01
-1.778205566406250000e+02
-1.768530883789062500e+02
-5.206413269042968750e+00
-5.252810955047607422e+00
-8.387907981872558594e+00
-1.065487957000732422e+01
-1.191061305999755859e+01
-9.844860076904296875e+00
-5.936780452728271484e+00
-1.212558460235595703e+01
-8.378165245056152344e+00
-3.029916191101074219e+01
-2.832056617736816406e+01
-2.581064987182617188e+01
-2.902660369873046875e+01
-2.582253837585449219e+01
-2.129717254638671875e+01
-1.847515106201171875e+01
-2.028135299682617188e+01
-2.087275695800781250e+01
-1.581305885314941406e+01
-6.932629108428955078e+00
-3.303451538085937500e+01
-2.845205879211425781e+01
-1.151544189453125000e+01
-3.396511840820312500e+01
-4.296177673339843750e+01
-2.377131652832031250e+01
-3.173234558105468750e+01
-4.267187118530273438e+01
-5.181238937377929688e+01
-6.325023651123046875e+01
-4.270804595947265625e+01
-5.799007797241210938e+01
-7.058600616455078125e+01
-4.642833328247070312e+01
-6.841709899902343750e+01
-7.704051971435546875e+01
-1.279098033905029297e+00
-9.589836120605468750e+00
-2.038334274291992188e+01
-5.246378421783447266e+00
-9.341187477111816406e+00
-1.684661293029785156e+01
-1.071132755279541016e+01
-1.234080219268798828e+01
-1.544539451599121094e+01
-9.212016296386718750e+01
-1.102386245727539062e+02
-1.175619659423828125e+02
-1.220841979980468750e+02
-1.431415863037109375e+02
-1.475795288085937500e+02
-1.420697174072265625e+02
-1.702369537353515625e+02
-1.555796813964843750e+02
-4.979767227172851562e+01
-1.450132751464843750e+02
-9.406300354003906250e+01
-4.422904205322265625e+01
-1.346505432128906250e+02
-9.006477355957031250e+01
-3.319865798950195312e+01
-1.119546966552734375e+02
-7.535431671142578125e+01
5.680662231445312500e+02
5.320907592773437500e+02
5.021119079589843750e+02
5.108069152832031250e+02
4.692243957519531250e+02
4.488270568847656250e+02
3.908426818847656250e+02
3.668484802246093750e+02
3.678608703613281250e+02
3.265455245971679688e+01
2.693319320678710938e+01
3.635998916625976562e+01
2.954734992980957031e+01
2.523439216613769531e+01
3.601152420043945312e+01
3.391669082641601562e+01
3.489669418334960938e+01
4.797379302978515625e+01
2.472809410095214844e+01
2.743722152709960938e+01
2.972234153747558594e+01
2.273124313354492188e+01
2.955362892150878906e+01
3.598908233642578125e+01
2.420649528503417969e+01
3.353507995605468750e+01
4.328907012939453125e+01
3.318133163452148438e+01
2.610813522338867188e+01
2.420993804931640625e+01
1.759877777099609375e+01
1.516105842590332031e+01
1.687438583374023438e+01
1.000760078430175781e+01
1.050416660308837891e+01
1.319989395141601562e+01
9.931470489501953125e+01
9.402986145019531250e+01
9.003812408447265625e+01
8.348936462402343750e+01
7.900606536865234375e+01
8.180432128906250000e+01
7.371264648437500000e+01
7.367989349365234375e+01
7.508450317382812500e+01
1.528752136230468750e+01
1.707484626770019531e+01
2.294097328186035156e+01
1.607016944885253906e+01
2.086895370483398438e+01
2.531590461730957031e+01
1.943599319458007812e+01
2.347438240051269531e+01
2.214363479614257812e+01
2.061700820922851562e+01
1.852854919433593750e+01
2.513802909851074219e+01
2.198605155944824219e+01
2.640360069274902344e+01
3.275547409057617188e+01
3.133760452270507812e+01
3.675650024414062500e+01
3.809745788574218750e+01
4.736374206542968750e+02
4.492265014648437500e+02
4.782375488281250000e+02
2.850983886718750000e+02
2.846932678222656250e+02
3.186654968261718750e+02
2.206880798339843750e+02
2.286197967529296875e+02
2.370235137939453125e+02
9.434500732421875000e+02
9.498763427734375000e+02
9.252290039062500000e+02
9.959063110351562500e+02
9.615466918945312500e+02
9.215181274414062500e+02
8.817557983398437500e+02
8.280449218750000000e+02
7.846486816406250000e+02
3.735754776000976562e+01
3.602342224121093750e+01
3.081461143493652344e+01
5.496144485473632812e+01
5.443959808349609375e+01
5.166139221191406250e+01
5.013078689575195312e+01
4.885673141479492188e+01
4.918240356445312500e+01
1.031611862182617188e+02
9.452532958984375000e+01
8.980440521240234375e+01
8.512351989746093750e+01
8.075063323974609375e+01
8.425315093994140625e+01
8.375369262695312500e+01
8.425300598144531250e+01
8.844799804687500000e+01
9.464260101318359375e+01
8.866305541992187500e+01
5.167893218994140625e+01
7.794949340820312500e+01
6.387230682373046875e+01
4.165875244140625000e+01
7.570903015136718750e+01
6.920172882080078125e+01
6.629852294921875000e+01
1.048707656860351562e+02
1.095722885131835938e+02
1.258594131469726562e+02
1.460152435302734375e+02
1.511731109619140625e+02
1.657102203369140625e+02
1.819003601074218750e+02
1.960907287597656250e+02
2.096837768554687500e+02
3.309203720092773438e+01
2.861228370666503906e+01
2.385259628295898438e+01
1.759579849243164062e+01
1.775386238098144531e+01
1.471385574340820312e+01
1.091193199157714844e+01
1.581599235534667969e+01
1.548258781433105469e+01
4.290261840820312500e+02
4.903138732910156250e+02
4.880594482421875000e+02
5.900996704101562500e+02
6.033364257812500000e+02
5.697244873046875000e+02
6.016905517578125000e+02
5.911235351562500000e+02
5.707349853515625000e+02
3.285947265625000000e+02
3.262116088867187500e+02
3.357528686523437500e+02
3.120874633789062500e+02
3.215826721191406250e+02
3.334356689453125000e+02
2.633829956054687500e+02
2.775433654785156250e+02
2.942961425781250000e+02
7.348442871093750000e+03
7.405937500000000000e+03
7.401571777343750000e+03
7.323563476562500000e+03
7.417705078125000000e+03
7.467043945312500000e+03
6.647457031250000000e+03
6.932231933593750000e+03
7.466224609375000000e+03
9.721148071289062500e+02
1.134128417968750000e+03
1.254233886718750000e+03
8.256545410156250000e+02
1.070602783203125000e+03
1.258926757812500000e+03
7.329874877929687500e+02
9.785294189453125000e+02
1.199034057617187500e+03
2.399713134765625000e+02
3.245607910156250000e+02
5.124672241210937500e+02
2.958875122070312500e+02
4.304759216308593750e+02
6.701266479492187500e+02
3.089002380371093750e+02
6.276234130859375000e+02
8.955656738281250000e+02
6.091452026367187500e+02
6.608153686523437500e+02
5.274940185546875000e+02
3.824881591796875000e+02
4.944913330078125000e+02
4.323239135742187500e+02
2.717644348144531250e+02
3.305837097167968750e+02
3.547118835449218750e+02
1.239875366210937500e+03
1.181172363281250000e+03
1.083218994140625000e+03
1.300254394531250000e+03
1.220743652343750000e+03
1.078348632812500000e+03
1.200531982421875000e+03
1.218607788085937500e+03
1.066295654296875000e+03
7.041343688964843750e+01
4.866243743896484375e+01
1.005528640747070312e+02
1.355391540527343750e+02
2.491826019287109375e+02
2.782843322753906250e+02
1.685765838623046875e+02
3.059699096679687500e+02
3.064151306152343750e+02
5.373390502929687500e+02
6.042089233398437500e+02
6.276130981445312500e+02
5.285573730468750000e+02
6.086469116210937500e+02
6.031689453125000000e+02
5.756627807617187500e+02
7.112370605468750000e+02
6.920852661132812500e+02
9.239468750000000000e+03
9.440151367187500000e+03
9.007889648437500000e+03
7.544296875000000000e+03
8.046457519531250000e+03
8.270113281250000000e+03
5.681416015625000000e+03
6.442384277343750000e+03
7.387379394531250000e+03
8.855880859375000000e+03
9.353136718750000000e+03
9.038124023437500000e+03
1.093125292968750000e+04
1.140272265625000000e+04
1.069338476562500000e+04
1.078937597656250000e+04
1.136020996093750000e+04
1.086541113281250000e+04
2.446445617675781250e+02
2.627684020996093750e+02
3.371759033203125000e+02
4.135550842285156250e+02
2.503709869384765625e+02
3.085670776367187500e+02
6.079437866210937500e+02
5.154069824218750000e+02
3.848875122070312500e+02
1.208296997070312500e+03
1.167872070312500000e+03
1.282727783203125000e+03
1.179593627929687500e+03
1.077836059570312500e+03
1.160915771484375000e+03
1.173876220703125000e+03
1.143418701171875000e+03
1.214022949218750000e+03
1.305519531250000000e+03
1.553692993164062500e+03
1.482421386718750000e+03
1.023923706054687500e+03
1.065910034179687500e+03
1.062386108398437500e+03
1.225467529296875000e+03
7.747077636718750000e+02
6.071111450195312500e+02
3.097485595703125000e+03
4.090774169921875000e+03
4.409602050781250000e+03
3.050999023437500000e+03
3.896770263671875000e+03
4.136232421875000000e+03
3.610366455078125000e+03
4.244688476562500000e+03
4.023849365234375000e+03
6.866789550781250000e+02
8.891827392578125000e+02
9.343516235351562500e+02
3.760319213867187500e+02
5.616348266601562500e+02
6.878881835937500000e+02
2.340816497802734375e+02
3.406353149414062500e+02
4.437093200683593750e+02
5.968195312500000000e+03
6.903635742187500000e+03
7.064867187500000000e+03
7.128930664062500000e+03
7.439245117187500000e+03
7.232534179687500000e+03
8.258498046875000000e+03
7.892760742187500000e+03
7.236265136718750000e+03
4.356549316406250000e+03
4.506393554687500000e+03
4.272244628906250000e+03
4.754446289062500000e+03
4.870782226562500000e+03
4.856374023437500000e+03
4.666058105468750000e+03
5.032051269531250000e+03
5.405596679687500000e+03
1.081709716796875000e+03
1.085545654296875000e+03
1.046391113281250000e+03
1.054337402343750000e+03
1.050358520507812500e+03
1.045135375976562500e+03
1.018994262695312500e+03
9.958129272460937500e+02
9.804391479492187500e+02
1.853907775878906250e+02
1.846800537109375000e+02
1.655808563232421875e+02
1.797227172851562500e+02
1.760734863281250000e+02
1.674936065673828125e+02
1.717900238037109375e+02
1.775299682617187500e+02
1.732563171386718750e+02
1.283194122314453125e+02
1.235268249511718750e+02
6.713971710205078125e+01
1.100916976928710938e+02
1.007324981689453125e+02
7.129668426513671875e+01
7.800502014160156250e+01
8.180853271484375000e+01
9.394171142578125000e+01
8.546049499511718750e+01
8.499066162109375000e+01
8.077087402343750000e+01
9.679362487792968750e+01
9.584104156494140625e+01
7.354231262207031250e+01
9.795998382568359375e+01
8.438072967529296875e+01
5.427157211303710938e+01
1.967972259521484375e+02
1.804865875244140625e+02
1.610862884521484375e+02
2.049878845214843750e+02
1.929145812988281250e+02
1.522216644287109375e+02
1.892344818115234375e+02
1.756569671630859375e+02
1.398578186035156250e+02
4.118392181396484375e+01
3.174341964721679688e+01
3.133365058898925781e+01
9.888681411743164062e+00
1.057026576995849609e+01
1.969680213928222656e+01
9.881054878234863281e+00
2.117283821105957031e+01
4.178384399414062500e+01
1.078678436279296875e+02
8.535611724853515625e+01
7.976509857177734375e+01
1.304936523437500000e+02
1.013989028930664062e+02
8.494226074218750000e+01
1.251391448974609375e+02
1.028615264892578125e+02
8.947065734863281250e+01
1.185631835937500000e+03
1.235158569335937500e+03
1.101603637695312500e+03
1.256212524414062500e+03
1.208895996093750000e+03
9.798903808593750000e+02
1.168837890625000000e+03
1.051956054687500000e+03
8.307213134765625000e+02
1.060749511718750000e+03
1.163817504882812500e+03
1.185902709960937500e+03
9.761757202148437500e+02
1.123165771484375000e+03
1.202595458984375000e+03
9.231083374023437500e+02
1.086852539062500000e+03
1.150179565429687500e+03
6.512814331054687500e+01
7.316156005859375000e+01
6.471145629882812500e+01
6.710699462890625000e+01
9.048652648925781250e+01
8.638917541503906250e+01
7.873925018310546875e+01
9.035667419433593750e+01
8.477273559570312500e+01
2.580158691406250000e+02
2.209475555419921875e+02
1.867943420410156250e+02
2.702789001464843750e+02
2.027534484863281250e+02
1.457592620849609375e+02
2.268734436035156250e+02
1.612922363281250000e+02
1.210890502929687500e+02
2.123962097167968750e+02
1.886757507324218750e+02
2.097993774414062500e+02
2.461123657226562500e+02
2.074312744140625000e+02
2.199948730468750000e+02
3.102998657226562500e+02
2.544881591796875000e+02
2.175146789550781250e+02
6.930906372070312500e+02
6.137497558593750000e+02
5.918223876953125000e+02
7.386251220703125000e+02
6.884582519531250000e+02
6.652427978515625000e+02
7.987362060546875000e+02
7.727329101562500000e+02
7.362404174804687500e+02
7.561251068115234375e+01
6.556162261962890625e+01
7.531262207031250000e+01
9.547531890869140625e+01
7.049342346191406250e+01
6.668240356445312500e+01
1.108140411376953125e+02
7.242325592041015625e+01
5.425767517089843750e+01
9.101884155273437500e+02
8.965487060546875000e+02
9.456527709960937500e+02
9.622866821289062500e+02
9.957473754882812500e+02
1.017253417968750000e+03
1.070808471679687500e+03
1.106908569335937500e+03
1.022341491699218750e+03
7.811323852539062500e+02
8.968087768554687500e+02
7.498776855468750000e+02
7.282831420898437500e+02
7.945758056640625000e+02
6.807585449218750000e+02
6.261610717773437500e+02
6.560427856445312500e+02
6.115655517578125000e+02
