1.280020751953125000e+02
1.549462432861328125e+02
1.772102813720703125e+02
1.273782730102539062e+02
1.691745605468750000e+02
1.967184448242187500e+02
1.312460174560546875e+02
1.779648132324218750e+02
1.819268646240234375e+02
7.611783504486083984e+00
6.916465282440185547e+00
5.810974121093750000e+00
1.340912151336669922e+01
1.140569877624511719e+01
9.114127159118652344e+00
1.094218921661376953e+01
8.379546165466308594e+00
8.499112129211425781e+00
1.746478759765625000e+03
1.807359863281250000e+03
1.651992553710937500e+03
2.020549316406250000e+03
1.903165161132812500e+03
1.720844604492187500e+03
1.761013305664062500e+03
1.543714233398437500e+03
1.441385498046875000e+03
9.644606709480285645e-02
1.205425933003425598e-01
-2.864281833171844482e-02
-2.464838922023773193e-01
-6.344780325889587402e-02
4.616672545671463013e-02
-1.579825207591056824e-02
-4.762247949838638306e-02
7.694101333618164062e-02
9.736647456884384155e-02
9.371779114007949829e-02
1.294944584369659424e-01
1.177783608436584473e-01
1.059715598821640015e-01
1.459295600652694702e-01
1.207911223173141479e-01
1.363660097122192383e-01
1.654907613992691040e-01
6.501356124877929688e+00
3.435143470764160156e+00
2.951992511749267578e+00
4.671051979064941406e+00
7.207105636596679688e+00
6.607419967651367188e+00
2.004597091674804688e+01
1.587236881256103516e+01
1.397472763061523438e+01
2.098075151443481445e+00
8.093135952949523926e-01
4.502528607845306396e-01
1.503775596618652344e+00
9.222235083580017090e-01
6.834980845451354980e-01
-7.451338320970535278e-02
2.814311265945434570e+00
6.631677746772766113e-01
1.688225219726562500e+03
1.596986816406250000e+03
1.572043823242187500e+03
1.719734008789062500e+03
1.678067382812500000e+03
1.747960815429687500e+03
1.722030761718750000e+03
1.735272460937500000e+03
1.826591674804687500e+03
1.858092546463012695e+00
2.826865196228027344e+00
2.185463190078735352e+00
6.316897869110107422e-01
2.880381822586059570e+00
2.263365983963012695e+00
7.196068286895751953e+00
3.777633666992187500e+00
4.197279930114746094e+00
2.825299024581909180e+00
1.032367587089538574e+00
4.531372070312500000e+00
2.071341037750244141e+00
-1.047852396965026855e+00
2.805428028106689453e+00
1.281865835189819336e+00
1.318907439708709717e-01
4.633786201477050781e+00
6.386628723144531250e+01
5.864795684814453125e+01
6.176063919067382812e+01
7.229404449462890625e+01
6.724618530273437500e+01
6.642448425292968750e+01
6.603795623779296875e+01
7.535481262207031250e+01
5.389108276367187500e+01
6.361304321289062500e+02
6.365525512695312500e+02
6.925697021484375000e+02
6.868464965820312500e+02
6.905675048828125000e+02
7.352224731445312500e+02
6.322773437500000000e+02
6.005307006835937500e+02
6.134572143554687500e+02
1.698934745788574219e+01
3.344893646240234375e+01
2.462270736694335938e+01
2.872287368774414062e+01
3.926324462890625000e+01
3.670989608764648438e+01
2.736847305297851562e+01
3.627313232421875000e+01
4.819923019409179688e+01
1.866633605957031250e+02
1.960891265869140625e+02
1.572438201904296875e+02
2.322559967041015625e+02
2.610008850097656250e+02
1.783710021972656250e+02
2.853192749023437500e+02
2.700014343261718750e+02
1.934895782470703125e+02
8.721516113281250000e+02
9.016174926757812500e+02
8.329161987304687500e+02
9.042447509765625000e+02
9.399761352539062500e+02
8.744839477539062500e+02
9.109276733398437500e+02
9.267179565429687500e+02
8.819662475585937500e+02
2.850807495117187500e+02
2.568448486328125000e+02
2.717368774414062500e+02
2.784877929687500000e+02
2.494203338623046875e+02
2.762725219726562500e+02
2.598912658691406250e+02
2.458998718261718750e+02
2.738004455566406250e+02
1.088629531860351562e+01
1.417094707489013672e+01
1.941339302062988281e+01
7.634493827819824219e+00
1.962337684631347656e+01
2.670500755310058594e+01
-2.404237747192382812e+01
-2.320341491699218750e+01
-4.750168800354003906e+00
-2.042206764221191406e+00
4.697280406951904297e+00
-1.006228566169738770e+00
-2.436718463897705078e+00
3.518282890319824219e+00
-8.008982539176940918e-01
-2.263003587722778320e+00
3.954545974731445312e+00
8.337904810905456543e-01
-8.123632049560546875e+01
2.624343566894531250e+02
3.897193908691406250e+02
2.595432434082031250e+02
6.188731689453125000e+02
6.257239990234375000e+02
2.946731567382812500e+02
5.324317016601562500e+02
4.728803405761718750e+02
2.153506502509117126e-02
1.236574165523052216e-02
-2.297978848218917847e-02
-1.762221902608871460e-01
-6.381618976593017578e-02
-3.871462494134902954e-02
-1.080688908696174622e-01
-4.639808088541030884e-02
-1.778581738471984863e-01
-4.048052057623863220e-02
-3.330544754862785339e-02
-1.637038961052894592e-02
-3.762973845005035400e-02
-2.914815396070480347e-02
-9.894863702356815338e-03
-2.581036649644374847e-02
-2.371348906308412552e-03
2.934250980615615845e-03
3.755798101425170898e+00
4.968295097351074219e+00
2.164109706878662109e+00
2.902758836746215820e+00
1.810113668441772461e+00
-2.100265771150588989e-01
7.408601760864257812e+00
7.341601848602294922e+00
-2.102791786193847656e+00
-2.017124414443969727e+00
1.777261734008789062e+01
2.289754152297973633e+00
-4.836969852447509766e+00
1.951489067077636719e+01
2.282093524932861328e+00
-7.655027866363525391e+00
1.977013587951660156e+01
1.328742742538452148e+00
-8.300939178466796875e+01
-1.040871963500976562e+02
5.023164749145507812e+01
1.462584877014160156e+01
2.128734779357910156e+01
1.752725830078125000e+02
1.052029037475585938e+02
9.358896636962890625e+01
2.284791259765625000e+02
-4.868272304534912109e+00
7.106815814971923828e+00
1.172565102577209473e+00
-2.593528032302856445e+00
9.760573387145996094e+00
9.470297098159790039e-01
-2.853987693786621094e+00
7.723152160644531250e+00
-5.420982837677001953e-01
3.128995746374130249e-02
7.550227046012878418e-01
-2.425833463668823242e+00
-4.055259227752685547e+00
-4.631909847259521484e+00
-8.002120018005371094e+00
-7.064902186393737793e-01
-1.708836197853088379e+00
-2.926291942596435547e+00
-1.678101348876953125e+01
-2.123354148864746094e+01
-3.084302425384521484e+00
-2.614723777770996094e+01
-3.751345443725585938e+01
-2.540898513793945312e+01
-1.097130012512207031e+01
-2.658716392517089844e+01
-4.432952880859375000e+01
3.436388397216796875e+01
5.635908508300781250e+01
1.719229583740234375e+02
3.748490142822265625e+01
5.788579940795898438e+01
1.760225372314453125e+02
2.388718795776367188e+01
2.367623519897460938e+01
1.196851272583007812e+02
-1.681319117546081543e+00
3.141959190368652344e+00
1.065105676651000977e+00
-1.965950202941894531e+01
-1.710594177246093750e+01
-1.320158863067626953e+01
-6.281450271606445312e+00
1.261037886142730713e-01
-2.173073053359985352e+00
-8.609572601318359375e+01
-8.478035736083984375e+01
-1.009332733154296875e+02
-3.873088836669921875e+01
-2.834731674194335938e+01
-4.484959030151367188e+01
-4.351153182983398438e+01
-2.015561103820800781e+01
-5.220148849487304688e+01
-8.475056648254394531e+00
2.580674552917480469e+01
9.255188751220703125e+01
-1.595790672302246094e+01
2.107226562500000000e+01
6.642021942138671875e+01
-2.096675300598144531e+01
4.466926097869873047e+00
3.569840621948242188e+01
2.211348724365234375e+01
1.045208263397216797e+01
2.965918731689453125e+01
-3.420347690582275391e+00
-1.979507827758789062e+01
-3.441000461578369141e+00
-1.631717872619628906e+01
-3.506043624877929688e+01
-1.356442070007324219e+01
3.746487426757812500e+01
4.671715545654296875e+01
6.873902893066406250e+01
5.949519348144531250e+01
7.939962768554687500e+01
1.092296295166015625e+02
6.019562911987304688e+01
8.743136596679687500e+01
1.197400360107421875e+02
-2.367813348770141602e+00
1.113119125366210938e+01
1.372452974319458008e+00
-9.247570037841796875e-01
1.319618415832519531e+01
1.480403900146484375e+00
-1.000676393508911133e+00
1.158163738250732422e+01
4.918342456221580505e-03
1.152260375976562500e+03
1.178150024414062500e+03
1.152928833007812500e+03
1.469405761718750000e+03
1.481200561523437500e+03
1.331976196289062500e+03
1.726728271484375000e+03
1.723445556640625000e+03
1.585807861328125000e+03
5.685422196984291077e-02
8.172576129436492920e-02
-4.238775465637445450e-03
4.646237492561340332e-01
3.333922326564788818e-01
5.464524030685424805e-01
7.590474188327789307e-02
2.045494765043258667e-01
1.806546300649642944e-01
9.493507444858551025e-03
1.757697388529777527e-02
9.526433050632476807e-02
2.486527152359485626e-02
2.520237490534782410e-02
1.199369952082633972e-01
2.902203425765037537e-02
4.726419690996408463e-03
1.229918375611305237e-01
1.423949360847473145e+00
2.034335136413574219e+00
-7.022860050201416016e-01
6.185550689697265625e+00
5.411548137664794922e+00
5.402296781539916992e-02
2.480780124664306641e+00
3.722267627716064453e+00
1.852824807167053223e+00
-1.185205504298210144e-01
2.066122531890869141e+00
-1.670190840959548950e-01
1.563757658004760742e-01
2.444189071655273438e+00
2.204593122005462646e-01
3.626705706119537354e-01
4.320951461791992188e+00
2.032103061676025391e+00
2.442352905273437500e+02
1.974474945068359375e+02
2.796883239746093750e+02
5.694938354492187500e+02
4.992386779785156250e+02
6.283463745117187500e+02
9.651688232421875000e+02
9.150411987304687500e+02
1.043175048828125000e+03
3.681241989135742188e+00
1.517133235931396484e+01
2.799820899963378906e-01
6.961667537689208984e-01
1.533208084106445312e+01
-7.240742444992065430e-01
2.033035516738891602e+00
1.693462562561035156e+01
2.618951350450515747e-02
-2.309373855590820312e+00
-3.150465011596679688e+00
6.071867465972900391e+00
6.027957916259765625e+00
4.283483505249023438e+00
1.295202255249023438e+01
6.511095166206359863e-01
-2.929766416549682617e+00
8.514882087707519531e+00
-1.478363132476806641e+01
-4.407201290130615234e+00
2.100505828857421875e+01
-4.354698944091796875e+01
-1.448737525939941406e+01
4.762340068817138672e+00
-7.107001495361328125e+01
-5.623246002197265625e+01
-2.851066589355468750e+01
6.707234191894531250e+01
7.959101104736328125e+01
9.968360900878906250e+01
2.631664733886718750e+02
2.746892089843750000e+02
2.752662353515625000e+02
3.366907043457031250e+02
3.665558166503906250e+02
3.461607971191406250e+02
9.237838745117187500e+00
1.593181800842285156e+01
6.814618587493896484e+00
4.105315399169921875e+01
3.962555313110351562e+01
2.846835899353027344e+01
5.185959815979003906e+00
1.382629108428955078e+01
9.198897361755371094e+00
-2.741764068603515625e+01
-1.853834533691406250e+01
-8.376941680908203125e+00
-7.190112590789794922e+00
1.426837730407714844e+01
1.638207435607910156e+01
3.745802307128906250e+01
5.412132644653320312e+01
6.075914382934570312e+01
3.104139099121093750e+02
3.326963806152343750e+02
3.268649291992187500e+02
5.715114746093750000e+02
6.164108886718750000e+02
6.143101806640625000e+02
5.480277099609375000e+02
5.766459350585937500e+02
5.703417968750000000e+02
6.142489624023437500e+01
5.443426132202148438e+01
6.809355163574218750e+01
1.550531921386718750e+02
1.367746124267578125e+02
1.570980834960937500e+02
1.054702911376953125e+02
7.406724548339843750e+01
1.039984512329101562e+02
8.410309600830078125e+01
1.642373199462890625e+02
1.562438049316406250e+02
9.159692382812500000e+01
1.845437927246093750e+02
1.663995819091796875e+02
7.866258239746093750e+01
1.423550720214843750e+02
1.222122879028320312e+02
5.787657260894775391e+00
1.553356647491455078e+01
6.887343406677246094e+00
-6.837887763977050781e-01
6.820528984069824219e+00
-8.352124094963073730e-01
-5.436427116394042969e+00
4.898618698120117188e+00
-3.210709571838378906e+00
2.310912109375000000e+03
2.179014648437500000e+03
1.543984497070312500e+03
1.757847045898437500e+03
1.413645507812500000e+03
7.763453979492187500e+02
1.074793334960937500e+03
8.215171508789062500e+02
3.608333435058593750e+02
2.364079356193542480e-01
4.473723843693733215e-02
-8.451235294342041016e-02
4.649920389056205750e-02
-5.944620445370674133e-02
-3.188202083110809326e-01
-1.548617482185363770e-01
-1.824388206005096436e-01
-2.331921160221099854e-01
6.877757608890533447e-02
9.208409488201141357e-02
1.363475769758224487e-01
1.237437799572944641e-01
1.172164678573608398e-01
1.322948038578033447e-01
1.056593507528305054e-01
9.350193291902542114e-02
8.682130277156829834e-02
2.220354080200195312e+00
-1.470287322998046875e+00
-1.120395851135253906e+01
1.115159702301025391e+01
2.698377132415771484e+00
-1.496565699577331543e+00
1.255330753326416016e+01
6.653204917907714844e+00
1.850530028343200684e+00
-5.513761997222900391e+00
-1.020121669769287109e+01
-1.601024627685546875e+00
-4.206465721130371094e+00
-1.078283596038818359e+01
-9.965053796768188477e-01
-7.397610187530517578e+00
-1.046781635284423828e+01
-1.634113639593124390e-01
1.323041259765625000e+03
1.193534057617187500e+03
1.195779785156250000e+03
1.543219360351562500e+03
1.404231445312500000e+03
1.402785522460937500e+03
1.411757080078125000e+03
1.233800659179687500e+03
1.285518066406250000e+03
-9.852437973022460938e+00
8.373551368713378906e+00
2.633040428161621094e+00
-3.493288755416870117e-01
2.109753036499023438e+01
7.310505867004394531e+00
-6.386198997497558594e+00
1.483572006225585938e+01
-7.834222316741943359e-01
1.424716949462890625e+00
8.510997772216796875e+00
1.546412658691406250e+01
-1.355926132202148438e+01
-6.142926692962646484e+00
-2.357291460037231445e+00
-1.681897640228271484e+00
4.426821708679199219e+00
1.302275180816650391e+01
-2.327421379089355469e+01
-2.046254730224609375e+01
-2.928512382507324219e+01
-1.361661529541015625e+01
-7.713702201843261719e+00
-3.368828201293945312e+01
-1.872249221801757812e+01
8.861209869384765625e+00
-7.437338829040527344e-01
5.889252929687500000e+02
5.791231689453125000e+02
5.265213012695312500e+02
5.636725463867187500e+02
5.101513671875000000e+02
4.258905944824218750e+02
3.327754821777343750e+02
2.927297058105468750e+02
2.370038909912109375e+02
2.056882286071777344e+01
2.322858810424804688e+01
1.575906181335449219e+01
-9.739339828491210938e+00
-1.547095108032226562e+01
-3.583123397827148438e+01
2.622200393676757812e+01
2.285719871520996094e+01
1.336334800720214844e+01
1.584463043212890625e+02
1.849274291992187500e+02
1.846129608154296875e+02
1.985103454589843750e+02
2.143948211669921875e+02
1.622804870605468750e+02
2.442837219238281250e+02
2.444215698242187500e+02
2.098221588134765625e+02
8.489161987304687500e+02
8.720864868164062500e+02
8.097891845703125000e+02
8.071901855468750000e+02
8.175241088867187500e+02
7.353153076171875000e+02
6.653272094726562500e+02
6.662636108398437500e+02
5.865128784179687500e+02
2.646870117187500000e+02
1.840118865966796875e+02
1.818456420898437500e+02
2.109180755615234375e+02
1.429115905761718750e+02
1.748499145507812500e+02
1.825527648925781250e+02
1.356471405029296875e+02
1.788360595703125000e+02
2.411840362548828125e+02
2.806598205566406250e+02
2.963844299316406250e+02
2.678921813964843750e+02
2.954094238281250000e+02
3.015733337402343750e+02
2.572031860351562500e+02
2.788413391113281250e+02
2.747373962402343750e+02
4.131898880004882812e+01
4.978089141845703125e+01
4.000811386108398438e+01
4.461769104003906250e+01
5.475396347045898438e+01
4.262739181518554688e+01
4.764819717407226562e+01
5.938917541503906250e+01
4.711534500122070312e+01
3.817298583984375000e+03
3.972015380859375000e+03
3.972934570312500000e+03
3.808660400390625000e+03
4.024213867187500000e+03
4.153804687500000000e+03
3.944312744140625000e+03
4.294453125000000000e+03
4.513399902343750000e+03
2.355543673038482666e-01
2.055396884679794312e-01
1.531243473291397095e-01
3.585164546966552734e-01
3.635244071483612061e-01
6.599950194358825684e-01
6.223815493285655975e-03
4.626587778329849243e-02
-1.670273765921592712e-02
2.459062933921813965e-01
2.206679284572601318e-01
2.553296089172363281e-01
2.711928188800811768e-01
2.230042815208435059e-01
2.638154923915863037e-01
2.678073346614837646e-01
2.202220708131790161e-01
2.481295764446258545e-01
1.486470508575439453e+01
2.073184967041015625e+01
1.494670581817626953e+01
1.478498554229736328e+01
2.367249870300292969e+01
1.956171035766601562e+01
1.379411602020263672e+01
2.252554893493652344e+01
2.093623733520507812e+01
3.138159513473510742e+00
1.922488594055175781e+01
4.466213703155517578e+00
3.103371143341064453e+00
2.099267005920410156e+01
4.202376365661621094e+00
3.540060520172119141e+00
2.347683334350585938e+01
4.267798423767089844e+00
3.245417236328125000e+03
3.305239013671875000e+03
3.553692382812500000e+03
3.337197753906250000e+03
3.390416503906250000e+03
3.676371093750000000e+03
3.423700927734375000e+03
3.444645019531250000e+03
3.752654052734375000e+03
2.712943649291992188e+01
3.996160125732421875e+01
1.881754875183105469e+01
2.877929115295410156e+01
4.349739837646484375e+01
2.152336883544921875e+01
2.752681350708007812e+01
4.286493682861328125e+01
1.840241622924804688e+01
1.144670867919921875e+01
1.445079994201660156e+01
1.788323593139648438e+01
1.620310974121093750e+01
1.773530197143554688e+01
2.457519912719726562e+01
3.591594457626342773e+00
4.971966743469238281e+00
9.688811302185058594e+00
9.818300628662109375e+01
1.099646148681640625e+02
1.238080520629882812e+02
1.228434600830078125e+02
1.404590148925781250e+02
1.605340270996093750e+02
1.488498687744140625e+02
1.734009094238281250e+02
1.954263305664062500e+02
1.034712646484375000e+03
1.019433288574218750e+03
1.047555175781250000e+03
1.022502563476562500e+03
1.012256408691406250e+03
1.053021484375000000e+03
9.523158569335937500e+02
1.000225585937500000e+03
1.056040039062500000e+03
1.044975585937500000e+02
1.144918899536132812e+02
8.858557891845703125e+01
1.142166366577148438e+02
1.284166412353515625e+02
1.044207534790039062e+02
7.818669891357421875e+01
8.488221740722656250e+01
6.604665374755859375e+01
5.243259277343750000e+02
5.398502807617187500e+02
5.464171142578125000e+02
5.202559814453125000e+02
5.306898803710937500e+02
5.497053222656250000e+02
5.258884277343750000e+02
5.423799438476562500e+02
5.712584228515625000e+02
1.846637207031250000e+03
1.913619628906250000e+03
1.951430664062500000e+03
1.906629760742187500e+03
1.980313842773437500e+03
2.042721435546875000e+03
1.785145996093750000e+03
1.853894042968750000e+03
1.949721191406250000e+03
8.136570434570312500e+02
8.139725341796875000e+02
8.831819458007812500e+02
8.639329223632812500e+02
8.619633178710937500e+02
9.251790161132812500e+02
8.342712402343750000e+02
8.272786865234375000e+02
8.679926757812500000e+02
3.113322753906250000e+02
2.997694702148437500e+02
3.194642639160156250e+02
2.743052978515625000e+02
2.591989135742187500e+02
2.647258911132812500e+02
2.698070068359375000e+02
2.420360870361328125e+02
2.592070007324218750e+02
3.730799865722656250e+01
1.743983459472656250e+01
1.888910484313964844e+01
3.705479049682617188e+01
1.489466285705566406e+01
1.858736610412597656e+01
3.671496582031250000e+01
1.421631431579589844e+01
2.007295989990234375e+01
3.677174072265625000e+03
3.489217041015625000e+03
3.486716552734375000e+03
3.086236572265625000e+03
2.971427246093750000e+03
3.096182861328125000e+03
2.635338378906250000e+03
2.625645751953125000e+03
2.830177246093750000e+03
1.411999017000198364e-01
2.220155298709869385e-02
-3.683196753263473511e-02
2.379838675260543823e-01
3.436969220638275146e-01
1.673106104135513306e-02
-2.993114851415157318e-02
6.395003199577331543e-02
4.563298076391220093e-02
2.397912591695785522e-01
2.519515454769134521e-01
1.511137038469314575e-01
2.886588871479034424e-01
2.799942493438720703e-01
1.743744462728500366e-01
2.334141284227371216e-01
2.451632320880889893e-01
1.377272009849548340e-01
2.786873245239257812e+01
1.942086029052734375e+01
1.698058891296386719e+01
3.685055923461914062e+01
2.898253631591796875e+01
2.296326828002929688e+01
3.299688339233398438e+01
2.954530715942382812e+01
2.251170921325683594e+01
8.510596275329589844e+00
4.120212554931640625e+00
-1.134231448173522949e+00
7.111367225646972656e+00
2.374502718448638916e-01
-5.401369333267211914e-01
7.175718307495117188e+00
-1.222574114799499512e+00
1.467666327953338623e-01
3.526029785156250000e+03
3.743954833984375000e+03
3.569813964843750000e+03
3.454107910156250000e+03
3.674687744140625000e+03
3.516734375000000000e+03
3.035093750000000000e+03
3.245434082031250000e+03
3.094593750000000000e+03
2.668582344055175781e+01
5.329621434211730957e-01
6.312630176544189453e+00
2.647347259521484375e+01
3.613536119461059570e+00
8.539789199829101562e+00
2.972129249572753906e+01
4.818222045898437500e+00
1.016225624084472656e+01
2.893320560455322266e+00
3.591435432434082031e+00
3.514698982238769531e+00
1.908676505088806152e+00
2.810520648956298828e+00
3.982350349426269531e+00
1.967616677284240723e+00
3.181914329528808594e+00
3.539885997772216797e+00
1.686649627685546875e+02
2.008025817871093750e+02
1.798724365234375000e+02
2.370010375976562500e+02
2.771340026855468750e+02
2.519072265625000000e+02
2.145187835693359375e+02
2.527471313476562500e+02
2.518277740478515625e+02
1.351951782226562500e+03
1.314351440429687500e+03
1.344693237304687500e+03
1.303368774414062500e+03
1.296492309570312500e+03
1.302461914062500000e+03
1.146430175781250000e+03
1.145764770507812500e+03
1.204314086914062500e+03
5.469388580322265625e+01
4.783002853393554688e+01
2.677061462402343750e+01
4.775769424438476562e+01
2.574798965454101562e+01
2.787092018127441406e+01
5.595038604736328125e+01
4.776943969726562500e+01
2.745538902282714844e+01
4.289380798339843750e+02
4.522167968750000000e+02
4.309301757812500000e+02
4.505492858886718750e+02
4.372341613769531250e+02
4.326332702636718750e+02
3.966250000000000000e+02
3.897229003906250000e+02
4.268822937011718750e+02
1.778641113281250000e+03
1.765780151367187500e+03
1.724020507812500000e+03
1.624929687500000000e+03
1.565496948242187500e+03
1.546441284179687500e+03
1.525779174804687500e+03
1.523380004882812500e+03
1.491467529296875000e+03
5.703206176757812500e+02
5.999194946289062500e+02
5.465383911132812500e+02
5.530924072265625000e+02
5.885787353515625000e+02
5.468548583984375000e+02
5.611167602539062500e+02
6.162852783203125000e+02
5.720066528320312500e+02
-3.097814750671386719e+01
-3.187458229064941406e+01
-6.402423095703125000e+01
-6.685177803039550781e+00
-1.171204757690429688e+01
-4.412296295166015625e+01
-1.269420814514160156e+01
-2.290346717834472656e+01
-6.972370147705078125e+01
-4.398649215698242188e+00
-4.164768218994140625e+00
-2.950418472290039062e+00
-9.273546218872070312e+00
-1.071540260314941406e+01
-7.463754653930664062e+00
-7.152526378631591797e+00
-8.830144882202148438e+00
-5.365688800811767578e+00
-1.210830200195312500e+03
-1.686128417968750000e+03
-2.142640869140625000e+03
-1.579264526367187500e+03
-2.066686523437500000e+03
-2.432399658203125000e+03
-1.859544555664062500e+03
-2.265398193359375000e+03
-2.597697753906250000e+03
-1.167735084891319275e-01
1.486242935061454773e-02
-2.961700409650802612e-02
-1.317435353994369507e-01
-6.018894165754318237e-02
-8.493079245090484619e-02
-2.249360531568527222e-01
-2.301817089319229126e-01
-2.403387576341629028e-01
-8.443322032690048218e-03
2.343473210930824280e-02
-1.000241935253143311e-02
-3.287009149789810181e-02
2.878255583345890045e-02
-2.548223547637462616e-02
-4.336544126272201538e-02
-3.269811393693089485e-03
-4.604988917708396912e-02
-1.126759529113769531e+01
-1.161295223236083984e+01
-1.376353263854980469e+01
-1.199322891235351562e+01
-1.682105064392089844e+01
-1.688203620910644531e+01
-9.584689140319824219e+00
-1.275765895843505859e+01
-1.528258132934570312e+01
-7.038407325744628906e+00
-2.019951438903808594e+01
-2.198769330978393555e+00
-5.270460128784179688e+00
-2.109971809387207031e+01
-1.019798636436462402e+00
-7.520200252532958984e+00
-2.314385986328125000e+01
-9.015091061592102051e-01
-7.290223388671875000e+02
-8.702434692382812500e+02
-1.069196533203125000e+03
-7.573083496093750000e+02
-9.247519531250000000e+02
-1.137402099609375000e+03
-8.674007568359375000e+02
-1.005373840332031250e+03
-1.192864990234375000e+03
-1.278905773162841797e+01
-1.024397659301757812e+01
-1.190248847007751465e+00
-1.232471084594726562e+01
-1.157216072082519531e+01
-2.929200649261474609e+00
-6.467280387878417969e+00
-5.780545711517333984e+00
1.992247104644775391e+00
-8.555516600608825684e-02
7.077801227569580078e+00
-6.549151539802551270e-01
-5.221582889556884766e+00
1.784035444259643555e+00
-8.465997695922851562e+00
2.562870383262634277e-01
8.327553749084472656e+00
-3.935852348804473877e-01
-4.872868728637695312e+01
-6.580167388916015625e+01
-4.897861862182617188e+01
-6.278868484497070312e+01
-7.109702301025390625e+01
-6.474853515625000000e+01
-5.715955352783203125e+01
-6.057814407348632812e+01
-5.534641647338867188e+01
-2.293806304931640625e+02
-2.255459747314453125e+02
-3.191854248046875000e+02
-2.927063598632812500e+02
-3.476561584472656250e+02
-4.005557556152343750e+02
-4.061832580566406250e+02
-4.844026489257812500e+02
-5.343698120117187500e+02
4.082324028015136719e+00
-6.296108245849609375e+00
4.909071922302246094e+00
-1.518412399291992188e+01
-2.021958541870117188e+01
-2.903460884094238281e+01
6.381687164306640625e+00
-1.200166493654251099e-01
-7.099594593048095703e+00
1.428611183166503906e+01
3.128506660461425781e+01
-2.097880172729492188e+01
3.000058364868164062e+01
3.319469451904296875e+01
-5.322442626953125000e+01
5.297188949584960938e+01
2.772976303100585938e+01
-2.624769973754882812e+01
-3.115101928710937500e+02
-3.958815307617187500e+02
-5.105730285644531250e+02
-3.175890197753906250e+02
-4.213605041503906250e+02
-5.508110351562500000e+02
-2.986243286132812500e+02
-3.947127990722656250e+02
-5.315415039062500000e+02
-1.238506469726562500e+02
-1.355218353271484375e+02
-1.410845184326171875e+02
-1.332917022705078125e+02
-1.351829528808593750e+02
-1.450507507324218750e+02
-1.052148895263671875e+02
-1.000236892700195312e+02
-1.067557525634765625e+02
-1.170307159423828125e+01
-3.681278944015502930e+00
-8.488968849182128906e+00
-5.746721267700195312e+00
6.500423431396484375e+00
2.789933443069458008e+00
1.438486957550048828e+01
2.473795509338378906e+01
2.253182029724121094e+01
-2.112353593111038208e-01
5.572487711906433105e-01
1.404188632965087891e+00
1.152678847312927246e+00
3.906620442867279053e-01
1.210905671119689941e+00
1.048768520355224609e+00
1.004091739654541016e+00
6.397931277751922607e-02
3.265888977050781250e+02
3.313999938964843750e+02
3.188364868164062500e+02
3.703992919921875000e+02
3.854418029785156250e+02
3.582601928710937500e+02
3.942166748046875000e+02
4.291752929687500000e+02
4.217134094238281250e+02
4.377185367047786713e-03
-7.984467595815658569e-02
-1.358223147690296173e-02
2.482115849852561951e-02
3.286360949277877808e-02
1.198418624699115753e-02
1.005103588104248047e-01
7.940641045570373535e-02
4.176057409495115280e-03
1.087940670549869537e-02
-1.582453958690166473e-03
-8.326884126290678978e-04
6.673420313745737076e-03
-1.230360241606831551e-03
3.083668183535337448e-03
2.471059933304786682e-02
6.197622511535882950e-03
1.056393049657344818e-02
-1.845234870910644531e+00
-1.928553104400634766e+00
-1.457553863525390625e+00
2.286843061447143555e-01
-2.294853687286376953e+00
-3.534187376499176025e-01
2.431540012359619141e+00
-1.120906248688697815e-01
4.953504204750061035e-01
1.038709878921508789e+00
5.525010228157043457e-01
-2.562516331672668457e-01
5.357018113136291504e-02
1.449007630348205566e+00
4.694467186927795410e-01
4.494764804840087891e-01
1.272313356399536133e+00
3.118304610252380371e-01
6.575536346435546875e+01
7.012602233886718750e+01
7.382704925537109375e+01
8.064822387695312500e+01
8.280546569824218750e+01
1.077696380615234375e+02
1.406003570556640625e+02
1.427326812744140625e+02
1.719520111083984375e+02
-3.790154457092285156e-01
1.275547504425048828e+00
4.140629172325134277e-01
-3.402763605117797852e-01
9.606111049652099609e-01
1.002865061163902283e-01
7.878756523132324219e-02
2.305324792861938477e+00
1.021370410919189453e+00
-1.531510114669799805e+00
-2.765353918075561523e+00
-4.437526226043701172e+00
6.642397880554199219e+00
8.298233032226562500e+00
7.431854248046875000e+00
1.033243179321289062e+00
4.773805141448974609e-01
7.826260924339294434e-01
2.124228954315185547e+00
-1.937030076980590820e+00
-5.370442390441894531e+00
-3.466310024261474609e+00
-2.605477333068847656e+00
-7.396184921264648438e+00
-3.421284198760986328e+00
2.215888023376464844e+00
-1.191630005836486816e+00
3.799596786499023438e+01
3.700380706787109375e+01
1.027044868469238281e+01
4.817380523681640625e+01
3.674694442749023438e+01
3.063042449951171875e+01
4.849766159057617188e+01
5.677473068237304688e+01
5.248476409912109375e+01
-6.476435184478759766e+00
-6.174675941467285156e+00
-8.445300102233886719e+00
2.055184555053710938e+01
2.132398033142089844e+01
1.796833992004394531e+01
9.803164601325988770e-01
2.900449991226196289e+00
4.481241405010223389e-01
3.889204263687133789e+00
6.260713338851928711e-01
1.300161242485046387e+00
-2.025415658950805664e+00
-5.373384475708007812e+00
-4.890918254852294922e+00
2.956550836563110352e+00
-6.318912982940673828e+00
-1.804656147956848145e+00
4.969410705566406250e+01
5.575615692138671875e+01
5.913345336914062500e+01
9.659486389160156250e+01
1.055551223754882812e+02
1.118445434570312500e+02
9.757253265380859375e+01
1.063595962524414062e+02
1.175121459960937500e+02
8.542265892028808594e+00
4.468812465667724609e+00
7.024584770202636719e+00
2.506210517883300781e+01
2.370296096801757812e+01
2.694902420043945312e+01
2.231125831604003906e+01
1.864678192138671875e+01
2.104285430908203125e+01
1.710833862304687500e+03
2.317104736328125000e+03
2.168730957031250000e+03
1.488007080078125000e+03
2.218216308593750000e+03
2.206994384765625000e+03
1.554118652343750000e+03
2.159244140625000000e+03
2.110988037109375000e+03
2.500911560058593750e+02
3.164191284179687500e+02
2.484615325927734375e+02
3.207673950195312500e+02
3.787210083007812500e+02
3.261999816894531250e+02
3.417549133300781250e+02
4.154466552734375000e+02
3.497773437500000000e+02
3.617754296875000000e+04
3.774478515625000000e+04
3.717699218750000000e+04
3.937625000000000000e+04
4.047362890625000000e+04
4.061179687500000000e+04
4.009951562500000000e+04
4.194464843750000000e+04
4.296709375000000000e+04
1.189855217933654785e+00
7.438849657773971558e-02
-9.314919263124465942e-02
1.735479593276977539e+00
-1.286998391151428223e+00
6.790516376495361328e-01
1.703383088111877441e+00
2.441505670547485352e+00
2.377285957336425781e+00
1.560679197311401367e+00
1.492745399475097656e+00
1.642942667007446289e+00
1.638632655143737793e+00
1.429423570632934570e+00
1.533415317535400391e+00
2.168477773666381836e+00
1.927346467971801758e+00
2.136914014816284180e+00
7.844873809814453125e+01
7.633908081054687500e+01
1.099963226318359375e+02
7.851158905029296875e+01
1.007507247924804688e+02
6.630798339843750000e+01
1.335245361328125000e+02
1.758914489746093750e+02
1.917105865478515625e+02
7.632009887695312500e+01
1.197352676391601562e+02
2.303508949279785156e+01
8.521820068359375000e+01
1.433706665039062500e+02
2.824880599975585938e+01
9.788735961914062500e+01
1.611695404052734375e+02
3.137790489196777344e+01
2.159766796875000000e+04
2.207612695312500000e+04
2.345221484375000000e+04
2.398907226562500000e+04
2.474200195312500000e+04
2.622550000000000000e+04
2.658176757812500000e+04
2.748775585937500000e+04
2.921292187500000000e+04
2.075691680908203125e+02
4.068228149414062500e+02
1.406009368896484375e+02
1.684593505859375000e+02
3.659107666015625000e+02
1.247964477539062500e+02
1.787464141845703125e+02
3.878098144531250000e+02
1.083669128417968750e+02
5.918606185913085938e+01
7.864212036132812500e+01
1.056164398193359375e+02
1.540237274169921875e+02
1.977667999267578125e+02
2.206754302978515625e+02
1.843859100341796875e+01
4.315679168701171875e+01
6.159362411499023438e+01
2.697489624023437500e+02
3.452389831542968750e+02
4.174743347167968750e+02
2.444704895019531250e+02
3.747315063476562500e+02
3.480712280273437500e+02
7.032536010742187500e+02
8.398176879882812500e+02
7.096093139648437500e+02
6.786624511718750000e+03
7.101819335937500000e+03
7.573894531250000000e+03
7.497046386718750000e+03
7.665922851562500000e+03
8.072502929687500000e+03
7.483143554687500000e+03
7.589146972656250000e+03
7.793586914062500000e+03
3.649963989257812500e+02
4.945049133300781250e+02
4.510232238769531250e+02
7.825115966796875000e+02
8.601876220703125000e+02
8.466966552734375000e+02
4.714425659179687500e+02
4.180881347656250000e+02
4.978314208984375000e+02
3.011423339843750000e+03
2.644161621093750000e+03
2.819638916015625000e+03
3.204644042968750000e+03
2.750691650390625000e+03
3.019103759765625000e+03
3.564101806640625000e+03
3.529085937500000000e+03
3.915453369140625000e+03
1.327663183593750000e+04
1.395077929687500000e+04
1.415224218750000000e+04
1.507921289062500000e+04
1.565767382812500000e+04
1.592309082031250000e+04
1.417576171875000000e+04
1.457389843750000000e+04
1.511495507812500000e+04
5.426771972656250000e+03
5.530892578125000000e+03
5.856493652343750000e+03
5.875482421875000000e+03
6.077746093750000000e+03
6.494276855468750000e+03
5.321937011718750000e+03
5.518604980468750000e+03
5.885940429687500000e+03
-4.093959350585937500e+02
-4.360696411132812500e+02
-4.459830322265625000e+02
-4.098403625488281250e+02
-4.146598815917968750e+02
-4.137048339843750000e+02
-3.888960571289062500e+02
-4.111983337402343750e+02
-3.902281799316406250e+02
-2.676181411743164062e+01
-2.546990966796875000e+01
-1.583744525909423828e+01
-2.138489723205566406e+01
-3.113637924194335938e+01
-2.015129852294921875e+01
-3.175449180603027344e+01
-4.222782135009765625e+01
-2.928273010253906250e+01
-7.208295898437500000e+03
-6.980804199218750000e+03
-6.876816406250000000e+03
-7.023912597656250000e+03
-6.792717285156250000e+03
-6.813662597656250000e+03
-7.014814453125000000e+03
-6.989824218750000000e+03
-7.070322753906250000e+03
-3.909855708479881287e-02
-5.856884643435478210e-03
2.618618309497833252e-02
-3.138704895973205566e-01
-2.141054421663284302e-01
-5.585898160934448242e-01
-4.242700040340423584e-01
-3.173120617866516113e-01
-1.881509870290756226e-01
-2.825305163860321045e-01
-3.804882168769836426e-01
-4.325433969497680664e-01
-3.199770748615264893e-01
-3.959262371063232422e-01
-4.362412691116333008e-01
-3.671073615550994873e-01
-4.069237411022186279e-01
-4.913455247879028320e-01
-2.703561782836914062e+01
-2.178487777709960938e+01
-2.319021415710449219e+01
-1.935386848449707031e+01
-2.622631454467773438e+01
-1.686524200439453125e+01
-1.845458793640136719e+01
-2.851159095764160156e+01
-2.132151985168457031e+01
-2.998927497863769531e+01
-3.534602355957031250e+01
-5.907758235931396484e+00
-3.556408691406250000e+01
-3.866040802001953125e+01
-5.871252536773681641e+00
-3.449633789062500000e+01
-4.019709396362304688e+01
-7.123854637145996094e+00
-5.111828613281250000e+03
-5.256104492187500000e+03
-5.401740722656250000e+03
-5.099005371093750000e+03
-5.222566894531250000e+03
-5.403699707031250000e+03
-5.094399902343750000e+03
-5.184588867187500000e+03
-5.401828613281250000e+03
-3.065894317626953125e+01
-3.911062622070312500e+01
-2.771688461303710938e+01
-2.920490264892578125e+01
-3.906484603881835938e+01
-2.578081321716308594e+01
-2.283930206298828125e+01
-3.799850082397460938e+01
-1.070310783386230469e+01
-3.928064346313476562e+00
-4.665758132934570312e+00
-1.482210445404052734e+01
-2.203666877746582031e+01
-1.992475891113281250e+01
-3.714924621582031250e+01
-7.686663627624511719e+00
-7.802947044372558594e+00
-1.807843017578125000e+01
-1.319708862304687500e+02
-1.527211456298828125e+02
-1.855710296630859375e+02
-1.767832794189453125e+02
-2.071229248046875000e+02
-2.400396118164062500e+02
-2.415493621826171875e+02
-2.811078796386718750e+02
-2.894122619628906250e+02
-1.798244995117187500e+03
-1.877721679687500000e+03
-1.736588378906250000e+03
-1.763577758789062500e+03
-1.839322265625000000e+03
-1.722668823242187500e+03
-1.662181396484375000e+03
-1.782338500976562500e+03
-1.689920043945312500e+03
-8.075643157958984375e+01
-8.163713836669921875e+01
-8.105921173095703125e+01
-1.161440124511718750e+02
-1.426529388427734375e+02
-1.514624328613281250e+02
-8.763097381591796875e+01
-1.007487030029296875e+02
-1.003385162353515625e+02
-6.663687133789062500e+02
-6.546598510742187500e+02
-6.054520263671875000e+02
-5.616220703125000000e+02
-5.945172119140625000e+02
-5.716080322265625000e+02
-6.095007934570312500e+02
-6.256283569335937500e+02
-6.793624877929687500e+02
-2.905707763671875000e+03
-2.930492919921875000e+03
-2.919648193359375000e+03
-2.855895751953125000e+03
-2.857455566406250000e+03
-2.893291748046875000e+03
-2.612569580078125000e+03
-2.631054443359375000e+03
-2.680678222656250000e+03
-7.928525390625000000e+02
-8.464343261718750000e+02
-9.340100097656250000e+02
-7.962316284179687500e+02
-8.915607299804687500e+02
-9.865288696289062500e+02
-7.154230957031250000e+02
-8.159111938476562500e+02
-9.108693237304687500e+02
3.685308837890625000e+02
3.268034057617187500e+02
4.594257507324218750e+02
2.244736480712890625e+02
2.509608764648437500e+02
3.691430664062500000e+02
1.708381805419921875e+02
2.649434814453125000e+02
3.850639953613281250e+02
3.393528747558593750e+01
3.226622009277343750e+01
2.996865081787109375e+01
3.773573684692382812e+01
4.155700683593750000e+01
3.226017379760742188e+01
4.006398773193359375e+01
3.395748138427734375e+01
3.368341827392578125e+01
7.209291503906250000e+03
8.865735351562500000e+03
9.880309570312500000e+03
7.384333007812500000e+03
9.120640625000000000e+03
9.554993164062500000e+03
7.947914062500000000e+03
9.154131835937500000e+03
8.988533203125000000e+03
-1.093562170863151550e-01
-8.475777506828308105e-01
-2.764173150062561035e-01
3.100459277629852295e-01
3.723107874393463135e-01
3.916127681732177734e-01
-5.321728065609931946e-02
4.480667114257812500e-01
8.000578284263610840e-01
1.354496628046035767e-01
1.470321565866470337e-01
1.654759794473648071e-01
1.943871527910232544e-01
1.904591023921966553e-01
2.498128116130828857e-01
9.534514695405960083e-02
1.902906298637390137e-01
2.815423905849456787e-01
4.131776428222656250e+01
3.363867568969726562e+01
9.962444305419921875e+00
6.534721374511718750e+01
6.188793945312500000e+01
2.329492187500000000e+01
5.048186492919921875e+01
4.431918716430664062e+01
2.124447250366210938e+01
6.097078704833984375e+01
3.652106094360351562e+01
5.624794006347656250e+00
5.880037307739257812e+01
3.217689895629882812e+01
3.356467008590698242e+00
5.747640609741210938e+01
3.065608406066894531e+01
2.641376018524169922e+00
4.336190917968750000e+03
4.565434570312500000e+03
4.832454101562500000e+03
4.072961669921875000e+03
4.362054199218750000e+03
4.532233398437500000e+03
3.835896484375000000e+03
4.195707519531250000e+03
4.321304687500000000e+03
1.271153640747070312e+01
3.027884292602539062e+01
1.728262138366699219e+01
1.562684249877929688e+01
4.230070114135742188e+01
1.541813755035400391e+01
8.825329780578613281e+00
3.787996673583984375e+01
5.212248325347900391e+00
-1.515198421478271484e+01
-1.696917724609375000e+01
-9.621494293212890625e+00
-8.840412139892578125e+00
-6.841810703277587891e+00
-3.387892246246337891e+00
-6.823485493659973145e-01
-2.417442202568054199e-01
1.075406455993652344e+01
1.754884185791015625e+02
1.204298858642578125e+02
1.441555480957031250e+02
2.434666137695312500e+02
2.330412902832031250e+02
2.822146911621093750e+02
7.918566894531250000e+01
9.683986663818359375e+01
1.517814331054687500e+02
1.320582275390625000e+03
1.394220458984375000e+03
1.721421020507812500e+03
1.371097167968750000e+03
1.496917602539062500e+03
1.674850708007812500e+03
1.481923828125000000e+03
1.611149780273437500e+03
1.752982299804687500e+03
-1.272314834594726562e+01
-3.363844156265258789e+00
-6.026593208312988281e+00
-3.470057487487792969e+00
1.712093353271484375e+01
2.809054756164550781e+01
1.814902114868164062e+01
3.767378616333007812e+01
6.721128082275390625e+01
8.702468872070312500e+01
1.389851684570312500e+02
2.344870452880859375e+02
1.163232650756835938e+02
2.400144348144531250e+02
3.821807861328125000e+02
1.103513488769531250e+02
2.751354064941406250e+02
3.676071472167968750e+02
1.698637084960937500e+03
1.865215209960937500e+03
2.257930419921875000e+03
1.525316406250000000e+03
1.747284301757812500e+03
2.080017578125000000e+03
1.560542602539062500e+03
1.804520385742187500e+03
2.014822753906250000e+03
6.488846435546875000e+02
6.903854980468750000e+02
5.572453613281250000e+02
6.658279418945312500e+02
6.636146850585937500e+02
5.250003662109375000e+02
6.391745605468750000e+02
6.224888916015625000e+02
5.176983032226562500e+02
5.471533203125000000e+01
1.031150970458984375e+02
8.692700958251953125e+01
9.702645111083984375e+01
1.525293426513671875e+02
1.224623336791992188e+02
1.083857040405273438e+02
1.350702972412109375e+02
1.070472640991210938e+02
4.009581089019775391e+00
1.826203727722167969e+01
5.105999946594238281e+00
3.277570724487304688e+00
1.502788448333740234e+01
2.828579425811767578e+00
9.546737670898437500e-01
1.477255821228027344e+01
3.863441705703735352e+00
1.738783325195312500e+03
1.670121337890625000e+03
1.412507568359375000e+03
1.628454467773437500e+03
1.515629394531250000e+03
1.314152343750000000e+03
1.567796020507812500e+03
1.572428344726562500e+03
1.489600463867187500e+03
-1.915511488914489746e-02
1.271152794361114502e-01
1.585779488086700439e-01
3.052985072135925293e-01
1.028316169977188110e-01
1.050006374716758728e-01
1.474418640136718750e-01
2.031447291374206543e-01
7.521094754338264465e-03
1.018404588103294373e-01
1.007548570632934570e-01
1.486061960458755493e-01
1.139172092080116272e-01
1.022937595844268799e-01
1.654370576143264771e-01
1.180278211832046509e-01
1.008254736661911011e-01
1.560770869255065918e-01
2.249015092849731445e+00
3.632962703704833984e+00
1.707416892051696777e+00
1.475531339645385742e+00
3.440683364868164062e+00
6.992895007133483887e-01
-3.423935174942016602e-01
2.435860633850097656e+00
4.826297760009765625e+00
-1.195224857330322266e+01
9.862621307373046875e+00
1.244783043861389160e+00
-1.289114856719970703e+01
1.097036266326904297e+01
4.084469974040985107e-01
-1.211044979095458984e+01
1.372429466247558594e+01
2.062672615051269531e+00
1.047732177734375000e+03
9.430386352539062500e+02
1.144734252929687500e+03
1.193307739257812500e+03
1.071025634765625000e+03
1.302629272460937500e+03
1.355701660156250000e+03
1.230969726562500000e+03
1.448097290039062500e+03
-1.256500124931335449e+00
2.289327621459960938e+01
2.589372992515563965e-01
-8.454801887273788452e-02
2.390961265563964844e+01
2.161263704299926758e+00
2.236343622207641602e+00
2.249624824523925781e+01
3.862453699111938477e-01
1.015280723571777344e+01
1.045806217193603516e+01
1.279440307617187500e+01
8.072413444519042969e+00
1.204638576507568359e+01
1.611402893066406250e+01
1.493398904800415039e+00
2.535223484039306641e+00
4.664422512054443359e+00
1.249701023101806641e+01
2.381486654281616211e+00
1.486665725708007812e+01
2.122746944427490234e+00
3.297138214111328125e+00
1.173186397552490234e+01
1.053984355926513672e+01
1.886337852478027344e+01
2.562219810485839844e+01
4.003775329589843750e+02
3.821863403320312500e+02
3.782932128906250000e+02
4.595400695800781250e+02
4.234316406250000000e+02
4.301891174316406250e+02
4.449080200195312500e+02
4.029432373046875000e+02
3.923516235351562500e+02
3.680318832397460938e+01
5.951408004760742188e+01
5.796058654785156250e+01
4.903733825683593750e+01
6.647786712646484375e+01
6.634484100341796875e+01
2.430369186401367188e+01
3.000096702575683594e+01
2.544962882995605469e+01
1.194141464233398438e+02
1.287271118164062500e+02
1.363906860351562500e+02
1.364798736572265625e+02
1.255675811767578125e+02
1.310696258544921875e+02
1.644519958496093750e+02
1.445795288085937500e+02
1.642938537597656250e+02
6.703176879882812500e+02
6.946660156250000000e+02
6.706586303710937500e+02
8.252681884765625000e+02
8.375380249023437500e+02
8.234428710937500000e+02
7.637928466796875000e+02
7.529725341796875000e+02
7.647364501953125000e+02
1.894813690185546875e+02
1.564583435058593750e+02
2.229681091308593750e+02
2.305249786376953125e+02
2.080872344970703125e+02
2.736705322265625000e+02
2.012622070312500000e+02
1.830764617919921875e+02
2.488999176025390625e+02
2.754352416992187500e+02
2.903931274414062500e+02
3.172954711914062500e+02
1.341927185058593750e+02
1.507194824218750000e+02
1.719819793701171875e+02
1.644552917480468750e+02
1.852150573730468750e+02
2.194688720703125000e+02
-1.413270115852355957e+00
8.328362464904785156e+00
-6.923031330108642578e+00
-2.453299331665039062e+01
-4.287463665008544922e+00
-1.465507984161376953e+01
-1.449010276794433594e+01
-9.993667006492614746e-01
-7.825741291046142578e+00
3.278507080078125000e+03
3.643524902343750000e+03
4.169415039062500000e+03
2.839433593750000000e+03
3.646629638671875000e+03
3.882644775390625000e+03
3.054787841796875000e+03
3.934843994140625000e+03
3.989763427734375000e+03
1.392064839601516724e-01
9.649623930454254150e-02
-5.198026895523071289e-01
2.556685805320739746e-01
1.863014698028564453e-01
2.901045680046081543e-01
-1.613406985998153687e-01
1.560411155223846436e-01
3.813076019287109375e-01
2.289483398199081421e-01
1.106913983821868896e-01
1.432551294565200806e-01
1.825516521930694580e-01
4.099630936980247498e-02
7.968284189701080322e-02
2.653059065341949463e-01
1.486425846815109253e-01
5.164032801985740662e-02
2.879407691955566406e+01
5.235050201416015625e+01
3.604250717163085938e+01
7.733960151672363281e+00
3.261309432983398438e+01
2.382310104370117188e+01
1.474523544311523438e-01
3.630469512939453125e+01
3.690869903564453125e+01
-4.661872386932373047e+00
9.390260696411132812e+00
2.917034387588500977e+00
-1.489501118659973145e+00
8.473780632019042969e+00
1.356073021888732910e+00
2.488683938980102539e+00
5.477204799652099609e+00
3.378948211669921875e+00
2.819853515625000000e+03
2.755863281250000000e+03
2.835274169921875000e+03
2.739272460937500000e+03
2.652099609375000000e+03
2.755356445312500000e+03
2.568735595703125000e+03
2.399317382812500000e+03
2.659588623046875000e+03
-3.824512100219726562e+01
-5.245749473571777344e+00
-1.479809761047363281e+01
-3.382186126708984375e+01
-8.969099521636962891e-01
-1.402804756164550781e+01
-1.754390716552734375e+01
1.608902549743652344e+01
-6.281741261482238770e-01
-5.555871009826660156e+00
-2.837807178497314453e+00
-3.364773035049438477e+00
8.349715232849121094e+00
7.669375419616699219e+00
-2.562196969985961914e+00
2.280761241912841797e+00
-2.779509544372558594e+00
-2.930116653442382812e+00
1.176418075561523438e+02
6.091897964477539062e+01
4.091094589233398438e+01
1.433733215332031250e+02
6.857085418701171875e+01
7.771434020996093750e+01
1.510839538574218750e+02
3.792894744873046875e+01
9.775756072998046875e+01
1.186214111328125000e+03
1.052862548828125000e+03
1.008544677734375000e+03
1.212577026367187500e+03
1.002167541503906250e+03
9.994417114257812500e+02
1.179756469726562500e+03
9.640540161132812500e+02
1.102963867187500000e+03
6.575438022613525391e+00
-4.349337005615234375e+01
-3.281817245483398438e+01
9.663702011108398438e+00
1.241533660888671875e+01
2.236783409118652344e+01
-4.785662460327148438e+01
-4.305534362792968750e+00
-3.020626258850097656e+01
1.727251129150390625e+02
1.877153930664062500e+02
1.785925750732421875e+02
9.211808013916015625e+01
1.534990844726562500e+02
2.550508575439453125e+02
5.321818923950195312e+01
1.567098083496093750e+02
2.762405700683593750e+02
1.409288574218750000e+03
1.361731079101562500e+03
1.349687744140625000e+03
1.229680053710937500e+03
1.246831420898437500e+03
1.256086914062500000e+03
1.107599121093750000e+03
1.194541259765625000e+03
1.267615844726562500e+03
2.758511962890625000e+02
2.104203948974609375e+02
2.191668090820312500e+02
3.683552246093750000e+02
2.775968627929687500e+02
2.710419616699218750e+02
4.182243652343750000e+02
2.966907653808593750e+02
2.790711669921875000e+02
3.990016555786132812e+01
1.028748245239257812e+02
1.336982269287109375e+02
3.021017456054687500e+01
1.040748977661132812e+02
1.388368530273437500e+02
5.515460586547851562e+01
1.098092727661132812e+02
1.420415496826171875e+02
1.800797432661056519e-01
5.896949768066406250e+00
-2.532276868820190430e+00
2.888223171234130859e+00
5.759646415710449219e+00
3.311896622180938721e-01
5.505051612854003906e-01
5.615793704986572266e+00
2.179701566696166992e+00
2.558535644531250000e+03
3.024188964843750000e+03
3.114067138671875000e+03
2.737893554687500000e+03
3.062150390625000000e+03
3.071093750000000000e+03
2.432526611328125000e+03
2.763263671875000000e+03
2.776238769531250000e+03
-5.706265568733215332e-02
8.180634677410125732e-02
-2.212963439524173737e-02
-8.509311825037002563e-02
2.876196429133415222e-02
6.234846264123916626e-02
8.169335126876831055e-02
7.124148309230804443e-02
-6.118373200297355652e-02
1.847506128251552582e-02
4.281466454267501831e-02
6.830609589815139771e-02
6.788152456283569336e-02
6.350459903478622437e-02
9.050241112709045410e-02
6.812886148691177368e-02
6.286159902811050415e-02
9.330496191978454590e-02
7.654983520507812500e+00
1.021838378906250000e+01
4.874528884887695312e+00
1.244455146789550781e+01
1.779203796386718750e+01
6.465977668762207031e+00
2.195857810974121094e+01
2.117421531677246094e+01
1.347714424133300781e+01
1.267611861228942871e+00
1.555506324768066406e+01
1.842119812965393066e+00
2.357367753982543945e+00
1.852716064453125000e+01
2.039418935775756836e+00
1.947313904762268066e+00
2.010839843750000000e+01
1.161004781723022461e+00
9.424780273437500000e+02
9.950090332031250000e+02
1.123899536132812500e+03
1.062287231445312500e+03
1.133477050781250000e+03
1.270390380859375000e+03
1.173063354492187500e+03
1.221932128906250000e+03
1.361711425781250000e+03
6.842099428176879883e-01
1.434392452239990234e+01
3.076154947280883789e+00
1.470888137817382812e+00
1.270506381988525391e+01
8.949075937271118164e-01
-2.245921850204467773e+00
9.285500526428222656e+00
-1.279510140419006348e+00
-3.508913993835449219e+00
-4.238774776458740234e+00
-1.364631652832031250e+00
-2.403015494346618652e-01
-4.653056263923645020e-01
3.045330524444580078e+00
1.506124138832092285e-01
2.618239164352416992e+00
3.844227552413940430e+00
4.049719619750976562e+01
1.708681344985961914e+00
-2.436607360839843750e+00
2.052357101440429688e+01
-1.410203361511230469e+01
-1.308819580078125000e+01
6.088263511657714844e+00
-2.157795524597167969e+01
-2.423881149291992188e+01
3.321938781738281250e+02
3.113954162597656250e+02
4.001113891601562500e+02
4.108879394531250000e+02
3.733100585937500000e+02
4.530792541503906250e+02
3.639364624023437500e+02
3.348207702636718750e+02
4.060155639648437500e+02
-1.804954147338867188e+01
-6.885901451110839844e+00
-9.497298240661621094e+00
-6.936853408813476562e+00
1.362602519989013672e+01
8.008372306823730469e+00
4.519757270812988281e+00
2.185493087768554688e+01
2.196593666076660156e+01
-7.268482971191406250e+01
-8.367173767089843750e+01
-4.103585433959960938e+01
-7.014794921875000000e+01
-6.736065673828125000e+01
-2.606334686279296875e+01
-3.087602806091308594e+01
-1.300597763061523438e+01
3.238710403442382812e+01
4.555139465332031250e+02
5.514750976562500000e+02
6.041316528320312500e+02
5.123341064453125000e+02
5.974226684570312500e+02
6.405191040039062500e+02
4.804382629394531250e+02
5.433256835937500000e+02
6.126327514648437500e+02
1.051843490600585938e+02
7.205311584472656250e+01
5.242987060546875000e+01
1.014849853515625000e+02
7.133934020996093750e+01
5.944610595703125000e+01
6.514095306396484375e+01
3.609673309326171875e+01
3.751733398437500000e+01
8.705876350402832031e+00
5.786293506622314453e+00
6.912527084350585938e+00
-3.632268905639648438e+00
-1.209216690063476562e+01
-1.181864261627197266e+01
-1.456430149078369141e+01
-2.161528968811035156e+01
-1.746224594116210938e+01
1.801041722297668457e+00
1.440338253974914551e+00
1.126737475395202637e+00
2.056748867034912109e+00
1.025857090950012207e+00
1.424339652061462402e+00
1.985311031341552734e+00
1.685400605201721191e+00
1.303010582923889160e+00
-1.772567939758300781e+01
-4.294729232788085938e+01
-4.852630996704101562e+01
-1.278961181640625000e+02
-1.151786193847656250e+02
-1.359752655029296875e+02
-1.533124847412109375e+02
-1.650684051513671875e+02
-1.830652008056640625e+02
1.061450224369764328e-02
9.464062750339508057e-03
-3.207151778042316437e-03
-9.197760373353958130e-03
-1.103979814797639847e-02
-4.115332663059234619e-02
-3.404825180768966675e-02
2.801108057610690594e-04
-1.792635023593902588e-02
-2.355829626321792603e-02
-1.013797614723443985e-02
-4.186515579931437969e-04
-3.022918850183486938e-02
1.919737784191966057e-03
-8.872036822140216827e-03
-3.239086642861366272e-02
4.998690914362668991e-03
-1.378692779690027237e-02
3.724829912185668945e+00
3.119918823242187500e+00
-4.372428953647613525e-01
3.199056863784790039e+00
3.705351352691650391e-01
2.829384803771972656e-02
-1.050703644752502441e+00
-4.859003126621246338e-01
-1.239046692848205566e+00
2.740382850170135498e-01
-3.115665614604949951e-01
6.182849779725074768e-02
4.654378443956375122e-02
-2.733185589313507080e-01
-9.169174730777740479e-02
-8.766845613718032837e-02
-1.893515288829803467e-01
5.383411645889282227e-01
-1.618227958679199219e+00
3.110652160644531250e+01
2.956564903259277344e+01
-2.747505950927734375e+01
3.802522659301757812e+00
-8.752326965332031250e+00
-1.321079864501953125e+02
-1.008334808349609375e+02
-1.117775192260742188e+02
-2.007247686386108398e+00
-3.847555398941040039e+00
5.097210407257080078e-03
1.556838393211364746e+00
2.098589420318603516e+00
1.301326394081115723e+00
4.619091033935546875e+00
3.552136182785034180e+00
3.454385519027709961e+00
7.551167607307434082e-01
8.604595661163330078e-01
-2.965058088302612305e+00
-8.613169193267822266e-01
-1.330688446760177612e-01
-4.094778060913085938e+00
1.247873902320861816e-01
-1.578223854303359985e-01
-3.397669792175292969e+00
-9.895601272583007812e+00
-5.502698421478271484e+00
2.633352279663085938e-01
-2.546756982803344727e+00
1.243510055541992188e+01
8.746684074401855469e+00
-3.363533496856689453e+00
1.078906536102294922e+01
1.434860324859619141e+01
3.467844009399414062e+01
3.694263839721679688e+01
3.144415283203125000e+01
-3.533305358886718750e+01
-3.332783889770507812e+01
-4.368389892578125000e+01
-5.888925933837890625e+01
-7.028974151611328125e+01
-7.501586914062500000e+01
6.745988368988037109e+00
5.873410701751708984e+00
4.582513332366943359e+00
5.036977291107177734e+00
1.638944387435913086e+00
1.198364734649658203e+00
3.398196697235107422e-01
3.835972547531127930e+00
-5.117689609527587891e+00
3.502887344360351562e+01
3.311799240112304688e+01
1.616067695617675781e+01
2.361345100402832031e+01
2.834984207153320312e+01
1.582364940643310547e+01
2.213332653045654297e+00
3.584009647369384766e+00
-2.485336685180664062e+01
3.012476158142089844e+01
2.546932983398437500e+01
2.595090484619140625e+01
-3.799342346191406250e+01
-3.801976013183593750e+01
-4.553950881958007812e+01
-5.902068710327148438e+01
-5.849412536621093750e+01
-7.086606597900390625e+01
1.938514137268066406e+01
3.451430511474609375e+01
3.978399276733398438e+01
8.516846895217895508e-01
1.093367958068847656e+01
1.525460052490234375e+01
1.570321559906005859e+01
2.810574340820312500e+01
3.086356163024902344e+01
-1.018931503295898438e+02
-1.257651443481445312e+02
-1.360865020751953125e+02
-9.284120941162109375e+01
-1.165776367187500000e+02
-1.292427520751953125e+02
-1.310200958251953125e+02
-1.449103698730468750e+02
-1.284942779541015625e+02
-1.154685306549072266e+01
-1.247776889801025391e+01
-7.332448482513427734e+00
-1.227704334259033203e+01
-1.204852581024169922e+01
-5.211616992950439453e+00
-8.619330406188964844e+00
-8.542036056518554688e+00
-3.144659757614135742e+00
-1.132458984375000000e+03
-1.305444946289062500e+03
-1.408557373046875000e+03
-1.113898193359375000e+03
-1.265265136718750000e+03
-1.263435058593750000e+03
-1.011072448730468750e+03
-1.141891357421875000e+03
-1.167266113281250000e+03
-8.565825410187244415e-03
-3.737117722630500793e-02
-3.227461129426956177e-02
2.712698280811309814e-02
8.146129548549652100e-03
-3.645720891654491425e-03
1.020458415150642395e-01
3.643129020929336548e-02
-6.779173016548156738e-02
-8.376566320657730103e-02
-7.844542711973190308e-02
-6.886283308267593384e-02
-9.276133030652999878e-02
-9.425367414951324463e-02
-6.884036213159561157e-02
-8.499769866466522217e-02
-9.079744666814804077e-02
-6.917752325534820557e-02
-1.424129128456115723e+00
-1.059812450408935547e+01
-6.110376358032226562e+00
1.128417491912841797e+00
-1.199695301055908203e+01
-1.010406970977783203e+01
1.058112263679504395e+00
-1.657913589477539062e+01
-1.523597526550292969e+01
3.190509676933288574e-01
-2.299072837829589844e+01
-4.738207817077636719e+00
-2.326586246490478516e+00
-2.632712364196777344e+01
-4.326429843902587891e+00
-1.316862106323242188e+00
-2.924399948120117188e+01
-4.133432865142822266e+00
-1.090757568359375000e+03
-1.144974487304687500e+03
-1.212237182617187500e+03
-1.118757202148437500e+03
-1.175029541015625000e+03
-1.252275024414062500e+03
-1.160779541015625000e+03
-1.184202758789062500e+03
-1.278011108398437500e+03
-3.580004215240478516e+00
-2.364532709121704102e+00
-2.626098394393920898e+00
-2.881428241729736328e+00
-5.006482601165771484e+00
-5.272644996643066406e+00
-5.605252742767333984e+00
-7.049781322479248047e+00
-7.196917533874511719e+00
-3.354296982288360596e-01
-3.565273046493530273e+00
-9.450929641723632812e+00
-5.364229679107666016e-01
-3.974538326263427734e+00
-8.898404121398925781e+00
-1.089464545249938965e+00
-3.162183046340942383e+00
-5.224000930786132812e+00
-6.864584350585937500e+01
-6.250482559204101562e+01
-4.952014541625976562e+01
-8.511434936523437500e+01
-6.375143432617187500e+01
-6.040985870361328125e+01
-8.087480163574218750e+01
-5.319334411621093750e+01
-6.614826965332031250e+01
-4.587831420898437500e+02
-4.512653503417968750e+02
-4.707666931152343750e+02
-5.008837585449218750e+02
-4.905917358398437500e+02
-4.893838806152343750e+02
-4.402262268066406250e+02
-4.165725097656250000e+02
-4.184877014160156250e+02
-1.954080963134765625e+01
-1.729891395568847656e+01
-1.209328174591064453e+01
-2.290511512756347656e+01
-2.287690353393554688e+01
-1.097490024566650391e+01
-2.081308364868164062e+01
-1.913122940063476562e+01
-1.426698875427246094e+01
-1.080129776000976562e+02
-9.491841125488281250e+01
-1.118723449707031250e+02
-1.365824127197265625e+02
-1.187099380493164062e+02
-1.142890701293945312e+02
-1.373021087646484375e+02
-1.148555526733398438e+02
-1.287080230712890625e+02
-5.455272216796875000e+02
-5.617386474609375000e+02
-5.861599731445312500e+02
-5.852871704101562500e+02
-6.060198974609375000e+02
-6.258339843750000000e+02
-5.929634399414062500e+02
-5.960776367187500000e+02
-6.053428955078125000e+02
-1.828500823974609375e+02
-1.874874267578125000e+02
-1.928569793701171875e+02
-2.051057586669921875e+02
-2.034171295166015625e+02
-2.037273712158203125e+02
-1.858768005371093750e+02
-1.835184020996093750e+02
-1.866946563720703125e+02
