1.019047241210937500e+03
1.018874145507812500e+03
8.979703369140625000e+02
1.051206787109375000e+03
1.039959106445312500e+03
9.230039672851562500e+02
9.968066406250000000e+02
9.505540771484375000e+02
8.915026245117187500e+02
5.807356567382812500e+02
5.501119995117187500e+02
4.473181762695312500e+02
5.262799682617187500e+02
5.252587280273437500e+02
4.722529907226562500e+02
5.171866455078125000e+02
5.402766113281250000e+02
5.209503173828125000e+02
1.277528442382812500e+03
1.181017578125000000e+03
1.056253540039062500e+03
1.331155639648437500e+03
1.226684570312500000e+03
1.112017089843750000e+03
1.412289428710937500e+03
1.312749877929687500e+03
1.245252441406250000e+03
2.747775878906250000e+02
2.674272766113281250e+02
2.996589660644531250e+02
3.314096069335937500e+02
3.156206359863281250e+02
3.189257202148437500e+02
3.165152282714843750e+02
2.829880065917968750e+02
2.680081787109375000e+02
4.180118408203125000e+02
3.809668273925781250e+02
3.475821228027343750e+02
4.237769775390625000e+02
3.767576904296875000e+02
3.627291564941406250e+02
3.675629272460937500e+02
3.326337280273437500e+02
3.090036621093750000e+02
1.538490533828735352e+00
1.765704393386840820e+00
1.669492125511169434e+00
2.100750207901000977e+00
2.604387998580932617e+00
2.395354270935058594e+00
1.425702214241027832e+00
2.039502859115600586e+00
1.875970244407653809e+00
3.060362548828125000e+02
3.094414062500000000e+02
2.991703491210937500e+02
3.491433410644531250e+02
3.353945922851562500e+02
3.167565307617187500e+02
2.943607482910156250e+02
2.843728637695312500e+02
2.826093444824218750e+02
6.174375000000000000e+02
5.990982055664062500e+02
5.525764770507812500e+02
5.619246215820312500e+02
5.828396606445312500e+02
5.178018798828125000e+02
4.967025451660156250e+02
5.525258178710937500e+02
5.110960998535156250e+02
3.524261474609375000e+02
3.883063354492187500e+02
4.015795593261718750e+02
4.278356018066406250e+02
4.639080505371093750e+02
4.501459045410156250e+02
4.244038391113281250e+02
4.562097167968750000e+02
4.356817626953125000e+02
1.645035705566406250e+02
1.445162200927734375e+02
1.523179931640625000e+02
2.049584197998046875e+02
1.721994323730468750e+02
1.774631500244140625e+02
2.295927429199218750e+02
1.971622467041015625e+02
1.770805511474609375e+02
2.796726074218750000e+02
2.619056701660156250e+02
2.395150604248046875e+02
2.866723632812500000e+02
2.601283874511718750e+02
2.503771667480468750e+02
2.883854675292968750e+02
2.593456726074218750e+02
2.598495788574218750e+02
3.950200805664062500e+02
3.944932861328125000e+02
3.816416625976562500e+02
4.479322509765625000e+02
4.234520874023437500e+02
4.034890441894531250e+02
4.802545471191406250e+02
4.174843139648437500e+02
4.179649963378906250e+02
3.822391357421875000e+02
3.619578247070312500e+02
4.036733398437500000e+02
4.515040283203125000e+02
4.489390258789062500e+02
4.817778015136718750e+02
5.295419921875000000e+02
5.400938110351562500e+02
5.276422729492187500e+02
2.759949340820312500e+02
2.420452423095703125e+02
2.247530059814453125e+02
2.473710632324218750e+02
2.164319305419921875e+02
1.949149322509765625e+02
2.298015899658203125e+02
2.032776031494140625e+02
1.780466461181640625e+02
6.867431640625000000e+02
6.797249755859375000e+02
6.878302612304687500e+02
7.278499755859375000e+02
7.169016113281250000e+02
7.064776611328125000e+02
7.323702392578125000e+02
7.000039062500000000e+02
6.809887695312500000e+02
8.068087158203125000e+02
9.002292480468750000e+02
6.868622436523437500e+02
8.966147460937500000e+02
9.957873535156250000e+02
8.089177856445312500e+02
8.564717407226562500e+02
9.243261108398437500e+02
8.245662841796875000e+02
-8.455473022460937500e+02
-9.157637329101562500e+02
-9.649534301757812500e+02
-8.527025146484375000e+02
-8.999336547851562500e+02
-9.348045654296875000e+02
-8.949740600585937500e+02
-9.769515991210937500e+02
-9.931265869140625000e+02
-3.591262817382812500e+02
-4.337123413085937500e+02
-4.354310302734375000e+02
-3.393999328613281250e+02
-3.846962280273437500e+02
-3.723030700683593750e+02
-3.257559814453125000e+02
-3.872218627929687500e+02
-3.794479675292968750e+02
-1.001664184570312500e+03
-1.222764282226562500e+03
-1.187369628906250000e+03
-9.282694091796875000e+02
-1.144553955078125000e+03
-1.151032714843750000e+03
-9.092877197265625000e+02
-1.037148315429687500e+03
-1.118142700195312500e+03
-5.378249511718750000e+02
-5.175087890625000000e+02
-4.589177246093750000e+02
-5.625753173828125000e+02
-5.127736816406250000e+02
-4.526747436523437500e+02
-5.989928588867187500e+02
-5.609592285156250000e+02
-5.298453369140625000e+02
-3.964246826171875000e+02
-3.749709777832031250e+02
-3.626465148925781250e+02
-3.511200256347656250e+02
-2.996044616699218750e+02
-3.190324401855468750e+02
-4.283765258789062500e+02
-3.959750671386718750e+02
-3.887921142578125000e+02
-2.694920301437377930e+00
-3.523227453231811523e+00
-3.784950256347656250e+00
-3.755798339843750000e+00
-4.212533473968505859e+00
-4.814128398895263672e+00
-3.684151887893676758e+00
-3.565108776092529297e+00
-3.920966625213623047e+00
-5.977040405273437500e+02
-6.186508178710937500e+02
-5.987291870117187500e+02
-5.600653686523437500e+02
-5.926542968750000000e+02
-5.764296264648437500e+02
-6.266878051757812500e+02
-6.511408691406250000e+02
-6.262206420898437500e+02
-9.990538024902343750e+01
-1.637973175048828125e+02
-2.811293334960937500e+02
-1.054885482788085938e+02
-1.613961944580078125e+02
-2.180633239746093750e+02
-1.878099822998046875e+02
-2.245047302246093750e+02
-2.747713928222656250e+02
-9.377659912109375000e+02
-9.228002319335937500e+02
-8.923355102539062500e+02
-9.534353637695312500e+02
-8.968597412109375000e+02
-8.519992065429687500e+02
-9.334000244140625000e+02
-9.078926391601562500e+02
-8.729227905273437500e+02
-2.079982299804687500e+02
-2.452297210693359375e+02
-1.816823730468750000e+02
-1.788792419433593750e+02
-2.128942565917968750e+02
-2.028918151855468750e+02
-1.511584472656250000e+02
-1.774661712646484375e+02
-2.049109039306640625e+02
-2.269515838623046875e+02
-2.563702697753906250e+02
-2.441936187744140625e+02
-2.116255493164062500e+02
-2.358084869384765625e+02
-2.206483001708984375e+02
-2.421380920410156250e+02
-2.555496826171875000e+02
-2.447711334228515625e+02
-1.738209838867187500e+02
-1.743447570800781250e+02
-1.075591735839843750e+02
-1.007586135864257812e+02
-1.439879150390625000e+02
-1.081407241821289062e+02
-1.656766662597656250e+02
-1.602910003662109375e+02
-1.485786743164062500e+02
-3.525798339843750000e+02
-3.795952148437500000e+02
-2.919316406250000000e+02
-4.217820129394531250e+02
-4.649853210449218750e+02
-3.572172241210937500e+02
-3.362788696289062500e+02
-3.777500610351562500e+02
-3.444851684570312500e+02
-1.193254776000976562e+02
-1.084791946411132812e+02
-5.568188095092773438e+01
-1.131320953369140625e+02
-1.247977981567382812e+02
-5.977353668212890625e+01
-8.964325714111328125e+01
-1.438558654785156250e+02
-1.250744934082031250e+02
-7.686303710937500000e+02
-8.009115600585937500e+02
-7.376632080078125000e+02
-8.002019042968750000e+02
-7.903723144531250000e+02
-6.965696411132812500e+02
-7.719805297851562500e+02
-7.303668823242187500e+02
-7.039455566406250000e+02
-3.785515747070312500e+02
-4.727077941894531250e+02
-7.194835815429687500e+02
-2.641366271972656250e+02
-4.285583190917968750e+02
-6.532841796875000000e+02
-3.626178588867187500e+02
-4.833243103027343750e+02
-6.736163330078125000e+02
-9.711061401367187500e+02
-9.566672363281250000e+02
-9.592556762695312500e+02
-7.602377319335937500e+02
-6.948235473632812500e+02
-7.128496704101562500e+02
-6.418771972656250000e+02
-6.113043212890625000e+02
-6.475675048828125000e+02
-5.597994384765625000e+02
-5.517686767578125000e+02
-6.808252563476562500e+02
-4.543713684082031250e+02
-5.245314941406250000e+02
-6.714886474609375000e+02
-4.191809997558593750e+02
-6.024187011718750000e+02
-7.001608886718750000e+02
-1.055962890625000000e+03
-1.091131958007812500e+03
-1.048258178710937500e+03
-9.316718139648437500e+02
-9.974921875000000000e+02
-1.026864868164062500e+03
-7.658477783203125000e+02
-9.323886108398437500e+02
-9.855667724609375000e+02
-3.203240356445312500e+02
-3.709367370605468750e+02
-3.692277221679687500e+02
-3.011787719726562500e+02
-3.345498046875000000e+02
-3.024498901367187500e+02
-3.194952392578125000e+02
-3.220066223144531250e+02
-2.972586669921875000e+02
-2.735638732910156250e+02
-2.954438476562500000e+02
-3.272963867187500000e+02
-1.930357971191406250e+02
-2.369411773681640625e+02
-2.917247314453125000e+02
-9.885769653320312500e+01
-1.569507293701171875e+02
-2.151380920410156250e+02
-1.466847062110900879e+00
-1.712499976158142090e+00
-2.646472930908203125e+00
-2.080794095993041992e+00
-2.660788536071777344e+00
-3.505226135253906250e+00
-2.878893852233886719e+00
-2.800454378128051758e+00
-3.458079338073730469e+00
-3.329944763183593750e+02
-3.626376647949218750e+02
-3.453120422363281250e+02
-3.765430297851562500e+02
-3.975640563964843750e+02
-3.637388000488281250e+02
-2.725576477050781250e+02
-2.738887939453125000e+02
-2.710804443359375000e+02
-3.386999511718750000e+02
-3.493362121582031250e+02
-3.363368530273437500e+02
-5.798368453979492188e+01
-1.694235038757324219e+01
-7.559953308105468750e+01
-5.121392059326171875e+01
-5.157821655273437500e+01
-1.740285339355468750e+02
-4.105483703613281250e+02
-4.314924316406250000e+02
-4.344293212890625000e+02
-5.035745239257812500e+02
-4.824882812500000000e+02
-4.824819946289062500e+02
-5.198209228515625000e+02
-4.764486999511718750e+02
-4.570031738281250000e+02
-1.492512512207031250e+02
-1.805823822021484375e+02
-2.032704620361328125e+02
-1.610418395996093750e+02
-2.066264190673828125e+02
-2.070259704589843750e+02
-1.879794921875000000e+02
-1.671090393066406250e+02
-1.701535644531250000e+02
-2.482867736816406250e+02
-2.211229705810546875e+02
-2.247611083984375000e+02
-1.802661895751953125e+02
-1.715221710205078125e+02
-1.957047119140625000e+02
-1.192952423095703125e+02
-1.437135772705078125e+02
-1.890350341796875000e+02
-3.835115051269531250e+02
-3.911912841796875000e+02
-2.708803100585937500e+02
-2.583006286621093750e+02
-3.327940979003906250e+02
-1.553385925292968750e+02
-1.703872833251953125e+02
-2.188636016845703125e+02
-1.928173255920410156e+01
-3.559461364746093750e+02
-5.113391113281250000e+02
-5.583280029296875000e+02
-4.089332580566406250e+02
-5.984058227539062500e+02
-5.823889160156250000e+02
-4.820509948730468750e+02
-6.298526000976562500e+02
-5.312716674804687500e+02
-1.985842132568359375e+02
-2.410033111572265625e+02
-2.089991302490234375e+02
-1.597459869384765625e+02
-1.343383178710937500e+02
-8.445179748535156250e+01
-8.310321807861328125e+01
-9.198394012451171875e+01
-6.749684143066406250e+01
-6.973449707031250000e+02
-7.666584472656250000e+02
-7.541101684570312500e+02
-5.970996704101562500e+02
-6.404777221679687500e+02
-6.596307983398437500e+02
-4.891952514648437500e+02
-5.291937866210937500e+02
-5.554889526367187500e+02
-6.243961181640625000e+02
-5.107892456054687500e+02
-6.261414794921875000e+02
-4.817672119140625000e+02
-3.551604919433593750e+02
-5.233255004882812500e+02
-3.854429321289062500e+02
-3.446022644042968750e+02
-5.553467407226562500e+02
2.751864433288574219e+00
3.219681739807128906e+00
1.395867586135864258e+00
3.495271921157836914e+00
3.688009977340698242e+00
3.114731550216674805e+00
3.227029800415039062e+00
3.141796350479125977e+00
2.572304487228393555e+00
1.358421087265014648e+00
1.292123317718505859e+00
5.972365140914916992e-01
1.614253163337707520e+00
1.042900085449218750e+00
2.796663343906402588e-01
2.289876341819763184e-01
5.068520903587341309e-01
6.891450881958007812e-01
6.508351325988769531e+00
4.087862968444824219e+00
1.966753482818603516e+00
6.315103054046630859e+00
3.973363876342773438e+00
1.500258684158325195e+00
5.238505840301513672e+00
3.843736648559570312e+00
2.695394277572631836e+00
6.626472473144531250e-01
1.688530594110488892e-01
3.130342066287994385e-02
1.304124593734741211e+00
8.722512722015380859e-01
9.482063055038452148e-01
1.280395627021789551e+00
1.259386420249938965e+00
1.490608453750610352e+00
1.221390247344970703e+00
5.472748279571533203e-01
5.370746925473213196e-02
2.534118175506591797e+00
2.248584032058715820e+00
1.829299569129943848e+00
1.170876502990722656e+00
1.318884968757629395e+00
1.244061589241027832e+00
8.709261310286819935e-04
6.854527629911899567e-03
0.000000000000000000e+00
9.540311875753104687e-04
2.639812300913035870e-04
5.677935201674699783e-03
0.000000000000000000e+00
-7.190284668467938900e-05
2.213964471593499184e-04
-1.187510937452316284e-01
1.012849926948547363e+00
1.176699623465538025e-02
6.506971120834350586e-01
2.173605203628540039e+00
1.191442489624023438e+00
9.094626307487487793e-01
1.324851870536804199e+00
1.308393716812133789e+00
4.266242980957031250e+00
4.867918491363525391e+00
2.738809823989868164e+00
3.850936651229858398e+00
3.862159013748168945e+00
2.867016553878784180e+00
1.757427930831909180e+00
1.030342578887939453e+00
5.883759260177612305e-01
7.053159177303314209e-02
1.270097047090530396e-01
2.523379027843475342e-01
7.412504553794860840e-01
9.707868099212646484e-01
1.591616392135620117e+00
3.588848710060119629e-01
1.089738965034484863e+00
1.460193753242492676e+00
5.954827666282653809e-01
1.095049828290939331e-01
5.422270894050598145e-01
8.188354372978210449e-01
1.075156807899475098e+00
1.196746587753295898e+00
1.692851305007934570e+00
1.385754466056823730e+00
1.480011194944381714e-01
1.199769973754882812e+00
6.925309300422668457e-01
3.738636076450347900e-01
1.405827283859252930e+00
8.901129961013793945e-01
5.878433585166931152e-01
8.013631105422973633e-01
5.013387203216552734e-01
3.614851832389831543e-01
2.585523843765258789e+00
2.147435188293457031e+00
2.115683794021606445e+00
2.833560705184936523e+00
2.386520624160766602e+00
2.137817382812500000e+00
2.866618394851684570e+00
2.843168258666992188e+00
7.076220512390136719e-01
6.175558567047119141e-01
1.624863445758819580e-01
1.242192015051841736e-01
1.120968222618103027e+00
7.104036808013916016e-01
2.176335573196411133e+00
1.661875963211059570e+00
5.882868766784667969e-01
1.345902919769287109e+00
1.185296893119812012e+00
1.005116343498229980e+00
9.534546136856079102e-01
8.121740221977233887e-01
8.218313455581665039e-01
7.779079079627990723e-01
1.213460564613342285e+00
7.490316629409790039e-01
9.637774527072906494e-02
1.238586187362670898e+00
1.267712593078613281e+00
9.942278265953063965e-01
2.054085969924926758e+00
3.289991378784179688e+00
2.796411514282226562e+00
1.704735517501831055e+00
2.430716037750244141e+00
2.551885604858398438e+00
2.981308937072753906e+00
4.318108081817626953e+00
1.629415273666381836e+00
3.623102903366088867e+00
4.055464744567871094e+00
2.255073070526123047e+00
1.683577299118041992e+00
2.716313600540161133e+00
1.299002885818481445e+00
2.981323547363281250e+02
2.793825988769531250e+02
2.119500579833984375e+02
2.878995971679687500e+02
2.590367126464843750e+02
1.902393951416015625e+02
2.791583862304687500e+02
2.250081787109375000e+02
1.524718017578125000e+02
4.724137115478515625e+01
4.334441375732421875e+01
6.066154479980468750e+01
2.764596557617187500e+01
3.765770339965820312e+01
7.371507263183593750e+01
7.860796928405761719e+00
2.769874382019042969e+01
7.400125122070312500e+01
3.100444030761718750e+02
2.486457672119140625e+02
1.878068084716796875e+02
2.953143615722656250e+02
2.337234497070312500e+02
1.739803009033203125e+02
2.730760498046875000e+02
2.194883575439453125e+02
1.733265838623046875e+02
8.149866485595703125e+01
1.137994842529296875e+02
1.310299682617187500e+02
9.856448364257812500e+01
1.321293640136718750e+02
1.385859527587890625e+02
1.164512786865234375e+02
1.446763763427734375e+02
1.365193481445312500e+02
1.016494674682617188e+02
7.053934478759765625e+01
5.188321685791015625e+01
8.259610748291015625e+01
5.800159835815429688e+01
4.310856246948242188e+01
7.681731414794921875e+01
4.659122848510742188e+01
2.740294265747070312e+01
4.317825436592102051e-01
5.682762265205383301e-01
7.093003988265991211e-01
3.176020979881286621e-01
4.312931597232818604e-01
7.296142578125000000e-01
3.348066210746765137e-01
4.257388412952423096e-01
7.786926627159118652e-01
1.163001937866210938e+02
1.401998596191406250e+02
1.358519592285156250e+02
1.303282318115234375e+02
1.479223175048828125e+02
1.388766479492187500e+02
1.380241241455078125e+02
1.499970550537109375e+02
1.290669097900390625e+02
1.127013778686523438e+02
7.591564941406250000e+01
2.639697456359863281e+01
1.021337432861328125e+02
5.815597534179687500e+01
1.246506690979003906e+01
9.039682006835937500e+01
5.172114562988281250e+01
3.589057922363281250e+00
1.265604934692382812e+02
1.624995117187500000e+02
1.837531738281250000e+02
1.382478942871093750e+02
1.802736206054687500e+02
1.977826080322265625e+02
1.539991149902343750e+02
1.856640930175781250e+02
1.933527984619140625e+02
8.892221450805664062e+00
1.966958618164062500e+01
4.192379379272460938e+01
9.516265869140625000e+00
2.574269866943359375e+01
4.858500671386718750e+01
2.482311630249023438e+01
3.878757476806640625e+01
5.078262710571289062e+01
7.171093750000000000e+01
4.940312194824218750e+01
3.579671096801757812e+01
6.599555969238281250e+01
4.308723449707031250e+01
3.121248817443847656e+01
5.697465896606445312e+01
3.561910629272460938e+01
2.666353034973144531e+01
1.616874542236328125e+02
1.269404830932617188e+02
8.028723144531250000e+01
1.868425903320312500e+02
1.336800384521484375e+02
7.186810302734375000e+01
1.624770050048828125e+02
1.133758926391601562e+02
5.856505203247070312e+01
7.637387847900390625e+01
9.621898651123046875e+01
1.315231475830078125e+02
6.878163146972656250e+01
1.042591476440429688e+02
1.503967285156250000e+02
8.402848052978515625e+01
1.335419006347656250e+02
1.823814086914062500e+02
8.180483245849609375e+01
5.763692855834960938e+01
3.872885131835937500e+01
8.195046997070312500e+01
6.429334259033203125e+01
2.492556381225585938e+01
7.895335388183593750e+01
6.088726043701171875e+01
2.201935958862304688e+01
1.758222503662109375e+02
1.710891876220703125e+02
1.596918487548828125e+02
1.840111694335937500e+02
1.709306182861328125e+02
1.622114715576171875e+02
1.857824859619140625e+02
1.893367004394531250e+02
1.802549591064453125e+02
1.268308258056640625e+02
1.320894165039062500e+02
8.412884521484375000e+01
1.252855300903320312e+02
1.193971786499023438e+02
7.649331665039062500e+01
1.244086914062500000e+02
1.114831161499023438e+02
6.804975891113281250e+01
-1.901957702636718750e+01
-1.022577381134033203e+01
-1.834194898605346680e+00
-1.416723155975341797e+01
-1.380552387237548828e+01
-7.077526092529296875e+00
-1.018444252014160156e+01
-1.072433471679687500e+01
-1.699962997436523438e+01
1.600884437561035156e+01
1.254885101318359375e+01
1.459475708007812500e+01
1.532940101623535156e+01
1.557694911956787109e+01
5.716020107269287109e+00
-2.000435352325439453e+00
-3.491685390472412109e-01
-1.460378265380859375e+01
-4.370339393615722656e+00
-7.511505126953125000e+00
1.686858892440795898e+00
1.996450901031494141e+00
-6.870521068572998047e+00
-1.189730072021484375e+01
-5.945059299468994141e+00
-1.061656475067138672e+01
-2.473955917358398438e+01
1.141602158546447754e+00
-8.093735694885253906e+00
-4.236726284027099609e+00
-2.316432714462280273e+00
-9.696557044982910156e+00
-8.682857513427734375e+00
-7.752253413200378418e-01
-1.032307243347167969e+01
-9.573215484619140625e+00
-3.375364303588867188e+00
-3.032555103302001953e+00
-5.142275810241699219e+00
9.591439962387084961e-01
1.142722740769386292e-01
1.387418746948242188e+00
-2.131422042846679688e+00
-1.105879211425781250e+01
-3.013467550277709961e+00
2.188151329755783081e-02
8.225687593221664429e-02
7.620632648468017578e-02
3.809938207268714905e-02
2.828311547636985779e-02
-1.174903735518455505e-01
3.113745339214801788e-02
-2.739004418253898621e-02
-6.149865686893463135e-03
-8.259175300598144531e+00
-3.044898748397827148e+00
-4.683014392852783203e+00
-4.081739902496337891e+00
-5.283014774322509766e+00
-5.421083450317382812e+00
6.256110668182373047e-01
-4.081798553466796875e+00
-5.459776878356933594e+00
-4.951451301574707031e+00
-5.813612937927246094e+00
-1.242787265777587891e+01
-1.339553475379943848e+00
-2.798941731452941895e-01
-3.626945734024047852e+00
1.331024646759033203e+00
-1.529245376586914062e+00
-1.847406625747680664e+00
2.024126529693603516e+00
-8.577343940734863281e+00
-8.586573600769042969e+00
1.403454303741455078e+00
-1.450943946838378906e+01
-1.580717277526855469e+01
6.937941908836364746e-01
-8.077297210693359375e+00
-1.126725196838378906e+01
3.075115382671356201e-02
2.722997426986694336e+00
-6.847949028015136719e+00
-4.364677906036376953e+00
-4.230281352996826172e+00
-6.852154731750488281e+00
-1.292826890945434570e+00
-3.145732164382934570e+00
-3.821021318435668945e+00
-1.278721094131469727e+00
-2.907475948333740234e+00
-4.501474380493164062e+00
3.568118810653686523e-02
-1.266191244125366211e+00
-3.285071611404418945e+00
1.183592528104782104e-01
-3.700498819351196289e+00
-5.544096469879150391e+00
-5.782784938812255859e+00
-8.543244361877441406e+00
-7.250589847564697266e+00
-9.354535102844238281e+00
-1.145407867431640625e+01
-4.979547023773193359e+00
-6.402008056640625000e+00
-1.577800273895263672e+01
-6.955578327178955078e+00
1.576539707183837891e+01
1.672918128967285156e+01
-7.288572311401367188e+00
3.275945186614990234e+00
-1.557255387306213379e+00
-1.360741901397705078e+01
-1.248232841491699219e+01
-1.686150360107421875e+01
-2.107978057861328125e+01
-8.429127931594848633e-02
8.626780509948730469e-01
5.373755455017089844e+00
-2.189214944839477539e+00
1.984995365142822266e+00
2.031239986419677734e+00
-2.844490051269531250e+00
9.453806877136230469e-01
-3.966455459594726562e+00
1.729402542114257812e+01
6.304213047027587891e+00
-3.752336502075195312e+00
7.264580249786376953e+00
-5.773684024810791016e+00
-1.008731079101562500e+01
3.524430990219116211e+00
3.117406368255615234e-02
-6.109993934631347656e+00
-1.392992973327636719e+01
-1.544189357757568359e+01
6.673840045928955078e+00
-9.369362831115722656e+00
-1.267040920257568359e+01
-2.941707968711853027e-01
-1.977798819541931152e+00
-6.657309055328369141e+00
-5.918424129486083984e+00
-1.981555223464965820e+00
-4.395043373107910156e+00
-1.708987236022949219e+01
-3.370388448238372803e-01
-4.426257610321044922e+00
-1.715250205993652344e+01
-1.628561973571777344e+00
-5.019035816192626953e+00
-1.769042396545410156e+01
-3.739356994628906250e+00
-1.565701866149902344e+01
-2.524214553833007812e+01
-6.102674961090087891e+00
-1.766439247131347656e+01
-2.515382003784179688e+01
-6.207738399505615234e+00
-1.629265785217285156e+01
-2.142242813110351562e+01
-9.474540710449218750e+00
-2.318922996520996094e+01
-3.092335891723632812e+01
-5.751632213592529297e+00
-2.179406166076660156e+01
-3.078411865234375000e+01
-4.350532531738281250e+00
-2.005475997924804688e+01
-3.143803215026855469e+01
-5.101525783538818359e+00
-9.805610656738281250e+00
-4.194493770599365234e+00
-4.865064620971679688e+00
-8.043557167053222656e+00
-3.445134639739990234e+00
-3.989774942398071289e+00
-6.935770511627197266e+00
-3.492297410964965820e+00
-2.475213289260864258e+00
-7.105553627014160156e+00
-7.392726421356201172e+00
-2.765455484390258789e+00
-7.018878459930419922e+00
-7.219055652618408203e+00
-2.900759458541870117e+00
-6.719779491424560547e+00
-7.177448749542236328e+00
-1.322432793676853180e-02
-8.710958063602447510e-03
3.752359421923756599e-03
-8.777542039752006531e-03
-1.555435359477996826e-02
-6.155579816550016403e-03
-1.869652606546878815e-02
2.600296866148710251e-03
-3.089453093707561493e-02
-4.378329217433929443e-01
-8.159920573234558105e-01
-3.644889295101165771e-01
-5.077496767044067383e-01
-6.361086368560791016e-01
-1.258584380149841309e+00
-6.172779798507690430e-01
-7.062232494354248047e-01
-2.013424158096313477e+00
-2.888390064239501953e+00
-6.335286617279052734e+00
-1.202623653411865234e+01
-3.502922773361206055e+00
-6.118807315826416016e+00
-1.148212337493896484e+01
-5.780055046081542969e+00
-7.660044670104980469e+00
-1.360797500610351562e+01
-3.249197244644165039e+00
-3.472577810287475586e+00
-2.719660043716430664e+00
-2.124990463256835938e+00
-2.361311674118041992e+00
-2.043840408325195312e+00
-2.274143695831298828e+00
-1.297830462455749512e+00
-2.347154378890991211e+00
-3.617187261581420898e+00
-1.048344802856445312e+01
-8.425225257873535156e+00
-5.626665592193603516e+00
-1.043910694122314453e+01
-5.563948631286621094e+00
-3.674154520034790039e+00
-1.086783790588378906e+01
-4.859296321868896484e+00
-5.722007751464843750e-01
-3.372528553009033203e+00
-6.461871147155761719e+00
-7.419492602348327637e-01
-4.176119327545166016e+00
-7.103269577026367188e+00
-1.081471800804138184e+00
-4.663622379302978516e+00
-7.080997467041015625e+00
-4.111451625823974609e+00
-9.625340461730957031e+00
-8.501388549804687500e+00
-2.602883815765380859e+00
-9.098436355590820312e+00
-7.669785499572753906e+00
-1.917078256607055664e+00
-9.227100372314453125e+00
-7.889885425567626953e+00
-5.984539508819580078e+00
-1.343940353393554688e+01
-1.407434749603271484e+01
-3.431142807006835938e+00
-9.263214111328125000e+00
-9.346557617187500000e+00
-3.007082939147949219e+00
-5.270346164703369141e+00
-3.267727375030517578e+00
-6.413938403129577637e-01
-2.708966016769409180e+00
-5.193896293640136719e+00
-9.220649600028991699e-01
-5.454855918884277344e+00
-8.082633972167968750e+00
-1.421092510223388672e+00
-5.475337028503417969e+00
-8.696489334106445312e+00
-6.799076557159423828e+00
-9.405294418334960938e+00
-1.228965950012207031e+01
-6.106323242187500000e+00
-8.882727622985839844e+00
-1.169426631927490234e+01
-5.063105583190917969e+00
-8.207730293273925781e+00
-1.207630634307861328e+01
-6.780478477478027344e+00
-1.262547016143798828e+01
-1.753082466125488281e+01
-6.794085979461669922e+00
-1.219114303588867188e+01
-1.769005203247070312e+01
-8.079278945922851562e+00
-1.222237873077392578e+01
-1.530396747589111328e+01
1.437698364257812500e+03
1.448901367187500000e+03
1.483006835937500000e+03
1.380357910156250000e+03
1.382264404296875000e+03
1.430660766601562500e+03
1.123095214843750000e+03
1.182916992187500000e+03
1.255258300781250000e+03
1.091611450195312500e+03
1.024915893554687500e+03
8.919586181640625000e+02
1.025311645507812500e+03
9.746483764648437500e+02
8.583597412109375000e+02
1.080843261718750000e+03
1.089594238281250000e+03
9.670482788085937500e+02
1.874281127929687500e+03
1.821465698242187500e+03
1.805601074218750000e+03
1.942133911132812500e+03
1.937770629882812500e+03
1.959750122070312500e+03
1.884996826171875000e+03
1.935545410156250000e+03
1.969458984375000000e+03
3.807904357910156250e+02
3.278674011230468750e+02
3.024033508300781250e+02
4.001359863281250000e+02
3.344653320312500000e+02
2.581364135742187500e+02
3.614125976562500000e+02
2.832121276855468750e+02
2.037229614257812500e+02
5.447744140625000000e+02
4.830847167968750000e+02
4.634946594238281250e+02
4.759770507812500000e+02
4.152373046875000000e+02
4.038236389160156250e+02
3.471517944335937500e+02
3.357401123046875000e+02
3.341645507812500000e+02
6.790350675582885742e-01
1.134329795837402344e+00
1.377851366996765137e+00
1.368205696344375610e-01
1.342846870422363281e+00
1.541039943695068359e+00
5.095022916793823242e-01
2.012971878051757812e+00
2.119370222091674805e+00
3.144095153808593750e+02
3.009576110839843750e+02
3.248700256347656250e+02
3.288703002929687500e+02
3.159682922363281250e+02
3.164108886718750000e+02
2.202736206054687500e+02
2.230958404541015625e+02
2.384783630371093750e+02
1.005819030761718750e+03
9.893683471679687500e+02
9.323369750976562500e+02
7.570420532226562500e+02
7.081394653320312500e+02
6.492177734375000000e+02
5.244998168945312500e+02
4.857016601562500000e+02
5.146203002929687500e+02
2.761445617675781250e+02
2.879800109863281250e+02
2.577952575683593750e+02
3.086685180664062500e+02
3.259813537597656250e+02
2.966336975097656250e+02
3.514629211425781250e+02
3.516336059570312500e+02
3.089204101562500000e+02
2.066200256347656250e+02
2.102600097656250000e+02
1.343257598876953125e+02
2.330920410156250000e+02
2.206965026855468750e+02
1.615537109375000000e+02
3.117469787597656250e+02
2.695289611816406250e+02
1.923483734130859375e+02
3.881447753906250000e+02
3.809024658203125000e+02
3.555838317871093750e+02
3.569396057128906250e+02
3.444974975585937500e+02
3.233009948730468750e+02
2.932786865234375000e+02
2.932511596679687500e+02
2.874384460449218750e+02
6.297345581054687500e+02
5.685702514648437500e+02
5.551933593750000000e+02
6.208719482421875000e+02
5.663020629882812500e+02
5.580280151367187500e+02
5.282484130859375000e+02
4.765643615722656250e+02
4.522987060546875000e+02
7.559922485351562500e+02
7.308029785156250000e+02
6.675645751953125000e+02
8.892243041992187500e+02
9.349350585937500000e+02
8.755307006835937500e+02
1.093906494140625000e+03
1.108289428710937500e+03
1.003263793945312500e+03
4.594846191406250000e+02
4.499858703613281250e+02
4.352131042480468750e+02
3.845372314453125000e+02
3.783674926757812500e+02
3.073096618652343750e+02
3.191690979003906250e+02
3.474816894531250000e+02
2.905623168945312500e+02
1.039673217773437500e+03
9.993980712890625000e+02
9.086397094726562500e+02
1.047793457031250000e+03
1.021483825683593750e+03
8.748097534179687500e+02
1.001273315429687500e+03
9.944833374023437500e+02
8.140000610351562500e+02
1.395106811523437500e+03
1.489069702148437500e+03
1.404324462890625000e+03
1.117736206054687500e+03
1.186274291992187500e+03
1.123883911132812500e+03
9.066688842773437500e+02
9.611710815429687500e+02
1.030315673828125000e+03
-1.074330596923828125e+02
-1.070436935424804688e+02
-1.013708801269531250e+02
-1.033716430664062500e+02
-1.092727432250976562e+02
-8.807751464843750000e+01
-7.777084350585937500e+01
-8.156562805175781250e+01
-8.157539367675781250e+01
-3.543355560302734375e+01
-1.988357162475585938e+01
-1.987996673583984375e+01
-3.312822723388671875e+01
-1.865023612976074219e+01
-1.210194110870361328e+01
-2.551001930236816406e+01
-2.625086402893066406e+01
-2.907650566101074219e+01
-7.884061431884765625e+01
-8.762680816650390625e+01
-8.533383178710937500e+01
-8.925386047363281250e+01
-9.806775665283203125e+01
-9.110706329345703125e+01
-1.155350418090820312e+02
-1.066432800292968750e+02
-1.126122894287109375e+02
-7.038355255126953125e+01
-7.779527282714843750e+01
-1.157781829833984375e+02
-7.162174987792968750e+01
-8.051828765869140625e+01
-1.058284149169921875e+02
-6.187901306152343750e+01
-6.556319427490234375e+01
-7.975776672363281250e+01
-4.847650909423828125e+01
-4.187138366699218750e+01
-3.574268341064453125e+01
-3.775241851806640625e+01
-2.338193511962890625e+01
-2.152443885803222656e+01
-1.813567352294921875e+01
-5.667136192321777344e+00
-1.515914249420166016e+01
-4.758275449275970459e-01
-5.889955759048461914e-01
-1.829013824462890625e-01
-5.392823219299316406e-01
-3.921795487403869629e-01
-1.704182922840118408e-01
-1.278133392333984375e-01
-5.168353021144866943e-02
-1.168603822588920593e-01
-9.489727020263671875e+01
-1.344805450439453125e+02
-1.503618774414062500e+02
-8.413909149169921875e+01
-1.176411285400390625e+02
-1.199334945678710938e+02
-6.597045135498046875e+01
-8.478689575195312500e+01
-7.457014465332031250e+01
-3.150837326049804688e+01
-2.969891929626464844e+01
-1.504825401306152344e+01
-2.505334663391113281e+01
-1.932610511779785156e+01
-5.360902786254882812e+00
-1.895055007934570312e+01
-9.076965332031250000e+00
4.947946965694427490e-01
-1.136455688476562500e+02
-1.121705245971679688e+02
-1.145821838378906250e+02
-9.918317413330078125e+01
-9.882036590576171875e+01
-1.035639190673828125e+02
-7.964601898193359375e+01
-8.031068420410156250e+01
-8.456048583984375000e+01
-1.179947376251220703e+01
2.982531070709228516e+00
-3.313548266887664795e-01
-1.372651100158691406e+01
7.313172817230224609e-01
-5.367354393005371094e+00
-2.075041580200195312e+01
-6.542363166809082031e+00
-9.236886024475097656e+00
-2.613843154907226562e+01
-2.871851730346679688e+01
-2.717653083801269531e+01
-2.622727584838867188e+01
-2.949089241027832031e+01
-2.742209243774414062e+01
-2.497986602783203125e+01
-2.459343719482421875e+01
-2.385387420654296875e+01
-2.080260848999023438e+01
-2.037796401977539062e+01
-8.413743019104003906e+00
-3.153569793701171875e+01
-4.245922470092773438e+01
-3.144600105285644531e+01
-2.564184570312500000e+01
-3.373344421386718750e+01
-2.307295036315917969e+01
-2.558309936523437500e+01
-3.269557952880859375e+01
-4.141652679443359375e+01
-4.500345230102539062e+01
-6.164977264404296875e+01
-8.347219848632812500e+01
-7.040145111083984375e+01
-8.801382446289062500e+01
-1.065430221557617188e+02
-2.348462581634521484e+00
-9.049455642700195312e+00
-6.613430023193359375e+00
-3.049017667770385742e+00
-8.267118453979492188e+00
-6.500709056854248047e+00
-3.684103727340698242e+00
-1.042775344848632812e+01
-8.152108192443847656e+00
-8.417237854003906250e+01
-1.063723754882812500e+02
-1.144620208740234375e+02
-6.787762451171875000e+01
-9.499663543701171875e+01
-9.915278625488281250e+01
-6.288417053222656250e+01
-7.956719970703125000e+01
-6.762129211425781250e+01
-4.896112823486328125e+01
-4.750285720825195312e+01
-3.112438774108886719e+01
-5.807298660278320312e+01
-3.786369323730468750e+01
-2.073031044006347656e+01
-3.502365493774414062e+01
-1.952809715270996094e+01
-2.072376728057861328e+00
-1.230537414550781250e+00
-2.760742425918579102e+00
-6.227162837982177734e+00
1.298108386993408203e+01
1.104557228088378906e+01
4.626856803894042969e+00
1.560851669311523438e+01
8.472242355346679688e+00
6.705615997314453125e+00
-2.989025592803955078e+00
-3.699074506759643555e+00
-4.000351428985595703e+00
5.703114271163940430e-01
2.242619752883911133e+00
4.176528930664062500e+00
8.560858726501464844e+00
6.910491466522216797e+00
7.567688941955566406e+00
2.134144544601440430e+00
-5.402619361877441406e+00
-4.752506256103515625e+00
9.376552581787109375e+00
1.425939440727233887e+00
7.048290967941284180e-02
2.631200981140136719e+01
1.766123962402343750e+01
1.734693336486816406e+01
-5.824201107025146484e+00
-4.949759483337402344e+00
-5.519536018371582031e+00
9.185405731201171875e+00
1.038882827758789062e+01
1.086603736877441406e+01
4.699757099151611328e+00
4.819097042083740234e+00
4.425445079803466797e+00
-6.937972545623779297e+00
-8.351954460144042969e+00
-6.792673110961914062e+00
1.270954132080078125e+01
9.799522399902343750e+00
1.195564746856689453e+01
1.108583259582519531e+01
8.531776428222656250e+00
8.810544013977050781e+00
-1.166186411865055561e-03
-7.175306323915719986e-03
-7.151503581553697586e-03
1.489575300365686417e-02
1.523088477551937103e-02
7.578658871352672577e-03
4.047663824167102575e-04
-1.279972959309816360e-02
-9.840302169322967529e-03
-4.203009605407714844e-01
6.188948154449462891e-01
-3.319813013076782227e-01
-9.510253667831420898e-01
7.618743777275085449e-01
9.027501344680786133e-01
-2.578381001949310303e-01
9.361611008644104004e-01
3.410903811454772949e-01
-2.046379280090332031e+01
-1.878199005126953125e+01
-1.500830936431884766e+01
2.113684463500976562e+01
2.336800765991210938e+01
2.836136436462402344e+01
2.172871017456054688e+01
2.023070335388183594e+01
2.157268142700195312e+01
7.541323304176330566e-01
8.799808621406555176e-01
-1.810377389192581177e-01
9.061626195907592773e-01
1.778989911079406738e+00
1.681318521499633789e+00
-1.615049988031387329e-01
7.477701455354690552e-02
9.503681063652038574e-01
-7.602367997169494629e-01
1.329607609659433365e-02
-1.731537461280822754e+00
-3.350934684276580811e-01
-5.824970006942749023e-01
-6.311165690422058105e-01
-1.293416172266006470e-01
2.869460821151733398e+00
1.848919987678527832e+00
-1.696737170219421387e+00
-2.016621589660644531e+00
-1.953766226768493652e+00
1.750446557998657227e+00
1.661602616310119629e+00
1.544013381004333496e+00
5.714756488800048828e+00
5.732576370239257812e+00
4.729010581970214844e+00
-1.123700737953186035e+00
-5.438543796539306641e+00
-1.009782314300537109e+01
9.400869369506835938e+00
7.359184741973876953e+00
1.718865871429443359e+00
1.699548912048339844e+01
1.708029747009277344e+01
9.616484642028808594e+00
-7.641463875770568848e-01
-1.758370876312255859e+00
-1.769612431526184082e+00
5.742235660552978516e+00
5.924164295196533203e+00
1.648804903030395508e+00
1.472876453399658203e+01
1.407962036132812500e+01
1.071720600128173828e+01
1.223630070686340332e+00
-2.488502025604248047e+00
-4.390331268310546875e+00
1.099696874618530273e+00
-2.628962278366088867e+00
-4.824743270874023438e+00
1.849614977836608887e+00
6.234363913536071777e-01
-2.081682443618774414e+00
-2.892476797103881836e+00
-3.754191398620605469e+00
-4.617546081542968750e+00
6.717429161071777344e+00
4.641990184783935547e+00
8.183830976486206055e-01
1.299155712127685547e+01
9.011441230773925781e+00
6.444187164306640625e+00
-4.035544872283935547e+00
-3.663293600082397461e+00
-4.229749679565429688e+00
1.370167350769042969e+01
1.106901264190673828e+01
1.413909053802490234e+01
2.979084014892578125e+01
2.629245948791503906e+01
2.894545936584472656e+01
5.550216064453125000e+02
6.919743652343750000e+02
8.047171020507812500e+02
4.004104003906250000e+02
5.583568725585937500e+02
6.754957275390625000e+02
4.071432495117187500e+02
5.259713134765625000e+02
3.190322570800781250e+02
1.007162414550781250e+03
1.049124511718750000e+03
9.026434326171875000e+02
1.597154052734375000e+03
1.635580566406250000e+03
1.447455932617187500e+03
6.866466674804687500e+02
6.691209716796875000e+02
5.185521850585937500e+02
1.917296875000000000e+03
1.704124145507812500e+03
1.912545532226562500e+03
1.176058349609375000e+03
1.205088500976562500e+03
1.705952148437500000e+03
7.764136352539062500e+02
9.465017089843750000e+02
8.350057373046875000e+02
1.668220520019531250e+02
-9.301052856445312500e+01
-4.507090377807617188e+01
1.113801269531250000e+02
-7.879508209228515625e+01
4.961523056030273438e+01
1.381479797363281250e+02
-6.369122505187988281e+00
1.818347473144531250e+02
-5.676183700561523438e+01
8.248631286621093750e+01
-9.727357864379882812e+00
6.038706970214843750e+01
2.410745239257812500e+02
1.144752883911132812e+02
8.519320678710937500e+01
9.933110809326171875e+01
1.832362365722656250e+02
9.903351217508316040e-02
1.375046253204345703e+00
7.297224402427673340e-01
1.717905163764953613e+00
1.985692501068115234e+00
2.935410499572753906e+00
-3.905483484268188477e-01
1.366855978965759277e+00
1.760584354400634766e+00
-5.675138473510742188e+01
-9.308064270019531250e+01
-2.690178871154785156e+01
5.012976837158203125e+01
-4.235545730590820312e+01
7.410454559326171875e+01
6.180807876586914062e+01
9.271320343017578125e+01
1.099391784667968750e+02
-5.215547561645507812e+00
5.464696502685546875e+01
2.952466011047363281e+00
1.312253093719482422e+01
1.463734436035156250e+02
1.768126678466796875e+02
7.227671813964843750e+01
1.653390045166015625e+02
2.213041839599609375e+02
2.403666076660156250e+02
1.428189392089843750e+02
2.821853256225585938e+01
1.089843215942382812e+02
-3.252376556396484375e+01
-2.013547821044921875e+02
6.543795013427734375e+01
8.076629638671875000e+01
-1.021558761596679688e+02
3.081660156250000000e+02
1.739053802490234375e+02
4.700848388671875000e+01
4.310041427612304688e+01
-9.636708068847656250e+01
9.172710418701171875e+01
6.389309310913085938e+01
6.118241882324218750e+01
1.775867919921875000e+02
7.091597747802734375e+01
3.347521972656250000e+01
6.765253448486328125e+01
5.744384765625000000e+01
8.687638854980468750e+01
9.168274688720703125e+01
6.042539215087890625e+01
6.390719985961914062e+01
2.533824729919433594e+01
-1.352574310302734375e+02
-3.340746307373046875e+01
1.386533813476562500e+02
-1.219165496826171875e+02
-1.528195343017578125e+02
-9.027800559997558594e+00
-1.064321823120117188e+02
-4.151284790039062500e+01
9.441739654541015625e+01
1.831732910156250000e+03
1.732116943359375000e+03
1.719045410156250000e+03
1.041343505859375000e+03
7.757451782226562500e+02
8.526794433593750000e+02
4.123237304687500000e+02
3.538013000488281250e+02
3.874760131835937500e+02
1.211560897827148438e+02
-2.545726013183593750e+02
-2.439623069763183594e+01
2.243746337890625000e+02
1.865268325805664062e+01
1.026008529663085938e+02
2.607485656738281250e+02
1.625687866210937500e+02
1.288460235595703125e+02
4.869587707519531250e+02
4.493135070800781250e+02
2.186746368408203125e+02
2.935428161621093750e+02
2.710764160156250000e+02
1.806480216979980469e+01
9.250378417968750000e+01
3.861636962890625000e+02
1.443910827636718750e+02
-4.940879821777343750e+00
5.804107666015625000e+02
3.585379943847656250e+02
1.111099624633789062e+02
6.983037719726562500e+02
5.525861206054687500e+02
1.544574279785156250e+02
6.974598388671875000e+02
6.729991455078125000e+02
-2.108839569091796875e+02
-2.655605163574218750e+02
-3.516313781738281250e+02
-2.448404693603515625e+02
-2.967180786132812500e+02
-3.848166198730468750e+02
-2.765149230957031250e+02
-3.263183593750000000e+02
-4.128585815429687500e+02
-3.179071350097656250e+02
-3.706794433593750000e+02
-3.662925720214843750e+02
-3.510413513183593750e+02
-4.079898681640625000e+02
-3.959442443847656250e+02
-3.382673645019531250e+02
-4.031757812500000000e+02
-3.859175415039062500e+02
-4.362443237304687500e+02
-5.089823608398437500e+02
-5.491298217773437500e+02
-4.591308898925781250e+02
-5.503018188476562500e+02
-5.906000976562500000e+02
-4.624395751953125000e+02
-5.883890380859375000e+02
-6.439312133789062500e+02
-2.763493156433105469e+01
-3.253285980224609375e+01
-9.431874275207519531e+00
-1.986208915710449219e+01
-2.445465660095214844e+01
8.563674926757812500e+00
-6.903855323791503906e+00
4.392138481140136719e+00
3.111428833007812500e+01
-1.055023117065429688e+02
-1.578287353515625000e+02
-1.779729766845703125e+02
-1.379083862304687500e+02
-1.768241729736328125e+02
-1.849901733398437500e+02
-1.051338729858398438e+02
-1.424813385009765625e+02
-1.517289581298828125e+02
3.818042576313018799e-02
9.301322698593139648e-02
7.854264974594116211e-02
-5.613173707388341427e-04
-8.168347924947738647e-02
-3.568611145019531250e-01
2.412140220403671265e-01
2.020727545022964478e-01
-2.596682608127593994e-01
5.108694458007812500e+01
6.282744216918945312e+01
6.907683563232421875e+01
4.752027130126953125e+01
6.450220489501953125e+01
5.570756530761718750e+01
5.640833282470703125e+01
7.558261108398437500e+01
5.010279083251953125e+01
-2.691242370605468750e+02
-3.325562438964843750e+02
-3.911275939941406250e+02
-3.218139953613281250e+02
-3.552790832519531250e+02
-3.823031921386718750e+02
-2.981551208496093750e+02
-3.034757080078125000e+02
-3.246720581054687500e+02
2.858657836914062500e+01
3.296649551391601562e+01
3.804083633422851562e+01
3.005192375183105469e+01
2.870846366882324219e+01
3.173010063171386719e+01
4.554659271240234375e+01
3.709592056274414062e+01
3.631501007080078125e+01
-5.416197967529296875e+01
-7.560434722900390625e+01
-6.354852294921875000e+01
-7.264976501464843750e+01
-9.502249145507812500e+01
-7.272103881835937500e+01
-7.732757568359375000e+01
-1.018455963134765625e+02
-7.911721801757812500e+01
-8.589324951171875000e+01
-1.012920303344726562e+02
-1.181196060180664062e+02
-1.053132781982421875e+02
-1.209030075073242188e+02
-1.353592224121093750e+02
-9.977503204345703125e+01
-1.174012603759765625e+02
-1.332245330810546875e+02
-1.103861541748046875e+02
-1.176600494384765625e+02
-1.620512237548828125e+02
-1.305980377197265625e+02
-1.741074676513671875e+02
-2.124214935302734375e+02
-1.526445617675781250e+02
-1.900926971435546875e+02
-2.227939758300781250e+02
-1.812421569824218750e+02
-1.847749176025390625e+02
-1.775961151123046875e+02
-1.507544403076171875e+02
-1.757346038818359375e+02
-1.618027954101562500e+02
-1.487056732177734375e+02
-1.910475463867187500e+02
-1.617772216796875000e+02
-8.080516052246093750e+01
-9.891239929199218750e+01
-1.353168792724609375e+02
-1.375455932617187500e+02
-1.531443176269531250e+02
-1.702268676757812500e+02
-1.368375091552734375e+02
-1.551331939697265625e+02
-1.767200317382812500e+02
-1.534437103271484375e+02
-1.642973480224609375e+02
-1.981402282714843750e+02
-1.952860260009765625e+02
-2.338387298583984375e+02
-2.438061218261718750e+02
-1.934403686523437500e+02
-2.473629760742187500e+02
-2.472348937988281250e+02
-2.692135925292968750e+02
-3.757090454101562500e+02
-4.033901367187500000e+02
-3.490844726562500000e+02
-4.633230895996093750e+02
-4.652592163085937500e+02
-2.929314575195312500e+02
-4.115721435546875000e+02
-3.946285400390625000e+02
1.566391601562500000e+02
1.671311035156250000e+02
1.759412689208984375e+02
1.616845092773437500e+02
1.672800292968750000e+02
1.659633483886718750e+02
1.700456848144531250e+02
1.525760345458984375e+02
1.478483734130859375e+02
5.097494125366210938e+01
6.284040069580078125e+01
8.276176452636718750e+01
4.970087432861328125e+01
6.435068511962890625e+01
8.059288024902343750e+01
5.915097808837890625e+01
8.328547668457031250e+01
1.108632812500000000e+02
1.974951629638671875e+02
1.929655761718750000e+02
1.793111877441406250e+02
1.668049316406250000e+02
1.812821655273437500e+02
1.913622741699218750e+02
1.561946563720703125e+02
1.764076843261718750e+02
2.143576049804687500e+02
7.921356964111328125e+01
9.505510711669921875e+01
1.025898971557617188e+02
7.916339111328125000e+01
9.168170166015625000e+01
1.068887023925781250e+02
7.535491180419921875e+01
8.062439727783203125e+01
9.520248413085937500e+01
6.613401794433593750e+01
7.111848449707031250e+01
7.149167633056640625e+01
6.700444030761718750e+01
5.930268859863281250e+01
7.055206298828125000e+01
7.538544464111328125e+01
7.169962310791015625e+01
8.729583740234375000e+01
2.168709635734558105e-01
1.946670413017272949e-01
6.446356177330017090e-01
4.587667584419250488e-01
4.136207699775695801e-01
8.298273086547851562e-01
6.524513959884643555e-01
7.130406498908996582e-01
7.646006345748901367e-01
6.404074096679687500e+01
8.055738067626953125e+01
8.729289245605468750e+01
6.297055435180664062e+01
7.389785003662109375e+01
8.270235443115234375e+01
7.996484375000000000e+01
8.544973754882812500e+01
9.485536956787109375e+01
3.195945549011230469e+01
4.532690048217773438e+01
6.205701828002929688e+01
3.721665573120117188e+01
4.404545211791992188e+01
5.744794082641601562e+01
5.457827377319335938e+01
4.663834381103515625e+01
5.196332550048828125e+01
1.079470138549804688e+02
1.196590652465820312e+02
1.321225738525390625e+02
1.094204940795898438e+02
1.193844146728515625e+02
1.251477584838867188e+02
1.176446762084960938e+02
1.320854644775390625e+02
1.412054138183593750e+02
3.021948623657226562e+01
4.326494598388671875e+01
2.784850311279296875e+01
2.711700820922851562e+01
4.994457244873046875e+01
3.392609024047851562e+01
3.362906646728515625e+01
3.940004730224609375e+01
4.246174240112304688e+01
4.351884841918945312e+01
4.366276931762695312e+01
3.705859756469726562e+01
4.161085891723632812e+01
4.417427444458007812e+01
3.664201354980468750e+01
4.288376617431640625e+01
4.652913665771484375e+01
4.316413879394531250e+01
9.221561431884765625e+01
6.797992706298828125e+01
3.852481079101562500e+01
1.196755523681640625e+02
8.938391113281250000e+01
5.082178497314453125e+01
1.192322311401367188e+02
8.730403137207031250e+01
4.735503387451171875e+01
4.059634780883789062e+01
4.190527725219726562e+01
7.723460388183593750e+01
5.531715393066406250e+01
6.233916091918945312e+01
1.010465774536132812e+02
6.255955505371093750e+01
7.727610015869140625e+01
1.157807693481445312e+02
4.201813507080078125e+01
3.112604331970214844e+01
3.400362396240234375e+01
5.148341369628906250e+01
2.975749015808105469e+01
2.431655883789062500e+01
5.100425720214843750e+01
2.780312156677246094e+01
1.800009346008300781e+01
1.212068481445312500e+02
1.517806396484375000e+02
1.555360412597656250e+02
1.060413894653320312e+02
1.329573211669921875e+02
1.333320617675781250e+02
1.090701599121093750e+02
1.387622375488281250e+02
1.311988220214843750e+02
5.158011627197265625e+01
7.974484252929687500e+01
9.035670471191406250e+01
5.475263977050781250e+01
8.411297607421875000e+01
8.532250213623046875e+01
7.722355651855468750e+01
1.059799804687500000e+02
8.909739685058593750e+01
6.208615112304687500e+02
7.125843505859375000e+02
7.106792602539062500e+02
5.422863769531250000e+02
6.349747314453125000e+02
5.919906616210937500e+02
4.827174682617187500e+02
5.292523803710937500e+02
4.666635437011718750e+02
3.309427185058593750e+02
3.291927185058593750e+02
3.137084350585937500e+02
3.062266540527343750e+02
2.527834930419921875e+02
2.289993438720703125e+02
2.713407592773437500e+02
2.291244812011718750e+02
2.488744812011718750e+02
7.080114135742187500e+02
7.341945190429687500e+02
6.732499389648437500e+02
7.439801025390625000e+02
8.127681884765625000e+02
7.388432006835937500e+02
7.806887817382812500e+02
8.171069946289062500e+02
7.771680297851562500e+02
3.786931457519531250e+02
3.850678100585937500e+02
3.743425903320312500e+02
3.382249145507812500e+02
3.504435424804687500e+02
3.517618713378906250e+02
2.940133972167968750e+02
3.157737121582031250e+02
2.976027221679687500e+02
2.779213562011718750e+02
2.561036071777343750e+02
2.353795013427734375e+02
1.807559204101562500e+02
1.453605651855468750e+02
1.639884643554687500e+02
2.036609191894531250e+02
1.752738952636718750e+02
1.751255798339843750e+02
2.520621776580810547e+00
2.542138338088989258e+00
2.370378255844116211e+00
1.879922389984130859e+00
2.052194356918334961e+00
1.892150998115539551e+00
1.507439494132995605e+00
1.523049831390380859e+00
1.546265244483947754e+00
3.917973632812500000e+02
4.214736328125000000e+02
4.018844604492187500e+02
3.748609008789062500e+02
4.083167419433593750e+02
3.846304626464843750e+02
3.163159179687500000e+02
3.124835205078125000e+02
2.780034484863281250e+02
1.324005126953125000e+02
1.775692749023437500e+02
1.796320953369140625e+02
8.692443847656250000e+01
1.101711654663085938e+02
9.871572875976562500e+01
1.086095886230468750e+02
9.562825012207031250e+01
7.824802398681640625e+01
5.461665039062500000e+02
5.593739624023437500e+02
5.623461303710937500e+02
4.649201965332031250e+02
4.870242614746093750e+02
5.167354736328125000e+02
4.491110229492187500e+02
4.716470947265625000e+02
4.985787963867187500e+02
1.169324340820312500e+02
1.016819305419921875e+02
7.698302459716796875e+01
1.130941925048828125e+02
1.081710205078125000e+02
1.153045959472656250e+02
1.073792419433593750e+02
1.263933486938476562e+02
1.400627746582031250e+02
1.583645629882812500e+02
1.654015197753906250e+02
1.476439056396484375e+02
1.549688110351562500e+02
1.613040618896484375e+02
1.362650146484375000e+02
1.509575195312500000e+02
1.514541473388671875e+02
1.267770309448242188e+02
1.346651458740234375e+02
1.589362792968750000e+02
1.172845001220703125e+02
1.775102386474609375e+02
2.071202545166015625e+02
1.411338500976562500e+02
1.469484252929687500e+02
1.621717987060546875e+02
9.696797180175781250e+01
3.675747070312500000e+02
3.400459594726562500e+02
3.223076782226562500e+02
4.484632568359375000e+02
4.336561889648437500e+02
4.543468322753906250e+02
4.548167419433593750e+02
4.735198364257812500e+02
5.326148681640625000e+02
4.213595962524414062e+01
5.077925872802734375e+01
4.671498489379882812e+01
5.781056976318359375e+01
5.813157272338867188e+01
2.885596847534179688e+01
8.844780731201171875e+01
7.589794921875000000e+01
3.036343193054199219e+01
5.376210327148437500e+02
5.440872192382812500e+02
5.249030151367187500e+02
4.897875366210937500e+02
4.821250610351562500e+02
4.707535095214843750e+02
4.639802551269531250e+02
4.756733398437500000e+02
4.722908020019531250e+02
3.891862182617187500e+02
4.195318908691406250e+02
4.740858154296875000e+02
2.759526672363281250e+02
3.057789916992187500e+02
3.585760498046875000e+02
2.167910461425781250e+02
2.205177001953125000e+02
2.243912811279296875e+02
3.069452392578125000e+03
2.726239501953125000e+03
2.814510498046875000e+03
3.759601074218750000e+03
3.620288818359375000e+03
3.418629150390625000e+03
3.216755859375000000e+03
3.106659179687500000e+03
2.952676269531250000e+03
-3.733001708984375000e+02
-3.868002929687500000e+02
5.078199157714843750e+02
3.534426574707031250e+02
4.290706176757812500e+02
1.215051635742187500e+03
8.223367309570312500e+02
1.435996093750000000e+03
2.009420410156250000e+03
-6.037393188476562500e+01
3.743093261718750000e+02
4.934988098144531250e+02
1.033839355468750000e+03
2.195091064453125000e+03
2.202456298828125000e+03
2.592979492187500000e+03
4.079908691406250000e+03
3.973000732421875000e+03
2.537529541015625000e+03
2.902731933593750000e+03
2.671860595703125000e+03
2.895948730468750000e+03
3.177526367187500000e+03
2.892348876953125000e+03
2.392556884765625000e+03
2.384844238281250000e+03
2.244959472656250000e+03
1.102321899414062500e+03
1.117009033203125000e+03
5.701082153320312500e+02
1.187141235351562500e+03
1.490722778320312500e+03
1.152175292968750000e+03
8.916562652587890625e+01
4.169208984375000000e+02
4.584143981933593750e+02
4.051573753356933594e+00
2.084653139114379883e+00
9.178320884704589844e+00
6.786062717437744141e+00
1.017701435089111328e+01
1.530274009704589844e+01
4.801343441009521484e+00
6.728888511657714844e+00
1.376187324523925781e+01
2.342844482421875000e+03
2.217423583984375000e+03
2.147401611328125000e+03
2.737192871093750000e+03
2.755838867187500000e+03
2.644066406250000000e+03
2.280779052734375000e+03
2.008395141601562500e+03
1.931633544921875000e+03
1.580532348632812500e+03
1.571068115234375000e+03
4.619586181640625000e+02
2.187790527343750000e+03
1.930979003906250000e+03
9.774507446289062500e+02
6.974636230468750000e+02
7.059312133789062500e+02
2.777194213867187500e+02
2.373605957031250000e+03
2.430644042968750000e+03
2.560592285156250000e+03
2.759628173828125000e+03
2.965079833984375000e+03
3.022969726562500000e+03
2.768798339843750000e+03
2.771151855468750000e+03
2.663029296875000000e+03
-4.126759338378906250e+02
-1.912962493896484375e+02
3.186632156372070312e+00
-6.046182632446289062e+00
1.084673767089843750e+02
3.782176208496093750e+02
4.546813354492187500e+02
4.074393920898437500e+02
5.556539916992187500e+02
3.079873352050781250e+02
7.184304046630859375e+01
-5.960412216186523438e+01
5.233308105468750000e+02
3.086013488769531250e+02
1.842405242919921875e+02
3.199519958496093750e+02
1.993905944824218750e+02
1.608415985107421875e+02
8.311248779296875000e+02
7.159682006835937500e+02
3.894546813964843750e+02
1.529952880859375000e+03
1.952672119140625000e+03
7.815610351562500000e+02
1.101881103515625000e+03
1.352743286132812500e+03
2.462025146484375000e+02
1.222670043945312500e+03
1.931603393554687500e+03
2.454410400390625000e+03
2.745847656250000000e+03
3.905988525390625000e+03
4.200913085937500000e+03
4.019083984375000000e+03
5.492909179687500000e+03
5.491933593750000000e+03
8.863283081054687500e+02
6.761240234375000000e+02
6.566112060546875000e+02
1.000027770996093750e+03
4.468873901367187500e+02
3.028572082519531250e+02
7.680072631835937500e+02
1.702698364257812500e+02
-4.333581161499023438e+01
2.338701171875000000e+03
2.059974853515625000e+03
1.612080810546875000e+03
3.096909179687500000e+03
3.093437255859375000e+03
2.675288574218750000e+03
2.619402587890625000e+03
3.250403564453125000e+03
2.937545898437500000e+03
3.553666305541992188e+01
4.728075866699218750e+02
8.624199218750000000e+02
1.412671264648437500e+03
2.176919189453125000e+03
2.353616455078125000e+03
2.345063934326171875e+02
1.289165771484375000e+03
1.461440429687500000e+03
1.141929443359375000e+03
1.161126953125000000e+03
1.183988525390625000e+03
1.047239013671875000e+03
1.065471069335937500e+03
1.098256591796875000e+03
9.770711669921875000e+02
1.004405639648437500e+03
1.061392578125000000e+03
7.102693481445312500e+02
7.779246826171875000e+02
8.201799926757812500e+02
6.952698974609375000e+02
7.731416625976562500e+02
8.244844360351562500e+02
7.320216064453125000e+02
8.117859497070312500e+02
8.421129150390625000e+02
1.405966430664062500e+03
1.449844726562500000e+03
1.524233154296875000e+03
1.431584228515625000e+03
1.480053466796875000e+03
1.575939086914062500e+03
1.475773315429687500e+03
1.534594848632812500e+03
1.612642822265625000e+03
5.032105407714843750e+02
4.880617980957031250e+02
4.634791870117187500e+02
4.697591857910156250e+02
4.495993652343750000e+02
4.210641174316406250e+02
4.316156311035156250e+02
4.188626403808593750e+02
4.074731750488281250e+02
4.497691955566406250e+02
4.732067871093750000e+02
4.879757995605468750e+02
4.489765625000000000e+02
4.444388427734375000e+02
4.821300964355468750e+02
4.113100585937500000e+02
4.187573852539062500e+02
4.502247314453125000e+02
3.123971462249755859e+00
3.070955514907836914e+00
3.158837080001831055e+00
3.211832523345947266e+00
3.082036495208740234e+00
2.928447961807250977e+00
2.566025257110595703e+00
2.986597299575805664e+00
3.054059982299804688e+00
4.846416015625000000e+02
4.727156066894531250e+02
4.755552978515625000e+02
4.839110717773437500e+02
4.772310180664062500e+02
4.717298889160156250e+02
4.283152160644531250e+02
4.337705993652343750e+02
4.480720520019531250e+02
4.879425659179687500e+02
5.158281860351562500e+02
6.202346191406250000e+02
3.958453063964843750e+02
4.561414794921875000e+02
5.794986572265625000e+02
4.120466918945312500e+02
4.399556884765625000e+02
5.442639770507812500e+02
7.085117797851562500e+02
7.095243530273437500e+02
6.763537597656250000e+02
7.092374877929687500e+02
7.031835327148437500e+02
6.751395874023437500e+02
6.870675048828125000e+02
6.829318847656250000e+02
6.604254150390625000e+02
2.474986114501953125e+02
2.434682006835937500e+02
2.387798156738281250e+02
2.735324096679687500e+02
2.686467285156250000e+02
2.390897979736328125e+02
2.624519653320312500e+02
2.488229370117187500e+02
2.162490692138671875e+02
3.172100524902343750e+02
3.273446655273437500e+02
3.379741516113281250e+02
3.090513305664062500e+02
3.252478332519531250e+02
3.462759704589843750e+02
3.103488769531250000e+02
3.327644958496093750e+02
3.486497802734375000e+02
3.606252746582031250e+02
4.017421569824218750e+02
3.609304809570312500e+02
3.172418212890625000e+02
3.404892272949218750e+02
3.208214416503906250e+02
3.303107299804687500e+02
3.289481506347656250e+02
3.217278137207031250e+02
6.474558715820312500e+02
6.947956542968750000e+02
7.137500000000000000e+02
6.923798828125000000e+02
7.248688964843750000e+02
7.242656250000000000e+02
6.846880493164062500e+02
6.941572265625000000e+02
6.822146606445312500e+02
1.816619415283203125e+02
1.925300903320312500e+02
2.078501281738281250e+02
1.321192779541015625e+02
1.230730743408203125e+02
1.583303985595703125e+02
1.424096221923828125e+02
1.617698211669921875e+02
1.954480133056640625e+02
9.466693725585937500e+02
1.005238281250000000e+03
1.061892089843750000e+03
8.987274780273437500e+02
9.321085205078125000e+02
9.740399780273437500e+02
8.847270507812500000e+02
9.071119384765625000e+02
9.357990112304687500e+02
8.269790039062500000e+02
8.552825927734375000e+02
9.396210937500000000e+02
7.848640747070312500e+02
8.410744628906250000e+02
9.411600341796875000e+02
7.925001831054687500e+02
8.355756835937500000e+02
9.076726684570312500e+02
