3.644635677337646484e+00
3.350897073745727539e+00
4.660550355911254883e-01
2.243328666687011719e+01
3.826968908309936523e+00
5.476206302642822266e+00
5.822219371795654297e+00
1.385389041900634766e+01
1.055455780029296875e+02
6.918161869049072266e+00
8.014059066772460938e+00
8.780040740966796875e+00
1.955546379089355469e+01
1.183025550842285156e+01
3.182785034179687500e+00
6.548650264739990234e+00
-2.852843093872070312e+01
-1.396994876861572266e+01
-1.426475811004638672e+01
-1.705506134033203125e+02
-3.419348144531250000e+01
-6.140192413330078125e+01
-6.066012573242187500e+01
-5.908624649047851562e+01
-6.621688842773437500e+02
-4.268746566772460938e+01
-2.732072448730468750e+01
-8.050770568847656250e+01
-1.498723602294921875e+02
-4.215071868896484375e+01
-4.230379867553710938e+01
-2.365169715881347656e+01
4.497420191764831543e-01
2.311980128288269043e-01
2.020684480667114258e-01
1.909427285194396973e+00
3.453169763088226318e-01
8.171960711479187012e-01
5.945802330970764160e-01
7.303342223167419434e-01
6.934096813201904297e+00
7.654611468315124512e-01
1.891207695007324219e-01
9.063969850540161133e-01
2.001952648162841797e+00
4.765197038650512695e-01
4.309057295322418213e-01
5.041896700859069824e-01
1.395155620574951172e+01
7.906129837036132812e+00
7.152518749237060547e+00
7.504553985595703125e+01
1.088042449951171875e+01
2.981858253479003906e+01
2.108487319946289062e+01
2.838337898254394531e+01
2.427964782714843750e+02
2.542122650146484375e+01
1.263224124908447266e+01
4.060050582885742188e+01
7.695162200927734375e+01
2.473786926269531250e+01
1.342367935180664062e+01
1.367961978912353516e+01
6.734952926635742188e-01
2.336515039205551147e-01
1.646061092615127563e-01
2.765649557113647461e+00
6.746829152107238770e-01
1.184455633163452148e+00
8.535533547401428223e-01
1.659450531005859375e+00
1.132049655914306641e+01
7.889871001243591309e-01
7.225728631019592285e-01
1.707514166831970215e+00
1.918372035026550293e+00
1.134583711624145508e+00
4.615722596645355225e-01
9.763762354850769043e-01
1.420303821563720703e+00
8.224626779556274414e-01
7.544401288032531738e-01
1.028801059722900391e+01
2.130734205245971680e+00
3.326094150543212891e+00
3.011002302169799805e+00
5.811916351318359375e+00
4.465829086303710938e+01
3.369263410568237305e+00
1.843903541564941406e+00
5.310227394104003906e+00
1.002474212646484375e+01
3.549481868743896484e+00
2.870934009552001953e+00
1.810672998428344727e+00
-5.194141995161771774e-03
5.234762653708457947e-02
8.087136596441268921e-02
-1.957680657505989075e-02
6.099858134984970093e-02
1.146333441138267517e-01
2.523196861147880554e-02
1.351869851350784302e-01
-9.901698827743530273e-01
-2.360416110605001450e-03
-8.828696794807910919e-03
9.655793756246566772e-02
-1.124834418296813965e-01
-1.488028187304735184e-02
-2.916693501174449921e-02
4.606276750564575195e-03
2.648578405380249023e+00
1.674365282058715820e+00
1.395223498344421387e+00
1.074613189697265625e+01
2.090065002441406250e+00
5.526772022247314453e+00
3.894104957580566406e+00
1.154397487640380859e+01
2.935563278198242188e+01
3.405616521835327148e+00
2.970339059829711914e+00
7.112344741821289062e+00
1.018225479125976562e+01
3.399492740631103516e+00
1.756530284881591797e+00
8.072727203369140625e+00
3.856397628784179688e+00
1.989924192428588867e+00
1.803727030754089355e+00
2.555242156982421875e+01
6.121799945831298828e+00
7.378051757812500000e+00
1.081459236145019531e+01
1.340250205993652344e+01
1.068032684326171875e+02
5.632332324981689453e+00
3.367129087448120117e+00
1.304276943206787109e+01
2.112437057495117188e+01
6.156680107116699219e+00
7.555862426757812500e+00
3.487248182296752930e+00
1.718379855155944824e+00
1.442464947700500488e+00
1.084156036376953125e+00
9.824633598327636719e+00
1.675021648406982422e+00
4.392028808593750000e+00
2.297284841537475586e+00
4.706417560577392578e+00
3.118316459655761719e+01
4.050015926361083984e+00
2.674907922744750977e+00
5.235510349273681641e+00
1.160494327545166016e+01
4.269761085510253906e+00
1.451964139938354492e+00
1.922881960868835449e+00
5.070818901062011719e+00
4.457191944122314453e+00
3.639058589935302734e+00
6.410070800781250000e+01
1.454716873168945312e+01
1.610981369018554688e+01
2.424847602844238281e+01
1.572155094146728516e+01
2.862357177734375000e+02
1.629636573791503906e+01
8.241925239562988281e+00
1.837238121032714844e+01
6.072190856933593750e+01
1.178247737884521484e+01
2.364626502990722656e+01
3.338240146636962891e+00
1.367375135421752930e+00
6.663159728050231934e-01
5.841150283813476562e-01
1.930457472801208496e+00
2.606506645679473877e-01
1.625293374061584473e+00
6.035903096199035645e-01
9.290335774421691895e-01
2.244047403335571289e+00
5.986472368240356445e-01
4.435425102710723877e-01
1.294354915618896484e+00
2.408575773239135742e+00
6.591057777404785156e-01
4.333488941192626953e-01
1.279524087905883789e+00
1.839523762464523315e-01
2.139902412891387939e-01
1.856463700532913208e-01
8.324212431907653809e-01
2.724145948886871338e-01
3.221007883548736572e-01
1.579048484563827515e-01
8.653290271759033203e-01
3.185023307800292969e+00
6.551114320755004883e-01
2.865965366363525391e-01
9.611855149269104004e-01
1.215217828750610352e+00
4.398909807205200195e-01
2.321083545684814453e-01
3.211455047130584717e-01
-1.006757497787475586e+00
-1.691703200340270996e-01
-5.731082558631896973e-01
-5.033252239227294922e+00
-6.631697416305541992e-01
-1.997948646545410156e+00
-1.940600633621215820e+00
1.859245538711547852e+00
-1.514665603637695312e+01
-8.997806310653686523e-01
4.321655631065368652e-02
-1.570249319076538086e+00
-5.215612888336181641e+00
-1.107475608587265015e-01
-2.725777387619018555e+00
2.104390859603881836e-01
1.005403473973274231e-01
1.124398484826087952e-01
1.058805850334465504e-03
1.125206589698791504e+00
3.047129809856414795e-01
3.179485797882080078e-01
3.890396058559417725e-01
1.011579394340515137e+00
6.532823085784912109e+00
9.896945208311080933e-02
3.873545229434967041e-01
1.718913465738296509e-01
7.654886245727539062e-01
7.239950299263000488e-01
5.791355967521667480e-01
4.132463932037353516e-01
5.710040092468261719e+00
2.441556930541992188e+00
2.586562156677246094e+00
2.385467147827148438e+01
3.633452177047729492e+00
9.651381492614746094e+00
8.459534645080566406e+00
1.128757286071777344e+01
7.545090484619140625e+01
5.925367832183837891e+00
4.024157524108886719e+00
1.519542217254638672e+01
2.099214744567871094e+01
7.527111053466796875e+00
3.685423374176025391e+00
6.522293090820312500e+00
-3.154063015244901180e-04
9.728186996653676033e-04
-4.035724559798836708e-04
2.322288695722818375e-03
1.952604216057807207e-04
2.953679533675312996e-03
1.537820789963006973e-04
-5.029732128605246544e-04
6.904506124556064606e-03
3.215677803382277489e-03
8.965834276750683784e-04
-3.255079500377178192e-04
2.982394769787788391e-03
6.995745934545993805e-06
1.679439563304185867e-03
6.596320872631622478e-06
1.139421176910400391e+01
6.059641361236572266e+00
6.535834312438964844e+00
7.112666320800781250e+01
1.429948329925537109e+01
2.336646652221679688e+01
2.553142738342285156e+01
3.128700637817382812e+01
2.896047668457031250e+02
1.781734466552734375e+01
1.360536193847656250e+01
3.102675437927246094e+01
6.223229217529296875e+01
2.148018074035644531e+01
2.033695602416992188e+01
1.358940696716308594e+01
-7.496636509895324707e-01
-4.858986437320709229e-01
-5.646622776985168457e-01
-2.109303474426269531e+00
-3.814747333526611328e-01
-1.058920979499816895e+00
-5.818548798561096191e-01
-1.488731741905212402e+00
-4.840927600860595703e+00
-6.956555247306823730e-01
-5.849291086196899414e-01
-1.346845507621765137e+00
-3.025253772735595703e+00
-8.975905179977416992e-01
-2.407842129468917847e-01
-1.055441021919250488e+00
8.925518989562988281e-01
4.314044117927551270e-01
3.105858862400054932e-01
2.096462249755859375e+00
1.839581727981567383e-01
1.118256449699401855e+00
6.574795842170715332e-01
7.121971845626831055e-01
7.686600685119628906e+00
1.294654607772827148e+00
9.136002659797668457e-01
9.593109488487243652e-01
1.849407196044921875e+00
3.681065142154693604e-01
4.142365753650665283e-01
1.175330519676208496e+00
5.058151245117187500e+00
2.299304723739624023e+00
2.749837875366210938e+00
2.481075477600097656e+01
3.988836288452148438e+00
9.845644950866699219e+00
9.875865936279296875e+00
2.712864875793457031e+00
6.971187591552734375e+01
4.883960247039794922e+00
2.143325805664062500e+00
1.164716148376464844e+01
2.330866432189941406e+01
4.573807239532470703e+00
7.678658485412597656e+00
4.234545230865478516e+00
3.719772100448608398e+00
2.900165557861328125e+00
1.661163926124572754e+00
1.489103317260742188e+01
2.673449277877807617e+00
6.049486160278320312e+00
3.493678092956542969e+00
8.176743507385253906e+00
4.210553359985351562e+01
4.414041519165039062e+00
1.732474446296691895e+00
6.599024772644042969e+00
2.205694770812988281e+01
5.142056941986083984e+00
7.310743808746337891e+00
5.036285877227783203e+00
2.910768091678619385e-01
-7.268399745225906372e-02
-7.391510605812072754e-01
5.216742515563964844e+00
1.144902408123016357e-01
8.059559762477874756e-02
3.194190859794616699e-01
1.226021647453308105e+00
1.719612312316894531e+01
1.389749407768249512e+00
9.892115592956542969e-01
2.566946744918823242e+00
2.612442255020141602e+00
3.255610466003417969e+00
4.040117561817169189e-01
1.267212986946105957e+00
-2.899253845214843750e+00
-2.178669929504394531e+00
-1.705396056175231934e+00
-2.067821693420410156e+01
-4.312342643737792969e+00
-7.188511848449707031e+00
-8.939729690551757812e+00
-7.005583286285400391e+00
-8.589454650878906250e+01
-4.727784633636474609e+00
-2.609758615493774414e+00
-8.865303993225097656e+00
-1.964345550537109375e+01
-3.869126319885253906e+00
-5.923963546752929688e+00
-3.930673837661743164e+00
6.371079012751579285e-03
7.866302505135536194e-03
1.882572658360004425e-02
3.381214737892150879e-01
3.118141926825046539e-02
8.140262961387634277e-02
1.413452625274658203e-01
-3.917587399482727051e-01
7.027080059051513672e-01
1.342482492327690125e-02
7.321383059024810791e-02
-9.015601128339767456e-02
8.602371066808700562e-02
4.972264915704727173e-02
-1.740824803709983826e-02
1.846185177564620972e-01
3.233512863516807556e-02
4.835784807801246643e-02
8.117124438285827637e-03
-3.154405206441879272e-02
1.821458339691162109e-01
-9.082132019102573395e-03
7.480426877737045288e-02
2.513901889324188232e-01
1.242041945457458496e+00
-4.064054787158966064e-02
4.024846944957971573e-03
-3.625530600547790527e-01
9.480897337198257446e-03
-9.508029371500015259e-02
-1.588047295808792114e-02
3.717504441738128662e-02
2.974586375057697296e-02
3.689458593726158142e-02
8.523967117071151733e-02
3.986580967903137207e-01
1.395376622676849365e-01
3.485153988003730774e-02
1.441901624202728271e-01
1.851804852485656738e+00
3.049734354019165039e+00
2.767094671726226807e-01
9.783939272165298462e-02
5.332516431808471680e-01
5.576999187469482422e-01
9.512431174516677856e-02
2.468502148985862732e-02
2.629232704639434814e-01
-7.356707006692886353e-02
9.027420543134212494e-03
1.578445881605148315e-01
-4.000994563102722168e-01
-2.274161949753761292e-02
-1.841983348131179810e-01
2.001001872122287750e-02
1.312914937734603882e-01
-5.650416016578674316e-01
-6.465582549571990967e-02
-1.825861781835556030e-01
-1.937193870544433594e-01
2.370740026235580444e-01
-4.096052348613739014e-01
2.913638949394226074e-02
5.653787031769752502e-02
-5.655971542000770569e-02
7.247032523155212402e-01
1.236444354057312012e+00
8.273419380187988281e+00
2.842180252075195312e+00
5.964616537094116211e-01
3.913861274719238281e+00
9.695317268371582031e+00
4.273814773559570312e+01
3.343233108520507812e+00
2.684050321578979492e+00
7.565800189971923828e+00
8.662185668945312500e+00
2.398855686187744141e+00
3.244201183319091797e+00
2.468482017517089844e+00
-8.827972412109375000e-02
-1.412816438823938370e-02
-1.487324759364128113e-02
-3.109774291515350342e-01
-1.334493607282638550e-01
-1.064222082495689392e-01
-2.374595850706100464e-01
-3.652289211750030518e-01
-2.227603435516357422e+00
1.728523895144462585e-02
-6.504134088754653931e-02
-1.962595582008361816e-01
-8.271016925573348999e-02
-6.476571317762136459e-03
-2.472891472280025482e-03
-3.692252933979034424e-02
1.232079410552978516e+01
7.055589675903320312e+00
7.331189632415771484e+00
7.100500488281250000e+01
1.477183341979980469e+01
2.250384140014648438e+01
2.604985046386718750e+01
3.157180976867675781e+01
2.762436218261718750e+02
2.056270217895507812e+01
1.277205371856689453e+01
3.811298370361328125e+01
6.822591400146484375e+01
2.167888450622558594e+01
1.617389678955078125e+01
9.753890991210937500e+00
-3.478633463382720947e-01
-5.500382781028747559e-01
-3.176165372133255005e-02
-5.254922866821289062e+00
-1.059665083885192871e+00
-1.293771982192993164e+00
-1.117531657218933105e+00
-3.740071296691894531e+00
-2.663677215576171875e+01
-2.745058298110961914e+00
-1.539525270462036133e+00
-2.462222337722778320e+00
-6.779435157775878906e+00
-2.659513473510742188e+00
-1.295817613601684570e+00
-3.259600996971130371e-01
