2.628977050781250000e+03
2.576967285156250000e+03
2.304634277343750000e+03
2.791631591796875000e+03
2.689630371093750000e+03
2.420229492187500000e+03
2.670645263671875000e+03
2.548298828125000000e+03
2.353103759765625000e+03
3.034823303222656250e+02
2.804721069335937500e+02
2.426389770507812500e+02
2.872021484375000000e+02
2.864429016113281250e+02
2.689887695312500000e+02
2.806099243164062500e+02
2.891795654296875000e+02
2.865991210937500000e+02
1.427410278320312500e+03
1.314992553710937500e+03
1.172533447265625000e+03
1.522052612304687500e+03
1.418187866210937500e+03
1.278539062500000000e+03
1.639476196289062500e+03
1.560901123046875000e+03
1.441133422851562500e+03
3.309764099121093750e+02
3.434890747070312500e+02
3.773333129882812500e+02
4.104970092773437500e+02
4.016677856445312500e+02
4.025402221679687500e+02
4.025666503906250000e+02
3.696908264160156250e+02
3.446181945800781250e+02
1.992322540283203125e+02
1.896048278808593750e+02
1.843379364013671875e+02
2.081331787109375000e+02
1.926911010742187500e+02
1.871927795410156250e+02
1.886591186523437500e+02
1.670532226562500000e+02
1.610648498535156250e+02
5.059812545776367188e+01
5.414608764648437500e+01
5.008610534667968750e+01
5.930354309082031250e+01
7.944725799560546875e+01
8.106822967529296875e+01
4.104261398315429688e+01
5.639605331420898438e+01
6.009008026123046875e+01
2.641139831542968750e+02
2.612861022949218750e+02
2.733512268066406250e+02
3.026442565917968750e+02
2.805368041992187500e+02
2.723742675781250000e+02
2.699210510253906250e+02
2.563632202148437500e+02
2.495998992919921875e+02
1.234859863281250000e+03
1.309474243164062500e+03
1.249674682617187500e+03
1.190684448242187500e+03
1.260061889648437500e+03
1.176294067382812500e+03
1.099561401367187500e+03
1.175259887695312500e+03
1.119188842773437500e+03
2.271949462890625000e+03
2.452234863281250000e+03
2.543760498046875000e+03
2.842657714843750000e+03
3.023733398437500000e+03
2.963733398437500000e+03
2.744086181640625000e+03
2.908673339843750000e+03
2.850486083984375000e+03
2.057329254150390625e+02
1.906673889160156250e+02
2.028549957275390625e+02
2.563476562500000000e+02
2.274228668212890625e+02
2.257201690673828125e+02
2.622906188964843750e+02
2.510500793457031250e+02
2.299743194580078125e+02
1.229788696289062500e+03
1.180174072265625000e+03
1.106204467773437500e+03
1.299237548828125000e+03
1.185367065429687500e+03
1.148221435546875000e+03
1.343143676757812500e+03
1.222319213867187500e+03
1.215910522460937500e+03
6.239791870117187500e+02
5.781009521484375000e+02
5.762268066406250000e+02
6.915484008789062500e+02
6.352860717773437500e+02
6.172523803710937500e+02
7.151212158203125000e+02
6.156467895507812500e+02
6.080929565429687500e+02
5.429533691406250000e+02
5.334997558593750000e+02
5.577844238281250000e+02
7.157681884765625000e+02
7.050755615234375000e+02
7.139636230468750000e+02
8.561295776367187500e+02
8.348227539062500000e+02
7.929202270507812500e+02
1.817649383544921875e+02
1.500996398925781250e+02
1.401986236572265625e+02
1.596510467529296875e+02
1.251165924072265625e+02
1.116038513183593750e+02
1.441203002929687500e+02
1.171922302246093750e+02
1.122999267578125000e+02
1.799756591796875000e+03
1.757892822265625000e+03
1.877870239257812500e+03
1.956203369140625000e+03
1.900925292968750000e+03
1.938691528320312500e+03
2.033566528320312500e+03
1.902283081054687500e+03
1.852959716796875000e+03
1.272713256835937500e+03
1.395783325195312500e+03
1.105089721679687500e+03
1.462762695312500000e+03
1.580916259765625000e+03
1.341191772460937500e+03
1.377886230468750000e+03
1.470830444335937500e+03
1.389504516601562500e+03
-5.666043701171875000e+02
-6.103549194335937500e+02
-6.053676147460937500e+02
-5.695094604492187500e+02
-6.284378662109375000e+02
-5.842461547851562500e+02
-5.936256103515625000e+02
-6.680670776367187500e+02
-5.951977539062500000e+02
-4.365021514892578125e+01
-5.648136138916015625e+01
-5.254195022583007812e+01
-4.312056732177734375e+01
-5.204008483886718750e+01
-3.831082153320312500e+01
-4.439726257324218750e+01
-5.031480026245117188e+01
-3.516548919677734375e+01
-3.015202636718750000e+02
-3.422766723632812500e+02
-2.992231750488281250e+02
-2.981735534667968750e+02
-3.487894592285156250e+02
-3.182097167968750000e+02
-3.158497314453125000e+02
-3.269205322265625000e+02
-3.372645874023437500e+02
-1.884239349365234375e+02
-1.772120056152343750e+02
-1.720464630126953125e+02
-1.828522186279296875e+02
-1.582353057861328125e+02
-1.613294067382812500e+02
-1.846607513427734375e+02
-1.559780883789062500e+02
-1.501681976318359375e+02
-4.768194580078125000e+01
-4.931637573242187500e+01
-5.330678939819335938e+01
-5.019060134887695312e+01
-4.239303970336914062e+01
-4.815945816040039062e+01
-6.180794906616210938e+01
-4.975683593750000000e+01
-4.428803634643554688e+01
-3.110339164733886719e+01
-3.127715301513671875e+01
-4.576552963256835938e+01
-3.583887863159179688e+01
-3.239570617675781250e+01
-3.588478088378906250e+01
-3.339182662963867188e+01
-3.826364898681640625e+01
-2.875111961364746094e+01
-1.609358367919921875e+02
-1.607677917480468750e+02
-1.519647674560546875e+02
-1.250259857177734375e+02
-1.283538818359375000e+02
-1.170956115722656250e+02
-1.262257308959960938e+02
-1.261343231201171875e+02
-1.094133148193359375e+02
-6.450306701660156250e+01
-9.948663330078125000e+01
-1.623146667480468750e+02
-3.170569992065429688e+01
-5.711315536499023438e+01
-1.017575378417968750e+02
-3.326540756225585938e+01
-5.590932083129882812e+01
-8.997492980957031250e+01
-1.612688598632812500e+03
-1.589367675781250000e+03
-1.510280395507812500e+03
-1.627967041015625000e+03
-1.588465332031250000e+03
-1.516576293945312500e+03
-1.394103027343750000e+03
-1.410217041015625000e+03
-1.363633056640625000e+03
-6.754917144775390625e+01
-9.769137573242187500e+01
-7.521063995361328125e+01
-5.758941268920898438e+01
-7.115236663818359375e+01
-6.778703308105468750e+01
-3.717875671386718750e+01
-6.325521850585937500e+01
-6.921892547607421875e+01
-2.622835388183593750e+02
-2.771008300781250000e+02
-2.659766845703125000e+02
-2.439840850830078125e+02
-2.655483398437500000e+02
-2.528994445800781250e+02
-2.995496520996093750e+02
-3.060868530273437500e+02
-2.855095214843750000e+02
-5.176463317871093750e+01
-3.920513916015625000e+01
-3.909423065185546875e+01
-4.774872970581054688e+01
-4.179299926757812500e+01
-6.443988037109375000e+01
-8.535196685791015625e+01
-4.774266433715820312e+01
-7.028147125244140625e+01
-1.448131256103515625e+02
-9.673236846923828125e+01
-7.600621032714843750e+01
-1.899544677734375000e+02
-1.503144683837890625e+02
-1.140834579467773438e+02
-1.620890960693359375e+02
-1.249120254516601562e+02
-1.283844909667968750e+02
-1.021827030181884766e+01
-7.961787223815917969e+00
-6.472809314727783203e+00
-6.883055210113525391e+00
-1.269836044311523438e+01
1.913768291473388672e+00
-7.793858528137207031e+00
-1.205986595153808594e+01
-1.125488853454589844e+01
-5.755578002929687500e+02
-5.731024780273437500e+02
-5.666035156250000000e+02
-5.703184204101562500e+02
-5.311301269531250000e+02
-5.288275146484375000e+02
-5.549091186523437500e+02
-4.817908935546875000e+02
-5.313533935546875000e+02
-1.685040893554687500e+02
-2.118841857910156250e+02
-3.088782958984375000e+02
-1.021975250244140625e+02
-1.716728668212890625e+02
-2.348524475097656250e+02
-1.332792358398437500e+02
-1.902426452636718750e+02
-2.144946746826171875e+02
-7.121232910156250000e+02
-7.010614624023437500e+02
-7.337349853515625000e+02
-5.926380004882812500e+02
-5.605693969726562500e+02
-5.832570190429687500e+02
-5.054695739746093750e+02
-5.308128051757812500e+02
-5.472961425781250000e+02
-1.005389328002929688e+02
-1.082471160888671875e+02
-1.153955917358398438e+02
-7.800819396972656250e+01
-1.050456314086914062e+02
-1.217012023925781250e+02
-7.061785888671875000e+01
-1.088522262573242188e+02
-1.238694458007812500e+02
-3.519829711914062500e+02
-3.912514953613281250e+02
-3.890694580078125000e+02
-3.332906799316406250e+02
-3.729528503417968750e+02
-3.706025390625000000e+02
-3.053018493652343750e+02
-3.701347351074218750e+02
-3.553137207031250000e+02
-1.341129760742187500e+02
-1.434570465087890625e+02
-1.456162872314453125e+02
-1.389143371582031250e+02
-1.446197967529296875e+02
-1.397724151611328125e+02
-1.262119979858398438e+02
-1.236315612792968750e+02
-1.268953018188476562e+02
-3.677051544189453125e+01
-3.962099838256835938e+01
-4.263842773437500000e+01
-2.089678764343261719e+01
-3.037642097473144531e+01
-4.455284500122070312e+01
-1.194916629791259766e+01
-2.088680458068847656e+01
-3.074526977539062500e+01
-1.170134925842285156e+01
-1.214689826965332031e+01
-1.340264129638671875e+01
-1.897245788574218750e+01
-1.573765850067138672e+01
-2.046981239318847656e+01
-2.124803924560546875e+01
-2.495890045166015625e+01
-2.353704261779785156e+01
-9.626812744140625000e+01
-1.035710220336914062e+02
-1.140318908691406250e+02
-1.042000885009765625e+02
-1.028588027954101562e+02
-9.598085021972656250e+01
-7.220938873291015625e+01
-7.000216674804687500e+01
-7.415954589843750000e+01
-2.053686981201171875e+02
-2.238629608154296875e+02
-1.374619903564453125e+02
-7.445748901367187500e+01
-8.142980194091796875e+01
-5.947237014770507812e+01
-3.391320037841796875e+01
-7.848318481445312500e+01
-1.236883926391601562e+02
-6.706461791992187500e+02
-6.934607543945312500e+02
-7.665284423828125000e+02
-8.934569091796875000e+02
-8.450750732421875000e+02
-8.422983398437500000e+02
-8.815993652343750000e+02
-8.071161499023437500e+02
-7.697481689453125000e+02
-4.638747024536132812e+01
-5.181886291503906250e+01
-6.808921813964843750e+01
-6.625139617919921875e+01
-6.127587127685546875e+01
-6.487216949462890625e+01
-7.218482208251953125e+01
-6.255009460449218750e+01
-4.905701828002929688e+01
-3.127728271484375000e+02
-3.002410888671875000e+02
-2.965628356933593750e+02
-2.376907348632812500e+02
-2.364690399169921875e+02
-2.628688964843750000e+02
-1.802846374511718750e+02
-2.101753692626953125e+02
-2.574971618652343750e+02
-1.439871368408203125e+02
-1.673464660644531250e+02
-1.173843078613281250e+02
-1.126888656616210938e+02
-1.443735656738281250e+02
-6.588067626953125000e+01
-1.144895706176757812e+02
-9.412039184570312500e+01
-3.207580566406250000e+00
-2.245674285888671875e+02
-3.369125671386718750e+02
-3.332212829589843750e+02
-2.199830322265625000e+02
-3.225030212402343750e+02
-3.145651245117187500e+02
-2.689710693359375000e+02
-3.236864318847656250e+02
-2.844071960449218750e+02
-4.402024459838867188e+01
-4.663039779663085938e+01
-3.928492355346679688e+01
-2.843041229248046875e+01
-2.316791534423828125e+01
-2.053722381591796875e+01
-1.752686691284179688e+01
-1.461417484283447266e+01
-1.983019256591796875e+01
-5.866728515625000000e+02
-6.763590087890625000e+02
-6.748383789062500000e+02
-4.975628356933593750e+02
-5.333179931640625000e+02
-5.890917358398437500e+02
-4.308355407714843750e+02
-4.588030700683593750e+02
-5.207164916992187500e+02
-2.559606475830078125e+02
-2.355873870849609375e+02
-2.591854553222656250e+02
-2.087055664062500000e+02
-1.864051055908203125e+02
-2.264183044433593750e+02
-1.853666381835937500e+02
-2.125381927490234375e+02
-2.877766723632812500e+02
3.020880937576293945e+00
3.138144254684448242e+00
3.321794271469116211e+00
4.902240276336669922e+00
5.297350883483886719e+00
5.033422946929931641e+00
1.583905816078186035e+00
1.711333274841308594e+00
2.093458652496337891e+00
3.204883337020874023e-01
2.487164586782455444e-01
3.777606785297393799e-01
6.119286417961120605e-01
5.660458207130432129e-01
7.068676948547363281e-01
2.424684762954711914e-01
7.300377637147903442e-02
3.036549687385559082e-02
3.076717138290405273e+00
1.925667405128479004e+00
2.149773597717285156e+00
2.813536643981933594e+00
1.539854526519775391e+00
9.803447127342224121e-01
1.123552918434143066e+00
8.817207217216491699e-01
4.399477839469909668e-01
3.519622683525085449e-01
4.132316112518310547e-01
4.601332247257232666e-01
4.303468465805053711e-01
4.795969128608703613e-01
6.265579462051391602e-01
-3.433416411280632019e-02
2.256850302219390869e-01
2.867442965507507324e-01
5.332915578037500381e-03
1.908377185463905334e-02
1.298132836818695068e-01
8.454606533050537109e-01
1.124333143234252930e+00
8.436124920845031738e-01
2.463424205780029297e-02
1.221245303750038147e-01
1.569367647171020508e-01
8.827985078096389771e-02
0.000000000000000000e+00
0.000000000000000000e+00
1.664426773786544800e-01
-1.186496019363403320e-02
8.246305398643016815e-03
0.000000000000000000e+00
0.000000000000000000e+00
6.319131702184677124e-02
6.450328230857849121e-01
4.480363428592681885e-01
1.547088921070098877e-01
4.009171202778816223e-02
2.038667500019073486e-01
1.921223700046539307e-01
2.697514370083808899e-02
1.022494137287139893e-01
1.233662068843841553e-01
5.529383182525634766e+00
5.561728954315185547e+00
3.603941440582275391e+00
3.749193191528320312e+00
3.425037622451782227e+00
2.529658794403076172e+00
1.651621699333190918e+00
8.768213987350463867e-01
1.204682111740112305e+00
-1.470870338380336761e-03
4.400807619094848633e-01
6.472856998443603516e-01
1.867351382970809937e-01
6.411539316177368164e-01
1.153472781181335449e+00
3.348734676837921143e-01
1.214681863784790039e+00
2.020040988922119141e+00
5.228602886199951172e-01
3.796444833278656006e-01
5.300054550170898438e-01
7.470897436141967773e-01
2.266006320714950562e-01
3.776150643825531006e-01
9.017369151115417480e-02
1.114200577139854431e-01
-3.203374892473220825e-02
2.282079458236694336e+00
1.312861204147338867e+00
1.312063336372375488e+00
2.692354679107666016e+00
2.007953405380249023e+00
1.683456420898437500e+00
1.266690611839294434e+00
9.123635292053222656e-01
4.348470866680145264e-01
1.242824673652648926e+00
1.774966359138488770e+00
1.897682309150695801e+00
2.506700515747070312e+00
2.071830749511718750e+00
1.624948620796203613e+00
1.394046545028686523e+00
1.638653278350830078e+00
5.384281277656555176e-01
3.816363215446472168e-01
4.573637843132019043e-01
1.235635280609130859e+00
1.104462265968322754e+00
1.016186833381652832e+00
1.719491481781005859e+00
4.600557088851928711e-01
4.557280540466308594e-01
5.721922516822814941e-01
7.304404973983764648e-01
4.416883289813995361e-01
8.618568181991577148e-01
3.612644374370574951e-01
1.691050082445144653e-01
4.932698905467987061e-01
4.718991816043853760e-01
1.974274963140487671e-01
1.286769360303878784e-01
1.917348980903625488e+00
1.691920161247253418e+00
3.229933738708496094e+00
9.482841491699218750e-01
4.001931548118591309e-01
7.789121866226196289e-01
6.395552158355712891e-01
1.129773736000061035e+00
7.533378601074218750e-01
2.629693269729614258e+00
2.061435461044311523e+00
1.370844721794128418e+00
1.969782233238220215e+00
1.746784090995788574e+00
1.378399014472961426e+00
1.146983981132507324e+00
1.382119536399841309e+00
7.315303087234497070e-01
3.838994140625000000e+02
3.924060668945312500e+02
3.153230590820312500e+02
3.648345336914062500e+02
3.536967773437500000e+02
3.001655578613281250e+02
3.608430480957031250e+02
3.221945495605468750e+02
2.545902557373046875e+02
8.785834312438964844e+00
1.494881057739257812e+01
3.125987243652343750e+01
3.700095176696777344e+00
1.341092967987060547e+01
3.223383331298828125e+01
2.295526266098022461e+00
1.601222038269042969e+01
3.494893264770507812e+01
1.815475463867187500e+02
1.493541412353515625e+02
1.119160079956054688e+02
1.847287445068359375e+02
1.610380859375000000e+02
1.181892013549804688e+02
1.773651275634765625e+02
1.625168457031250000e+02
1.182665176391601562e+02
7.890213012695312500e+01
1.101594161987304688e+02
9.859152984619140625e+01
9.279472351074218750e+01
1.212626190185546875e+02
9.881851959228515625e+01
9.732289886474609375e+01
1.233101043701171875e+02
9.680245971679687500e+01
2.723205947875976562e+01
1.799217033386230469e+01
1.388118362426757812e+01
2.148402023315429688e+01
1.360126590728759766e+01
1.001898956298828125e+01
2.122297477722167969e+01
1.369964122772216797e+01
8.896154403686523438e+00
9.424603462219238281e+00
1.156845283508300781e+01
1.410829544067382812e+01
5.941497802734375000e+00
4.723503589630126953e+00
7.591185092926025391e+00
6.474177837371826172e+00
5.841252803802490234e+00
9.279191017150878906e+00
6.683538055419921875e+01
8.550033569335937500e+01
7.197921752929687500e+01
7.438731384277343750e+01
8.995940399169921875e+01
7.641988372802734375e+01
7.401052093505859375e+01
8.249571990966796875e+01
6.831752014160156250e+01
1.372073516845703125e+02
9.600150299072265625e+01
4.517352294921875000e+01
1.078206176757812500e+02
7.526673889160156250e+01
3.616703414916992188e+01
7.470961761474609375e+01
4.559308242797851562e+01
6.883251190185546875e+00
4.589023742675781250e+02
6.032295532226562500e+02
6.484616699218750000e+02
5.229854736328125000e+02
6.848227539062500000e+02
7.143421630859375000e+02
5.561598510742187500e+02
6.823236694335937500e+02
6.801740112304687500e+02
4.798762798309326172e+00
1.422060585021972656e+01
2.547712135314941406e+01
9.923271179199218750e+00
1.992436599731445312e+01
2.816776847839355469e+01
1.594914722442626953e+01
2.458281898498535156e+01
2.998548316955566406e+01
1.787393188476562500e+02
1.298217468261718750e+02
9.468261718750000000e+01
1.689850769042968750e+02
1.149390182495117188e+02
8.459075164794921875e+01
1.510046691894531250e+02
1.014814682006835938e+02
8.199415588378906250e+01
1.378803710937500000e+02
9.998907470703125000e+01
4.969170761108398438e+01
1.485385284423828125e+02
9.771085357666015625e+01
3.691763687133789062e+01
1.385139007568359375e+02
9.162022399902343750e+01
3.210350799560546875e+01
6.485752105712890625e+01
9.728281402587890625e+01
1.410116577148437500e+02
7.242942047119140625e+01
1.101019134521484375e+02
1.511005706787109375e+02
9.127292633056640625e+01
1.318460540771484375e+02
1.732071075439453125e+02
2.116289138793945312e+01
1.809877014160156250e+01
1.032887268066406250e+01
1.969260978698730469e+01
1.339560699462890625e+01
7.043207168579101562e+00
1.993038749694824219e+01
1.242102718353271484e+01
3.664775609970092773e+00
2.945654602050781250e+02
3.028495483398437500e+02
2.903470153808593750e+02
2.989388427734375000e+02
3.081068115234375000e+02
3.019559631347656250e+02
3.226350097656250000e+02
3.278262329101562500e+02
3.054786987304687500e+02
9.076104736328125000e+01
9.364044952392578125e+01
8.620833587646484375e+01
9.021543121337890625e+01
9.429862976074218750e+01
8.117648315429687500e+01
8.955154418945312500e+01
8.697807312011718750e+01
6.879256439208984375e+01
6.797103404998779297e+00
6.395841598510742188e+00
-2.285122871398925781e+00
4.140839099884033203e+00
1.494158864021301270e+00
-7.142622470855712891e+00
2.799392938613891602e+00
1.645663380622863770e+00
-8.752564430236816406e+00
3.172588586807250977e+00
2.052893161773681641e+00
-8.955549597740173340e-01
4.248027801513671875e+00
2.312075376510620117e+00
-2.434501886367797852e+00
1.714820384979248047e+00
2.034316509962081909e-01
-3.599421501159667969e+00
8.710968971252441406e+00
5.070040225982666016e+00
8.904064893722534180e-01
7.721968173980712891e+00
-1.190024912357330322e-01
-3.479220271110534668e-01
3.569403648376464844e+00
-4.012669563293457031e+00
-5.254562854766845703e+00
4.803456366062164307e-01
-4.137935638427734375e+00
-2.974056482315063477e+00
-4.413439929485321045e-01
-4.343152999877929688e+00
-4.407123088836669922e+00
2.286136150360107422e-03
-2.619854450225830078e+00
-3.282254457473754883e+00
6.376887559890747070e-01
8.087633848190307617e-01
-4.673258960247039795e-02
7.252279520034790039e-01
3.111969232559204102e-01
2.686844021081924438e-02
5.565193295478820801e-01
-3.388677537441253662e-01
-9.156319499015808105e-02
-4.525205790996551514e-01
-8.708772659301757812e-01
-1.304288387298583984e+00
2.303651906549930573e-02
-2.115517854690551758e-01
-8.719606399536132812e-01
-6.477075219154357910e-01
-4.213292896747589111e-01
-1.083732485771179199e+00
-4.496974349021911621e-01
4.846404492855072021e-01
-5.130999088287353516e-01
-1.299516797065734863e+00
-1.738513633608818054e-02
-5.769831538200378418e-01
4.709255099296569824e-01
-1.687047332525253296e-01
-6.263620853424072266e-01
5.258927941322326660e-01
1.772597074508666992e+00
7.585402011871337891e+00
-2.038174629211425781e+00
-2.771900177001953125e+00
-1.033511161804199219e+00
2.402733266353607178e-01
-5.155338048934936523e-01
-4.844910800457000732e-01
4.833152770996093750e+00
-2.871000528335571289e+00
-8.275229454040527344e+00
-3.133648395538330078e+00
-1.259317684173583984e+01
-1.065214920043945312e+01
-5.940196037292480469e+00
-7.781836509704589844e+00
-6.875384330749511719e+00
2.257156610488891602e+00
9.540530443191528320e-01
-2.326776027679443359e+00
-2.133308172225952148e+00
-7.271865010261535645e-02
-6.393680572509765625e-01
-4.422841072082519531e-01
-2.103137493133544922e+00
-1.519497990608215332e+00
4.012904167175292969e+00
3.710577726364135742e+00
-2.493924379348754883e+00
3.905218124389648438e+00
3.672811031341552734e+00
-3.419498920440673828e+00
1.825733900070190430e+00
1.366815686225891113e+00
-3.949364662170410156e+00
3.365842819213867188e+00
2.259816825389862061e-01
6.887318193912506104e-02
1.752592563629150391e+00
-2.069848537445068359e+00
-5.432703495025634766e-01
6.185048222541809082e-01
-2.541376590728759766e+00
2.404914051294326782e-01
9.307936668395996094e+00
4.282557964324951172e-02
-3.623929500579833984e+00
8.420866012573242188e+00
3.793314695358276367e-01
-5.457243919372558594e+00
4.408371925354003906e+00
-3.980438709259033203e+00
-2.639394760131835938e+00
1.930095814168453217e-02
-3.983071446418762207e-01
-1.218411207199096680e+00
8.145070075988769531e-01
2.017162442207336426e-01
-8.403923511505126953e-01
3.967978954315185547e-01
9.216188192367553711e-01
-3.476035222411155701e-02
6.310708999633789062e+00
4.786877632141113281e+00
-2.105740308761596680e+00
6.098143577575683594e+00
-3.321029663085937500e+00
-4.194212913513183594e+00
3.998002529144287109e+00
3.992711305618286133e+00
-3.507859230041503906e+00
5.750236988067626953e+00
1.012783622741699219e+01
1.286532431840896606e-01
4.306325912475585938e+00
3.023239612579345703e+00
-7.459585666656494141e+00
9.011821746826171875e-01
3.199777603149414062e+00
-8.603061676025390625e+00
-3.025188684463500977e+00
-1.196989154815673828e+01
-4.347760009765625000e+01
-3.385484695434570312e+00
-1.489973068237304688e+01
-4.419009017944335938e+01
-3.833221435546875000e+00
-1.829470062255859375e+01
-4.382117843627929688e+01
-3.986095190048217773e+00
-9.803816795349121094e+00
-1.387593269348144531e+01
-4.659056186676025391e+00
-1.080720424652099609e+01
-1.440267944335937500e+01
-4.381243228912353516e+00
-9.459063529968261719e+00
-1.139519977569580078e+01
-1.229771137237548828e+01
-2.595062828063964844e+01
-3.506547927856445312e+01
-9.722398757934570312e+00
-2.548666572570800781e+01
-3.658695983886718750e+01
-1.129301834106445312e+01
-2.336736488342285156e+01
-3.351024627685546875e+01
-5.197483539581298828e+00
-9.969424247741699219e+00
-3.118452548980712891e+00
-4.676744461059570312e+00
-7.970321655273437500e+00
-2.299563646316528320e+00
-5.567048549652099609e+00
-8.364672660827636719e+00
-2.844842910766601562e+00
-1.817767620086669922e+00
-2.983612775802612305e+00
-3.335109233856201172e+00
-1.979875802993774414e+00
-3.029437303543090820e+00
-2.822657585144042969e+00
-2.545567274093627930e+00
-3.054093837738037109e+00
-1.838448762893676758e+00
-6.899170875549316406e-01
-6.299914121627807617e-01
-4.120506048202514648e-01
-3.073812127113342285e-01
-2.516150772571563721e-01
-2.594558000564575195e-01
-5.401159524917602539e-01
3.274165093898773193e-02
-7.915896177291870117e-02
-8.219239115715026855e-01
-5.991982296109199524e-03
8.294545114040374756e-02
-1.928394138813018799e-01
-4.616962373256683350e-02
-1.781869381666183472e-01
-1.460524350404739380e-01
8.452147990465164185e-02
-9.200793504714965820e-02
-7.159265041351318359e+00
-1.902479362487792969e+01
-2.949553108215332031e+01
-9.268633842468261719e+00
-1.712382698059082031e+01
-2.707353210449218750e+01
-1.495022201538085938e+01
-2.318756866455078125e+01
-2.799719619750976562e+01
-6.645542144775390625e+00
-1.112486934661865234e+01
-6.390218257904052734e+00
-1.219417810440063477e+00
-1.139996409416198730e+00
-3.415095806121826172e+00
-2.606166005134582520e-01
-1.452708989381790161e-01
-4.757104218006134033e-01
-6.161976337432861328e+00
-1.593217182159423828e+01
-8.964622497558593750e+00
-5.025560379028320312e+00
-1.349651336669921875e+01
-7.308749198913574219e+00
-4.938560962677001953e+00
-1.422371196746826172e+01
-7.475006103515625000e+00
-4.340275287628173828e+00
-1.757115364074707031e+01
-2.906383132934570312e+01
-4.851294994354248047e+00
-2.002294921875000000e+01
-3.243212127685546875e+01
-7.679013729095458984e+00
-2.189388084411621094e+01
-3.134229469299316406e+01
-3.950487852096557617e+00
-1.519030857086181641e+01
-1.852444267272949219e+01
-3.009038686752319336e+00
-1.422828769683837891e+01
-1.875962066650390625e+01
-3.503829479217529297e+00
-1.413156700134277344e+01
-1.910466194152832031e+01
-1.031748962402343750e+01
-1.338953495025634766e+01
-1.784720611572265625e+01
-7.293276786804199219e+00
-1.050270748138427734e+01
-1.154054927825927734e+01
-3.196301460266113281e+00
-5.043665409088134766e+00
-7.231554985046386719e+00
-1.196932494640350342e-01
-1.852991580963134766e+00
-4.316336631774902344e+00
-5.646121501922607422e-01
-3.051260471343994141e+00
-4.974650859832763672e+00
-1.771210551261901855e+00
-4.441430568695068359e+00
-7.365323543548583984e+00
-1.357411289215087891e+01
-2.727354431152343750e+01
-3.516218948364257812e+01
-9.405212402343750000e+00
-2.195619201660156250e+01
-3.260684585571289062e+01
-6.458944797515869141e+00
-1.861461067199707031e+01
-3.165634918212890625e+01
-1.130204868316650391e+01
-2.614875602722167969e+01
-2.447446060180664062e+01
-1.282921695709228516e+01
-2.663718605041503906e+01
-2.206068420410156250e+01
-1.625942420959472656e+01
-2.774375724792480469e+01
-1.896243286132812500e+01
1.325025390625000000e+03
1.377765747070312500e+03
1.379518676757812500e+03
1.258311157226562500e+03
1.282118286132812500e+03
1.293522705078125000e+03
1.086604370117187500e+03
1.150104492187500000e+03
1.182764160156250000e+03
2.415773620605468750e+02
2.239363098144531250e+02
1.866118316650390625e+02
2.220902404785156250e+02
2.067325134277343750e+02
1.719220123291015625e+02
2.233300323486328125e+02
2.174854125976562500e+02
1.824403991699218750e+02
8.482059936523437500e+02
8.284530639648437500e+02
7.936323242187500000e+02
8.865131835937500000e+02
8.661455688476562500e+02
8.343772583007812500e+02
8.306397705078125000e+02
8.234075317382812500e+02
8.200665893554687500e+02
1.475144653320312500e+02
1.236738357543945312e+02
1.184097213745117188e+02
1.567518157958984375e+02
1.268404617309570312e+02
1.126757354736328125e+02
1.467577056884765625e+02
1.093187179565429688e+02
9.382749938964843750e+01
9.035974884033203125e+01
7.942066955566406250e+01
7.740655517578125000e+01
7.510399627685546875e+01
6.578858947753906250e+01
6.798332977294921875e+01
6.219762420654296875e+01
5.688923645019531250e+01
5.596021652221679688e+01
1.259179115295410156e+00
4.241040706634521484e+00
7.393858909606933594e+00
-3.938176870346069336e+00
2.944463491439819336e+00
2.980731964111328125e+00
3.443154335021972656e+00
9.826641082763671875e+00
5.930552482604980469e+00
8.785128021240234375e+01
8.399195861816406250e+01
9.585533142089843750e+01
1.036470108032226562e+02
9.499697113037109375e+01
1.003805694580078125e+02
7.655265808105468750e+01
6.506933593750000000e+01
7.335023498535156250e+01
8.092994384765625000e+02
7.860994873046875000e+02
7.835449218750000000e+02
6.145837402343750000e+02
5.505050048828125000e+02
5.277705688476562500e+02
4.558461608886718750e+02
4.042682495117187500e+02
4.035195312500000000e+02
4.463250427246093750e+02
4.842587890625000000e+02
4.817437744140625000e+02
4.960333557128906250e+02
5.469932250976562500e+02
5.382769775390625000e+02
5.731278076171875000e+02
5.851831054687500000e+02
5.532837524414062500e+02
7.855352783203125000e+01
8.611135864257812500e+01
6.573375701904296875e+01
9.154248046875000000e+01
9.372244262695312500e+01
7.321324157714843750e+01
1.136925811767578125e+02
1.095048599243164062e+02
7.950006103515625000e+01
6.827475585937500000e+02
6.861411132812500000e+02
6.382188720703125000e+02
6.410466308593750000e+02
6.309140625000000000e+02
5.800010375976562500e+02
5.298609008789062500e+02
5.253144531250000000e+02
5.063075256347656250e+02
3.533362426757812500e+02
3.407784729003906250e+02
3.450322875976562500e+02
3.394104003906250000e+02
3.326067199707031250e+02
3.195550231933593750e+02
3.034575805664062500e+02
2.939167785644531250e+02
2.860165405273437500e+02
5.178272705078125000e+02
4.936680908203125000e+02
4.621523437500000000e+02
5.356498413085937500e+02
5.497147216796875000e+02
5.103914184570312500e+02
5.999931030273437500e+02
6.034888305664062500e+02
5.511459350585937500e+02
1.034645309448242188e+02
9.918319702148437500e+01
9.512393951416015625e+01
1.011913757324218750e+02
9.559199523925781250e+01
7.845303344726562500e+01
8.366882324218750000e+01
8.775236511230468750e+01
7.054746246337890625e+01
1.086451904296875000e+03
1.025688110351562500e+03
9.227350463867187500e+02
1.063196411132812500e+03
1.011633178710937500e+03
8.419230346679687500e+02
9.936246948242187500e+02
9.453206787109375000e+02
7.713120727539062500e+02
8.039705810546875000e+02
8.587440185546875000e+02
8.026647338867187500e+02
6.386926269531250000e+02
6.749618530273437500e+02
6.276042480468750000e+02
5.169685058593750000e+02
5.526266479492187500e+02
5.536207885742187500e+02
-5.645520019531250000e+01
-5.580464553833007812e+01
-4.132484054565429688e+01
-4.730806350708007812e+01
-3.948621368408203125e+01
-2.387373733520507812e+01
-4.052572250366210938e+01
-3.055944442749023438e+01
-1.710396385192871094e+01
-2.665994405746459961e+00
-2.344467878341674805e+00
-1.368821263313293457e+00
-1.360416889190673828e+00
-1.032864212989807129e+00
-6.964642405509948730e-01
-1.029272079467773438e+00
-6.289640069007873535e-01
-4.168472811579704285e-02
-2.164250183105468750e+01
-1.302880954742431641e+01
-1.218454360961914062e+01
-2.409581184387207031e+01
-1.639979362487792969e+01
-1.508981418609619141e+01
-2.356779098510742188e+01
-1.913402938842773438e+01
-1.999655532836914062e+01
-1.827199745178222656e+01
-1.486660385131835938e+01
-1.860224914550781250e+01
-1.469446182250976562e+01
-1.194615268707275391e+01
-1.419128513336181641e+01
-1.121952056884765625e+01
-8.359880447387695312e+00
-9.214918136596679688e+00
-4.497293949127197266e+00
-2.291274785995483398e+00
-3.181195735931396484e+00
-2.934217453002929688e+00
-6.746105551719665527e-01
-1.868155717849731445e+00
-2.182094097137451172e+00
-4.274368286132812500e-01
-1.170349836349487305e+00
-4.214591026306152344e+00
-2.652520656585693359e+00
-2.406937599182128906e+00
-2.983874082565307617e+00
-1.107901573181152344e+00
-5.030863881111145020e-01
-6.853103041648864746e-01
-1.794412374496459961e+00
-1.330569624900817871e+00
-1.909883499145507812e+01
-1.827318954467773438e+01
-1.471129322052001953e+01
-1.391230201721191406e+01
-1.257710742950439453e+01
-1.279642868041992188e+01
-6.694025039672851562e+00
-3.994793653488159180e+00
-3.430152654647827148e+00
-4.636394500732421875e+00
-6.805040836334228516e+00
-5.568843841552734375e+00
2.336384654045104980e-01
-1.206357598304748535e+00
-1.523656129837036133e+00
-4.384444713592529297e+00
1.605063557624816895e+00
-2.105612516403198242e+00
-1.420820007324218750e+02
-1.310809020996093750e+02
-1.199556427001953125e+02
-1.321099395751953125e+02
-1.296993255615234375e+02
-1.158680877685546875e+02
-1.071717529296875000e+02
-9.365092468261718750e+01
-8.847632598876953125e+01
-4.526496887207031250e+00
-5.124243736267089844e+00
-1.217392802238464355e+00
-5.723062992095947266e+00
-7.252219676971435547e+00
-4.864183902740478516e+00
-2.831003665924072266e+00
-5.392352104187011719e+00
-4.041834831237792969e+00
-2.230573272705078125e+01
-1.842594528198242188e+01
-1.896112442016601562e+01
-2.354331398010253906e+01
-1.835025215148925781e+01
-1.701818656921386719e+01
-1.968431854248046875e+01
-1.408260917663574219e+01
-1.480199527740478516e+01
-2.450110912322998047e+00
-1.036227464675903320e+00
-1.517800331115722656e+00
-5.993715763092041016e+00
-5.045711517333984375e+00
7.125443220138549805e-01
-5.321175575256347656e+00
-5.789718627929687500e+00
-5.510647773742675781e+00
-5.919069290161132812e+00
-2.468227148056030273e+00
-4.846135616302490234e+00
-1.300558090209960938e+01
-6.843029022216796875e+00
-9.528700828552246094e+00
-1.462991523742675781e+01
-1.517437267303466797e+01
-1.729646492004394531e+01
-9.702265262603759766e-03
-1.382049798965454102e+00
-1.139218285679817200e-01
-1.625814437866210938e+00
-4.293488562107086182e-01
1.199201270937919617e-01
-5.362581014633178711e-01
-8.022388815879821777e-01
1.582791447639465332e+00
-4.559556579589843750e+01
-5.013333892822265625e+01
-4.571624755859375000e+01
-3.756995010375976562e+01
-3.238334274291992188e+01
-3.921725082397460938e+01
-3.019286727905273438e+01
-2.323111343383789062e+01
-2.705472946166992188e+01
-1.477080631256103516e+01
-1.303671360015869141e+01
-7.424641132354736328e+00
-1.382527923583984375e+01
-7.262031555175781250e+00
-3.644203662872314453e+00
-1.042779254913330078e+01
-1.724075317382812500e+00
-4.297896385192871094e+00
1.569336547851562500e+02
1.224996566772460938e+02
2.580586051940917969e+01
2.087098541259765625e+02
1.752189331054687500e+02
1.020405654907226562e+02
1.901127014160156250e+02
1.808593902587890625e+02
1.296451263427734375e+02
3.509756088256835938e+00
2.363760471343994141e+00
6.230935573577880859e+00
1.466561412811279297e+01
1.214850139617919922e+01
1.036633872985839844e+01
2.483777046203613281e+01
2.039348030090332031e+01
1.805846977233886719e+01
6.564644622802734375e+01
3.808831024169921875e+01
2.207475280761718750e+01
8.078366851806640625e+01
5.129048919677734375e+01
3.292524719238281250e+01
1.114724349975585938e+02
9.223815155029296875e+01
7.472042846679687500e+01
1.096353149414062500e+01
2.272240877151489258e+00
3.664766311645507812e+00
2.516038703918457031e+01
2.772349357604980469e+01
2.224555206298828125e+01
8.491090774536132812e+00
6.490411758422851562e+00
4.573455810546875000e+00
1.096738147735595703e+01
6.823183059692382812e+00
9.426587820053100586e-01
2.518161201477050781e+01
2.303038787841796875e+01
1.740774917602539062e+01
2.222463798522949219e+01
2.169615554809570312e+01
1.902861785888671875e+01
3.729502111673355103e-02
-2.477979287505149841e-02
-2.408656664192676544e-02
1.256158709526062012e+00
1.435700654983520508e-01
3.013942837715148926e-01
2.093613386154174805e+00
1.843609333038330078e+00
-1.488763809204101562e+00
3.910917758941650391e+00
7.552859783172607422e+00
-5.384004116058349609e-01
3.177385091781616211e+00
6.438881397247314453e+00
2.152688026428222656e+00
1.966720581054687500e+00
5.801279544830322266e+00
2.361561536788940430e+00
7.350852203369140625e+01
3.852643585205078125e+01
-1.802457237243652344e+01
2.470632781982421875e+02
2.494147491455078125e+02
1.669953918457031250e+02
2.107980346679687500e+02
2.159814758300781250e+02
1.642743225097656250e+02
2.803060722351074219e+01
4.023598861694335938e+01
3.350597763061523438e+01
4.009649276733398438e+01
4.099731063842773438e+01
2.548739051818847656e+01
2.383958244323730469e+01
2.039618492126464844e+01
7.633179664611816406e+00
4.789772510528564453e+00
9.379773139953613281e+00
9.115997314453125000e+00
3.151210308074951172e+00
7.150349140167236328e+00
4.520889520645141602e-01
1.160805130004882812e+01
1.344382858276367188e+01
9.496104240417480469e+00
5.985141754150390625e+01
2.585236358642578125e+01
1.068775463104248047e+01
9.243994140625000000e+01
6.283422088623046875e+01
4.655522918701171875e+01
1.159811859130859375e+02
9.397831726074218750e+01
7.964333343505859375e+01
8.023698425292968750e+01
7.206616973876953125e+01
2.830242538452148438e+01
1.057871246337890625e+02
9.876800537109375000e+01
5.870508575439453125e+01
1.185469665527343750e+02
1.022461700439453125e+02
7.219969177246093750e+01
1.718600845336914062e+01
3.282855606079101562e+01
3.433148956298828125e+01
4.279021453857421875e+01
4.625203704833984375e+01
3.432374191284179688e+01
6.172028732299804688e+01
7.011572265625000000e+01
5.026628875732421875e+01
2.172325515747070312e+01
2.039025306701660156e+01
1.019841098785400391e+01
1.766132926940917969e+01
1.227345085144042969e+01
1.073445415496826172e+01
1.827242660522460938e+01
1.429450607299804688e+01
1.201714324951171875e+01
1.123046569824218750e+02
7.203617858886718750e+01
4.617156219482421875e+01
1.487732238769531250e+02
1.170506362915039062e+02
6.138193893432617188e+01
1.661131134033203125e+02
1.464153137207031250e+02
9.192896270751953125e+01
7.381730651855468750e+01
5.342226791381835938e+01
4.257539749145507812e+00
1.224432830810546875e+02
1.016260986328125000e+02
6.653799438476562500e+01
1.625844421386718750e+02
1.316531372070312500e+02
1.268805999755859375e+02
9.382417297363281250e+01
2.423288345336914062e+01
5.760403823852539062e+01
6.447013854980468750e+01
1.204485893249511719e+01
4.385375213623046875e+01
6.167028427124023438e+01
1.334622097015380859e+01
2.707846260070800781e+01
1.583021354675292969e+01
7.363672733306884766e+00
1.045068454742431641e+01
1.614413261413574219e+01
5.877517223358154297e+00
9.516151428222656250e+00
6.073263287544250488e-01
-9.503815650939941406e+00
-3.614859580993652344e+00
7.338557434082031250e+01
4.631411743164062500e+01
3.000785827636718750e+01
3.974263381958007812e+01
2.720232772827148438e+01
1.666714859008789062e+01
2.010944938659667969e+01
6.758838176727294922e+00
-5.480483531951904297e+00
1.331064701080322266e-01
8.320197105407714844e+00
6.593494415283203125e+00
6.621177196502685547e-01
5.918774604797363281e+00
8.298603057861328125e+00
-1.683822274208068848e+00
1.390571355819702148e+00
8.537559509277343750e+00
6.829994916915893555e-01
5.800930857658386230e-01
-2.632369995117187500e-01
2.928345918655395508e+00
2.842735528945922852e+00
1.509487748146057129e+00
4.371312141418457031e+00
1.850645780563354492e+00
1.674425959587097168e+00
9.235152006149291992e-01
4.138822555541992188e+00
2.187206745147705078e-01
2.467972278594970703e+00
1.823899745941162109e+00
-1.280458450317382812e+00
3.090893745422363281e+00
-2.612539529800415039e-01
2.057223916053771973e-01
5.060096740722656250e+00
2.945266246795654297e+00
3.484034538269042969e+00
4.225056648254394531e+00
-3.312713503837585449e-01
6.796464443206787109e+00
1.420955896377563477e+00
-3.695991337299346924e-01
8.337292671203613281e+00
-4.137717723846435547e+00
4.465309143066406250e+00
-6.131953239440917969e+00
-3.205543994903564453e+00
2.883189439773559570e+00
3.853304624557495117e+00
1.525646591186523438e+01
2.214147949218750000e+01
1.023745632171630859e+01
7.026614379882812500e+01
5.488443756103515625e+01
4.468854141235351562e+01
1.075501060485839844e+01
8.723403930664062500e+00
-6.777514934539794922e+00
9.307876586914062500e+00
1.391138744354248047e+01
5.259734392166137695e-01
-4.109488487243652344e+00
-7.051966190338134766e+00
-6.263002872467041016e+00
-5.985044479370117188e+00
-9.412498474121093750e+00
-7.550440311431884766e+00
7.819052934646606445e-01
-7.589738845825195312e+00
3.663577795028686523e+00
2.532630729675292969e+01
1.317520713806152344e+01
7.568872928619384766e+00
2.333058547973632812e+01
8.948277473449707031e+00
6.901412010192871094e+00
1.608436203002929688e+01
1.647935032844543457e+00
-2.825666427612304688e+00
-3.268102645874023438e+00
-2.363569021224975586e+00
-9.138107299804687500e-03
1.901072502136230469e+00
4.902686119079589844e+00
8.051337242126464844e+00
1.503446483612060547e+01
1.217947006225585938e+01
9.911455154418945312e+00
5.027402114868164062e+01
5.935612487792968750e+01
6.088170623779296875e+01
2.317290306091308594e+01
1.484548664093017578e+01
1.735635948181152344e+01
7.149858474731445312e-01
1.096355819702148438e+01
2.578812599182128906e+00
-8.724030256271362305e-01
-3.556578874588012695e+00
1.157113313674926758e+00
1.075796842575073242e+00
-3.304965019226074219e+00
3.095901012420654297e+00
3.773023128509521484e+00
1.818281888961791992e+00
5.764585018157958984e+00
5.145663452148437500e+01
4.732756805419921875e+01
5.362859344482421875e+01
8.481981277465820312e+00
3.010794067382812500e+01
6.974874496459960938e+00
1.889293289184570312e+01
4.942292404174804688e+01
3.020060157775878906e+01
1.832471084594726562e+01
4.598011970520019531e+00
-1.774101829528808594e+01
2.294266319274902344e+01
1.596335697174072266e+01
-1.566225528717041016e+01
2.713115310668945312e+01
1.825380325317382812e+01
7.426126599311828613e-01
-7.835447387695312500e+02
-8.747805786132812500e+02
-1.274962158203125000e+03
-8.469260253906250000e+02
-9.984551391601562500e+02
-1.413300903320312500e+03
-8.822320556640625000e+02
-1.026103881835937500e+03
-1.407476440429687500e+03
-2.189852447509765625e+02
-2.701497192382812500e+02
-2.685420532226562500e+02
-2.591800537109375000e+02
-3.144048767089843750e+02
-3.056796264648437500e+02
-2.526546936035156250e+02
-2.998780822753906250e+02
-2.850265502929687500e+02
-6.468334350585937500e+02
-8.532270507812500000e+02
-9.143889160156250000e+02
-6.863215942382812500e+02
-9.204320068359375000e+02
-9.357985839843750000e+02
-7.135382080078125000e+02
-9.692316894531250000e+02
-9.844913940429687500e+02
6.866726684570312500e+01
2.536621093750000000e+01
6.914782714843750000e+01
9.897391510009765625e+01
4.222293090820312500e+01
9.983984375000000000e+01
1.162242889404296875e+02
7.485536956787109375e+01
1.170438156127929688e+02
-1.077574615478515625e+02
-1.415544891357421875e+02
-1.449634552001953125e+02
-1.165240402221679688e+02
-1.591944885253906250e+02
-1.597050628662109375e+02
-8.149703979492187500e+01
-1.354871826171875000e+02
-1.328735656738281250e+02
1.536353206634521484e+01
3.705121517181396484e+00
4.200332164764404297e+00
7.765400886535644531e+00
-7.850437164306640625e+00
-1.290809631347656250e+01
2.123985052108764648e+00
-5.756015777587890625e+00
-3.231765508651733398e+00
1.259329071044921875e+02
1.341197662353515625e+02
1.020519485473632812e+02
1.266855773925781250e+02
1.303192443847656250e+02
9.684896087646484375e+01
1.403479461669921875e+02
1.312382812500000000e+02
8.136448669433593750e+01
-1.165466064453125000e+03
-1.363409057617187500e+03
-1.499861694335937500e+03
-1.282163330078125000e+03
-1.400766845703125000e+03
-1.455579956054687500e+03
-1.231257446289062500e+03
-1.257691650390625000e+03
-1.290577514648437500e+03
5.562634277343750000e+02
6.006259155273437500e+02
5.927661132812500000e+02
5.591844482421875000e+02
5.316807861328125000e+02
4.898826599121093750e+02
7.191350097656250000e+02
6.804077758789062500e+02
5.534649658203125000e+02
-1.125037155151367188e+02
-1.598394012451171875e+02
-1.438987579345703125e+02
-1.101422729492187500e+02
-1.721403503417968750e+02
-1.500266265869140625e+02
-1.317488555908203125e+02
-1.915668029785156250e+02
-1.904590454101562500e+02
-6.439002685546875000e+02
-7.973270263671875000e+02
-9.278624267578125000e+02
-7.597044677734375000e+02
-9.026045532226562500e+02
-1.015000122070312500e+03
-7.473610839843750000e+02
-9.216657714843750000e+02
-1.030920898437500000e+03
-3.424618225097656250e+02
-4.449331359863281250e+02
-5.667204589843750000e+02
-3.512476196289062500e+02
-5.254401855468750000e+02
-6.404055786132812500e+02
-4.056999816894531250e+02
-5.596669311523437500e+02
-6.344518432617187500e+02
-1.572904510498046875e+02
-2.601152343750000000e+02
-1.674959716796875000e+02
-1.311143341064453125e+02
-2.304917755126953125e+02
-1.621700592041015625e+02
-9.322046661376953125e+01
-2.189844360351562500e+02
-1.193907394409179688e+02
-1.228734664916992188e+02
-1.382269897460937500e+02
-1.756599273681640625e+02
-1.339602050781250000e+02
-1.617482604980468750e+02
-1.921299743652343750e+02
-1.422126464843750000e+02
-1.673135223388671875e+02
-2.013727569580078125e+02
-6.878884887695312500e+02
-8.524381103515625000e+02
-8.585891113281250000e+02
-7.650096435546875000e+02
-9.575574340820312500e+02
-9.626306762695312500e+02
-7.692567749023437500e+02
-1.005203613281250000e+03
-9.796032714843750000e+02
-6.829783935546875000e+02
-9.657988891601562500e+02
-9.787199096679687500e+02
-8.353602905273437500e+02
-1.089219604492187500e+03
-1.111999267578125000e+03
-7.310315551757812500e+02
-9.817582397460937500e+02
-9.915506591796875000e+02
1.113424301147460938e+02
1.309387054443359375e+02
1.447704467773437500e+02
1.267289276123046875e+02
1.292587432861328125e+02
1.314323730468750000e+02
1.381185150146484375e+02
1.140927886962890625e+02
1.143206634521484375e+02
7.266137599945068359e+00
9.170866966247558594e+00
1.285331439971923828e+01
6.268191814422607422e+00
7.988873958587646484e+00
1.260716056823730469e+01
7.231469631195068359e+00
1.123294067382812500e+01
1.553578472137451172e+01
7.114781951904296875e+01
7.356536102294921875e+01
6.600868988037109375e+01
6.106238174438476562e+01
6.427397155761718750e+01
6.487224578857421875e+01
5.223812484741210938e+01
6.136442565917968750e+01
7.116777038574218750e+01
3.189289093017578125e+01
3.999465942382812500e+01
3.899694442749023438e+01
2.949001502990722656e+01
4.077988052368164062e+01
4.180121612548828125e+01
2.657381057739257812e+01
3.587672424316406250e+01
3.953894424438476562e+01
1.063724613189697266e+01
1.063995075225830078e+01
9.485611915588378906e+00
1.189507770538330078e+01
1.049037170410156250e+01
1.003259849548339844e+01
1.029790592193603516e+01
9.134345054626464844e+00
1.107357692718505859e+01
2.368499994277954102e+00
2.224556446075439453e+00
4.639247894287109375e+00
1.441095352172851562e+00
2.516344785690307617e+00
3.391826152801513672e+00
3.263588905334472656e+00
4.704709053039550781e+00
7.015161037445068359e+00
1.950934219360351562e+01
2.415875816345214844e+01
2.321939659118652344e+01
1.983225631713867188e+01
2.526644706726074219e+01
2.498003387451171875e+01
2.183811187744140625e+01
2.335373115539550781e+01
2.709704780578613281e+01
2.663746452331542969e+01
2.306187629699707031e+01
3.572775650024414062e+01
2.536613273620605469e+01
2.176296424865722656e+01
2.782699775695800781e+01
3.491724014282226562e+01
2.546998214721679688e+01
2.319689178466796875e+01
1.869820098876953125e+02
2.169100189208984375e+02
2.336155395507812500e+02
1.910361480712890625e+02
2.084588012695312500e+02
2.246120147705078125e+02
2.133467407226562500e+02
2.443989562988281250e+02
2.620379028320312500e+02
9.243947982788085938e+00
1.252037143707275391e+01
7.972950935363769531e+00
9.688372611999511719e+00
1.576694297790527344e+01
1.304477596282958984e+01
1.324677848815917969e+01
1.784570503234863281e+01
1.699713325500488281e+01
6.357254028320312500e+01
5.899644088745117188e+01
5.098281097412109375e+01
6.007403945922851562e+01
5.907141494750976562e+01
5.109936904907226562e+01
5.714945983886718750e+01
5.664084243774414062e+01
5.437963867187500000e+01
4.224666213989257812e+01
2.963905334472656250e+01
2.295975494384765625e+01
6.400850677490234375e+01
4.674130249023437500e+01
2.179953193664550781e+01
6.148441696166992188e+01
4.984413909912109375e+01
2.960373687744140625e+01
1.978248786926269531e+01
2.481657791137695312e+01
4.289053726196289062e+01
2.155809783935546875e+01
2.588058280944824219e+01
4.250111770629882812e+01
2.899593353271484375e+01
3.975993347167968750e+01
5.252638626098632812e+01
8.853813171386718750e+00
5.661107063293457031e+00
4.776569366455078125e+00
9.746434211730957031e+00
5.090249538421630859e+00
4.975159645080566406e+00
9.494336128234863281e+00
6.228708267211914062e+00
4.099812507629394531e+00
1.050386886596679688e+02
1.230097351074218750e+02
1.211321945190429688e+02
9.451813507080078125e+01
1.190094299316406250e+02
1.152550811767578125e+02
9.737536621093750000e+01
1.166595001220703125e+02
1.177988052368164062e+02
2.033948326110839844e+01
3.228454589843750000e+01
3.886348342895507812e+01
2.241774368286132812e+01
3.116353607177734375e+01
3.575981140136718750e+01
3.196639633178710938e+01
3.839484786987304688e+01
3.772746276855468750e+01
8.822380371093750000e+02
1.148986572265625000e+03
1.117243041992187500e+03
7.858636474609375000e+02
9.959011840820312500e+02
9.186089477539062500e+02
7.378840332031250000e+02
8.178341674804687500e+02
7.490946655273437500e+02
1.308259429931640625e+02
1.305630035400390625e+02
1.219228897094726562e+02
1.264525299072265625e+02
1.151811218261718750e+02
1.027942352294921875e+02
1.162824707031250000e+02
1.063429489135742188e+02
1.035885391235351562e+02
4.856068725585937500e+02
5.248004150390625000e+02
4.599467163085937500e+02
5.418811035156250000e+02
5.911254882812500000e+02
5.426694946289062500e+02
5.686511230468750000e+02
6.073533325195312500e+02
6.013206787109375000e+02
2.837341918945312500e+02
2.795871887207031250e+02
2.486518554687500000e+02
2.673413696289062500e+02
2.691493225097656250e+02
2.351692047119140625e+02
2.472508239746093750e+02
2.516554412841796875e+02
2.072467346191406250e+02
6.971452331542968750e+01
7.010755920410156250e+01
6.037685775756835938e+01
4.765542984008789062e+01
4.477497100830078125e+01
4.277658462524414062e+01
4.024916458129882812e+01
4.045030593872070312e+01
3.990986633300781250e+01
4.533802795410156250e+01
5.714815521240234375e+01
4.814930725097656250e+01
3.305699920654296875e+01
3.073676300048828125e+01
3.297402572631835938e+01
2.729706764221191406e+01
2.326948547363281250e+01
2.403080368041992188e+01
1.949923400878906250e+02
2.099142456054687500e+02
1.695906677246093750e+02
1.922203826904296875e+02
2.124830474853515625e+02
1.757564697265625000e+02
1.674330444335937500e+02
1.684608764648437500e+02
1.295887145996093750e+02
1.683366394042968750e+02
2.160763549804687500e+02
2.476307525634765625e+02
9.807456207275390625e+01
1.295885467529296875e+02
1.394943847656250000e+02
9.619455718994140625e+01
1.038136672973632812e+02
8.916316986083984375e+01
1.826673828125000000e+03
1.867376342773437500e+03
1.907524658203125000e+03
1.548395019531250000e+03
1.589458862304687500e+03
1.672956787109375000e+03
1.556368774414062500e+03
1.614413696289062500e+03
1.674144897460937500e+03
7.567970275878906250e+01
7.198785400390625000e+01
6.266864776611328125e+01
7.295314788818359375e+01
8.754312896728515625e+01
8.642533111572265625e+01
6.225828552246093750e+01
1.032432632446289062e+02
9.382266235351562500e+01
3.907640075683593750e+02
4.057677917480468750e+02
3.735438232421875000e+02
4.078052062988281250e+02
4.191002502441406250e+02
3.727507629394531250e+02
3.952918701171875000e+02
3.865298767089843750e+02
3.339018554687500000e+02
8.728861999511718750e+01
8.245832061767578125e+01
7.608081054687500000e+01
1.180781402587890625e+02
1.179299468994140625e+02
7.972124481201171875e+01
8.825457763671875000e+01
1.019494628906250000e+02
8.110946655273437500e+01
4.698351440429687500e+02
4.013249816894531250e+02
3.612239990234375000e+02
5.161702270507812500e+02
4.720960693359375000e+02
4.464453125000000000e+02
5.141414794921875000e+02
5.201245117187500000e+02
5.298739624023437500e+02
3.928688526153564453e+00
2.268364906311035156e+01
1.466535568237304688e+01
1.379464340209960938e+01
2.492883682250976562e+01
1.527136802673339844e+01
2.127410888671875000e+01
2.023001098632812500e+01
1.205895614624023438e+01
9.508452148437500000e+02
9.110095214843750000e+02
8.743032226562500000e+02
8.337058715820312500e+02
8.345816650390625000e+02
8.054892578125000000e+02
7.550355224609375000e+02
8.144213867187500000e+02
8.259481811523437500e+02
3.823966064453125000e+02
4.544975585937500000e+02
5.558825683593750000e+02
2.576089782714843750e+02
3.432739257812500000e+02
4.275779418945312500e+02
2.012953033447265625e+02
2.554856414794921875e+02
2.608233947753906250e+02
2.744992431640625000e+03
2.674623046875000000e+03
2.977729248046875000e+03
3.119256591796875000e+03
3.264374023437500000e+03
3.604329833984375000e+03
2.733087158203125000e+03
3.108079345703125000e+03
3.230185302734375000e+03
7.510095977783203125e+01
1.374602203369140625e+02
2.485255737304687500e+02
2.603021240234375000e+02
3.566798095703125000e+02
4.070283813476562500e+02
3.280096740722656250e+02
4.658132934570312500e+02
5.430708007812500000e+02
1.534339752197265625e+02
7.195051269531250000e+02
7.748565063476562500e+02
7.023955078125000000e+02
1.451345947265625000e+03
1.321535766601562500e+03
1.408792480468750000e+03
2.140527587890625000e+03
1.898941528320312500e+03
1.047713623046875000e+03
1.127829711914062500e+03
1.054215820312500000e+03
1.214735351562500000e+03
1.310330078125000000e+03
1.186507080078125000e+03
1.066523925781250000e+03
1.097748657226562500e+03
9.485276489257812500e+02
2.019274291992187500e+02
1.612949981689453125e+02
1.077588424682617188e+02
1.847650299072265625e+02
2.578273620605468750e+02
2.067518768310546875e+02
-9.921035766601562500e+00
1.052874069213867188e+02
7.493498992919921875e+01
6.754715728759765625e+01
4.542888259887695312e+01
5.031728744506835938e+01
9.511656188964843750e+01
6.643183898925781250e+01
6.913406372070312500e+01
6.102861022949218750e+01
1.007901458740234375e+02
8.751769256591796875e+01
7.185203857421875000e+02
7.052722778320312500e+02
6.406710205078125000e+02
8.840833740234375000e+02
8.153856811523437500e+02
7.771552734375000000e+02
6.795841674804687500e+02
6.570073852539062500e+02
6.217017822265625000e+02
1.199222656250000000e+03
1.197834106445312500e+03
3.723032836914062500e+02
1.513381591796875000e+03
1.622615356445312500e+03
8.803011474609375000e+02
5.843393554687500000e+02
8.255822753906250000e+02
6.224556274414062500e+02
3.914820312500000000e+03
4.138912109375000000e+03
4.356312500000000000e+03
5.035761718750000000e+03
5.290985351562500000e+03
5.500136230468750000e+03
5.252623535156250000e+03
5.349210449218750000e+03
5.014209960937500000e+03
-1.533202056884765625e+02
-7.037474060058593750e+01
2.622560119628906250e+01
1.808274269104003906e+01
8.768674468994140625e+01
1.622753143310546875e+02
1.962722015380859375e+02
1.884512176513671875e+02
2.144763031005859375e+02
7.369023437500000000e+02
5.344661865234375000e+02
3.799945983886718750e+02
1.037475585937500000e+03
8.732731323242187500e+02
8.022677001953125000e+02
8.927675170898437500e+02
8.469569091796875000e+02
7.986453857421875000e+02
3.636917114257812500e+02
3.880934753417968750e+02
2.792826232910156250e+02
7.814596557617187500e+02
8.600568237304687500e+02
5.795328979492187500e+02
6.552982177734375000e+02
6.404279174804687500e+02
4.496268615722656250e+02
1.111935546875000000e+03
1.785930908203125000e+03
1.794667724609375000e+03
1.824066284179687500e+03
2.565275146484375000e+03
2.550397949218750000e+03
2.221411376953125000e+03
2.908499511718750000e+03
2.937043212890625000e+03
1.531722869873046875e+02
1.430655517578125000e+02
1.080618057250976562e+02
1.012652740478515625e+02
1.076943740844726562e+02
7.084368896484375000e+01
1.311072998046875000e+02
6.238780212402343750e+01
7.390228271484375000e+01
2.630740966796875000e+03
2.831463867187500000e+03
2.307960693359375000e+03
3.454226074218750000e+03
3.752376464843750000e+03
3.224999755859375000e+03
3.185271484375000000e+03
3.673226806640625000e+03
3.605070556640625000e+03
1.904342346191406250e+02
6.251850585937500000e+02
6.685786132812500000e+02
8.220390014648437500e+02
1.481271362304687500e+03
1.588467529296875000e+03
4.943599243164062500e+02
1.221612182617187500e+03
1.335607788085937500e+03
9.994284179687500000e+03
1.000668261718750000e+04
1.059172460937500000e+04
9.362977539062500000e+03
9.402068359375000000e+03
1.004530468750000000e+04
8.910089843750000000e+03
8.976116210937500000e+03
9.751944335937500000e+03
1.329334472656250000e+03
1.423443237304687500e+03
1.573554321289062500e+03
1.300461303710937500e+03
1.459125122070312500e+03
1.634202758789062500e+03
1.328315551757812500e+03
1.482411254882812500e+03
1.633254516601562500e+03
5.325236328125000000e+03
5.567951171875000000e+03
5.891464355468750000e+03
5.331133789062500000e+03
5.577237304687500000e+03
5.958264160156250000e+03
5.396980468750000000e+03
5.729050781250000000e+03
6.034008789062500000e+03
2.411424804687500000e+03
2.377156250000000000e+03
2.214963134765625000e+03
2.383475341796875000e+03
2.300684082031250000e+03
2.088473632812500000e+03
2.211313476562500000e+03
2.163981445312500000e+03
2.064718750000000000e+03
7.247863769531250000e+02
7.268818969726562500e+02
7.908013916015625000e+02
7.380771484375000000e+02
7.242535400390625000e+02
7.860393066406250000e+02
6.565792236328125000e+02
6.150538940429687500e+02
6.730148315429687500e+02
3.118089904785156250e+02
3.239331970214843750e+02
3.197969970703125000e+02
3.162044982910156250e+02
3.116236572265625000e+02
3.217666015625000000e+02
3.291820068359375000e+02
3.414777832031250000e+02
3.627066345214843750e+02
1.632623901367187500e+03
1.541284912109375000e+03
1.525659912109375000e+03
1.698512207031250000e+03
1.602055664062500000e+03
1.530375488281250000e+03
1.530640991210937500e+03
1.532424804687500000e+03
1.479571411132812500e+03
3.217619140625000000e+03
3.593738525390625000e+03
4.372221679687500000e+03
2.623091064453125000e+03
3.116919189453125000e+03
3.884486816406250000e+03
2.757578857421875000e+03
3.238563720703125000e+03
3.656080566406250000e+03
1.521523339843750000e+04
1.527787988281250000e+04
1.466783886718750000e+04
1.563795019531250000e+04
1.559266992187500000e+04
1.478738085937500000e+04
1.555264550781250000e+04
1.554673339843750000e+04
1.468157421875000000e+04
9.912064819335937500e+02
9.524854125976562500e+02
8.343265991210937500e+02
1.095226806640625000e+03
9.779257202148437500e+02
8.823251953125000000e+02
1.008160156250000000e+03
9.231350708007812500e+02
7.869655151367187500e+02
4.749250000000000000e+03
5.017818359375000000e+03
5.234152832031250000e+03
4.688920898437500000e+03
5.036725097656250000e+03
5.292360839843750000e+03
4.784629882812500000e+03
5.085320800781250000e+03
5.236971191406250000e+03
1.613348510742187500e+03
1.782948486328125000e+03
1.665472412109375000e+03
1.428196166992187500e+03
1.557618774414062500e+03
1.408202880859375000e+03
1.416763793945312500e+03
1.467970458984375000e+03
1.367751708984375000e+03
3.560468994140625000e+03
3.907679687500000000e+03
4.169836425781250000e+03
3.608259033203125000e+03
3.877068359375000000e+03
4.038232177734375000e+03
3.728476074218750000e+03
3.859898681640625000e+03
3.940921386718750000e+03
3.451806945800781250e+02
3.879244689941406250e+02
4.442133483886718750e+02
2.877681274414062500e+02
2.968918457031250000e+02
3.705401000976562500e+02
2.938843688964843750e+02
3.230848693847656250e+02
4.252015075683593750e+02
8.979354492187500000e+03
9.569103515625000000e+03
9.978156250000000000e+03
8.558808593750000000e+03
8.979050781250000000e+03
9.497788085937500000e+03
8.374353515625000000e+03
8.872008789062500000e+03
9.195134765625000000e+03
4.052139160156250000e+03
4.300508789062500000e+03
4.600450195312500000e+03
3.870419433593750000e+03
4.026675292968750000e+03
4.445503417968750000e+03
3.942183349609375000e+03
4.056162841796875000e+03
4.369221191406250000e+03
