2.221477355957031250e+02
2.494266815185546875e+02
2.820144042968750000e+02
2.452349243164062500e+02
2.934646301269531250e+02
3.209466857910156250e+02
2.415863494873046875e+02
3.118535766601562500e+02
3.155489501953125000e+02
3.567897558212280273e+00
3.254034280776977539e+00
2.104460954666137695e+00
3.781478404998779297e+00
3.022075891494750977e+00
2.124941587448120117e+00
3.637733697891235352e+00
2.090662002563476562e+00
2.057950258255004883e+00
3.061230773925781250e+02
3.169291381835937500e+02
2.938273925781250000e+02
3.317586669921875000e+02
3.283082275390625000e+02
2.907005004882812500e+02
3.033476257324218750e+02
2.780023498535156250e+02
2.469477081298828125e+02
1.046175789088010788e-02
4.626269917935132980e-03
3.220237419009208679e-02
3.157128393650054932e-02
-1.631482504308223724e-03
-2.901741769164800644e-03
-6.601144094020128250e-03
-3.432445973157882690e-02
2.939298748970031738e-02
4.439379501342773438e+01
4.300595855712890625e+01
6.403365325927734375e+01
5.206852722167968750e+01
5.603523635864257812e+01
7.405561065673828125e+01
4.965467071533203125e+01
7.545723724365234375e+01
8.985813140869140625e+01
3.057310104370117188e+00
2.616214513778686523e+00
1.745795845985412598e+00
3.264759063720703125e+00
2.096729278564453125e+00
1.275045156478881836e+00
7.618302822113037109e+00
4.732286930084228516e+00
5.705665111541748047e+00
3.494670629501342773e+00
4.438745021820068359e+00
1.553753614425659180e+00
3.616458177566528320e+00
3.852702379226684570e+00
1.692695617675781250e+00
2.260558843612670898e+00
3.186599016189575195e+00
1.444766283035278320e+00
6.847335205078125000e+02
6.578887939453125000e+02
6.608069458007812500e+02
6.909038696289062500e+02
6.890850219726562500e+02
7.159475097656250000e+02
6.966877441406250000e+02
7.043251342773437500e+02
7.438602905273437500e+02
2.771238386631011963e-01
3.562067151069641113e-01
1.372657418251037598e-01
2.484675794839859009e-01
4.879823625087738037e-01
3.362721204757690430e-01
6.554839015007019043e-01
7.511805891990661621e-01
6.989141106605529785e-01
1.297433733940124512e+00
6.622560024261474609e-01
3.102672100067138672e+00
1.655860543251037598e+00
1.388455152511596680e+00
2.432232856750488281e+00
2.113427519798278809e-01
7.366222143173217773e-01
4.595968723297119141e+00
1.310289621353149414e+00
1.229542732238769531e+00
1.285276174545288086e+00
1.629660606384277344e+00
1.354583501815795898e+00
1.201701164245605469e+00
1.466579914093017578e+00
1.732353210449218750e+00
1.257111549377441406e+00
5.544403076171875000e+02
6.049548950195312500e+02
6.181558227539062500e+02
5.690700683593750000e+02
6.140488281250000000e+02
6.240918579101562500e+02
5.580781860351562500e+02
5.407094116210937500e+02
5.576439208984375000e+02
2.928802251815795898e+00
5.898703575134277344e+00
5.599494457244873047e+00
7.261238574981689453e+00
8.548153877258300781e+00
5.059337615966796875e+00
6.134940147399902344e+00
9.287110328674316406e+00
6.117901802062988281e+00
3.643864440917968750e+01
4.970534896850585938e+01
3.697551345825195312e+01
5.248221969604492188e+01
6.520671844482421875e+01
3.813833999633789062e+01
7.184375762939453125e+01
7.237573242187500000e+01
4.612517547607421875e+01
6.083164596557617188e+01
6.425162506103515625e+01
5.940722656250000000e+01
6.446000671386718750e+01
6.911072540283203125e+01
6.392716598510742188e+01
6.575665283203125000e+01
6.835815429687500000e+01
6.406446075439453125e+01
2.615920104980468750e+02
2.300529174804687500e+02
2.475110931396484375e+02
2.481160278320312500e+02
2.235014801025390625e+02
2.565457153320312500e+02
2.341036376953125000e+02
2.120468444824218750e+02
2.508607940673828125e+02
-3.845444869995117188e+01
-1.275620365142822266e+01
-5.660611152648925781e+00
-5.094535446166992188e+01
-2.655991935729980469e+01
-1.145772933959960938e+01
-6.144382476806640625e+01
-4.592153930664062500e+01
-1.710419273376464844e+01
-1.184374332427978516e+00
1.319735288619995117e+00
-5.140393376350402832e-01
-1.132635831832885742e+00
1.260864615440368652e+00
-1.517117619514465332e-01
-1.771085858345031738e+00
9.021617770195007324e-01
-1.818394958972930908e-01
-3.660180664062500000e+01
5.249304771423339844e+00
2.780222702026367188e+01
-2.326655387878417969e+00
3.327371978759765625e+01
3.908143615722656250e+01
5.060633659362792969e+00
3.514971160888671875e+01
3.245286941528320312e+01
3.868892043828964233e-02
-9.964498691260814667e-03
-1.069617364555597305e-02
-2.560012042522430420e-02
-6.281274370849132538e-03
-1.814820803701877594e-02
5.641552270390093327e-04
7.256954908370971680e-02
-2.853710763156414032e-02
-1.775274658203125000e+01
-1.244499874114990234e+01
-8.435354232788085938e+00
-1.936536026000976562e+01
-1.918882560729980469e+01
-1.145790576934814453e+01
-1.196667289733886719e+01
-7.595096111297607422e+00
-2.916456460952758789e+00
-1.756143331527709961e+00
4.435072422027587891e+00
1.054477691650390625e+00
-1.609757542610168457e+00
3.460783720016479492e+00
7.992380112409591675e-02
7.553262114524841309e-01
9.340207576751708984e-01
-2.467099905014038086e+00
-1.345287919044494629e+00
7.974256992340087891e+00
2.429080486297607422e+00
-2.457799911499023438e+00
1.170393848419189453e+01
1.370747447013854980e+00
-3.129542350769042969e+00
1.123420047760009766e+01
4.311675429344177246e-01
-6.222113800048828125e+01
-7.248554992675781250e+01
-2.352688980102539062e+01
-4.439506149291992188e+01
-4.592659759521484375e+01
5.714969635009765625e+00
-2.855503463745117188e+01
-2.982111549377441406e+01
1.409193992614746094e+01
-3.731366395950317383e-01
5.618343949317932129e-01
-1.321281939744949341e-01
-7.584589123725891113e-01
4.896616935729980469e-01
-1.150355935096740723e-01
-5.708588957786560059e-01
6.087996959686279297e-01
1.022394448518753052e-01
1.735134124755859375e-01
2.073854766786098480e-02
-1.293365597724914551e+00
-4.045503139495849609e-01
-1.436419367790222168e+00
-2.532978057861328125e+00
3.241173923015594482e-01
-6.411078572273254395e-01
-2.121166467666625977e+00
-5.589984059333801270e-01
-7.082536816596984863e-01
-1.389007866382598877e-01
-8.773558139801025391e-01
-1.411563158035278320e+00
-3.776616752147674561e-01
-2.974055409431457520e-01
-7.042226195335388184e-01
-2.920709252357482910e-01
-3.275343704223632812e+01
-3.363412857055664062e+01
3.334744262695312500e+01
-2.397203826904296875e+01
-1.054777908325195312e+01
4.197217941284179688e+01
7.260203361511230469e+00
7.863504886627197266e+00
5.868989944458007812e+01
-1.022770285606384277e+00
-9.622936248779296875e-01
2.616274058818817139e-01
-2.608674049377441406e+00
-2.527830600738525391e+00
-2.072758674621582031e+00
-1.017621040344238281e+00
-5.639741420745849609e-01
-3.886584937572479248e-02
-1.688403701782226562e+01
-1.608819389343261719e+01
-1.824476623535156250e+01
-1.527412223815917969e+01
-1.611267471313476562e+01
-1.329951763153076172e+01
-1.516337966918945312e+01
-1.570649719238281250e+01
-2.079443550109863281e+01
-3.271601200103759766e+00
-2.326222896575927734e+00
-5.717259645462036133e-01
-4.935726642608642578e+00
-3.093333482742309570e+00
-2.444308757781982422e+00
-4.974544048309326172e+00
-2.701341390609741211e+00
-1.849383115768432617e+00
-1.726794052124023438e+01
-1.709577178955078125e+01
-8.334350585937500000e+00
-4.552983856201171875e+01
-5.293006134033203125e+01
-4.629275894165039062e+01
-4.445079040527343750e+01
-5.636635971069335938e+01
-4.181359863281250000e+01
8.613896369934082031e+00
1.293941879272460938e+01
2.422383117675781250e+01
2.605535507202148438e+01
4.087448120117187500e+01
5.108985900878906250e+01
2.195247650146484375e+01
4.289460754394531250e+01
6.110247039794921875e+01
-7.824298739433288574e-01
1.224443554878234863e+00
-1.560729593038558960e-01
-5.454454421997070312e-01
1.454978704452514648e+00
-2.998742461204528809e-01
-5.138521790504455566e-01
1.441421151161193848e+00
-8.572474122047424316e-03
5.676311111450195312e+01
5.828062057495117188e+01
5.900519943237304688e+01
7.261586761474609375e+01
7.439355468750000000e+01
6.708649444580078125e+01
7.590235137939453125e+01
7.500296020507812500e+01
6.378729629516601562e+01
1.162390597164630890e-02
1.161304116249084473e-02
9.592434391379356384e-03
2.432684414088726044e-03
1.777685433626174927e-02
2.170776948332786560e-02
-1.681237667798995972e-02
1.601845584809780121e-02
-2.688519842922687531e-02
3.805135965347290039e+00
-3.057780265808105469e+00
2.373466873168945312e+01
5.257212638854980469e+00
9.706358909606933594e-01
2.519617843627929688e+01
8.313378334045410156e+00
3.425593376159667969e+00
2.352609443664550781e+01
-3.151962459087371826e-01
1.355724453926086426e+00
9.508394598960876465e-01
7.796464115381240845e-02
1.246340870857238770e+00
4.227371215820312500e-01
1.289999008178710938e+00
1.396883010864257812e+00
5.272579193115234375e-01
-3.856237232685089111e-01
1.699374556541442871e+00
3.413119316101074219e-01
-7.368108034133911133e-01
1.361932158470153809e+00
1.251242518424987793e+00
-7.605934143066406250e-01
1.439923882484436035e+00
8.484147787094116211e-01
2.168609046936035156e+01
9.400383949279785156e+00
3.062654113769531250e+01
6.302411270141601562e+01
5.052887725830078125e+01
7.577659606933593750e+01
1.001166305541992188e+02
9.064093017578125000e+01
1.181294555664062500e+02
4.178950935602188110e-02
1.178334951400756836e-01
-8.082391321659088135e-02
-8.892494253814220428e-03
2.239359319210052490e-01
2.903849119320511818e-03
4.299741983413696289e-02
2.643206715583801270e-01
-9.307606518268585205e-02
1.641658842563629150e-01
-1.157402276992797852e+00
1.525828003883361816e+00
4.645873308181762695e-01
-2.153090536594390869e-01
1.727742433547973633e+00
6.476977467536926270e-02
-8.512058854103088379e-01
1.568575501441955566e+00
6.221691519021987915e-02
-9.989780932664871216e-02
1.825661212205886841e-01
-1.638564169406890869e-01
-3.418070971965789795e-01
-7.406626641750335693e-02
-3.136835098266601562e-01
-4.835096895694732666e-01
-1.334339976310729980e-01
-4.564354419708251953e+00
1.994834327697753906e+01
2.407976150512695312e+01
2.041786003112792969e+01
4.346691894531250000e+01
4.933262634277343750e+01
3.277650833129882812e+01
5.157759857177734375e+01
6.294579315185546875e+01
8.029659390449523926e-01
3.332729935646057129e-01
1.084426283836364746e+00
2.250722169876098633e+00
1.424361824989318848e+00
1.816639184951782227e+00
1.057795047760009766e+00
2.140861272811889648e+00
1.961592197418212891e+00
-3.163768768310546875e+00
-9.173941612243652344e-01
1.436275482177734375e+00
-1.446446061134338379e+00
1.124272465705871582e+00
3.206537246704101562e+00
2.457480907440185547e+00
7.310987472534179688e+00
7.095536231994628906e+00
5.508145809173583984e+00
5.852855682373046875e+00
6.730391025543212891e+00
1.037981414794921875e+01
1.096253585815429688e+01
1.147039890289306641e+01
1.038109397888183594e+01
1.052747726440429688e+01
1.085184001922607422e+01
2.950087738037109375e+01
2.481788063049316406e+01
3.424755096435546875e+01
5.060345840454101562e+01
3.796891784667968750e+01
5.141224670410156250e+01
3.777465438842773438e+01
2.348283386230468750e+01
3.183191108703613281e+01
1.129381866455078125e+02
2.425268707275390625e+02
2.670808715820312500e+02
1.845630187988281250e+02
2.950449523925781250e+02
2.695627136230468750e+02
1.698716278076171875e+02
2.098652343750000000e+02
1.659565124511718750e+02
1.774701118469238281e+00
2.794286251068115234e+00
1.565691530704498291e-01
7.479301095008850098e-01
-4.352060556411743164e-01
-1.833485245704650879e+00
7.093927264213562012e-01
1.601832509040832520e+00
9.490329623222351074e-01
3.954060363769531250e+02
3.630765686035156250e+02
2.479079437255859375e+02
3.005793762207031250e+02
2.213282470703125000e+02
1.132075881958007812e+02
1.589946594238281250e+02
9.730837249755859375e+01
3.431146240234375000e+01
-1.694909296929836273e-02
7.465659081935882568e-02
1.663869321346282959e-01
6.060472503304481506e-02
1.492273509502410889e-01
6.080903485417366028e-02
-1.026192530989646912e-01
1.196007244288921356e-02
4.715898633003234863e-02
3.293959045410156250e+01
4.082106781005859375e+01
5.841476058959960938e+01
4.858427429199218750e+01
6.133203506469726562e+01
6.239320755004882812e+01
4.468351364135742188e+01
3.795578384399414062e+01
4.067808914184570312e+01
-1.898730158805847168e+00
-2.078412532806396484e+00
-3.763011932373046875e+00
3.209397077560424805e+00
2.165260553359985352e+00
-2.307208776473999023e+00
4.099866390228271484e+00
7.527090311050415039e-01
-2.286389589309692383e+00
-3.454860925674438477e+00
-5.013245940208435059e-01
-1.317476153373718262e+00
-4.728219509124755859e+00
-3.281595230102539062e+00
-5.605595707893371582e-01
-6.827361583709716797e+00
-5.698955535888671875e+00
-3.264438152313232422e+00
4.725023498535156250e+02
4.416999511718750000e+02
4.261978149414062500e+02
5.698544311523437500e+02
5.343145141601562500e+02
5.322055053710937500e+02
4.938678894042968750e+02
4.502771911621093750e+02
4.697810668945312500e+02
-2.755337655544281006e-01
5.377638339996337891e-01
1.206245645880699158e-01
9.976817294955253601e-03
1.392261981964111328e+00
9.278148412704467773e-01
3.798137009143829346e-01
7.761119008064270020e-01
-1.904890984296798706e-01
2.004525423049926758e+00
6.809392929077148438e+00
6.669932365417480469e+00
-4.687448978424072266e+00
8.463094234466552734e-01
-4.714835882186889648e-01
-8.360137343406677246e-01
4.624485969543457031e+00
5.077491760253906250e+00
-6.265929341316223145e-02
-7.301679849624633789e-01
-1.187377929687500000e+00
-7.838192582130432129e-01
-4.483962655067443848e-01
-1.510806322097778320e+00
-1.069704517722129822e-01
4.255100488662719727e-01
-8.086103945970535278e-02
4.657638549804687500e+02
4.537622070312500000e+02
3.957925720214843750e+02
4.080217285156250000e+02
3.332074584960937500e+02
2.953126831054687500e+02
2.716891784667968750e+02
2.045290679931640625e+02
1.663317260742187500e+02
5.344014167785644531e+00
7.108566761016845703e+00
2.045629024505615234e+00
1.001595020294189453e+00
-1.336900472640991211e+00
-2.914008140563964844e+00
7.906537532806396484e+00
5.923482894897460938e+00
4.560286521911621094e+00
4.054462814331054688e+01
5.386465454101562500e+01
4.590539932250976562e+01
5.685792541503906250e+01
5.706074142456054688e+01
3.904121017456054688e+01
5.334450531005859375e+01
6.315314483642578125e+01
4.965722656250000000e+01
5.481679534912109375e+01
5.911556625366210938e+01
5.342726516723632812e+01
5.303494262695312500e+01
5.468550109863281250e+01
4.776221466064453125e+01
4.142062759399414062e+01
4.149499511718750000e+01
3.630179977416992188e+01
2.755622863769531250e+02
1.578507843017578125e+02
1.463049926757812500e+02
1.800540161132812500e+02
9.753302764892578125e+01
1.193319931030273438e+02
1.660532226562500000e+02
1.229825973510742188e+02
1.678865203857421875e+02
5.486536865234375000e+02
5.973695068359375000e+02
6.560805664062500000e+02
6.378071289062500000e+02
6.713118896484375000e+02
6.954709472656250000e+02
6.062185668945312500e+02
6.209637451171875000e+02
6.139791259765625000e+02
1.855163764953613281e+01
2.063033485412597656e+01
1.567735958099365234e+01
1.825011444091796875e+01
2.094680786132812500e+01
1.687192535400390625e+01
2.000519180297851562e+01
2.286309242248535156e+01
1.974509811401367188e+01
1.009803466796875000e+03
1.026841430664062500e+03
1.048588378906250000e+03
1.002525695800781250e+03
1.038677978515625000e+03
1.090996948242187500e+03
1.029146362304687500e+03
1.090355712890625000e+03
1.173622314453125000e+03
3.340867534279823303e-02
3.820383176207542419e-02
7.537887990474700928e-02
7.478314638137817383e-02
1.224989444017410278e-01
1.257422864437103271e-01
-2.620867080986499786e-02
2.947731316089630127e-02
5.845054984092712402e-03
1.542232971191406250e+02
1.527252807617187500e+02
1.738251342773437500e+02
1.846575012207031250e+02
1.694077148437500000e+02
1.899862823486328125e+02
1.770450134277343750e+02
1.509885101318359375e+02
1.818395233154296875e+02
1.288055229187011719e+01
1.685377120971679688e+01
1.205502319335937500e+01
1.371123027801513672e+01
2.057872581481933594e+01
1.385610771179199219e+01
1.228064060211181641e+01
1.859788894653320312e+01
1.483437633514404297e+01
7.948724746704101562e+00
1.677198600769042969e+01
7.780020713806152344e+00
1.011503505706787109e+01
2.088778686523437500e+01
8.670928001403808594e+00
1.141298007965087891e+01
2.369360733032226562e+01
8.519480705261230469e+00
1.735954345703125000e+03
1.776549316406250000e+03
1.904292968750000000e+03
1.774043701171875000e+03
1.814253662109375000e+03
1.972194824218750000e+03
1.808879028320312500e+03
1.836330932617187500e+03
2.008616210937500000e+03
3.622870683670043945e+00
4.401334762573242188e+00
2.739460468292236328e+00
4.214393615722656250e+00
5.518665313720703125e+00
3.534214735031127930e+00
4.324689865112304688e+00
5.525980472564697266e+00
2.942526578903198242e+00
5.093770980834960938e+00
4.721986770629882812e+00
1.050632762908935547e+01
6.466649055480957031e+00
7.848376274108886719e+00
1.264293956756591797e+01
1.788477778434753418e+00
2.353115797042846680e+00
7.776132583618164062e+00
3.744879484176635742e+00
4.296008586883544922e+00
4.052988529205322266e+00
5.093875408172607422e+00
5.388485431671142578e+00
6.088403224945068359e+00
5.287143707275390625e+00
6.434612751007080078e+00
6.934775352478027344e+00
1.062898925781250000e+03
1.089641357421875000e+03
1.096556518554687500e+03
1.028292236328125000e+03
1.086368774414062500e+03
1.093630249023437500e+03
9.859382934570312500e+02
1.073281860351562500e+03
1.094556152343750000e+03
2.771434020996093750e+01
3.051614189147949219e+01
2.268977165222167969e+01
3.177437210083007812e+01
3.407323455810546875e+01
2.508309364318847656e+01
2.519088554382324219e+01
2.627029800415039062e+01
1.957249450683593750e+01
1.985054931640625000e+02
2.116243133544921875e+02
1.933422393798828125e+02
1.991819000244140625e+02
2.074229278564453125e+02
1.995536499023437500e+02
1.935937500000000000e+02
2.130103912353515625e+02
2.164230651855468750e+02
1.722852783203125000e+02
1.800890197753906250e+02
1.834672698974609375e+02
1.778481445312500000e+02
1.861399993896484375e+02
1.906279144287109375e+02
1.659431762695312500e+02
1.742380981445312500e+02
1.819014739990234375e+02
1.208203247070312500e+03
1.225938110351562500e+03
1.324860961914062500e+03
1.280520874023437500e+03
1.296016967773437500e+03
1.387320068359375000e+03
1.221122192382812500e+03
1.243753295898437500e+03
1.310153808593750000e+03
6.764721191406250000e+03
6.807544433593750000e+03
6.364857910156250000e+03
6.138267089843750000e+03
5.829699707031250000e+03
5.363585449218750000e+03
5.997917968750000000e+03
5.757711914062500000e+03
5.435013183593750000e+03
1.351739044189453125e+02
3.642593383789062500e+01
5.900279998779296875e+01
1.364037322998046875e+02
4.901417922973632812e+01
7.585663604736328125e+01
1.402306518554687500e+02
5.460221481323242188e+01
7.420226287841796875e+01
8.173133300781250000e+03
8.035321289062500000e+03
8.066475585937500000e+03
7.353603027343750000e+03
7.429166015625000000e+03
7.617479980468750000e+03
6.601762207031250000e+03
6.809331054687500000e+03
7.159524902343750000e+03
5.143407583236694336e-01
7.183374166488647461e-01
1.356627225875854492e+00
9.192278981208801270e-01
9.916660189628601074e-01
1.351802825927734375e+00
-7.713662981986999512e-01
1.094895601272583008e+00
8.146492838859558105e-01
1.655147460937500000e+03
1.618479614257812500e+03
1.128240112304687500e+03
1.791426025390625000e+03
1.661885253906250000e+03
1.075047607421875000e+03
1.535529785156250000e+03
1.339269165039062500e+03
9.202609252929687500e+02
1.802770538330078125e+02
1.369367065429687500e+02
1.513982238769531250e+02
2.091883239746093750e+02
1.277999343872070312e+02
1.457502136230468750e+02
1.938484191894531250e+02
1.532713928222656250e+02
1.285526885986328125e+02
1.104641647338867188e+02
4.177162551879882812e+01
9.599590301513671875e+00
7.700386047363281250e+01
6.884008646011352539e-01
1.470062732696533203e+01
1.422026519775390625e+02
4.210484504699707031e+00
1.950220298767089844e+01
1.748667968750000000e+04
1.828031054687500000e+04
1.755983007812500000e+04
1.781127929687500000e+04
1.864095507812500000e+04
1.794525585937500000e+04
1.626431835937500000e+04
1.708595898437500000e+04
1.627836816406250000e+04
2.633738708496093750e+01
1.113103103637695312e+01
1.150424003601074219e+01
2.679840660095214844e+01
8.268465042114257812e+00
8.533777236938476562e+00
3.288910293579101562e+01
5.195792675018310547e+00
1.012365245819091797e+01
3.748840332031250000e+01
5.006291198730468750e+01
4.679301834106445312e+01
1.605416870117187500e+01
3.173372650146484375e+01
2.832162666320800781e+01
2.366676902770996094e+01
4.188754272460937500e+01
2.611181259155273438e+01
5.828545761108398438e+01
6.239786148071289062e+01
5.430830383300781250e+01
7.622183227539062500e+01
8.622804260253906250e+01
7.191172027587890625e+01
6.243424987792968750e+01
7.170552062988281250e+01
6.177909851074218750e+01
1.292210351562500000e+04
1.317923046875000000e+04
1.301498730468750000e+04
1.383292871093750000e+04
1.375892871093750000e+04
1.386459472656250000e+04
1.273333203125000000e+04
1.301098437500000000e+04
1.343271582031250000e+04
1.915846252441406250e+02
1.519124908447265625e+02
9.538780212402343750e+01
1.465093688964843750e+02
1.099350662231445312e+02
6.281151580810546875e+01
1.169583892822265625e+02
1.025553970336914062e+02
6.453965759277343750e+01
1.349943603515625000e+03
1.385026977539062500e+03
1.420292602539062500e+03
1.389620239257812500e+03
1.499814697265625000e+03
1.540975341796875000e+03
1.324383789062500000e+03
1.365333129882812500e+03
1.519559448242187500e+03
1.602599609375000000e+03
1.583683593750000000e+03
1.533435913085937500e+03
1.486121093750000000e+03
1.440461303710937500e+03
1.409180297851562500e+03
1.401392211914062500e+03
1.407666015625000000e+03
1.352035400390625000e+03
7.871622070312500000e+03
7.664410644531250000e+03
7.308313476562500000e+03
7.923032714843750000e+03
7.766508789062500000e+03
7.599773925781250000e+03
8.004299316406250000e+03
8.182308105468750000e+03
7.638168945312500000e+03
-7.374230957031250000e+01
-8.034930419921875000e+01
-1.202737808227539062e+02
-1.055863571166992188e+01
-2.341231918334960938e+01
-7.407610321044921875e+01
-4.422595500946044922e+00
-4.876454925537109375e+01
-1.036279830932617188e+02
-1.500501990318298340e+00
-1.232609152793884277e+00
-1.709298849105834961e+00
-3.591103076934814453e+00
-4.382212162017822266e+00
-2.915004253387451172e+00
-4.391406059265136719e+00
-3.934859514236450195e+00
-3.185012817382812500e+00
-2.444992065429687500e+02
-3.558364257812500000e+02
-4.697804260253906250e+02
-3.262626647949218750e+02
-4.261123657226562500e+02
-5.218045043945312500e+02
-3.982066955566406250e+02
-4.817342529296875000e+02
-5.405661621093750000e+02
2.353509888052940369e-02
2.931202575564384460e-02
-1.246248488314449787e-03
-2.518959715962409973e-02
1.366861015558242798e-01
-7.569199055433273315e-02
5.790688470005989075e-02
-2.099934499710798264e-04
-2.728357538580894470e-02
-2.878590774536132812e+01
1.091233348846435547e+01
-1.767873382568359375e+01
-2.422795295715332031e+01
1.234312057495117188e+01
-1.952003669738769531e+01
-2.731302642822265625e+01
6.032870769500732422e+00
-2.545914840698242188e+01
-8.729094505310058594e+00
-9.300700187683105469e+00
-8.511820793151855469e+00
-7.463647365570068359e+00
-1.020876979827880859e+01
-1.024971008300781250e+01
-7.282896041870117188e+00
-7.416550159454345703e+00
-8.525872230529785156e+00
-1.054326725006103516e+01
-1.233369159698486328e+01
-2.884630918502807617e+00
-8.148551940917968750e+00
-1.324326038360595703e+01
-4.254570484161376953e+00
-1.151683139801025391e+01
-1.530999565124511719e+01
-3.679587125778198242e+00
-4.023602905273437500e+02
-4.545423583984375000e+02
-5.778902587890625000e+02
-4.048452148437500000e+02
-4.794528503417968750e+02
-5.942520751953125000e+02
-4.493019714355468750e+02
-5.245652465820312500e+02
-6.218887939453125000e+02
-1.314274907112121582e+00
-6.705996990203857422e-01
-5.059198737144470215e-01
-7.646363973617553711e-01
-6.312542557716369629e-01
2.404328901320695877e-03
-9.059795737266540527e-01
-5.631557106971740723e-01
5.482042208313941956e-02
-1.980693191289901733e-01
4.428442955017089844e+00
-2.087835550308227539e+00
-3.089218854904174805e+00
1.798020005226135254e+00
-4.037897586822509766e+00
-7.370024919509887695e-01
5.526803493499755859e+00
-1.484093189239501953e+00
-1.556491732597351074e+00
-2.087434053421020508e+00
-1.839061975479125977e+00
-2.051625013351440430e+00
-2.776000738143920898e+00
-2.263857841491699219e+00
-2.063533782958984375e+00
-1.864491820335388184e+00
-1.971438765525817871e+00
-2.285394592285156250e+02
-2.803738708496093750e+02
-3.821379394531250000e+02
-2.972429809570312500e+02
-3.583563842773437500e+02
-4.371492919921875000e+02
-4.647177429199218750e+02
-5.017920227050781250e+02
-5.737293701171875000e+02
3.283565044403076172e-01
6.655790805816650391e-01
-1.964725732803344727e+00
-1.955883741378784180e+00
-2.118021488189697266e+00
-4.904611110687255859e+00
2.134580612182617188e+00
1.105232477188110352e+00
-1.494327068328857422e+00
-1.076507687568664551e+00
6.062922954559326172e+00
-4.422769069671630859e+00
7.483571529388427734e+00
6.415221691131591797e+00
-1.304192352294921875e+01
1.201509952545166016e+01
1.376242351531982422e+01
-5.867884159088134766e+00
-3.147833633422851562e+01
-3.795553588867187500e+01
-4.688481140136718750e+01
-3.053050041198730469e+01
-3.798490905761718750e+01
-4.782378387451171875e+01
-2.731028938293457031e+01
-3.576422119140625000e+01
-4.582746124267578125e+01
-2.253900909423828125e+02
-2.220776519775390625e+02
-2.205926971435546875e+02
-2.148554382324218750e+02
-2.160817108154296875e+02
-2.207265472412109375e+02
-1.931701660156250000e+02
-1.933105010986328125e+02
-1.648185424804687500e+02
-2.248396682739257812e+01
1.440730857849121094e+01
-8.910865783691406250e+00
1.034647107124328613e+00
3.087855529785156250e+01
5.800673484802246094e+00
3.189705276489257812e+01
5.651312255859375000e+01
3.941394042968750000e+01
9.882705807685852051e-01
1.240406185388565063e-01
5.144330859184265137e-01
9.887836575508117676e-01
-3.821595311164855957e-01
-7.348632812500000000e-02
9.851660132408142090e-01
-5.418488979339599609e-01
1.546180248260498047e-01
6.559561920166015625e+01
5.932102584838867188e+01
4.732865142822265625e+01
7.531401824951171875e+01
6.894058227539062500e+01
6.292732238769531250e+01
8.189990234375000000e+01
9.274748229980468750e+01
9.955595397949218750e+01
-1.649400964379310608e-02
2.639333717525005341e-02
-1.876312494277954102e-02
2.979634329676628113e-02
5.152848362922668457e-02
-2.943444065749645233e-02
-3.348179161548614502e-02
-9.695688262581825256e-03
-3.101787902414798737e-02
7.064020156860351562e+00
2.082154035568237305e+00
2.324744939804077148e+00
9.135578155517578125e+00
-1.204384326934814453e+00
-4.803645014762878418e-01
1.682644462585449219e+01
5.304474830627441406e+00
2.642586946487426758e+00
-2.306113392114639282e-02
-6.020134687423706055e-01
-1.018108129501342773e+00
-5.631482601165771484e-01
-9.399277567863464355e-01
1.069900870323181152e+00
8.347455859184265137e-01
2.202133655548095703e+00
7.960198521614074707e-01
-8.946788907051086426e-01
1.402632713317871094e+00
-5.793610811233520508e-01
-1.813667297363281250e+00
3.727709293365478516e+00
1.665504574775695801e+00
-7.016137242317199707e-02
2.374456405639648438e+00
5.974986553192138672e-01
1.960274696350097656e+01
2.108032608032226562e+01
3.194557380676269531e+01
2.524677658081054688e+01
2.905323600769042969e+01
4.008260726928710938e+01
7.108020782470703125e+01
7.968800354003906250e+01
9.482144927978515625e+01
-4.389326274394989014e-02
1.817559264600276947e-02
1.599441468715667725e-02
1.137905791401863098e-01
1.418815702199935913e-01
1.193582788109779358e-01
6.374949216842651367e-02
1.321514695882797241e-01
-2.229172177612781525e-02
-1.089670538902282715e+00
-7.791098952293395996e-01
-1.932873487472534180e+00
2.453757286071777344e+00
4.084890842437744141e+00
3.109949111938476562e+00
6.205555796623229980e-01
1.495778441429138184e+00
1.005713790655136108e-01
-1.868369728326797485e-01
4.628605209290981293e-03
-3.189694136381149292e-02
-4.608325660228729248e-01
-1.701324880123138428e-01
-1.081825271248817444e-01
1.882724463939666748e-04
3.173492550849914551e-01
-4.407751560211181641e-02
3.647102737426757812e+01
2.533049964904785156e+01
-3.554999589920043945e+00
2.642113494873046875e+01
2.020086288452148438e+00
2.791694641113281250e+00
3.170673179626464844e+01
2.132113838195800781e+01
4.471567153930664062e+01
-2.474068999290466309e-01
-1.521617323160171509e-01
-1.382507801055908203e+00
4.574383735656738281e+00
4.757358551025390625e+00
3.994235038757324219e+00
7.033171653747558594e-01
1.032922625541687012e+00
-1.546473950147628784e-01
1.291175246238708496e+00
7.222612500190734863e-01
-7.405358552932739258e-01
2.838057041168212891e+00
8.612529039382934570e-01
-5.587674140930175781e+00
2.072298765182495117e+00
1.166221022605895996e+00
-4.312512397766113281e+00
4.134528636932373047e+00
4.571875095367431641e+00
3.452598333358764648e+00
9.211379051208496094e+00
1.050273990631103516e+01
1.045656013488769531e+01
9.273722648620605469e+00
1.008870220184326172e+01
1.155021667480468750e+01
1.544758987426757812e+01
-3.684031486511230469e+00
1.176705741882324219e+01
6.202274322509765625e+01
4.121756744384765625e+01
4.811672210693359375e+01
5.065283203125000000e+01
4.014310455322265625e+01
4.076166534423828125e+01
5.476282348632812500e+02
7.327869262695312500e+02
7.175051879882812500e+02
6.222658081054687500e+02
8.446697998046875000e+02
8.493496093750000000e+02
5.875761108398437500e+02
7.621242675781250000e+02
7.786533203125000000e+02
1.917899894714355469e+01
2.007917976379394531e+01
1.627731704711914062e+01
1.984362411499023438e+01
1.930673599243164062e+01
1.700651168823242188e+01
2.058668518066406250e+01
1.769569015502929688e+01
2.044017982482910156e+01
1.396182617187500000e+03
1.430305541992187500e+03
1.418592651367187500e+03
1.457487304687500000e+03
1.488511962890625000e+03
1.498971313476562500e+03
1.475553955078125000e+03
1.534096679687500000e+03
1.604874023437500000e+03
-2.628849446773529053e-02
1.278009731322526932e-02
-6.809912621974945068e-02
6.893561035394668579e-02
1.930496394634246826e-01
1.981170475482940674e-01
-1.219708770513534546e-01
7.700907066464424133e-03
-2.968293800950050354e-02
1.892205810546875000e+02
1.152981262207031250e+02
1.648637390136718750e+02
1.999968109130859375e+02
1.420366363525390625e+02
1.544898986816406250e+02
2.413156433105468750e+02
2.043123626708984375e+02
1.960785980224609375e+02
9.473143577575683594e+00
1.146824645996093750e+01
5.346599578857421875e+00
1.647971916198730469e+01
1.785288047790527344e+01
1.008007431030273438e+01
2.442684364318847656e+01
2.249498748779296875e+01
1.604125785827636719e+01
6.163377285003662109e+00
1.940188217163085938e+01
4.216548442840576172e+00
9.192561149597167969e+00
2.264537048339843750e+01
1.085328674316406250e+01
1.469599914550781250e+01
2.283850669860839844e+01
7.874851226806640625e+00
1.816407592773437500e+03
1.823219360351562500e+03
1.969932861328125000e+03
2.012694824218750000e+03
2.099695312500000000e+03
2.215639160156250000e+03
2.162585937500000000e+03
2.282879394531250000e+03
2.418656005859375000e+03
2.584405422210693359e+00
3.622609138488769531e+00
1.234147667884826660e+00
3.577181577682495117e+00
6.755625247955322266e+00
3.317683935165405273e+00
4.737273216247558594e+00
6.393722057342529297e+00
3.742232799530029297e+00
4.400071620941162109e+00
4.914745807647705078e+00
1.109912681579589844e+01
9.452899932861328125e+00
1.528518486022949219e+01
1.618593978881835938e+01
9.627369642257690430e-01
2.959496021270751953e+00
8.614187240600585938e+00
1.554045557975769043e+00
3.329741954803466797e+00
3.441492319107055664e+00
7.939586043357849121e-01
3.250102519989013672e+00
1.878569245338439941e+00
3.106240034103393555e+00
6.722660541534423828e+00
4.908868789672851562e+00
1.126229370117187500e+03
1.161425903320312500e+03
1.401754760742187500e+03
1.098048706054687500e+03
1.123840087890625000e+03
1.375580444335937500e+03
1.054621826171875000e+03
1.016208557128906250e+03
1.258186523437500000e+03
1.715187263488769531e+01
2.688754081726074219e+01
2.062607002258300781e+01
3.030315589904785156e+01
3.813135147094726562e+01
3.222969055175781250e+01
1.951233863830566406e+01
2.311255073547363281e+01
2.201465988159179688e+01
1.783162841796875000e+02
1.701247558593750000e+02
1.565725402832031250e+02
1.744684906005859375e+02
1.559726257324218750e+02
1.461658020019531250e+02
2.152670440673828125e+02
2.206623382568359375e+02
2.249722442626953125e+02
1.895555267333984375e+02
2.050403747558593750e+02
2.053628997802734375e+02
2.158763885498046875e+02
2.314750976562500000e+02
2.324198150634765625e+02
2.027406005859375000e+02
2.127411193847656250e+02
2.203941345214843750e+02
1.312361572265625000e+03
1.291086669921875000e+03
1.372414794921875000e+03
1.403577270507812500e+03
1.400974975585937500e+03
1.484464233398437500e+03
1.275843872070312500e+03
1.313838623046875000e+03
1.373195922851562500e+03
-3.827532043457031250e+02
-3.697487182617187500e+02
-3.873829956054687500e+02
-3.628900451660156250e+02
-3.690070800781250000e+02
-3.580248413085937500e+02
-3.491494750976562500e+02
-3.527738647460937500e+02
-3.198814086914062500e+02
-4.022148132324218750e+00
-3.712300300598144531e+00
-3.140771627426147461e+00
-3.115203857421875000e+00
-3.212771415710449219e+00
-2.881715297698974609e+00
-3.412779331207275391e+00
-4.702998161315917969e+00
-3.564653158187866211e+00
-6.426908569335937500e+02
-6.058259887695312500e+02
-5.894630737304687500e+02
-6.138931884765625000e+02
-5.889473876953125000e+02
-5.779311523437500000e+02
-6.017277221679687500e+02
-5.958665161132812500e+02
-5.980750122070312500e+02
5.901124700903892517e-02
-2.336988225579261780e-03
-8.026066422462463379e-02
-5.086537078022956848e-02
-4.119594022631645203e-02
-5.467118695378303528e-02
-6.748470012098550797e-03
4.456624388694763184e-03
-4.740485921502113342e-02
-7.512438201904296875e+01
-9.443361663818359375e+01
-9.642783355712890625e+01
-7.611597442626953125e+01
-9.746663665771484375e+01
-1.001203918457031250e+02
-8.604800415039062500e+01
-9.900844573974609375e+01
-1.125184478759765625e+02
-6.569054126739501953e+00
-5.717681407928466797e+00
-5.732433319091796875e+00
-6.299428939819335938e+00
-7.308186054229736328e+00
-5.363648414611816406e+00
-5.385454654693603516e+00
-6.934892177581787109e+00
-6.110954284667968750e+00
-7.000864982604980469e+00
-9.087462425231933594e+00
-2.683766365051269531e+00
-8.531561851501464844e+00
-1.049718761444091797e+01
-3.183459758758544922e+00
-1.064134979248046875e+01
-1.083553123474121094e+01
-2.664212942123413086e+00
-1.010401489257812500e+03
-1.027161254882812500e+03
-1.045663452148437500e+03
-1.022261169433593750e+03
-1.029980590820312500e+03
-1.051810546875000000e+03
-1.029583251953125000e+03
-1.022873291015625000e+03
-1.056638183593750000e+03
-9.477027058601379395e-01
-1.064505457878112793e+00
-8.388126492500305176e-01
-1.095637321472167969e+00
-1.604235053062438965e+00
-1.029046058654785156e+00
-7.895358800888061523e-01
-1.636615157127380371e+00
-8.810892701148986816e-01
-2.041200250387191772e-01
-2.228947281837463379e-01
-3.371336936950683594e+00
-1.793047189712524414e+00
-3.028590440750122070e+00
-5.094895362854003906e+00
-1.154256701469421387e+00
-1.226240158081054688e+00
-3.389591217041015625e+00
-1.684952735900878906e+00
-2.046098947525024414e+00
-2.368507146835327148e+00
-2.007899761199951172e+00
-2.405635356903076172e+00
-2.935258388519287109e+00
-2.627517700195312500e+00
-2.869979619979858398e+00
-3.204985618591308594e+00
-7.351620483398437500e+02
-7.572023925781250000e+02
-6.889685058593750000e+02
-7.004993286132812500e+02
-7.264163208007812500e+02
-6.603598632812500000e+02
-7.048464355468750000e+02
-7.301166381835937500e+02
-7.081885986328125000e+02
-7.701639175415039062e+00
-1.076992893218994141e+01
-8.608513832092285156e+00
-1.082509040832519531e+01
-1.485177898406982422e+01
-1.148786354064941406e+01
-9.584871292114257812e+00
-1.236139106750488281e+01
-9.227730751037597656e+00
-7.443769836425781250e+01
-8.491310882568359375e+01
-8.249798583984375000e+01
-6.419657897949218750e+01
-7.485639953613281250e+01
-7.637715911865234375e+01
-6.670038604736328125e+01
-7.185990142822265625e+01
-8.079614257812500000e+01
-1.002414245605468750e+02
-1.000731658935546875e+02
-9.965626525878906250e+01
-1.006695556640625000e+02
-9.977565002441406250e+01
-9.940253448486328125e+01
-9.202185821533203125e+01
-9.273653411865234375e+01
-9.269224548339843750e+01
-4.013535766601562500e+02
-4.213938903808593750e+02
-4.536121520996093750e+02
-4.009019775390625000e+02
-4.485704040527343750e+02
-4.968793640136718750e+02
-3.797921447753906250e+02
-4.149707641601562500e+02
-4.656752624511718750e+02
1.378959594726562500e+03
1.152066650390625000e+03
1.641897705078125000e+03
8.092352294921875000e+02
9.799675903320312500e+02
1.360029174804687500e+03
5.417869262695312500e+02
9.992465820312500000e+02
1.411838745117187500e+03
3.426914978027343750e+01
2.356561279296875000e+01
1.932869529724121094e+01
3.748066329956054688e+01
2.617746353149414062e+01
1.362008190155029297e+01
3.886285400390625000e+01
3.263903045654296875e+01
1.996024322509765625e+01
3.292154052734375000e+03
4.059706542968750000e+03
4.551278808593750000e+03
3.274866943359375000e+03
4.033227294921875000e+03
4.284663574218750000e+03
3.294148681640625000e+03
3.819643066406250000e+03
3.721624267578125000e+03
2.723680809140205383e-02
-3.899912163615226746e-02
-2.486960589885711670e-02
-9.399569034576416016e-02
-3.395352959632873535e-01
9.356957674026489258e-01
-7.837752252817153931e-02
3.422894477844238281e-01
7.661347389221191406e-01
2.090039672851562500e+02
1.717367553710937500e+02
1.605008850097656250e+02
2.689542846679687500e+02
2.635832214355468750e+02
3.077342834472656250e+02
2.210303955078125000e+02
2.305337066650390625e+02
3.582800903320312500e+02
6.810992431640625000e+01
5.934814071655273438e+01
2.020376968383789062e+01
9.017676544189453125e+01
8.625186157226562500e+01
2.667308425903320312e+01
8.738231658935546875e+01
7.801976776123046875e+01
1.867389678955078125e+01
9.495014953613281250e+01
8.015256500244140625e+01
2.137112998962402344e+01
9.627046203613281250e+01
6.175163269042968750e+01
7.044363021850585938e+00
8.303897857666015625e+01
5.951443099975585938e+01
4.977035522460937500e+00
4.662307128906250000e+03
4.905442382812500000e+03
5.191036621093750000e+03
4.378800292968750000e+03
4.638732910156250000e+03
4.918928710937500000e+03
3.884275146484375000e+03
4.194200195312500000e+03
4.368193847656250000e+03
3.731166124343872070e+00
3.432070732116699219e+00
3.266165733337402344e+00
1.653167963027954102e+00
2.792254686355590820e+00
1.330143690109252930e+00
9.155633449554443359e-01
3.815807342529296875e+00
1.030961275100708008e+00
-1.152011775970458984e+01
-2.300811386108398438e+01
-9.337608337402343750e+00
-2.015396499633789062e+01
-1.627029418945312500e+01
-2.266956329345703125e+01
7.119265198707580566e-01
-1.837179899215698242e+00
-1.965929508209228516e+00
1.220331001281738281e+01
1.059203147888183594e+01
9.392727851867675781e+00
1.647229576110839844e+01
1.702468490600585938e+01
1.618266296386718750e+01
7.668798446655273438e+00
6.679844379425048828e+00
1.071689987182617188e+01
2.921302978515625000e+03
3.207112792968750000e+03
3.961641357421875000e+03
3.127829101562500000e+03
3.350260009765625000e+03
3.822340087890625000e+03
2.999135742187500000e+03
3.184260498046875000e+03
3.437688964843750000e+03
-5.552633285522460938e+00
1.372952461242675781e+01
9.533026218414306641e-01
-2.253826904296875000e+01
-6.045283317565917969e+00
1.167707252502441406e+01
3.192276954650878906e+00
1.766756629943847656e+01
3.755456542968750000e+01
6.123494720458984375e+01
1.019205169677734375e+02
1.750805206298828125e+02
6.227783966064453125e+01
1.732946624755859375e+02
2.517244720458984375e+02
4.906176376342773438e+01
1.644310760498046875e+02
2.004360656738281250e+02
3.013823852539062500e+02
3.402082214355468750e+02
4.090911254882812500e+02
2.441429748535156250e+02
2.791583251953125000e+02
3.376500549316406250e+02
2.358354949951171875e+02
2.890118103027343750e+02
3.230140380859375000e+02
2.187622314453125000e+03
2.036061157226562500e+03
1.638535156250000000e+03
2.002897216796875000e+03
1.803989135742187500e+03
1.365831298828125000e+03
1.928204467773437500e+03
1.715044189453125000e+03
1.369531127929687500e+03
1.297198486328125000e+02
1.971380615234375000e+02
1.781806182861328125e+02
2.076643066406250000e+02
2.818323059082031250e+02
2.439387817382812500e+02
2.090667419433593750e+02
2.287977905273437500e+02
2.002228851318359375e+02
2.272444963455200195e+00
4.468620300292968750e+00
2.859135389328002930e+00
1.455638527870178223e+00
2.813986301422119141e+00
1.397988200187683105e+00
6.307086944580078125e-01
3.324414491653442383e+00
1.777205944061279297e+00
3.488011169433593750e+02
3.144712829589843750e+02
2.714765930175781250e+02
3.316267395019531250e+02
2.872431640625000000e+02
2.579231262207031250e+02
3.082022094726562500e+02
2.848170471191406250e+02
2.801389465332031250e+02
4.799565300345420837e-02
3.504290059208869934e-02
-1.268835179507732391e-02
3.656832268461585045e-03
1.566442996263504028e-01
1.238154396414756775e-01
4.302340559661388397e-03
-5.088576674461364746e-02
-4.380042105913162231e-02
5.340376663208007812e+01
4.225530624389648438e+01
6.886392211914062500e+01
5.719311141967773438e+01
5.216069030761718750e+01
7.323348999023437500e+01
5.864762115478515625e+01
5.298202896118164062e+01
6.750339508056640625e+01
-7.499675750732421875e-01
-5.351755768060684204e-03
-2.673372626304626465e-01
3.402745425701141357e-01
1.743209719657897949e+00
2.585818290710449219e+00
2.039347648620605469e+00
3.103114604949951172e+00
5.486526489257812500e+00
-5.729852676391601562e+00
4.669100284576416016e+00
1.048153996467590332e+00
-6.600531101226806641e+00
4.172578811645507812e+00
1.074002981185913086e+00
-4.597064018249511719e+00
5.559839725494384766e+00
1.070592403411865234e+00
4.708683776855468750e+02
4.334391174316406250e+02
4.929116821289062500e+02
5.325184936523437500e+02
5.022273559570312500e+02
5.623531494140625000e+02
5.881669921875000000e+02
5.529906616210937500e+02
6.190189819335937500e+02
1.700287759304046631e-01
1.215045809745788574e+00
2.444609850645065308e-01
8.816520571708679199e-01
1.818771004676818848e+00
8.255674839019775391e-01
5.997983217239379883e-01
2.002080440521240234e+00
6.788783669471740723e-01
2.202296495437622070e+00
4.291388511657714844e+00
3.517932653427124023e+00
2.986313819885253906e+00
4.753598690032958984e+00
5.449252128601074219e+00
5.694573521614074707e-01
1.533138155937194824e+00
3.359431028366088867e+00
4.956364035606384277e-01
5.326754450798034668e-01
4.872358739376068115e-01
2.522515952587127686e-01
4.946517944335937500e-01
5.070102810859680176e-01
5.056244134902954102e-01
9.861108660697937012e-01
9.544198513031005859e-01
3.863411254882812500e+02
3.741926574707031250e+02
3.504711608886718750e+02
3.725341186523437500e+02
3.492169799804687500e+02
3.508764343261718750e+02
3.453171997070312500e+02
3.136615905761718750e+02
3.249689025878906250e+02
8.603829383850097656e+00
1.081123352050781250e+01
8.735601425170898438e+00
1.099291419982910156e+01
1.154967784881591797e+01
8.966277122497558594e+00
8.429594039916992188e+00
8.058081626892089844e+00
4.368896484375000000e+00
3.888002777099609375e+01
4.343922042846679688e+01
3.573544311523437500e+01
4.067433547973632812e+01
3.627660751342773438e+01
2.831817436218261719e+01
4.854146575927734375e+01
4.777030563354492188e+01
4.287965393066406250e+01
5.507878494262695312e+01
5.665226745605468750e+01
5.286884689331054688e+01
6.494945526123046875e+01
6.696831512451171875e+01
6.294945907592773438e+01
6.005729675292968750e+01
6.023582839965820312e+01
5.879125595092773438e+01
2.359782562255859375e+02
2.109356231689453125e+02
2.604262695312500000e+02
2.456119232177734375e+02
2.350077972412109375e+02
3.020101928710937500e+02
2.323112030029296875e+02
2.298170928955078125e+02
2.889874877929687500e+02
1.782358093261718750e+02
1.946806030273437500e+02
1.882510223388671875e+02
9.026052093505859375e+01
9.905476379394531250e+01
1.028301467895507812e+02
8.476273345947265625e+01
9.272261047363281250e+01
9.848220062255859375e+01
3.694019913673400879e-01
-3.195835351943969727e-01
-5.520087480545043945e-01
1.598793745040893555e+00
3.805683255195617676e-01
-6.051193475723266602e-01
1.081113457679748535e+00
7.458859682083129883e-01
-6.787320375442504883e-01
2.030497589111328125e+02
2.241079559326171875e+02
2.729295043945312500e+02
2.047772216796875000e+02
2.431329956054687500e+02
2.797976684570312500e+02
2.126448059082031250e+02
2.642128295898437500e+02
2.739675292968750000e+02
-1.718636602163314819e-02
-8.049989491701126099e-02
5.753019358962774277e-03
-1.198316924273967743e-02
3.684946149587631226e-02
6.807938963174819946e-02
-2.293644472956657410e-02
-3.583301976323127747e-02
-9.188008494675159454e-03
4.483547973632812500e+01
3.548174285888671875e+01
9.653736114501953125e+00
4.102806854248046875e+01
2.388899993896484375e+01
7.551252365112304688e+00
5.461378479003906250e+01
4.111338806152343750e+01
1.779839134216308594e+01
5.341266632080078125e+00
9.057860374450683594e+00
6.786641120910644531e+00
4.310854911804199219e+00
7.182033538818359375e+00
6.276945590972900391e+00
3.574010372161865234e+00
5.175415515899658203e+00
3.679121971130371094e+00
1.850455641746520996e+00
1.930101871490478516e+00
2.763332605361938477e+00
2.352314710617065430e+00
3.743701457977294922e+00
2.678113937377929688e+00
3.717523813247680664e+00
3.089044332504272461e+00
2.809119522571563721e-01
4.356223144531250000e+02
4.759943847656250000e+02
4.685537109375000000e+02
4.350088806152343750e+02
4.562142639160156250e+02
4.666675109863281250e+02
4.017940063476562500e+02
4.133751525878906250e+02
4.329240112304687500e+02
-3.290248513221740723e-01
-1.269257515668869019e-01
-1.741172820329666138e-01
-1.026274442672729492e+00
-2.773928046226501465e-01
-5.904683470726013184e-01
-6.938569545745849609e-01
2.722815275192260742e-01
-1.189579442143440247e-01
8.472844362258911133e-01
7.175978422164916992e-01
-1.585952520370483398e+00
8.655850887298583984e-01
1.912158012390136719e+00
-9.378075599670410156e-01
3.408146798610687256e-01
-7.103906869888305664e-01
-1.784353137016296387e+00
1.488714098930358887e+00
4.763114750385284424e-01
1.000898361206054688e+00
1.754095315933227539e+00
5.670692324638366699e-01
8.507381677627563477e-01
2.372853994369506836e+00
5.938704013824462891e-01
1.488909125328063965e+00
3.689860839843750000e+02
3.243102111816406250e+02
3.422961730957031250e+02
4.114877624511718750e+02
3.810433654785156250e+02
3.616085205078125000e+02
3.903030395507812500e+02
3.565961914062500000e+02
3.447975158691406250e+02
1.635128259658813477e+00
1.697563290596008301e+00
-4.583492577075958252e-01
1.418401956558227539e+00
-1.244750618934631348e-01
-8.990854024887084961e-01
1.658071160316467285e+00
2.006768584251403809e-01
-1.521504402160644531e+00
1.656668090820312500e+01
2.676038169860839844e+01
2.703305435180664062e+01
1.124389553070068359e+01
2.227438545227050781e+01
3.248197937011718750e+01
1.587005043029785156e+01
2.702038002014160156e+01
3.639765167236328125e+01
4.016143798828125000e+01
3.897931671142578125e+01
3.835687255859375000e+01
3.501269912719726562e+01
3.520090484619140625e+01
3.526046371459960938e+01
3.107913970947265625e+01
3.306004333496093750e+01
3.441413879394531250e+01
1.387619628906250000e+02
1.449449005126953125e+02
1.221534881591796875e+02
1.808618927001953125e+02
1.771023406982421875e+02
1.588609313964843750e+02
1.773932037353515625e+02
1.569204406738281250e+02
1.371243133544921875e+02
2.148044395446777344e+01
1.379031982421875000e+02
2.059141235351562500e+02
3.152156257629394531e+01
1.793533325195312500e+02
2.440453033447265625e+02
7.255410003662109375e+01
1.827394409179687500e+02
2.291789398193359375e+02
5.430164337158203125e-01
1.366369247436523438e+00
-1.578439354896545410e+00
-1.956903338432312012e-01
1.051700234413146973e+00
-1.446614623069763184e+00
-6.716511398553848267e-02
6.102218627929687500e-01
-2.221762090921401978e-01
4.216976928710937500e+02
5.088335876464843750e+02
5.271757202148437500e+02
4.301317443847656250e+02
4.806042175292968750e+02
4.714818420410156250e+02
3.752619018554687500e+02
4.147678527832031250e+02
4.135151062011718750e+02
6.447271257638931274e-02
-1.151230093091726303e-02
3.203479573130607605e-02
2.845182456076145172e-02
-3.181695193052291870e-02
3.910389170050621033e-02
3.708953037858009338e-02
-4.728630930185317993e-02
2.084140479564666748e-02
1.227805519104003906e+01
3.140376329421997070e+00
3.043461799621582031e+01
2.313284111022949219e+01
1.392984008789062500e+01
3.344660186767578125e+01
2.059932136535644531e+01
2.782857322692871094e+01
4.413286209106445312e+01
4.463253021240234375e+00
7.855172634124755859e+00
1.710244894027709961e+00
7.668051242828369141e+00
1.024927520751953125e+01
4.877661705017089844e+00
1.183687591552734375e+01
1.060422134399414062e+01
4.889684200286865234e+00
1.654875516891479492e+00
1.116296863555908203e+01
1.943151712417602539e+00
3.577906608581542969e+00
1.178787994384765625e+01
2.600296258926391602e+00
5.600475311279296875e+00
1.215368556976318359e+01
7.133021950721740723e-01
3.733215942382812500e+02
4.021660156250000000e+02
4.654877319335937500e+02
4.214781188964843750e+02
4.779430847167968750e+02
5.327634277343750000e+02
4.522964172363281250e+02
4.988498840332031250e+02
5.438831787109375000e+02
-7.249459028244018555e-01
-3.648855984210968018e-01
-7.786409854888916016e-01
-4.776070415973663330e-01
7.989745140075683594e-01
-4.179646968841552734e-01
-2.298909127712249756e-01
5.669919848442077637e-01
-5.530405789613723755e-02
-8.684921860694885254e-01
-1.097646832466125488e+00
1.017602443695068359e+00
-2.009981274604797363e-01
-9.660795331001281738e-02
1.855074524879455566e+00
5.283414125442504883e-01
9.638330936431884766e-01
1.733733892440795898e+00
7.201684117317199707e-01
2.339134961366653442e-01
1.209123283624649048e-01
1.121271401643753052e-01
-3.739161193370819092e-01
-2.922666668891906738e-01
-8.149925619363784790e-03
1.954601705074310303e-02
-1.534639000892639160e-01
3.157078857421875000e+02
3.182805175781250000e+02
4.149410705566406250e+02
2.954637756347656250e+02
2.773928222656250000e+02
3.688424987792968750e+02
2.570191345214843750e+02
2.141468658447265625e+02
3.224429626464843750e+02
-6.816191673278808594e+00
-2.867208480834960938e+00
-1.185973048210144043e+00
-2.501809597015380859e+00
4.223740100860595703e-01
2.805025577545166016e+00
-3.183444261550903320e+00
1.468831658363342285e+00
2.897512912750244141e+00
-2.312634086608886719e+01
-1.924534797668457031e+01
-1.075737667083740234e+01
-1.212914562225341797e+01
-1.729368209838867188e+01
-4.876065254211425781e+00
1.529536366462707520e+00
2.092476129531860352e+00
1.122485256195068359e+01
2.923396301269531250e+01
3.775855636596679688e+01
4.016078567504882812e+01
3.462034988403320312e+01
4.389913558959960938e+01
4.459679794311523438e+01
3.109474754333496094e+01
3.805713653564453125e+01
4.140105819702148438e+01
1.388481597900390625e+02
8.813169097900390625e+01
4.945352172851562500e+01
1.132864761352539062e+02
6.482539367675781250e+01
4.435603332519531250e+01
7.661478424072265625e+01
4.708945846557617188e+01
3.719508743286132812e+01
-1.654970359802246094e+01
-2.596727943420410156e+01
-3.464523315429687500e+01
-6.019303512573242188e+01
-7.172274017333984375e+01
-8.139358520507812500e+01
-7.604639434814453125e+01
-8.606544494628906250e+01
-8.414554595947265625e+01
4.757738113403320312e-01
1.009048148989677429e-01
1.309254765510559082e-01
-7.349011301994323730e-01
5.287698507308959961e-01
-2.133651673793792725e-01
-2.558879852294921875e-01
1.026186943054199219e+00
-3.302104026079177856e-02
-9.572467041015625000e+01
-8.598741912841796875e+01
-8.794155120849609375e+01
-8.130538940429687500e+01
-7.495519256591796875e+01
-7.770132446289062500e+01
-6.724810791015625000e+01
-6.366024017333984375e+01
-6.922251892089843750e+01
4.795867204666137695e-02
5.007306858897209167e-02
1.016981750726699829e-01
-2.603496238589286804e-02
3.795837610960006714e-02
6.987334787845611572e-02
1.532203704118728638e-02
9.787616133689880371e-02
5.143844522535800934e-03
-3.149911880493164062e+01
-1.573379230499267578e+01
-2.669438743591308594e+01
-3.670236968994140625e+01
-1.787185096740722656e+01
-1.923709106445312500e+01
-3.316073989868164062e+01
-2.029026222229003906e+01
-6.840603828430175781e+00
7.195320725440979004e-01
1.210501074790954590e+00
-8.424633741378784180e-01
1.996347069740295410e+00
-1.287258028984069824e+00
-2.889158487319946289e+00
-2.226427793502807617e+00
-3.588059902191162109e+00
-3.097021102905273438e+00
-8.846249580383300781e-01
5.159460902214050293e-01
-2.794066369533538818e-01
4.802979230880737305e-01
8.274121880531311035e-01
-1.499270349740982056e-01
-1.121884942054748535e+00
1.475868821144104004e+00
5.938093364238739014e-02
-1.479998931884765625e+02
-1.318007507324218750e+02
-1.391457214355468750e+02
-1.589385375976562500e+02
-1.496945190429687500e+02
-1.620532531738281250e+02
-1.900573425292968750e+02
-1.798751831054687500e+02
-2.017229614257812500e+02
2.266372740268707275e-01
1.559991240501403809e-01
2.706144750118255615e-01
-5.616629123687744141e-01
-6.453626751899719238e-01
-4.492860138416290283e-01
-5.254992842674255371e-01
-5.991310477256774902e-01
-6.865998506546020508e-01
-2.452367991209030151e-01
5.480748414993286133e-01
-2.514678478240966797e+00
-3.621110022068023682e-01
-2.878715991973876953e-01
-2.570880651473999023e+00
-8.643680214881896973e-01
2.281860634684562683e-02
-3.336836814880371094e+00
-4.415123164653778076e-01
-4.101571738719940186e-01
-3.122315108776092529e-01
-3.380443751811981201e-01
-2.320623770356178284e-02
3.423818945884704590e-01
3.384039402008056641e-01
3.384699523448944092e-01
3.765876889228820801e-01
-1.306710205078125000e+02
-1.532369842529296875e+02
-1.289295806884765625e+02
-1.190902938842773438e+02
-1.185409698486328125e+02
-1.160855789184570312e+02
-1.024599533081054688e+02
-8.464456176757812500e+01
-9.831148529052734375e+01
-3.405116200447082520e-01
-6.231622099876403809e-01
-1.186363816261291504e+00
-2.607199192047119141e+00
-1.504801630973815918e+00
-1.782670259475708008e+00
-4.963093280792236328e+00
-2.202255249023437500e+00
-2.044832468032836914e+00
-7.689463615417480469e+00
9.847209453582763672e-01
-5.314290046691894531e+00
-1.107725906372070312e+01
-3.879256963729858398e+00
-1.429735660552978516e+01
-1.771926689147949219e+01
-9.020130157470703125e+00
-2.260138702392578125e+01
-1.273616600036621094e+01
-1.206875038146972656e+01
-1.042099189758300781e+01
-1.826892471313476562e+01
-1.828875350952148438e+01
-1.791146469116210938e+01
-1.800669670104980469e+01
-1.789747619628906250e+01
-1.955917358398437500e+01
-5.784532546997070312e+01
-5.704310226440429688e+01
-5.570568084716796875e+01
-6.030892562866210938e+01
-6.435562133789062500e+01
-5.602781677246093750e+01
-4.197968292236328125e+01
-3.448397064208984375e+01
-4.909899520874023438e+01
-2.243927307128906250e+02
-2.340978698730468750e+02
-2.503282318115234375e+02
-2.498078460693359375e+02
-2.682886047363281250e+02
-2.723690185546875000e+02
-2.903360595703125000e+02
-2.699803161621093750e+02
-2.481945648193359375e+02
-3.459715366363525391e+00
-3.799708127975463867e+00
-2.811116933822631836e+00
-2.982968091964721680e+00
-2.998501300811767578e+00
-1.523576855659484863e+00
-1.848207235336303711e+00
-2.865832090377807617e+00
-1.397952318191528320e+00
-2.684210205078125000e+02
-2.542446746826171875e+02
-2.461267242431640625e+02
-2.441003875732421875e+02
-2.213499450683593750e+02
-2.183138122558593750e+02
-2.089100646972656250e+02
-1.945296020507812500e+02
-2.006185913085937500e+02
5.074729770421981812e-02
5.336293950676918030e-03
-2.388997934758663177e-03
-3.937662765383720398e-02
-8.923464268445968628e-02
1.211397442966699600e-02
-2.830041199922561646e-02
5.159233883023262024e-02
2.753879874944686890e-02
-4.583635711669921875e+01
-3.539109802246093750e+01
-3.986816406250000000e+01
-5.564710617065429688e+01
-4.111388778686523438e+01
-4.561406707763671875e+01
-5.784553909301757812e+01
-4.865266799926757812e+01
-4.471231079101562500e+01
-3.354632854461669922e+00
-3.032345294952392578e+00
-3.556521654129028320e+00
-2.521998882293701172e+00
-5.216331958770751953e+00
-4.581251621246337891e+00
-2.030759096145629883e+00
-5.130151748657226562e+00
-5.667973041534423828e+00
-2.885955095291137695e+00
-5.179403305053710938e+00
-1.553271889686584473e+00
-4.953359603881835938e+00
-9.460018157958984375e+00
-2.791611194610595703e+00
-4.195261001586914062e+00
-1.200123882293701172e+01
-1.894803166389465332e+00
-5.698090820312500000e+02
-5.755144653320312500e+02
-5.921822509765625000e+02
-5.893516235351562500e+02
-5.916356811523437500e+02
-6.088081054687500000e+02
-5.670352783203125000e+02
-5.721085205078125000e+02
-5.894154663085937500e+02
-3.781811594963073730e-01
-2.320301979780197144e-01
-3.173706829547882080e-01
-4.801401197910308838e-01
-7.928289175033569336e-01
-5.029824972152709961e-01
-8.194589614868164062e-01
-1.233185410499572754e+00
-1.047691583633422852e+00
2.707153856754302979e-01
-1.032467842102050781e+00
-3.883768558502197266e+00
-4.376766085624694824e-01
-1.484129786491394043e+00
-2.989118814468383789e+00
-6.274779438972473145e-01
-1.054282665252685547e+00
-2.964087486267089844e+00
-7.760058641433715820e-01
-1.190158724784851074e+00
-1.113284826278686523e+00
-1.439108252525329590e+00
-1.942056894302368164e+00
-1.786901116371154785e+00
-1.990273356437683105e+00
-1.782295942306518555e+00
-1.816861867904663086e+00
-5.226213378906250000e+02
-5.143134155273437500e+02
-4.901336059570312500e+02
-5.074819641113281250e+02
-5.068377380371093750e+02
-4.763835754394531250e+02
-3.913301391601562500e+02
-4.093209533691406250e+02
-3.850236816406250000e+02
-2.982163906097412109e+00
-5.145735740661621094e+00
-3.078004598617553711e+00
-6.400945186614990234e+00
-6.642954826354980469e+00
-4.062700271606445312e+00
-4.581622600555419922e+00
-5.172210216522216797e+00
-2.117482900619506836e+00
-3.876100540161132812e+01
-3.835784530639648438e+01
-4.317311096191406250e+01
-5.130079269409179688e+01
-4.045166397094726562e+01
-4.394195556640625000e+01
-5.469785308837890625e+01
-4.796403121948242188e+01
-5.330915832519531250e+01
-5.164144897460937500e+01
-5.283160781860351562e+01
-5.202019119262695312e+01
-5.368553924560546875e+01
-5.422466278076171875e+01
-5.345627212524414062e+01
-5.124459457397460938e+01
-5.187008285522460938e+01
-5.148538589477539062e+01
-2.346380310058593750e+02
-2.312359008789062500e+02
-2.526322021484375000e+02
-2.337398223876953125e+02
-2.417920379638671875e+02
-2.570542907714843750e+02
-2.268070678710937500e+02
-2.390433349609375000e+02
-2.284100646972656250e+02
