-1.101260948181152344e+01
-1.647179222106933594e+01
-3.802575683593750000e+01
-4.248353576660156250e+01
-4.559453964233398438e+01
-5.853379440307617188e+01
-8.103711700439453125e+01
-9.614450836181640625e+01
-1.076419525146484375e+02
8.068563842773437500e+01
1.027746429443359375e+02
8.809552764892578125e+01
1.002073822021484375e+02
1.274652938842773438e+02
1.127242202758789062e+02
1.293531036376953125e+02
1.557528991699218750e+02
1.352112579345703125e+02
-1.866802978515625000e+01
7.366889190673828125e+01
1.266923828125000000e+02
2.314241409301757812e+01
9.779987335205078125e+01
1.011001586914062500e+02
3.018755531311035156e+01
1.077049255371093750e+02
8.470346069335937500e+01
-4.039239501953125000e+01
-3.242468643188476562e+01
-1.897521018981933594e+01
-6.311962509155273438e+01
-4.665080261230468750e+01
-3.367526245117187500e+01
-5.524633407592773438e+01
-3.983728027343750000e+01
-2.560233497619628906e+01
-2.392249298095703125e+01
-3.110952186584472656e+01
-2.080604171752929688e+01
-3.956206130981445312e+01
-4.181972885131835938e+01
-4.437409973144531250e+01
-1.129769210815429688e+02
-1.095804977416992188e+02
-9.721041107177734375e+01
2.388449907302856445e+00
2.842285156250000000e+00
1.789473772048950195e+00
2.159603595733642578e+00
3.640578985214233398e+00
2.771010875701904297e+00
2.865460395812988281e+00
4.727760791778564453e+00
4.223224163055419922e+00
6.608792877197265625e+01
9.352070617675781250e+01
7.501248931884765625e+01
9.598549652099609375e+01
1.110629806518554688e+02
8.273742675781250000e+01
9.909442901611328125e+01
1.104737396240234375e+02
7.787554168701171875e+01
-2.226127319335937500e+02
-2.422068481445312500e+02
-2.075818634033203125e+02
-4.050492553710937500e+02
-3.941245117187500000e+02
-3.375927429199218750e+02
-4.553958129882812500e+02
-4.377351684570312500e+02
-3.566232910156250000e+02
2.422842788696289062e+01
1.729698371887207031e+01
5.685402393341064453e+00
4.805480194091796875e+01
4.032616806030273438e+01
3.522500610351562500e+01
5.669539642333984375e+01
5.169604110717773438e+01
4.779446411132812500e+01
3.930987930297851562e+01
6.890916442871093750e+01
7.374295806884765625e+01
9.756288146972656250e+01
1.244859085083007812e+02
9.946530914306640625e+01
1.032860336303710938e+02
1.143395690917968750e+02
4.812123489379882812e+01
7.022618055343627930e-01
4.244770050048828125e+00
4.324966907501220703e+00
2.682798624038696289e+00
5.172374725341796875e+00
1.450977683067321777e+00
4.120046615600585938e+00
6.070517539978027344e+00
1.526195645332336426e+00
-7.045201873779296875e+01
-7.430021667480468750e+01
-8.124632263183593750e+01
-1.067206726074218750e+02
-1.319339752197265625e+02
-1.425844573974609375e+02
-1.065619888305664062e+02
-1.455976257324218750e+02
-1.735788421630859375e+02
1.782552337646484375e+02
1.869493103027343750e+02
1.568768768310546875e+02
1.968875274658203125e+02
2.118274078369140625e+02
1.889350891113281250e+02
2.511336975097656250e+02
2.496357421875000000e+02
2.141131439208984375e+02
-1.831493377685546875e+02
-1.866574554443359375e+02
-1.865048675537109375e+02
-3.198487854003906250e+02
-3.428520812988281250e+02
-3.177540893554687500e+02
-3.385652770996093750e+02
-3.606856689453125000e+02
-3.379588317871093750e+02
1.718587036132812500e+02
1.555545806884765625e+02
1.392571411132812500e+02
2.295932617187500000e+02
2.108970336914062500e+02
1.941167602539062500e+02
2.838136901855468750e+02
2.424948577880859375e+02
2.011791076660156250e+02
-4.547408294677734375e+01
-2.698830223083496094e+01
-1.554276466369628906e+00
-4.414879226684570312e+01
-2.160247802734375000e+00
3.931542205810546875e+01
-6.409729003906250000e+01
5.510029315948486328e+00
4.764846038818359375e+01
3.859891891479492188e+00
7.476682186126708984e+00
8.408108711242675781e+00
3.471584618091583252e-01
4.653600692749023438e+00
6.704504489898681641e+00
-1.796109437942504883e+00
5.847823619842529297e-01
2.412742376327514648e+00
1.179591369628906250e+01
1.012195301055908203e+01
2.254135704040527344e+01
1.684316635131835938e+01
1.211613082885742188e+01
2.600466346740722656e+01
2.348927497863769531e+01
1.786081886291503906e+01
3.008040237426757812e+01
1.216548824310302734e+01
3.143411278724670410e-01
2.980818033218383789e+00
1.629730415344238281e+01
-7.447391986846923828e+00
-1.338891410827636719e+01
1.321137905120849609e+01
-9.576650619506835938e+00
-2.159055328369140625e+01
4.309554576873779297e+00
6.539700031280517578e+00
3.143723964691162109e+00
2.465950965881347656e+00
4.249508380889892578e+00
-1.256173849105834961e+00
4.656372547149658203e+00
6.605576992034912109e+00
1.518570423126220703e+00
5.615195274353027344e+00
7.688851833343505859e+00
9.825029373168945312e+00
5.490931034088134766e+00
4.481154441833496094e+00
-2.459738552570343018e-01
-7.648417472839355469e+00
-8.323191642761230469e+00
-1.132462882995605469e+01
2.917807102203369141e-01
-1.850098073482513428e-01
-3.466950058937072754e-01
6.705757379531860352e-01
2.179705500602722168e-01
5.453942343592643738e-02
4.325457811355590820e-01
8.303867280483245850e-02
-2.176124602556228638e-01
1.809156036376953125e+01
1.919025039672851562e+01
2.840248870849609375e+01
2.133025360107421875e+01
1.953353881835937500e+01
2.771976852416992188e+01
2.077344322204589844e+01
1.869262504577636719e+01
3.051286315917968750e+01
5.771648883819580078e+00
9.379677772521972656e+00
4.836456298828125000e+00
-3.704336404800415039e+00
-1.304563403129577637e+00
-9.443098068237304688e+00
2.991153001785278320e-01
4.683634281158447266e+00
-1.440255403518676758e+00
4.985684454441070557e-01
1.154503107070922852e+00
1.630815267562866211e+00
2.907909154891967773e+00
4.818823337554931641e+00
3.811604738235473633e+00
3.777774274349212646e-01
3.132017135620117188e+00
-1.814323663711547852e-02
5.395945549011230469e+00
3.287558794021606445e+00
1.796936416625976562e+01
1.556185245513916016e+01
6.197777271270751953e+00
1.579118347167968750e+01
1.079558753967285156e+01
-3.491197824478149414e+00
3.919323205947875977e+00
1.321326941251754761e-01
-4.778183102607727051e-01
1.423431932926177979e-01
2.077088356018066406e-01
-8.571875095367431641e-01
-2.696076631546020508e-01
-7.071785628795623779e-02
-1.442746400833129883e+00
-6.377111673355102539e-01
1.350071549415588379e+00
2.701309680938720703e+00
3.607671976089477539e+00
8.065969347953796387e-01
6.985470652580261230e-02
3.036511898040771484e+00
5.787459373474121094e+00
1.835830688476562500e+00
3.056977987289428711e+00
9.304958343505859375e+00
9.677738189697265625e+00
2.664402770996093750e+01
2.131314849853515625e+01
2.015607070922851562e+01
3.767284774780273438e+01
2.577073097229003906e+01
2.208997344970703125e+01
3.939897918701171875e+01
-6.483318805694580078e-01
9.540796279907226562e-01
1.821194887161254883e+00
-6.960240364074707031e+00
-5.033306121826171875e+00
-2.341435909271240234e+00
9.672674536705017090e-01
9.153369069099426270e-01
4.853524208068847656e+00
-1.485061550140380859e+01
-5.082272529602050781e+00
1.653152942657470703e+00
-1.330146598815917969e+01
-6.110815525054931641e+00
3.736413002014160156e+00
-1.707659149169921875e+01
-9.860977172851562500e+00
1.450150728225708008e+00
1.191208744049072266e+01
1.070423984527587891e+01
-2.150043964385986328e+00
1.530629253387451172e+01
1.766058349609375000e+01
-1.986930966377258301e+00
1.013624858856201172e+01
1.522937202453613281e+01
-1.052732372283935547e+01
-1.459051728248596191e+00
-1.649604678153991699e+00
-5.328311920166015625e-01
-7.756920814514160156e+00
-9.305846214294433594e+00
-4.937847137451171875e+00
-6.226609706878662109e+00
-6.444944858551025391e+00
-4.625136852264404297e+00
-2.598627090454101562e+00
-3.543859958648681641e+00
-5.018536090850830078e+00
-1.186772942543029785e+00
-1.931476473808288574e+00
-1.774146795272827148e+00
-1.930815815925598145e+00
-3.176509141921997070e+00
-2.268642663955688477e+00
-6.535922050476074219e+00
-9.220319986343383789e-02
1.166468977928161621e+00
-7.388856887817382812e+00
2.493118524551391602e+00
-7.975844144821166992e-01
8.469014167785644531e-01
4.065245985984802246e-01
-4.455870628356933594e+00
-4.744072437286376953e+00
-3.131746292114257812e+00
-1.804544806480407715e+00
-3.200221538543701172e+00
-1.718361854553222656e+00
-2.210360050201416016e+00
-1.628974080085754395e+00
-8.556530475616455078e-01
-3.540945768356323242e+00
-3.138229131698608398e+00
-2.131196022033691406e+00
-2.162860870361328125e+00
-1.544471073150634766e+01
-9.672862052917480469e+00
-5.415643692016601562e+00
-3.850367784500122070e+00
-4.551824092864990234e+00
-5.965076446533203125e+00
1.120803579688072205e-01
-4.944180324673652649e-02
-5.366567894816398621e-02
-7.352609187364578247e-03
-1.112349182367324829e-01
-3.010235168039798737e-02
-3.636480271816253662e-01
-5.626617074012756348e-01
-4.086870253086090088e-01
-6.342142224311828613e-01
-1.013439416885375977e+00
-1.882506608963012695e+00
-4.174153327941894531e+00
-4.186860084533691406e+00
-3.403584957122802734e+00
-4.965878009796142578e+00
-7.122241973876953125e+00
-5.893982410430908203e+00
-8.456214904785156250e+00
-4.802302360534667969e+00
5.971766114234924316e-01
-1.078040504455566406e+01
-5.703564643859863281e+00
1.802274703979492188e+00
-6.367806911468505859e+00
-1.528415918350219727e+00
1.850221633911132812e+00
-3.825409412384033203e-01
1.017314717173576355e-01
-7.491914927959442139e-02
-1.663323283195495605e+00
-3.486976921558380127e-01
-1.227385044097900391e+00
-7.508724212646484375e+00
-4.596595764160156250e+00
-4.994529247283935547e+00
5.037648603320121765e-02
-6.336803436279296875e-01
2.106109857559204102e-01
-3.994566917419433594e+00
-3.549038410186767578e+00
-2.366223335266113281e+00
-1.022683525085449219e+01
-1.058366394042968750e+01
-7.994469642639160156e+00
-4.328415989875793457e-01
-5.066601037979125977e-01
-5.678850412368774414e-01
-3.856020867824554443e-01
-2.205108702182769775e-01
-8.182493597269058228e-02
2.373736947774887085e-01
-7.491530478000640869e-02
6.340017542243003845e-03
-2.585632324218750000e+00
-8.711600303649902344e+00
-7.296134471893310547e+00
-2.320770025253295898e+00
-3.320967912673950195e+00
-3.627723932266235352e+00
-4.581763744354248047e+00
-2.965750455856323242e+00
3.370256721973419189e-01
-3.258366882801055908e-01
2.980912923812866211e-01
-1.121654629707336426e+00
-2.049975395202636719e+00
-2.569168567657470703e+00
-1.028423309326171875e+00
-8.657075881958007812e+00
-9.030714035034179688e+00
-5.873321533203125000e+00
-1.102273654937744141e+01
-1.109455490112304688e+01
-5.981499195098876953e+00
-6.107705593109130859e+00
-6.169209003448486328e+00
-4.467755794525146484e+00
-6.497038841247558594e+00
-4.847502708435058594e+00
-1.731643676757812500e+00
1.512112975120544434e+00
-2.244570851325988770e-01
-1.599319100379943848e+00
-3.425616741180419922e+00
-2.452058553695678711e+00
-2.661781072616577148e+00
-1.190380477905273438e+01
-9.377116203308105469e+00
-6.297911167144775391e+00
-1.971045970916748047e+00
1.004243493080139160e+00
-8.417129516601562500e-01
-2.338188171386718750e+00
1.966639995574951172e+00
-1.708606481552124023e+00
-9.393590927124023438e+00
-2.606960058212280273e+00
-7.464216709136962891e+00
-3.170436096191406250e+02
-3.503484497070312500e+02
-4.006455688476562500e+02
-3.057658691406250000e+02
-2.847358093261718750e+02
-2.592839355468750000e+02
-5.016448669433593750e+02
-4.510596923828125000e+02
-3.211714172363281250e+02
1.203314285278320312e+02
1.922858581542968750e+02
4.689189453125000000e+02
1.730595855712890625e+02
2.659222106933593750e+02
4.744618225097656250e+02
-7.699087524414062500e+01
2.005670785903930664e+00
-1.081709861755371094e-01
1.338687133789062500e+02
3.390167999267578125e+01
5.180109252929687500e+02
1.878064575195312500e+02
2.672404479980468750e+02
7.860031738281250000e+02
1.991681518554687500e+02
4.557047424316406250e+02
8.276635742187500000e+02
-2.401193237304687500e+01
-1.839036941528320312e+01
6.471126556396484375e+01
9.124901771545410156e+00
1.604056358337402344e+01
1.346265258789062500e+02
6.430819988250732422e+00
4.978334808349609375e+01
2.050326690673828125e+02
-1.906420745849609375e+02
-2.844002685546875000e+02
-2.204803924560546875e+02
1.584347152709960938e+01
4.484962081909179688e+01
1.485064086914062500e+02
-3.728261718750000000e+02
-3.027499389648437500e+02
-1.894205322265625000e+02
9.780091047286987305e-01
5.544944763183593750e+00
7.110717296600341797e+00
8.042438507080078125e+00
1.088958072662353516e+01
6.119830131530761719e+00
1.042932701110839844e+01
1.553487968444824219e+01
1.333106899261474609e+01
-1.370461845397949219e+01
1.693709945678710938e+01
1.713553314208984375e+02
-6.336934661865234375e+01
1.373853206634521484e+01
8.695211029052734375e+01
-4.723562240600585938e+01
1.889479637145996094e+00
9.667035102844238281e+00
-7.954816894531250000e+02
-7.059869995117187500e+02
-5.374722900390625000e+02
-9.104542236328125000e+02
-7.267196655273437500e+02
-4.463073730468750000e+02
-7.358616943359375000e+02
-4.611255493164062500e+02
-4.854955291748046875e+01
4.321170043945312500e+02
3.987105712890625000e+02
3.637226257324218750e+02
5.401086425781250000e+02
4.542430419921875000e+02
4.372105102539062500e+02
5.589967651367187500e+02
5.412640380859375000e+02
5.820117797851562500e+02
-1.676834869384765625e+02
-2.027030792236328125e+02
1.198102569580078125e+01
-1.014313583374023438e+02
-1.887093048095703125e+02
-7.885095977783203125e+01
-6.829222869873046875e+01
-3.903852462768554688e+01
-1.039597015380859375e+02
3.139326286315917969e+01
3.244437789916992188e+01
4.588840866088867188e+01
3.469769287109375000e+01
4.608378982543945312e+01
3.822441101074218750e+01
3.048809623718261719e+01
5.435474014282226562e+01
3.564748764038085938e+01
-2.443505706787109375e+02
-7.921802520751953125e+01
-1.119943161010742188e+02
-2.779253234863281250e+02
-2.648767700195312500e+02
-1.618966674804687500e+02
-1.300925445556640625e+02
-1.899424743652343750e+02
-1.220299835205078125e+02
3.528590087890625000e+02
5.534356079101562500e+02
7.092382812500000000e+02
2.438664703369140625e+02
3.508029479980468750e+02
3.630632019042968750e+02
2.461937713623046875e+02
2.487022857666015625e+02
1.455524749755859375e+02
-8.704992065429687500e+02
-6.900914306640625000e+02
-5.595651245117187500e+02
-1.107204467773437500e+03
-8.622380371093750000e+02
-5.862243652343750000e+02
-7.401696166992187500e+02
-5.852869262695312500e+02
-2.569574584960937500e+02
1.584655029296875000e+03
1.581146240234375000e+03
1.290684814453125000e+03
1.593943359375000000e+03
1.375430786132812500e+03
1.119873535156250000e+03
1.624488281250000000e+03
1.341175048828125000e+03
1.182814331054687500e+03
-3.068942565917968750e+02
-4.591341552734375000e+02
-2.511258697509765625e+02
-1.624083557128906250e+02
-3.086786804199218750e+02
1.517728805541992188e+01
-9.466243743896484375e+00
-2.348587799072265625e+01
4.883401794433593750e+02
2.683518600463867188e+01
1.581414031982421875e+01
4.521126174926757812e+01
8.495989227294921875e+01
3.002577781677246094e+00
-1.280246925354003906e+01
7.100414276123046875e+01
-6.122839736938476562e+01
-1.055590820312500000e+02
-1.026980133056640625e+02
-1.142822875976562500e+02
-8.108228302001953125e+01
-1.151177520751953125e+02
-1.021306686401367188e+02
-4.917696762084960938e+01
-2.410925483703613281e+01
3.372485637664794922e+00
2.937141990661621094e+01
1.130755615234375000e+02
5.121539115905761719e+00
3.559857177734375000e+01
-5.488706588745117188e+00
-5.003002929687500000e+01
6.776000976562500000e+01
-9.862472534179687500e+01
-6.239295959472656250e+00
1.870834960937500000e+02
1.119701957702636719e+01
1.890377807617187500e+01
-1.936896514892578125e+01
-6.786663818359375000e+01
-4.783204269409179688e+01
-4.344870758056640625e+01
-9.734022521972656250e+01
-3.754938125610351562e+01
1.123969078063964844e+01
1.175655517578125000e+02
1.032168045043945312e+02
4.006127548217773438e+01
2.642903137207031250e+01
-2.254260063171386719e+00
-1.956163597106933594e+01
-4.064701461791992188e+01
-4.715622711181640625e+01
-2.466942405700683594e+01
-1.093009352684020996e+00
-4.005865454673767090e-01
2.307049989700317383e+00
6.627697944641113281e-01
4.016958713531494141e+00
5.596366405487060547e+00
2.545890569686889648e+00
6.001494407653808594e+00
5.811159610748291016e+00
-7.934582519531250000e+01
-8.684138488769531250e+01
-7.761186218261718750e+01
-6.601546478271484375e+01
-5.590835952758789062e+01
-6.297633361816406250e+01
-5.901988983154296875e+01
-1.714558601379394531e+01
-4.620554351806640625e+01
2.011900482177734375e+02
1.031836929321289062e+02
-6.323562240600585938e+01
6.188050842285156250e+01
-6.716666412353515625e+01
-1.129149093627929688e+02
-1.032806472778320312e+02
-1.330536956787109375e+02
1.963841438293457031e+01
1.707360458374023438e+01
5.149958038330078125e+01
2.727675819396972656e+01
3.785098648071289062e+01
7.116355133056640625e+01
4.254033660888671875e+01
4.497458648681640625e+01
6.067023849487304688e+01
3.179763412475585938e+01
3.123737525939941406e+01
-9.107805252075195312e+00
-2.292038917541503906e+01
8.693798065185546875e+01
1.913994598388671875e+01
-2.574657630920410156e+01
4.924985122680664062e+01
-1.400588989257812500e+01
-5.136027908325195312e+01
1.299835586547851562e+01
6.613085746765136719e+00
6.303381443023681641e+00
9.484631538391113281e+00
3.246679067611694336e+00
2.817388534545898438e+00
5.339016914367675781e+00
5.558666706085205078e+00
4.423991203308105469e+00
2.288885498046875000e+02
9.389896392822265625e+01
9.729208374023437500e+01
3.000662536621093750e+02
7.103440856933593750e+01
-1.830055427551269531e+01
2.900072937011718750e+02
-8.094367980957031250e+00
-1.105888671875000000e+02
-8.383830261230468750e+01
-3.015683364868164062e+01
-6.870292663574218750e+00
5.996361732482910156e+00
6.462574768066406250e+01
7.165496063232421875e+01
9.997576904296875000e+01
1.346429138183593750e+02
9.510911560058593750e+01
1.401827087402343750e+02
-2.693128585815429688e-02
1.525596618652343750e+00
1.143271484375000000e+02
-4.186017227172851562e+01
-2.513077545166015625e+01
9.419058990478515625e+01
-7.748491668701171875e+01
-4.926949310302734375e+01
1.402677154541015625e+02
1.827290344238281250e+02
1.611252593994140625e+02
2.642503356933593750e+02
2.406651916503906250e+02
1.649201507568359375e+02
3.020971679687500000e+02
2.128068389892578125e+02
8.407100677490234375e+01
-1.101411895751953125e+02
-4.585919952392578125e+01
-1.525779724121093750e+02
-1.116970825195312500e+02
4.032803535461425781e+00
-3.108596420288085938e+01
-1.954795684814453125e+02
-2.405187606811523438e+00
1.055587081909179688e+02
2.042229614257812500e+02
2.466156158447265625e+02
3.089857788085937500e+02
1.980740203857421875e+02
2.884844055175781250e+02
3.642988586425781250e+02
2.483846588134765625e+02
3.519458007812500000e+02
4.529073181152343750e+02
4.169461975097656250e+02
3.793315429687500000e+02
3.493409118652343750e+02
3.769387512207031250e+02
3.116768493652343750e+02
3.186917419433593750e+02
3.091127929687500000e+02
2.258478088378906250e+02
2.414448242187500000e+02
4.450657348632812500e+02
3.165599975585937500e+02
1.927926177978515625e+02
5.674421997070312500e+02
3.095086364746093750e+02
1.111822662353515625e+02
5.722398681640625000e+02
2.338533325195312500e+02
7.023989868164062500e+01
2.271078643798828125e+02
2.028871765136718750e+02
1.897492980957031250e+02
3.100471191406250000e+02
2.744523315429687500e+02
2.172809448242187500e+02
2.902832946777343750e+02
2.441918640136718750e+02
1.678835601806640625e+02
2.177990112304687500e+02
2.437754058837890625e+02
2.394170532226562500e+02
3.017383422851562500e+02
3.193477172851562500e+02
2.545464935302734375e+02
3.889893798828125000e+02
4.163439941406250000e+02
3.718527526855468750e+02
8.175979614257812500e+00
3.166474103927612305e+00
1.416183114051818848e+00
7.287292480468750000e+00
2.220538139343261719e+00
1.217750906944274902e+00
5.460535049438476562e+00
2.614252567291259766e+00
1.755448937416076660e+00
2.884027404785156250e+02
2.523090057373046875e+02
2.602936401367187500e+02
2.795996398925781250e+02
2.186471252441406250e+02
2.359210968017578125e+02
2.421329803466796875e+02
1.924627380371093750e+02
2.161150207519531250e+02
9.477833251953125000e+02
1.084093139648437500e+03
1.138431640625000000e+03
1.224547363281250000e+03
1.361239013671875000e+03
1.291969970703125000e+03
1.339647094726562500e+03
1.410240356445312500e+03
1.235863037109375000e+03
5.625707626342773438e+01
4.056406402587890625e+01
4.476877212524414062e+01
5.529562377929687500e+01
4.905300521850585938e+01
3.433605575561523438e+01
5.070398330688476562e+01
6.282874298095703125e+01
3.626031875610351562e+01
1.990571441650390625e+02
1.619737548828125000e+02
1.865816497802734375e+02
1.850346679687500000e+02
1.400249328613281250e+02
1.532890014648437500e+02
2.217555999755859375e+02
1.185614089965820312e+02
1.191582336425781250e+02
9.348945617675781250e+00
5.810046195983886719e+00
7.752768993377685547e+00
1.376265335083007812e+01
4.913533210754394531e+00
4.579557895660400391e+00
1.500486469268798828e+01
4.911221504211425781e+00
2.286191463470458984e+00
2.012181091308593750e+02
3.480578613281250000e+02
4.127783203125000000e+02
2.432505035400390625e+02
3.478909606933593750e+02
5.137686157226562500e+02
2.966784667968750000e+02
3.899024963378906250e+02
5.363834228515625000e+02
4.343234863281250000e+02
3.655803222656250000e+02
3.779247436523437500e+02
3.295611267089843750e+02
2.822693481445312500e+02
3.268622741699218750e+02
2.616124572753906250e+02
2.360626678466796875e+02
2.763296813964843750e+02
6.939424438476562500e+02
8.884277343750000000e+02
9.469046630859375000e+02
7.824624633789062500e+02
9.992990112304687500e+02
1.117070434570312500e+03
8.308010864257812500e+02
9.939591064453125000e+02
1.097157958984375000e+03
6.960792541503906250e+01
8.737142181396484375e+01
1.142486114501953125e+02
3.148220634460449219e+01
7.560645294189453125e+01
1.133940963745117188e+02
7.921976566314697266e+00
5.129232788085937500e+01
1.191241607666015625e+02
5.867579345703125000e+02
4.804257202148437500e+02
3.741038208007812500e+02
6.412590942382812500e+02
4.920506286621093750e+02
2.795770263671875000e+02
6.642987670898437500e+02
5.053775939941406250e+02
2.346263275146484375e+02
2.923600463867187500e+02
2.989028625488281250e+02
3.556887512207031250e+02
2.493088073730468750e+02
2.519688720703125000e+02
3.040104675292968750e+02
2.562314453125000000e+02
2.461672668457031250e+02
2.551480560302734375e+02
4.067980041503906250e+02
3.538092956542968750e+02
3.283611450195312500e+02
4.561481933593750000e+02
4.262232360839843750e+02
3.662057495117187500e+02
5.170448608398437500e+02
5.370958251953125000e+02
4.796711120605468750e+02
5.196863403320312500e+02
5.166520385742187500e+02
3.659331054687500000e+02
4.662791442871093750e+02
5.306992187500000000e+02
4.285982055664062500e+02
4.128968505859375000e+02
5.124434814453125000e+02
4.856069030761718750e+02
1.742382049560546875e+02
1.839399261474609375e+02
1.357142944335937500e+02
1.554837799072265625e+02
1.535482940673828125e+02
1.157851715087890625e+02
1.216943740844726562e+02
1.128018264770507812e+02
1.014941787719726562e+02
4.112647705078125000e+02
4.263639831542968750e+02
3.793319396972656250e+02
3.083105468750000000e+02
2.993873901367187500e+02
2.579644470214843750e+02
2.974077453613281250e+02
2.703114929199218750e+02
2.253870849609375000e+02
1.579929447174072266e+01
1.676523208618164062e+01
1.468227672576904297e+01
1.330395698547363281e+01
1.635782623291015625e+01
1.706045150756835938e+01
1.035896492004394531e+01
1.408267498016357422e+01
1.721566581726074219e+01
2.823678588867187500e+02
2.655477905273437500e+02
2.210545196533203125e+02
3.249396667480468750e+02
3.262421875000000000e+02
2.819177856445312500e+02
3.399789428710937500e+02
3.599323120117187500e+02
3.262059326171875000e+02
9.743973388671875000e+02
9.785459594726562500e+02
8.487485961914062500e+02
8.732338256835937500e+02
8.144441528320312500e+02
6.387971801757812500e+02
7.711004638671875000e+02
6.291832275390625000e+02
4.719187316894531250e+02
4.394571838378906250e+02
4.791568908691406250e+02
4.596653137207031250e+02
4.564508056640625000e+02
5.140549926757812500e+02
5.078469543457031250e+02
4.272489318847656250e+02
4.771453552246093750e+02
4.893911437988281250e+02
4.353517150878906250e+02
3.897732238769531250e+02
2.944974060058593750e+02
4.621871948242187500e+02
4.573458251953125000e+02
3.431896667480468750e+02
4.197537536621093750e+02
4.644505920410156250e+02
3.573186950683593750e+02
3.884009933471679688e+01
3.276584625244140625e+01
2.611884498596191406e+01
4.031123352050781250e+01
3.801953125000000000e+01
3.063081169128417969e+01
4.099927902221679688e+01
4.394900131225585938e+01
3.710728073120117188e+01
5.059041137695312500e+02
4.572487182617187500e+02
5.671392211914062500e+02
5.515840454101562500e+02
4.896486816406250000e+02
5.454926147460937500e+02
6.149314575195312500e+02
5.413001098632812500e+02
5.136863403320312500e+02
6.514765625000000000e+02
6.313371582031250000e+02
6.274528808593750000e+02
7.586863403320312500e+02
7.699036865234375000e+02
7.401671142578125000e+02
8.557749023437500000e+02
9.045292968750000000e+02
8.832036132812500000e+02
6.958002319335937500e+02
6.804798583984375000e+02
7.036101074218750000e+02
6.759274902343750000e+02
6.049798583984375000e+02
5.758321533203125000e+02
6.712661132812500000e+02
5.327927246093750000e+02
4.425815124511718750e+02
1.066243652343750000e+03
1.058788696289062500e+03
1.153320556640625000e+03
1.253803344726562500e+03
1.258972534179687500e+03
1.316655151367187500e+03
1.355325927734375000e+03
1.382243530273437500e+03
1.382284423828125000e+03
4.838815307617187500e+02
5.609299316406250000e+02
4.133511962890625000e+02
4.177448730468750000e+02
5.031368713378906250e+02
4.326758117675781250e+02
2.851214599609375000e+02
3.476745605468750000e+02
3.768491210937500000e+02
2.786187362670898438e+01
2.822803878784179688e+01
3.037274122238159180e+00
3.412140655517578125e+01
2.673237419128417969e+01
1.052382469177246094e+01
3.708942031860351562e+01
2.371568298339843750e+01
1.904018020629882812e+01
5.554601669311523438e+01
6.415628814697265625e+01
6.865474700927734375e+01
8.641428375244140625e+01
1.100729064941406250e+02
1.165254135131835938e+02
7.052536773681640625e+01
8.379063415527343750e+01
7.559339904785156250e+01
2.410376739501953125e+01
5.118271255493164062e+01
5.037831497192382812e+01
4.072028350830078125e+01
8.632421875000000000e+01
1.205853118896484375e+02
4.608240890502929688e+01
1.116393203735351562e+02
1.342316741943359375e+02
1.521462631225585938e+01
1.332331848144531250e+01
2.210778617858886719e+01
3.106357192993164062e+01
3.509304428100585938e+01
5.556632614135742188e+01
2.752878189086914062e+01
3.936277770996093750e+01
6.163154220581054688e+01
1.431516742706298828e+01
1.170956516265869141e+01
1.512516593933105469e+01
5.112361526489257812e+01
4.539264678955078125e+01
4.404787826538085938e+01
4.154904174804687500e+01
5.423961257934570312e+01
6.756549835205078125e+01
3.457360982894897461e+00
5.090394496917724609e+00
5.613175392150878906e+00
1.361095309257507324e+00
2.550418376922607422e+00
2.054748058319091797e+00
1.346813201904296875e+00
1.951032519340515137e+00
8.424054384231567383e-01
2.230105781555175781e+01
3.092590904235839844e+01
3.049654388427734375e+01
3.900443267822265625e+01
4.536574935913085938e+01
4.072873306274414062e+01
4.224177169799804688e+01
5.309297180175781250e+01
3.285491561889648438e+01
1.878150939941406250e+01
-1.413630843162536621e+00
1.450026893615722656e+01
7.776531219482421875e+01
7.512841796875000000e+01
1.031275711059570312e+02
6.475533294677734375e+01
8.803584289550781250e+01
1.404947662353515625e+02
9.881301116943359375e+01
9.180305480957031250e+01
9.392632293701171875e+01
5.880481338500976562e+01
4.586708450317382812e+01
5.329403686523437500e+01
4.924521255493164062e+01
3.642670059204101562e+01
4.371103668212890625e+01
7.007199096679687500e+01
8.220037841796875000e+01
6.465560150146484375e+01
2.569972801208496094e+01
4.341211318969726562e+01
3.282826614379882812e+01
2.875690460205078125e+01
4.486530685424804688e+01
3.377675628662109375e+01
2.338434219360351562e+00
4.037003993988037109e+00
2.783136606216430664e+00
4.051527023315429688e+00
6.874091625213623047e+00
5.888533115386962891e+00
5.523408889770507812e+00
8.345642089843750000e+00
6.808286666870117188e+00
6.583768463134765625e+01
8.835263061523437500e+01
2.126065826416015625e+01
1.093955535888671875e+02
1.029018630981445312e+02
4.361138534545898438e+01
1.125485382080078125e+02
9.106454467773437500e+01
4.450508499145507812e+01
1.201100921630859375e+02
1.421642303466796875e+02
1.402387237548828125e+02
1.145608978271484375e+02
1.350907287597656250e+02
1.228895187377929688e+02
7.272114562988281250e+01
7.405703735351562500e+01
7.074903106689453125e+01
1.930587196350097656e+01
1.275815391540527344e+01
3.080123901367187500e+00
6.284398651123046875e+01
4.642319488525390625e+01
5.167668151855468750e+01
8.776243591308593750e+01
7.608863067626953125e+01
7.533625793457031250e+01
1.986898193359375000e+02
2.282122344970703125e+02
1.849179229736328125e+02
1.838754577636718750e+02
1.910063323974609375e+02
1.440990447998046875e+02
1.477543487548828125e+02
1.379835510253906250e+02
1.017237625122070312e+02
6.522544097900390625e+01
5.410594177246093750e+01
8.819752502441406250e+01
1.985134124755859375e+01
1.918785476684570312e+01
5.936526870727539062e+01
3.888048934936523438e+01
4.409834289550781250e+01
7.776641845703125000e+01
1.042096233367919922e+01
9.832852363586425781e+00
3.056233024597167969e+01
8.863241195678710938e+00
4.124596118927001953e-01
1.740857124328613281e+01
1.063497161865234375e+01
2.124722480773925781e+00
1.163244438171386719e+01
2.421526794433593750e+02
2.342308349609375000e+02
1.931286315917968750e+02
2.406524658203125000e+02
2.441135559082031250e+02
2.177306060791015625e+02
2.469172668457031250e+02
2.512623748779296875e+02
2.429722137451171875e+02
1.333649749755859375e+02
1.581556701660156250e+02
8.629057312011718750e+01
1.094358062744140625e+02
1.222146377563476562e+02
4.909787750244140625e+01
1.024075622558593750e+02
1.172130737304687500e+02
7.528192901611328125e+01
4.571018981933593750e+01
6.502320861816406250e+01
5.116543960571289062e+01
3.760622406005859375e+01
5.502891540527343750e+01
3.932751083374023438e+01
3.061341667175292969e+01
4.662443161010742188e+01
3.473677444458007812e+01
1.832706642150878906e+01
4.545989608764648438e+01
4.836122131347656250e+01
1.294487118721008301e+00
1.714658737182617188e+01
1.389608669281005859e+01
2.373750877380371094e+01
4.120811462402343750e+01
4.671993255615234375e+01
1.366136074066162109e+00
1.027014374732971191e+00
6.815435886383056641e-01
1.025052189826965332e+00
1.398956894874572754e+00
1.446171879768371582e+00
1.380191922187805176e+00
1.694815397262573242e+00
1.451458215713500977e+00
2.461423339843750000e+02
2.397496032714843750e+02
2.114033966064453125e+02
2.486278381347656250e+02
2.418269195556640625e+02
2.219552612304687500e+02
2.466276245117187500e+02
2.465208892822265625e+02
2.374985351562500000e+02
-5.581036376953125000e+01
1.196311950683593750e+01
4.695505905151367188e+01
-8.219469451904296875e+01
-2.051936149597167969e+01
7.141636371612548828e+00
-1.452271270751953125e+02
-8.194052886962890625e+01
-6.153875350952148438e+01
1.470982837677001953e+01
3.614424133300781250e+01
3.034599876403808594e+01
1.807888603210449219e+01
4.151256561279296875e+01
3.443382644653320312e+01
2.734932899475097656e+01
4.478591156005859375e+01
3.949162673950195312e+01
1.531905975341796875e+02
1.632516021728515625e+02
1.295467224121093750e+02
1.636962127685546875e+02
1.657375640869140625e+02
1.394630126953125000e+02
1.852849121093750000e+02
1.747667083740234375e+02
1.561228027343750000e+02
5.710237026214599609e+00
4.099359989166259766e+00
1.851890921592712402e+00
4.241622447967529297e+00
1.890470266342163086e+00
4.614361524581909180e-01
3.688556194305419922e+00
2.985102415084838867e+00
2.669023752212524414e+00
-1.901328277587890625e+01
-4.922238159179687500e+01
-2.442319107055664062e+01
-1.330010128021240234e+01
-4.270933151245117188e+01
-3.409042358398437500e+01
-3.187854766845703125e+01
-4.545186233520507812e+01
-4.414732742309570312e+01
2.606787719726562500e+02
2.552409973144531250e+02
2.304095153808593750e+02
2.816555480957031250e+02
2.936282653808593750e+02
2.889669799804687500e+02
2.862262268066406250e+02
3.015245361328125000e+02
2.965246276855468750e+02
-6.893190765380859375e+01
-6.463122558593750000e+01
6.163997650146484375e-01
-7.957169342041015625e+01
-8.365543365478515625e+01
-2.131035614013671875e+01
-1.135149230957031250e+02
-1.156838912963867188e+02
-8.023609924316406250e+01
5.818777465820312500e+01
6.246652603149414062e+01
8.351068878173828125e+01
6.941610717773437500e+01
9.512265777587890625e+01
1.032549285888671875e+02
9.859886169433593750e+01
1.275230484008789062e+02
1.288626556396484375e+02
4.869987869262695312e+01
1.393753509521484375e+02
8.127642822265625000e+01
3.746047973632812500e+01
1.297057800292968750e+02
7.104548645019531250e+01
2.905516624450683594e+01
1.069132690429687500e+02
3.834269332885742188e+01
1.203451385498046875e+02
1.251971664428710938e+02
1.621597137451171875e+02
1.510218811035156250e+02
1.769144287109375000e+02
2.141136779785156250e+02
1.866995544433593750e+02
2.299397583007812500e+02
2.274543304443359375e+02
4.417039871215820312e+01
2.941610527038574219e+01
-1.494827461242675781e+01
-1.468379688262939453e+01
-4.105004501342773438e+01
-7.628158569335937500e+01
-4.583317565917968750e+01
-5.848965454101562500e+01
-5.312136840820312500e+01
1.382468414306640625e+02
1.307505035400390625e+02
6.512317657470703125e+01
1.745937652587890625e+02
7.404042816162109375e+01
-5.145809173583984375e+00
1.338621520996093750e+02
-7.595894813537597656e+00
-6.115553283691406250e+01
1.058246078491210938e+02
1.192404327392578125e+02
1.135609207153320312e+02
1.125869598388671875e+02
9.284733581542968750e+01
7.101055908203125000e+01
8.450158691406250000e+01
4.524357986450195312e+01
2.483329582214355469e+01
1.357263488769531250e+02
1.638643341064453125e+02
1.656018371582031250e+02
1.888730316162109375e+02
1.923020172119140625e+02
1.768798980712890625e+02
2.299119720458984375e+02
1.956288452148437500e+02
1.529596557617187500e+02
6.661768555641174316e-01
-1.314243078231811523e+00
-2.179071664810180664e+00
-8.159788846969604492e-01
-2.319602489471435547e+00
-1.477376699447631836e+00
2.354843139648437500e+00
1.056183099746704102e+00
2.939236879348754883e+00
1.696459770202636719e+01
1.302019786834716797e+01
-7.736808776855468750e+00
1.397475624084472656e+01
8.023502349853515625e+00
3.847236931324005127e-01
8.359380722045898438e+00
4.913878917694091797e+00
1.304692649841308594e+01
6.172767333984375000e+02
6.795133056640625000e+02
6.524938354492187500e+02
7.083704833984375000e+02
6.959037475585937500e+02
5.849608154296875000e+02
6.025368652343750000e+02
5.223222045898437500e+02
3.931405334472656250e+02
-5.519679260253906250e+01
-5.477133178710937500e+01
-3.762398529052734375e+01
-4.543571472167968750e+01
-3.498611450195312500e+01
-8.127176284790039062e+00
4.306973266601562500e+01
4.025139999389648438e+01
4.776588821411132812e+01
-2.509792900085449219e+01
8.667012453079223633e-01
-1.020931339263916016e+01
2.479806137084960938e+01
4.864366531372070312e+01
4.271166610717773438e+01
8.935924530029296875e+01
9.663017272949218750e+01
8.885366821289062500e+01
1.196242094039916992e+00
2.372169017791748047e+00
-7.244403362274169922e-01
3.983411788940429688e-01
3.555882275104522705e-01
-1.624785661697387695e+00
-2.869887590408325195e+00
-3.565879106521606445e+00
-4.938805103302001953e+00
1.841658477783203125e+02
1.930725555419921875e+02
2.309614715576171875e+02
1.783965454101562500e+02
2.448557434082031250e+02
2.744137573242187500e+02
1.409915161132812500e+02
2.469790954589843750e+02
2.581050720214843750e+02
-4.845104598999023438e+01
-8.109940338134765625e+01
-9.076420593261718750e+01
-9.780883789062500000e+01
-1.130851287841796875e+02
-9.232756805419921875e+01
-6.601423645019531250e+01
-4.706784820556640625e+01
6.845824241638183594e+00
4.930634765625000000e+02
5.128201904296875000e+02
5.082471923828125000e+02
5.127291870117187500e+02
5.324026489257812500e+02
4.768233642578125000e+02
3.951090393066406250e+02
4.449765319824218750e+02
3.785792236328125000e+02
-2.265840454101562500e+02
-2.359160614013671875e+02
-1.644360656738281250e+02
-2.382968139648437500e+02
-1.912097778320312500e+02
-8.785501098632812500e+01
-1.194067840576171875e+02
-2.025465583801269531e+01
6.427961730957031250e+01
1.700836029052734375e+02
1.631557617187500000e+02
1.686288146972656250e+02
2.284518737792968750e+02
1.610227355957031250e+02
1.377043609619140625e+02
2.757049560546875000e+02
1.495420379638671875e+02
1.166859664916992188e+02
1.933989562988281250e+02
2.112713928222656250e+02
3.033651733398437500e+02
2.196468200683593750e+02
2.622288513183593750e+02
3.630590209960937500e+02
3.064953308105468750e+02
3.847032165527343750e+02
4.643603820800781250e+02
1.724035034179687500e+02
1.393033599853515625e+02
6.619944763183593750e+01
1.838560180664062500e+02
1.468826293945312500e+02
5.981666564941406250e+01
1.493163757324218750e+02
1.208935394287109375e+02
4.602539825439453125e+01
3.105295410156250000e+02
3.514718322753906250e+02
2.336316070556640625e+02
3.162615356445312500e+02
3.297571716308593750e+02
2.078573455810546875e+02
3.461154479980468750e+02
2.802969055175781250e+02
1.549983978271484375e+02
2.056994171142578125e+02
2.349706573486328125e+02
2.291058502197265625e+02
2.399433898925781250e+02
2.483991851806640625e+02
2.396597137451171875e+02
2.513640441894531250e+02
2.364720001220703125e+02
2.140603332519531250e+02
2.903928833007812500e+02
3.235582275390625000e+02
3.523274230957031250e+02
2.906864929199218750e+02
3.292528686523437500e+02
3.483904113769531250e+02
4.335810241699218750e+02
4.387922058105468750e+02
4.011410827636718750e+02
5.779878616333007812e+00
5.737056255340576172e+00
3.088928699493408203e+00
3.538298845291137695e+00
1.898683786392211914e+00
7.935625314712524414e-01
8.106710910797119141e-01
-1.263038039207458496e+00
-1.453816592693328857e-01
8.554316711425781250e+01
7.585867309570312500e+01
2.415076828002929688e+01
9.104177093505859375e+01
8.426190948486328125e+01
3.289553833007812500e+01
1.012288970947265625e+02
8.857831573486328125e+01
5.295135879516601562e+01
1.099372314453125000e+03
1.285175781250000000e+03
1.353756347656250000e+03
1.388970947265625000e+03
1.523761596679687500e+03
1.494169189453125000e+03
1.572827514648437500e+03
1.593864135742187500e+03
1.462805664062500000e+03
3.789540481567382812e+01
3.835860061645507812e+01
7.169741821289062500e+01
2.351164817810058594e+00
6.957453250885009766e+00
6.046831893920898438e+01
3.714703798294067383e+00
9.672349929809570312e+00
5.029136657714843750e+01
1.375445556640625000e+02
1.164180526733398438e+02
1.091181755065917969e+01
6.440467071533203125e+01
9.313856506347656250e+01
2.641817665100097656e+01
6.638562011718750000e+01
1.158157730102539062e+02
7.124660491943359375e+01
1.353030776977539062e+01
1.337328338623046875e+01
3.461776018142700195e+00
1.104640579223632812e+01
1.340183258056640625e+01
5.718853473663330078e+00
9.671465873718261719e+00
1.057337093353271484e+01
4.605408668518066406e+00
3.088584289550781250e+02
3.263165283203125000e+02
4.260162963867187500e+02
3.605567626953125000e+02
4.306445312500000000e+02
5.478397827148437500e+02
3.802718505859375000e+02
5.050122070312500000e+02
6.101401977539062500e+02
1.633830108642578125e+02
9.927655029296875000e+01
3.842027282714843750e+01
1.621107635498046875e+02
9.457474517822265625e+01
3.613529205322265625e+01
9.554793548583984375e+01
5.467700958251953125e+01
4.015361022949218750e+01
8.274848632812500000e+02
9.224111938476562500e+02
1.028339233398437500e+03
1.078240234375000000e+03
1.174429321289062500e+03
1.192198486328125000e+03
1.126375732421875000e+03
1.210663330078125000e+03
1.193884887695312500e+03
7.346168518066406250e+01
-1.694734191894531250e+01
1.020840644836425781e+00
1.300921440124511719e+00
-5.312191772460937500e+01
1.255567169189453125e+01
-5.148528289794921875e+01
-2.389688873291015625e+01
8.584017944335937500e+01
3.882075805664062500e+02
4.826755371093750000e+02
4.963708801269531250e+02
4.382037963867187500e+02
4.658699035644531250e+02
4.914807434082031250e+02
4.641425170898437500e+02
3.912289123535156250e+02
4.031173400878906250e+02
3.498050689697265625e+01
1.607941818237304688e+01
7.945564746856689453e+00
2.347105789184570312e+01
8.823205947875976562e+00
1.089668083190917969e+01
2.757145500183105469e+01
1.553237915039062500e+01
1.952534103393554688e+01
6.901492309570312500e+01
8.509175109863281250e+01
7.217660522460937500e+01
7.979242706298828125e+01
9.425266265869140625e+01
6.311790084838867188e+01
1.298931427001953125e+02
1.505829010009765625e+02
1.368105926513671875e+02
6.756860256195068359e+00
4.512268829345703125e+01
8.648612976074218750e+01
1.413686561584472656e+01
4.473386383056640625e+01
6.946329498291015625e+01
4.647912979125976562e+01
3.725168991088867188e+01
4.897375488281250000e+01
2.320296287536621094e+01
2.900496482849121094e+01
4.978629684448242188e+01
2.866672897338867188e+01
2.903860473632812500e+01
5.054132080078125000e+01
3.937351608276367188e+01
3.226123809814453125e+01
4.544893646240234375e+01
7.754238605499267578e+00
1.113039016723632812e+01
2.881064224243164062e+01
-2.602846336364746094e+01
-1.629969406127929688e+01
-1.358132076263427734e+01
-4.060173511505126953e+00
-6.333240270614624023e-01
2.328162670135498047e+00
4.062557220458984375e-01
8.069695830345153809e-01
3.290418386459350586e-01
6.438604593276977539e-01
8.417478948831558228e-02
-1.321209073066711426e-01
-1.236741304397583008e+00
-1.747400879859924316e+00
-1.547569751739501953e+00
1.088192214965820312e+02
1.329465942382812500e+02
1.132679214477539062e+02
1.305809326171875000e+02
1.474862213134765625e+02
1.321826477050781250e+02
1.323023834228515625e+02
1.448564300537109375e+02
1.320585021972656250e+02
-2.508547019958496094e+01
-2.324647903442382812e+01
5.010473728179931641e+00
-1.854194641113281250e+01
-5.549686431884765625e+00
1.741463279724121094e+01
1.300121974945068359e+01
2.678897285461425781e+01
4.000046157836914062e+01
-2.002097892761230469e+01
-2.618169403076171875e+01
-1.321403980255126953e+01
-2.021203804016113281e+01
-2.552510452270507812e+01
-1.130875968933105469e+01
-4.090803146362304688e+01
-4.941007614135742188e+01
-3.592041015625000000e+01
4.742021179199218750e+01
7.916263580322265625e+01
6.347254943847656250e+01
5.596774673461914062e+01
9.786364746093750000e+01
8.757951354980468750e+01
3.191603469848632812e+01
7.406079864501953125e+01
6.497629547119140625e+01
-4.146952629089355469e+00
-6.959765553474426270e-01
-2.748250484466552734e+00
-4.716399669647216797e+00
-1.148433208465576172e+00
-3.573720455169677734e+00
-4.032486915588378906e+00
-1.246907711029052734e+00
-2.310356855392456055e+00
2.951771163940429688e+01
-1.016404914855957031e+01
-1.977714920043945312e+01
1.806831169128417969e+01
-1.567135429382324219e+01
-1.939277267456054688e+01
7.739537239074707031e+00
-1.210847282409667969e+01
-7.944169044494628906e+00
5.903267669677734375e+01
4.974502944946289062e+01
1.782792091369628906e+01
9.898734283447265625e+01
9.075513458251953125e+01
6.005957412719726562e+01
1.094427871704101562e+02
1.168959350585937500e+02
1.100449600219726562e+02
7.492439746856689453e+00
-1.109818935394287109e+01
-1.837202453613281250e+01
2.233058166503906250e+01
6.675684452056884766e+00
1.478909969329833984e+00
1.760709762573242188e+01
1.951397514343261719e+01
1.738633728027343750e+01
-9.542180633544921875e+01
-1.461960906982421875e+02
-1.583410339355468750e+02
-7.503840637207031250e+01
-1.176976852416992188e+02
-1.167990570068359375e+02
-1.063218307495117188e+02
-1.394456481933593750e+02
-1.391398162841796875e+02
1.184221839904785156e+01
2.514161109924316406e+01
1.107595062255859375e+02
3.815280151367187500e+01
3.288210678100585938e+01
1.116454086303710938e+02
4.398805236816406250e+01
8.107714653015136719e+00
5.742609405517578125e+01
1.274083423614501953e+01
1.754688262939453125e+01
3.902989578247070312e+01
1.206637096405029297e+01
2.140883064270019531e+01
3.710921096801757812e+01
1.502966976165771484e+01
2.167885589599609375e+01
2.158234214782714844e+01
1.648252868652343750e+01
-1.471859836578369141e+01
-1.647119522094726562e+01
-5.986918210983276367e-01
-2.650651359558105469e+01
-2.686834526062011719e+01
2.502976226806640625e+01
1.683407402038574219e+01
1.231113433837890625e+01
8.962409973144531250e+01
3.379294586181640625e+01
-1.720934677124023438e+01
5.705350875854492188e+01
9.030731201171875000e+00
-8.797394752502441406e+00
2.489211845397949219e+01
5.676501750946044922e+00
8.892161369323730469e+00
2.704657554626464844e+01
2.921310997009277344e+01
1.118287181854248047e+01
1.607894897460937500e+01
1.316672706604003906e+01
2.149198055267333984e+00
1.018201351165771484e+01
6.807775020599365234e+00
3.724827527999877930e+00
3.615864944458007812e+01
4.020067596435546875e+01
2.456466293334960938e+01
2.888013458251953125e+01
2.493279457092285156e+01
1.834126091003417969e+01
1.480395317077636719e+01
8.684223175048828125e+00
1.119231796264648438e+01
3.180138766765594482e-02
-1.209303289651870728e-01
-4.028311371803283691e-02
5.305859446525573730e-01
1.045957684516906738e+00
1.692717909812927246e+00
6.128682494163513184e-01
1.033607840538024902e+00
1.754853606224060059e+00
2.097129631042480469e+01
-6.152083873748779297e-01
3.403658270835876465e-01
1.266431236267089844e+01
3.826476335525512695e-01
1.517086327075958252e-01
6.429369449615478516e+00
4.613956928253173828e+00
1.099481105804443359e+01
5.265473556518554688e+01
6.587450408935546875e+01
3.219909286499023438e+01
4.457840347290039062e+01
3.632928085327148438e+01
6.307057380676269531e+00
3.978934860229492188e+01
1.918076515197753906e+01
4.887337684631347656e-01
4.476163387298583984e-01
1.445045661926269531e+01
6.960203170776367188e+00
1.587282752990722656e+01
2.777472305297851562e+01
2.030004692077636719e+01
1.905637741088867188e+01
2.226299285888671875e+01
1.723107147216796875e+01
4.333064270019531250e+01
1.422432518005371094e+01
3.449807167053222656e+00
5.656930541992187500e+01
3.475946807861328125e+01
1.433132076263427734e+01
2.910607528686523438e+01
2.156455230712890625e+01
1.454239749908447266e+01
3.261985063552856445e+00
5.543482899665832520e-01
-1.623144745826721191e-02
2.038082599639892578e+00
5.203269422054290771e-02
-5.253773331642150879e-01
2.861998677253723145e-01
2.433235198259353638e-01
6.638026833534240723e-01
8.468605995178222656e+00
1.032074642181396484e+01
5.145173263549804688e+01
1.434467887878417969e+01
2.371324348449707031e+01
4.481135940551757812e+01
1.963335037231445312e+01
3.780192184448242188e+01
3.404977798461914062e+01
-1.887152290344238281e+01
-3.996483230590820312e+01
-3.289242935180664062e+01
-3.292870044708251953e+00
-9.429934501647949219e+00
-4.465990066528320312e+00
3.344156265258789062e+01
3.303229141235351562e+01
3.085372924804687500e+01
2.127221488952636719e+01
2.368087577819824219e+01
4.271998214721679688e+01
2.163150024414062500e+01
2.171065902709960938e+01
2.467789268493652344e+01
3.013622665405273438e+01
2.430645751953125000e+01
1.547525978088378906e+01
-3.232787322998046875e+01
-1.866931915283203125e+01
1.788359069824218750e+01
1.086510848999023438e+01
2.549227905273437500e+01
4.237545013427734375e+01
2.988570404052734375e+01
4.288599395751953125e+01
4.138294601440429688e+01
4.446135711669921875e+01
6.703715515136718750e+01
1.206950759887695312e+01
4.532449722290039062e+01
5.251039886474609375e+01
2.130443954467773438e+01
3.045315742492675781e+01
2.819067192077636719e+01
2.558184814453125000e+01
1.477401885986328125e+02
1.464660949707031250e+02
1.447609863281250000e+02
1.548876190185546875e+02
1.476918029785156250e+02
1.392926025390625000e+02
1.576436614990234375e+02
1.086023864746093750e+02
1.098047103881835938e+02
2.393330993652343750e+02
2.465975341796875000e+02
2.491167755126953125e+02
2.445811157226562500e+02
2.338849639892578125e+02
2.597246704101562500e+02
2.945250854492187500e+02
2.818854064941406250e+02
3.040382995605468750e+02
1.691506195068359375e+02
1.486008758544921875e+02
4.784733581542968750e+01
1.554895324707031250e+02
1.861036376953125000e+02
1.058493499755859375e+02
1.051200561523437500e+02
1.524379577636718750e+02
1.366178131103515625e+02
1.096186218261718750e+02
7.117029571533203125e+01
6.151117706298828125e+01
8.380820465087890625e+01
7.980733489990234375e+01
7.917802429199218750e+01
6.240024566650390625e+01
8.181828308105468750e+01
6.990074157714843750e+01
1.103289794921875000e+02
9.429112243652343750e+01
6.614826965332031250e+01
1.205557174682617188e+02
1.348346099853515625e+02
1.098610382080078125e+02
6.599688720703125000e+01
1.025672073364257812e+02
1.220586090087890625e+02
1.215556025505065918e+00
2.579375267028808594e+00
1.985019922256469727e+00
2.047712802886962891e+00
2.898780584335327148e+00
2.540779829025268555e+00
1.360404968261718750e+00
2.842756032943725586e+00
3.647958040237426758e+00
2.440131988525390625e+02
2.220116424560546875e+02
2.176578063964843750e+02
2.496291809082031250e+02
2.467764739990234375e+02
2.420433959960937500e+02
2.088256835937500000e+02
2.043796234130859375e+02
2.060963287353515625e+02
3.329010925292968750e+02
3.004967651367187500e+02
2.869477844238281250e+02
2.823212890625000000e+02
2.639003906250000000e+02
2.925336914062500000e+02
2.220191497802734375e+02
2.490729064941406250e+02
2.713550415039062500e+02
7.204791545867919922e+00
6.420616149902343750e+00
3.307146453857421875e+01
2.039338493347167969e+01
1.041175174713134766e+01
2.679210662841796875e+01
3.509403467178344727e+00
1.381024265289306641e+01
2.665954208374023438e+01
1.638027038574218750e+02
1.577863006591796875e+02
1.320085296630859375e+02
1.871083374023437500e+02
1.734112091064453125e+02
1.435771179199218750e+02
1.780696716308593750e+02
1.513328552246093750e+02
1.085466308593750000e+02
5.930880069732666016e+00
5.122624397277832031e+00
2.066484451293945312e+00
7.037379264831542969e+00
6.078236579895019531e+00
3.064211368560791016e+00
5.872085571289062500e+00
4.730626106262207031e+00
5.602300167083740234e+00
1.431013336181640625e+02
1.623069152832031250e+02
1.061917495727539062e+02
1.847651519775390625e+02
1.348028106689453125e+02
7.033102416992187500e+01
1.918748779296875000e+02
1.080677108764648438e+02
4.709217071533203125e+01
2.962015075683593750e+02
3.087853698730468750e+02
3.433520507812500000e+02
3.033661193847656250e+02
3.082876892089843750e+02
3.328927001953125000e+02
3.166767272949218750e+02
3.166108093261718750e+02
3.138612670898437500e+02
2.731140441894531250e+02
2.634150695800781250e+02
2.818168945312500000e+02
2.858185424804687500e+02
2.248268585205078125e+02
2.624494018554687500e+02
2.847555541992187500e+02
2.025172119140625000e+02
2.105860137939453125e+02
1.645244750976562500e+02
2.035850067138671875e+02
1.855023193359375000e+02
1.760392913818359375e+02
2.245912475585937500e+02
1.781542205810546875e+02
1.466478271484375000e+02
1.384016723632812500e+02
9.269582366943359375e+01
2.089513244628906250e+02
1.881157836914062500e+02
1.759085540771484375e+02
1.467095947265625000e+02
1.741808624267578125e+02
1.353758392333984375e+02
9.669427490234375000e+01
2.109608612060546875e+02
1.882411193847656250e+02
3.157488059997558594e+01
1.375096511840820312e+01
8.078401565551757812e+00
3.707244873046875000e+01
2.122548294067382812e+01
1.551167297363281250e+01
3.837482833862304688e+01
1.777124404907226562e+01
1.043805885314941406e+01
2.776786994934082031e+01
4.244244003295898438e+01
5.765818023681640625e+01
1.426064586639404297e+01
2.903886222839355469e+01
5.420145034790039062e+01
1.665948104858398438e+01
3.838995361328125000e+01
6.126000976562500000e+01
1.917120742797851562e+01
7.204246520996093750e+00
4.341599273681640625e+01
2.529502487182617188e+01
2.621153640747070312e+01
5.636783218383789062e+01
2.996398735046386719e+01
2.094719505310058594e+01
5.791844940185546875e+01
1.024752998352050781e+01
7.486000061035156250e+00
8.206410408020019531e+00
7.501657962799072266e+00
7.564270019531250000e+00
6.088981151580810547e+00
4.933301448822021484e+00
9.837279319763183594e+00
2.427116870880126953e+00
1.369375705718994141e+01
1.369015026092529297e+01
1.322987747192382812e+01
2.839365005493164062e+01
3.114437675476074219e+01
2.805653572082519531e+01
1.634917449951171875e+01
1.671547317504882812e+01
1.410559463500976562e+01
3.922827541828155518e-01
4.951641857624053955e-01
8.164997100830078125e-01
8.509461283683776855e-01
9.813726544380187988e-01
1.820044636726379395e+00
1.439774274826049805e+00
2.167391777038574219e+00
2.605046272277832031e+00
1.222479343414306641e+01
2.973098564147949219e+01
4.325014495849609375e+01
1.342191696166992188e+01
3.291998672485351562e+01
5.183703613281250000e+01
1.159037590026855469e+01
3.222320175170898438e+01
5.685326385498046875e+01
2.627248573303222656e+01
2.216217231750488281e+01
2.210191917419433594e+01
1.994087982177734375e+01
2.021584701538085938e+01
1.829746246337890625e+01
1.353822708129882812e+01
2.319955635070800781e+01
1.190458106994628906e+01
2.842143630981445312e+01
3.273780059814453125e+01
2.517863655090332031e+01
3.226066207885742188e+01
3.803852462768554688e+01
3.011968040466308594e+01
3.983076858520507812e+01
4.684034729003906250e+01
3.843392562866210938e+01
7.070722103118896484e+00
1.478899383544921875e+01
3.858640670776367188e+01
2.581344795227050781e+01
3.750064086914062500e+01
6.161652374267578125e+01
3.504864120483398438e+01
4.144392013549804688e+01
6.902922821044921875e+01
2.614978075027465820e+00
3.581865787506103516e+00
5.309613704681396484e+00
3.645327329635620117e+00
5.193842411041259766e+00
6.261665344238281250e+00
2.909689188003540039e+00
3.984340190887451172e+00
5.874846458435058594e+00
7.322465515136718750e+01
5.637804794311523438e+01
3.771062469482421875e+01
8.772273254394531250e+01
6.130973815917968750e+01
3.639293670654296875e+01
9.761387634277343750e+01
7.423378753662109375e+01
4.433173751831054688e+01
2.563498115539550781e+01
5.986949157714843750e+01
8.252980041503906250e+01
1.971876525878906250e+01
6.142036437988281250e+01
9.860996246337890625e+01
5.570070266723632812e+01
1.013687133789062500e+02
1.306952056884765625e+02
5.681892395019531250e+01
2.297935676574707031e+01
2.539011001586914062e+01
4.815386199951171875e+01
1.533305644989013672e+01
1.776635360717773438e+01
5.110350036621093750e+01
2.127493095397949219e+01
2.055556678771972656e+01
1.038639831542968750e+02
1.348610534667968750e+02
1.323089141845703125e+02
1.286770782470703125e+02
1.662087860107421875e+02
1.569429931640625000e+02
1.547153015136718750e+02
1.932401428222656250e+02
1.703817901611328125e+02
9.475157737731933594e+00
1.110286808013916016e+01
1.733734369277954102e+00
1.524899291992187500e+01
2.283765411376953125e+01
1.348097038269042969e+01
2.310536384582519531e+01
3.957431411743164062e+01
2.982358741760253906e+01
3.239520549774169922e+00
4.291876316070556641e+00
3.606416702270507812e+00
2.258392572402954102e+00
3.522805869579315186e-01
1.603121608495712280e-01
2.870044708251953125e+00
6.611417531967163086e-01
7.774470746517181396e-02
-7.638574838638305664e-01
4.462240934371948242e-01
1.191572070121765137e+00
-6.262693881988525391e+00
-9.109781265258789062e+00
-1.272200584411621094e+00
-1.419903850555419922e+01
-1.684794998168945312e+01
-1.044730663299560547e+01
4.761664390563964844e+00
-1.033919429779052734e+01
1.840006589889526367e+00
-7.613141834735870361e-02
-1.076954174041748047e+01
-1.484149098396301270e+00
-3.901703119277954102e+00
-1.356232166290283203e+01
-8.659121513366699219e+00
2.107998132705688477e+00
7.738303542137145996e-01
5.684077739715576172e-01
2.143785953521728516e+00
1.100175499916076660e+00
-5.958130955696105957e-01
1.699073553085327148e+00
-7.644282579421997070e-01
-3.286070346832275391e+00
6.152530670166015625e+00
6.224581241607666016e+00
5.571421623229980469e+00
-3.596690297126770020e-02
-4.310925304889678955e-01
-1.256158113479614258e+00
2.541099071502685547e+00
4.574739336967468262e-01
1.116097211837768555e+00
4.445692896842956543e-01
3.778763115406036377e-01
4.751012325286865234e-01
-1.337620019912719727e-01
-1.974643617868423462e-01
-1.140409857034683228e-01
1.869549453258514404e-01
7.196264714002609253e-02
1.723739802837371826e-01
-4.006205081939697266e+00
-4.293982028961181641e+00
4.486669301986694336e-01
-3.268399000167846680e+00
-4.457798480987548828e+00
-1.910250663757324219e+00
-7.631595611572265625e+00
-8.872180938720703125e+00
-6.276276111602783203e+00
5.530475616455078125e+00
3.597435235977172852e+00
6.488065719604492188e-01
4.575094223022460938e+00
-1.016267180442810059e+00
1.024548709392547607e-02
3.826294898986816406e+00
5.131001472473144531e-01
-7.896967530250549316e-01
2.496557426452636719e+01
2.791938400268554688e+01
2.139442634582519531e+01
1.630357551574707031e+01
1.953632926940917969e+01
1.152753734588623047e+01
1.788374900817871094e+01
1.878104209899902344e+01
1.218359470367431641e+01
2.047631502151489258e+00
-5.105766296386718750e+00
8.776131272315979004e-01
-2.384689807891845703e+00
-1.158123874664306641e+01
-1.577474355697631836e+00
-1.320651769638061523e+00
-7.738107681274414062e+00
-3.572650671005249023e+00
9.463738799095153809e-01
5.422556400299072266e-01
1.856632947921752930e+00
9.657539129257202148e-01
6.043122410774230957e-01
1.535892009735107422e+00
7.875747084617614746e-01
4.998534619808197021e-01
1.206972956657409668e+00
1.898470401763916016e+00
3.572930097579956055e+00
9.128469467163085938e+00
2.714187860488891602e+00
3.544730663299560547e+00
1.031598758697509766e+01
7.441892623901367188e+00
1.084306430816650391e+01
1.012256908416748047e+01
-3.666819930076599121e-01
4.243457794189453125e+00
8.766316413879394531e+00
-1.549055767059326172e+01
-1.381446647644042969e+01
-5.336004734039306641e+00
-1.429065036773681641e+01
-1.400729560852050781e+01
-8.362208366394042969e+00
1.175110697746276855e+00
3.497360944747924805e+00
4.063074111938476562e+00
3.563622951507568359e+00
2.901143550872802734e+00
3.781156778335571289e+00
5.236526727676391602e-01
-1.555176973342895508e+00
-1.472110509872436523e+00
4.029173660278320312e+01
4.969408416748046875e+01
5.705734634399414062e+01
3.149997711181640625e+01
4.012291336059570312e+01
4.829786300659179688e+01
3.479033660888671875e+01
4.035656356811523438e+01
4.193734741210937500e+01
1.278341102600097656e+01
-2.809600591659545898e+00
-6.004461288452148438e+00
1.224822759628295898e+00
-6.211134910583496094e+00
-1.591360187530517578e+01
3.321750164031982422e+00
-1.066957116127014160e+00
-1.056982040405273438e+01
