1.609715087890625000e+03
1.163343383789062500e+03
2.086515197753906250e+02
8.395167236328125000e+02
4.625736999511718750e+02
3.299986328125000000e+03
7.705539550781250000e+02
2.652760742187500000e+03
2.639005432128906250e+02
3.231452148437500000e+03
3.360036376953125000e+03
1.108245849609375000e+03
1.211759521484375000e+03
4.638020507812500000e+03
5.448682022094726562e+01
9.032368164062500000e+02
1.241818359375000000e+03
1.719910278320312500e+02
1.978217041015625000e+03
4.852280273437500000e+03
1.983884643554687500e+03
2.468816650390625000e+03
2.663776611328125000e+03
1.411099731445312500e+03
4.332540893554687500e+02
4.849898529052734375e+01
6.752165527343750000e+02
1.754154968261718750e+02
2.057709472656250000e+03
9.217916870117187500e+01
8.804078979492187500e+02
6.652789916992187500e+02
4.393202209472656250e+01
4.211012268066406250e+01
8.236709594726562500e+00
4.560583496093750000e+01
1.779289245605468750e+01
1.291473693847656250e+02
2.449473953247070312e+01
9.924270629882812500e+01
1.316291046142578125e+01
1.206311645507812500e+02
1.503135681152343750e+02
4.962220764160156250e+01
4.406219863891601562e+01
1.054136734008789062e+02
1.838193416595458984e+00
3.729126739501953125e+01
4.901139450073242188e+01
6.917794227600097656e+00
7.043975830078125000e+01
1.770316925048828125e+02
7.767949676513671875e+01
1.174713287353515625e+02
1.039549179077148438e+02
6.023786163330078125e+01
1.911495590209960938e+01
6.808147430419921875e-01
3.506515121459960938e+01
8.173792839050292969e+00
8.390423583984375000e+01
3.634865522384643555e+00
1.658120918273925781e+01
2.529512214660644531e+01
7.309606170654296875e+01
3.973785781860351562e+01
7.543215751647949219e-01
-2.727278327941894531e+01
1.694686317443847656e+01
1.903968658447265625e+02
2.261071777343750000e+01
3.377252197265625000e+01
7.235249996185302734e+00
7.496513366699218750e+01
7.891986083984375000e+01
4.054241180419921875e+01
4.050994873046875000e+01
3.371401062011718750e+02
2.146947145462036133e+00
2.193135261535644531e+01
5.939701843261718750e+01
-2.229774713516235352e+00
9.096296691894531250e+01
2.681215820312500000e+02
1.049022140502929688e+02
8.356094360351562500e+01
2.052555847167968750e+02
4.393730926513671875e+01
-6.046240806579589844e+00
-1.051592230796813965e-01
-1.734467124938964844e+01
-1.403499245643615723e-01
7.050148010253906250e+01
-2.478761672973632812e+00
2.309608459472656250e+01
2.360757446289062500e+01
6.997468948364257812e+00
5.562884807586669922e+00
6.543770432472229004e-01
4.764656543731689453e+00
1.127223372459411621e+00
6.389323711395263672e+00
2.409901142120361328e+00
1.390484809875488281e+01
1.159879088401794434e+00
2.410869407653808594e+01
1.753538703918457031e+01
6.124756813049316406e+00
7.528728961944580078e+00
1.334341716766357422e+01
-7.621905952692031860e-02
3.828312635421752930e+00
1.071786785125732422e+01
1.104403376579284668e+00
6.504514694213867188e+00
3.055042266845703125e+01
5.326618194580078125e+00
8.178098678588867188e+00
1.599004173278808594e+01
4.186819076538085938e+00
1.922821879386901855e+00
2.123757004737854004e-01
2.797583341598510742e+00
2.504886090755462646e-01
9.418311119079589844e+00
4.565257430076599121e-01
3.197491168975830078e+00
3.377955436706542969e+00
2.722718417644500732e-01
4.174160957336425781e-01
4.278822988271713257e-02
9.582747519016265869e-02
1.117747798562049866e-01
8.373372256755828857e-03
2.154503315687179565e-01
5.615887641906738281e-01
9.424998611211776733e-02
1.002583622932434082e+00
-5.318550392985343933e-02
1.662572026252746582e-01
2.930209040641784668e-01
1.474468469619750977e+00
3.959319146815687418e-04
9.305666387081146240e-02
1.142590269446372986e-01
1.779833436012268066e-01
7.091007828712463379e-01
5.593775957822799683e-02
6.225014105439186096e-02
1.797552779316902161e-02
4.938333928585052490e-01
4.804459586739540100e-02
6.764142215251922607e-02
5.161113739013671875e-01
1.079580262303352356e-01
1.020571403205394745e-02
2.957456409931182861e-01
7.240883260965347290e-02
8.348528146743774414e-01
4.656660184264183044e-02
1.051106834411621094e+01
4.938162803649902344e+00
6.526281237602233887e-01
6.124503135681152344e+00
2.443995714187622070e+00
1.909960937500000000e+01
4.788757324218750000e+00
8.857580184936523438e+00
3.086894750595092773e+00
2.783106231689453125e+01
2.226083374023437500e+01
8.444916725158691406e+00
9.054168701171875000e+00
2.720157814025878906e+01
1.115026399493217468e-01
6.602580070495605469e+00
1.446001338958740234e+01
-4.520199596881866455e-01
6.073633670806884766e+00
5.572359085083007812e+01
1.099051570892333984e+01
1.340234279632568359e+01
3.520150375366210938e+01
5.403017044067382812e+00
2.017626285552978516e+00
2.759961783885955811e-02
3.602324485778808594e+00
5.573709681630134583e-02
1.617100524902343750e+01
-3.938163220882415771e-01
1.561940073966979980e+00
5.848168849945068359e+00
2.422440528869628906e+01
1.874902153015136719e+01
1.858392834663391113e+00
1.104735851287841797e+01
2.847684383392333984e+00
6.350445938110351562e+01
2.735467147827148438e+01
3.325609588623046875e+01
4.089854240417480469e+00
5.810591888427734375e+01
4.929351043701171875e+01
1.157446956634521484e+01
1.557121753692626953e+01
6.338168716430664062e+01
1.196782231330871582e+00
1.114149093627929688e+01
1.907215690612792969e+01
-1.285532236099243164e+00
1.462369251251220703e+01
1.028035812377929688e+02
1.307968044281005859e+01
3.376335525512695312e+01
4.654603576660156250e+01
2.332335472106933594e+01
8.448021888732910156e+00
-7.607037425041198730e-01
1.660656356811523438e+01
3.127449035644531250e+00
2.905374717712402344e+01
2.898643612861633301e-01
-9.799940109252929688e+00
1.343283462524414062e+01
1.218651809692382812e+02
8.255252838134765625e+01
1.390953731536865234e+01
6.865453338623046875e+01
3.321944427490234375e+01
2.981893920898437500e+02
7.015542602539062500e+01
1.801160125732421875e+02
2.763612937927246094e+01
2.980572509765625000e+02
3.112128906250000000e+02
1.061312332153320312e+02
1.021789703369140625e+02
3.424382629394531250e+02
3.864048480987548828e+00
7.493609619140625000e+01
1.293440246582031250e+02
8.377804756164550781e+00
1.471641693115234375e+02
4.823526916503906250e+02
1.481217193603515625e+02
2.137508850097656250e+02
2.833685302734375000e+02
1.136717758178710938e+02
3.390911865234375000e+01
1.775426745414733887e+00
5.026507568359375000e+01
9.976318359375000000e+00
1.819480590820312500e+02
4.389571666717529297e+00
4.299974060058593750e+01
5.935123443603515625e+01
1.959681129455566406e+01
1.437229919433593750e+01
4.153957366943359375e+00
1.190387821197509766e+01
7.360721588134765625e+00
1.078306198120117188e+01
2.028238868713378906e+01
6.485865020751953125e+01
4.943833827972412109e+00
6.210066604614257812e+01
1.799654960632324219e+01
1.508703994750976562e+01
2.591862869262695312e+01
1.114767227172851562e+02
-2.517858147621154785e-02
1.015568447113037109e+01
1.988442039489746094e+01
7.646863460540771484e+00
2.818789482116699219e+01
4.020922851562500000e+01
1.462663841247558594e+01
9.917445182800292969e+00
2.877034950256347656e+01
1.116003036499023438e+01
7.013266563415527344e+00
5.979357719421386719e+00
8.866343498229980469e+00
3.720871448516845703e+00
4.661541748046875000e+01
7.239316940307617188e+00
7.524737548828125000e+01
6.370473384857177734e+00
9.163996124267578125e+01
7.507398986816406250e+01
1.480865097045898438e+01
8.051512145996093750e+01
3.107854270935058594e+01
2.236878814697265625e+02
6.510898590087890625e+01
1.743054351806640625e+02
2.881535720825195312e+01
2.838803405761718750e+02
2.811564025878906250e+02
9.302578735351562500e+01
9.585986328125000000e+01
2.226687011718750000e+02
2.537940740585327148e+00
7.044664764404296875e+01
1.156652679443359375e+02
1.316692447662353516e+01
1.228736038208007812e+02
3.913867492675781250e+02
1.197959289550781250e+02
1.772792816162109375e+02
2.080205993652343750e+02
1.033519821166992188e+02
3.588050079345703125e+01
2.821571111679077148e+00
5.990600585937500000e+01
1.214391899108886719e+01
1.574518737792968750e+02
7.554097175598144531e+00
4.914370346069335938e+01
5.370340347290039062e+01
9.181243777275085449e-01
9.457731842994689941e-01
-3.598383069038391113e-02
-1.731146574020385742e-01
-7.811261415481567383e-01
-2.594629049301147461e+00
-4.915477037429809570e-01
2.949261188507080078e+00
-3.871561288833618164e-01
-2.655848264694213867e+00
-4.957397937774658203e+00
-1.790262103080749512e+00
-8.078852891921997070e-01
7.144767284393310547e+00
8.454556018114089966e-02
-1.483878970146179199e+00
-3.854443073272705078e+00
2.506040036678314209e-02
2.771311044692993164e+00
-4.442987918853759766e+00
2.999567389488220215e-01
-4.030005455017089844e+00
6.631292104721069336e-01
5.903394818305969238e-01
-1.164777278900146484e+00
1.759783029556274414e-01
-3.181204199790954590e-01
-9.019677340984344482e-02
-6.615701317787170410e-01
1.144910454750061035e-01
3.886884212493896484e+00
-8.473958969116210938e-01
7.113301849365234375e+01
2.500219535827636719e+01
8.185721397399902344e+00
5.220922470092773438e+01
2.344887733459472656e+01
1.842125549316406250e+02
5.433234786987304688e+01
1.304526214599609375e+02
2.088652420043945312e+01
1.723026580810546875e+02
1.582275390625000000e+02
5.947241592407226562e+01
6.745024108886718750e+01
1.884512023925781250e+02
2.299523830413818359e+00
4.023824310302734375e+01
8.198281097412109375e+01
5.343846797943115234e+00
7.744143676757812500e+01
3.155753784179687500e+02
5.889810943603515625e+01
1.049853820800781250e+02
1.281090087890625000e+02
4.282223129272460938e+01
1.599104785919189453e+01
1.499431014060974121e+00
2.617309761047363281e+01
3.914281606674194336e+00
1.432301940917968750e+02
5.406177043914794922e+00
6.234084320068359375e+01
3.295903015136718750e+01
-2.256711387634277344e+01
-1.872369956970214844e+01
-3.879119873046875000e+00
-2.267581367492675781e+01
-1.024826431274414062e+01
-7.291223144531250000e+01
-2.943241882324218750e+01
-4.260045242309570312e+01
-8.695845603942871094e+00
-1.150166473388671875e+02
-9.081080627441406250e+01
-3.271545791625976562e+01
-3.386833572387695312e+01
-7.601949310302734375e+01
8.701387047767639160e-02
-2.193033790588378906e+01
-4.907400512695312500e+01
-2.524134397506713867e+00
-3.037049674987792969e+01
-1.527839813232421875e+02
-3.577297592163085938e+01
-5.131825637817382812e+01
-8.425998687744140625e+01
-3.574435806274414062e+01
-9.810205459594726562e+00
-2.111166529357433319e-02
-1.532253742218017578e+01
-2.039465904235839844e+00
-6.194511413574218750e+01
-1.373583197593688965e+00
-1.909441947937011719e+01
-1.869523620605468750e+01
5.055273056030273438e+00
-1.459239864349365234e+01
-3.375859737396240234e+00
-2.768098449707031250e+01
-1.981522178649902344e+01
5.759260940551757812e+01
3.173607110977172852e+00
-5.828483581542968750e+01
-9.936624526977539062e+00
-7.687749481201171875e+01
-8.071659088134765625e+01
-1.782357406616210938e+01
-1.146751785278320312e+01
4.291630172729492188e+01
1.580119609832763672e+00
-9.815829396247863770e-01
-2.464012145996093750e+01
-1.146218395233154297e+01
-3.183312606811523438e+01
2.412694549560546875e+01
-1.228711223602294922e+01
-2.351786804199218750e+01
2.379445648193359375e+01
-8.085829734802246094e+00
-6.212090015411376953e+00
-1.541930794715881348e+00
-1.737010002136230469e+01
1.225350141525268555e+00
-9.261760711669921875e+00
-7.131298065185546875e+00
-3.904853439331054688e+01
-1.509274840354919434e+00
-8.085074424743652344e-01
-2.577946901321411133e+00
-1.031482934951782227e+00
-6.543232917785644531e+00
-1.934368848800659180e+00
-3.127121925354003906e+00
-1.526043534278869629e+00
-1.189123725891113281e+01
-1.441443204879760742e+00
-9.323782920837402344e+00
-1.162324142456054688e+01
-3.313794851303100586e+00
-4.373666763305664062e+00
-2.585851192474365234e+00
-1.762345731258392334e-01
-2.832778692245483398e+00
-2.412450075149536133e+00
-1.198797345161437988e+00
-6.075940132141113281e+00
-6.067451000213623047e+00
-5.206431388854980469e+00
-6.465715885162353516e+00
-4.569088935852050781e+00
-5.108791351318359375e+00
-2.617686033248901367e+00
-3.830244541168212891e-01
-3.189518451690673828e+00
-8.673688769340515137e-01
-7.203181266784667969e+00
-1.348859906196594238e+00
-3.681322574615478516e+00
-1.337989568710327148e+00
3.944493484497070312e+01
2.660862159729003906e+01
4.207874298095703125e+00
2.230575561523437500e+01
6.827493667602539062e+00
1.063021545410156250e+02
5.513590621948242188e+01
8.271611785888671875e+01
5.082502365112304688e+00
1.236180877685546875e+02
7.260011291503906250e+01
2.587129211425781250e+01
3.882228469848632812e+01
1.432490997314453125e+02
1.164994955062866211e+00
1.859920501708984375e+01
4.176431655883789062e+01
1.730824828147888184e+00
4.511905670166015625e+01
1.858981323242187500e+02
2.833790779113769531e+01
3.822850799560546875e+01
8.175820922851562500e+01
3.139555549621582031e+01
1.414563465118408203e+01
8.249842524528503418e-01
1.482379531860351562e+01
2.758022308349609375e+00
6.878518676757812500e+01
2.021532773971557617e+00
2.048179054260253906e+01
1.476832675933837891e+01
3.658596277236938477e-01
-6.481606960296630859e-01
-2.566029131412506104e-01
-8.240721821784973145e-01
2.467657625675201416e-02
2.729251086711883545e-01
-4.951418936252593994e-01
-2.884462833404541016e+00
-2.163092643022537231e-01
-2.870180606842041016e+00
3.303192853927612305e-01
-5.655803084373474121e-01
-1.206439137458801270e+00
-3.426577150821685791e-01
3.902119398117065430e-02
-5.789299011230468750e-01
-3.964161276817321777e-01
-5.117717385292053223e-01
-1.732033252716064453e+00
-1.703042745590209961e+00
-8.622457981109619141e-01
1.857348561286926270e+00
-2.073430538177490234e+00
2.994850277900695801e-01
-1.145037412643432617e+00
-1.968240588903427124e-01
7.952266931533813477e-02
-4.678776264190673828e-01
-1.708520650863647461e+00
-1.093872115015983582e-01
-2.227400302886962891e+00
-4.128091931343078613e-01
-4.023636627197265625e+01
-1.972857666015625000e+01
-5.826647758483886719e+00
-2.351100540161132812e+01
-8.061252593994140625e+00
-1.122377777099609375e+02
-4.051609802246093750e+01
-4.941033172607421875e+01
-1.076379394531250000e+01
-1.279808044433593750e+02
-1.050994186401367188e+02
-2.972407913208007812e+01
-3.453012084960937500e+01
-7.588787078857421875e+01
-2.373655736446380615e-01
-3.259976196289062500e+01
-3.779469680786132812e+01
-2.544045448303222656e+00
-3.801377105712890625e+01
-1.747975158691406250e+02
-4.490152740478515625e+01
-8.256976318359375000e+01
-1.109728240966796875e+02
-4.688037872314453125e+01
-1.345506095886230469e+01
1.532809436321258545e-01
-2.613973045349121094e+01
-8.037871360778808594e+00
-7.633923339843750000e+01
-3.046748161315917969e+00
7.088133692741394043e-01
-2.340717124938964844e+01
9.159638977050781250e+01
1.125086593627929688e+01
-1.182746505737304688e+01
-1.324195098876953125e+02
-4.479039001464843750e+01
3.931669921875000000e+02
4.510522079467773438e+01
-1.425631866455078125e+02
-4.188339996337890625e+01
-1.619861755371093750e+02
-1.816083068847656250e+02
-3.871619796752929688e+01
-1.023210239410400391e+01
5.586141357421875000e+02
5.025263786315917969e+00
-1.473893642425537109e+01
-3.246882629394531250e+01
-4.293904113769531250e+01
-1.505268287658691406e+01
3.140729980468750000e+02
-3.408950042724609375e+01
-4.259889221191406250e+01
1.435893249511718750e+02
1.427350997924804688e+00
-1.233424758911132812e+01
-4.498906135559082031e+00
-4.845595169067382812e+01
-2.046635818481445312e+01
-1.137602043151855469e+01
-1.885100173950195312e+01
-7.815667724609375000e+01
1.787220954895019531e+01
1.649399566650390625e+01
1.218875122070312500e+01
5.275975704193115234e+00
3.590887069702148438e+01
1.317820835113525391e+01
4.809669494628906250e+01
6.300490856170654297e+00
6.134410858154296875e+01
1.100274944305419922e+01
7.323146820068359375e+01
9.620691680908203125e+01
3.036762428283691406e+01
2.784230422973632812e+01
3.611607742309570312e+01
5.418573617935180664e-01
2.204775238037109375e+01
3.190350341796875000e+01
7.849317550659179688e+00
4.561654663085937500e+01
8.040646362304687500e+01
5.134453201293945312e+01
7.364024353027343750e+01
5.260895156860351562e+01
2.577977943420410156e+01
1.023877239227294922e+01
1.425854325294494629e+00
1.628912925720214844e+01
4.993912696838378906e+00
5.881563186645507812e+01
3.581353425979614258e+00
2.521567535400390625e+01
1.190112590789794922e+01
5.223934936523437500e+01
3.173543357849121094e+01
5.771233558654785156e+00
3.653731536865234375e+01
2.350046348571777344e+01
1.060377349853515625e+02
2.084907722473144531e+01
7.841120147705078125e+01
1.944816589355468750e+01
1.252741928100585938e+02
1.569970703125000000e+02
5.107934951782226562e+01
4.629664993286132812e+01
1.152145385742187500e+02
7.606196403503417969e-01
3.231091690063476562e+01
6.716172027587890625e+01
5.777627468109130859e+00
7.718849182128906250e+01
1.888941955566406250e+02
8.016332244873046875e+01
1.116496810913085938e+02
1.505970001220703125e+02
4.190350341796875000e+01
1.107300567626953125e+01
6.032577902078628540e-02
2.356478118896484375e+01
4.825448036193847656e+00
8.380369567871093750e+01
1.645659208297729492e+00
2.923186492919921875e+01
2.279346084594726562e+01
6.772246837615966797e+00
5.081482410430908203e+00
3.395646810531616211e-01
-5.063613057136535645e-01
1.407340764999389648e+00
3.311434555053710938e+01
4.573082447052001953e+00
-1.546348452568054199e+00
-1.141852885484695435e-02
1.454548645019531250e+01
2.080922317504882812e+01
6.077901840209960938e+00
3.531622409820556641e+00
2.790473556518554688e+01
3.551281988620758057e-01
3.445909500122070312e+00
4.623233318328857422e+00
-1.250124096870422363e+00
1.093282127380371094e+01
2.590231513977050781e+01
1.202692794799804688e+01
2.451119232177734375e+01
1.411240005493164062e+01
1.122769832611083984e+01
-1.130464971065521240e-01
-2.451885491609573364e-01
3.010629892349243164e+00
-6.524305343627929688e-01
3.577720880508422852e+00
-6.444074511528015137e-01
-4.922016620635986328e+00
3.048174619674682617e+00
6.470273971557617188e+00
1.195686626434326172e+01
5.367730617523193359e+00
1.840034484863281250e+01
6.677362442016601562e+00
2.997430801391601562e+01
3.439891338348388672e+00
6.184709930419921875e+01
8.574997901916503906e+00
4.024617767333984375e+01
4.638622665405273438e+01
1.681769180297851562e+01
2.617365264892578125e+01
4.284161376953125000e+01
3.139845281839370728e-02
1.419140434265136719e+01
2.420250320434570312e+01
7.300856113433837891e+00
3.124043846130371094e+01
4.717280578613281250e+01
2.276890563964843750e+01
2.973073768615722656e+01
3.734500503540039062e+01
1.412917327880859375e+01
9.419966697692871094e+00
1.961997866630554199e+00
7.536386966705322266e+00
5.494641780853271484e+00
5.294887542724609375e+01
4.780416488647460938e+00
3.292451477050781250e+01
8.309192657470703125e+00
3.929671936035156250e+02
2.338407287597656250e+02
3.459906768798828125e+01
2.551426544189453125e+02
6.017577648162841797e+00
6.105319213867187500e+02
3.421170654296875000e+02
6.346199340820312500e+02
6.774559783935546875e+01
6.790651855468750000e+02
6.278430786132812500e+02
2.191672058105468750e+02
3.172000732421875000e+02
1.213537963867187500e+03
7.591084003448486328e+00
2.050019683837890625e+02
2.629706420898437500e+02
5.796684741973876953e+00
3.637453613281250000e+02
1.597385131835937500e+03
3.139516601562500000e+02
3.174474792480468750e+02
8.836396484375000000e+02
2.384060516357421875e+02
7.983245086669921875e+01
1.188143539428710938e+01
7.308850097656250000e+01
7.906167984008789062e+00
5.975942993164062500e+02
1.004029273986816406e+01
2.043698272705078125e+02
1.422233276367187500e+02
2.941078376770019531e+01
2.682754325866699219e+01
6.847531795501708984e+00
2.492760467529296875e+01
8.981381416320800781e+00
6.461347198486328125e+01
2.344981002807617188e+01
1.032597656250000000e+02
6.795301914215087891e+00
6.007929611206054688e+01
7.697262573242187500e+01
2.769307327270507812e+01
3.472324752807617188e+01
1.129473419189453125e+02
6.342954039573669434e-01
2.450932312011718750e+01
2.722900581359863281e+01
7.787644386291503906e+00
5.338117980957031250e+01
9.952076721191406250e+01
4.984986877441406250e+01
5.199085998535156250e+01
5.045332717895507812e+01
3.477441787719726562e+01
1.726988792419433594e+01
2.348510265350341797e+00
1.819033241271972656e+01
5.818554401397705078e+00
5.747431945800781250e+01
4.863269329071044922e+00
3.888184356689453125e+01
1.409267997741699219e+01
4.209469604492187500e+01
2.147278213500976562e+01
5.422849655151367188e+00
2.529959106445312500e+01
8.970345497131347656e+00
1.140080261230468750e+02
1.996475982666015625e+01
7.810538482666015625e+01
1.239925765991210938e+01
1.160201110839843750e+02
1.063091201782226562e+02
4.292883300781250000e+01
4.399726104736328125e+01
1.462997283935546875e+02
1.115395426750183105e+00
2.965472602844238281e+01
5.197513580322265625e+01
4.832680702209472656e+00
5.537170028686523438e+01
1.739534759521484375e+02
5.187698364257812500e+01
8.574949645996093750e+01
1.031360626220703125e+02
3.972331619262695312e+01
1.170846462249755859e+01
2.309779644012451172e+00
1.819581985473632812e+01
4.333247184753417969e+00
8.184883880615234375e+01
2.626947164535522461e+00
4.194135284423828125e+01
2.182930946350097656e+01
4.696442604064941406e+00
5.468297481536865234e+00
1.458436489105224609e+00
7.376439571380615234e+00
3.363418102264404297e+00
1.319151973724365234e+01
5.553189754486083984e+00
2.489820098876953125e+01
2.929310798645019531e+00
2.480791473388671875e+01
1.805756378173828125e+01
8.393324851989746094e+00
1.119323253631591797e+01
2.554143714904785156e+01
-3.043084219098091125e-02
5.369799137115478516e+00
1.070642662048339844e+01
3.043977022171020508e+00
1.610989189147949219e+01
2.649119758605957031e+01
1.106693077087402344e+01
1.073655509948730469e+01
1.664087295532226562e+01
4.013891696929931641e+00
3.875277042388916016e+00
1.276309490203857422e+00
3.875916242599487305e+00
1.690111398696899414e+00
1.247508907318115234e+01
1.632924795150756836e+00
1.480546474456787109e+01
3.729718208312988281e+00
7.251514892578125000e+02
5.871220092773437500e+02
1.440183258056640625e+02
9.073566894531250000e+02
3.371247253417968750e+02
1.885479492187500000e+03
4.303948059082031250e+02
1.244136108398437500e+03
2.432240142822265625e+02
1.983554077148437500e+03
2.752204589843750000e+03
7.641550292968750000e+02
6.565335083007812500e+02
8.257553710937500000e+02
2.276865768432617188e+01
6.109364624023437500e+02
7.408726806640625000e+02
1.091158370971679688e+02
1.017897216796875000e+03
2.723412841796875000e+03
1.281373779296875000e+03
1.737739868164062500e+03
1.690691406250000000e+03
8.996841430664062500e+02
3.333437194824218750e+02
-4.971580505371093750e+00
5.941261596679687500e+02
1.117084274291992188e+02
1.115331542968750000e+03
4.959958267211914062e+01
3.100013542175292969e+01
4.307461242675781250e+02
-3.407799482345581055e+00
-1.505801916122436523e+00
-2.057377994060516357e-01
-8.352125883102416992e-01
-6.067613959312438965e-01
-9.346377372741699219e+00
-2.002622604370117188e+00
-2.275863409042358398e+00
-3.405446410179138184e-01
-5.240749835968017578e+00
-5.146616458892822266e+00
-2.093338251113891602e+00
-2.790316820144653320e+00
-1.512805557250976562e+01
-7.346899807453155518e-02
-1.641381859779357910e+00
-2.540637254714965820e+00
-7.236130535602569580e-02
-4.181651592254638672e+00
-1.119674873352050781e+01
-2.824513912200927734e+00
-4.604586124420166016e+00
-6.123052597045898438e+00
-1.718048572540283203e+00
-5.263390541076660156e-01
-9.648475050926208496e-02
-7.243714332580566406e-01
-3.381810486316680908e-01
-4.185777664184570312e+00
-4.362361971288919449e-03
-2.544565677642822266e+00
-1.277312874794006348e+00
2.527016448974609375e+01
2.675941658020019531e+01
3.945224761962890625e+00
3.140202903747558594e+01
9.640930175781250000e+00
3.151524925231933594e+01
2.073681068420410156e+01
5.205139923095703125e+01
6.579678535461425781e+00
9.348583984375000000e+01
7.374430084228515625e+01
2.763547897338867188e+01
2.765814018249511719e+01
5.695872116088867188e+01
5.618485808372497559e-01
1.933131027221679688e+01
3.391496658325195312e+01
5.125184059143066406e+00
3.200461578369140625e+01
9.306375885009765625e+01
2.503410339355468750e+01
3.933267211914062500e+01
3.527041625976562500e+01
2.415042877197265625e+01
1.412284469604492188e+01
3.331523418426513672e+00
2.816838645935058594e+01
2.339661598205566406e+00
3.259721755981445312e+01
3.080821514129638672e+00
2.437953186035156250e+01
1.379481124877929688e+01
5.172703266143798828e-01
-8.754899501800537109e-01
-2.614894807338714600e-01
-2.300667047500610352e+00
-5.434744358062744141e-01
-3.756921529769897461e+00
5.362702608108520508e-01
1.532744243741035461e-02
-5.300133824348449707e-01
1.923090517520904541e-01
-8.560930252075195312e+00
-1.418290138244628906e+00
-4.669221639633178711e-01
7.452510356903076172e+00
-5.995846353471279144e-03
-1.095943570137023926e+00
-6.435858011245727539e-01
-3.778498470783233643e-01
-3.278162717819213867e+00
-3.598825693130493164e+00
-4.900351524353027344e+00
-3.377598762512207031e+00
-3.088005304336547852e+00
-6.433198451995849609e-01
-1.264768004417419434e+00
5.615652073174715042e-03
-4.157288074493408203e-01
-4.584695100784301758e-01
-5.091995000839233398e-01
-2.813630104064941406e-01
5.842255115509033203e+00
-5.768294930458068848e-01
4.068482208251953125e+01
1.290240573883056641e+01
3.722925424575805664e+00
2.039775657653808594e+01
1.017099475860595703e+01
9.616614532470703125e+01
2.535482788085937500e+01
4.864610290527343750e+01
8.404731750488281250e+00
9.472527313232421875e+01
9.218429565429687500e+01
3.009115791320800781e+01
3.334553527832031250e+01
1.214282379150390625e+02
1.211164712905883789e+00
2.360595321655273438e+01
3.870844650268554688e+01
2.078414678573608398e+00
4.945649337768554688e+01
1.415385284423828125e+02
3.963332748413085938e+01
5.810474014282226562e+01
8.350411224365234375e+01
3.303757476806640625e+01
9.348591804504394531e+00
4.989990890026092529e-01
1.373034572601318359e+01
3.534358739852905273e+00
6.352129745483398438e+01
-2.617137134075164795e-02
2.622137641906738281e+01
1.602493667602539062e+01
6.783860778808593750e+01
4.313936996459960938e+01
6.259461879730224609e+00
1.429430675506591797e+01
1.317353916168212891e+01
1.201514816284179688e+02
2.810946846008300781e+01
8.077115631103515625e+01
1.085320377349853516e+01
1.149594802856445312e+02
1.052624435424804688e+02
4.016876602172851562e+01
4.006038284301757812e+01
2.081714630126953125e+02
1.684661626815795898e+00
3.158639526367187500e+01
4.928674697875976562e+01
3.843672037124633789e+00
7.076498413085937500e+01
2.042716217041015625e+02
7.835042572021484375e+01
8.805229187011718750e+01
1.269482192993164062e+02
4.309426879882812500e+01
9.899953842163085938e+00
1.486949324607849121e+00
2.199531364440917969e+01
4.811647415161132812e+00
6.754425048828125000e+01
2.752945661544799805e+00
3.656084823608398438e+01
2.549563598632812500e+01
8.383283996582031250e+01
5.523828125000000000e+01
1.147260570526123047e+01
5.954964447021484375e+01
2.082358169555664062e+01
1.803409576416015625e+02
5.453339004516601562e+01
1.571961517333984375e+02
1.873633193969726562e+01
2.189115905761718750e+02
1.971088867187500000e+02
7.375210571289062500e+01
8.086644744873046875e+01
2.405358581542968750e+02
2.371312618255615234e+00
5.358105850219726562e+01
8.420574188232421875e+01
1.119519996643066406e+01
1.127064743041992188e+02
3.049191894531250000e+02
9.944683074951171875e+01
1.305339965820312500e+02
1.625363464355468750e+02
7.894987487792968750e+01
2.881328010559082031e+01
3.265953302383422852e+00
4.038385009765625000e+01
1.011468887329101562e+01
1.315023803710937500e+02
5.803536415100097656e+00
6.486436462402343750e+01
3.834028244018554688e+01
1.135011749267578125e+02
7.785342407226562500e+01
1.193294906616210938e+01
7.111364746093750000e+01
2.712518882751464844e+01
2.519926147460937500e+02
6.603749084472656250e+01
1.574206542968750000e+02
2.313601875305175781e+01
2.719754028320312500e+02
2.805014038085937500e+02
9.310368347167968750e+01
8.578173828125000000e+01
2.570415954589843750e+02
2.915612697601318359e+00
6.671530151367187500e+01
1.039670639038085938e+02
6.108077526092529297e+00
1.126377868652343750e+02
4.207257995605468750e+02
1.203921890258789062e+02
1.931375579833984375e+02
2.418322601318359375e+02
1.045205993652343750e+02
3.316575622558593750e+01
3.758530020713806152e-01
6.079921340942382812e+01
8.744047164916992188e+00
1.399088134765625000e+02
2.671595573425292969e+00
2.076888656616210938e+01
5.409940338134765625e+01
-4.002547454833984375e+01
1.480715990066528320e+00
-4.067040443420410156e+00
-3.909676742553710938e+01
-9.459957122802734375e+00
-6.936993408203125000e+01
-4.236518096923828125e+01
-3.506853866577148438e+01
-4.845685482025146484e+00
-1.212997665405273438e+02
-7.504352569580078125e+01
-2.581772041320800781e+01
-3.264398574829101562e+01
-8.944338989257812500e+01
-1.879306584596633911e-01
-2.343552398681640625e+01
-3.334902954101562500e+01
-2.008293628692626953e+00
-3.276699447631835938e+01
-1.296356353759765625e+02
-3.301054382324218750e+01
-4.094071960449218750e+01
-2.902248573303222656e+01
-1.935194778442382812e+01
-1.474329185485839844e+01
-1.306805491447448730e+00
-2.477594566345214844e+01
-4.869633316993713379e-01
-4.062150955200195312e+01
-1.202390193939208984e+00
-2.069211959838867188e+01
-1.260054874420166016e+01
1.833187103271484375e+02
1.267932815551757812e+02
2.276800918579101562e+01
1.426044616699218750e+02
4.064770889282226562e+01
4.158055114746093750e+02
1.265680923461914062e+02
3.227870788574218750e+02
3.710334777832031250e+01
4.442995910644531250e+02
4.831357421875000000e+02
1.615830078125000000e+02
1.617560577392578125e+02
5.544127197265625000e+02
4.796165943145751953e+00
1.239100494384765625e+02
1.608788757324218750e+02
1.326708793640136719e+01
2.356842498779296875e+02
7.068125000000000000e+02
2.214760131835937500e+02
3.221239013671875000e+02
3.576742858886718750e+02
1.766272125244140625e+02
6.155227279663085938e+01
3.146027088165283203e+00
8.764981842041015625e+01
1.881034469604492188e+01
2.666091918945312500e+02
6.662690162658691406e+00
7.369027709960937500e+01
9.141078948974609375e+01
-5.206028366088867188e+01
-3.970889282226562500e+01
-9.980976104736328125e+00
-5.140676879882812500e+01
-2.302283859252929688e+01
-1.114179153442382812e+02
-3.183589935302734375e+01
-9.551040649414062500e+01
-1.751252937316894531e+01
-1.398511657714843750e+02
-2.042806854248046875e+02
-6.089899444580078125e+01
-5.463248062133789062e+01
-1.480136718750000000e+02
-2.405811846256256104e-01
-4.687213134765625000e+01
-5.917416381835937500e+01
-7.661085605621337891e+00
-8.131594848632812500e+01
-2.079295959472656250e+02
-1.160033569335937500e+02
-1.545185852050781250e+02
-1.331047821044921875e+02
-6.445907592773437500e+01
-1.668945884704589844e+01
-2.168910741806030273e+00
-3.198511505126953125e+01
-5.247269153594970703e+00
-9.959208679199218750e+01
-3.835314035415649414e+00
-3.242750549316406250e+01
-3.028502082824707031e+01
6.779648780822753906e+00
1.445911788940429688e+01
1.252602696418762207e+00
1.097939014434814453e+01
7.929365634918212891e-01
1.123003387451171875e+01
2.336738586425781250e+00
6.809647560119628906e+00
1.369707107543945312e+00
2.186822509765625000e+01
2.704714202880859375e+01
1.293776035308837891e+01
1.009890460968017578e+01
2.624232101440429688e+01
1.471166312694549561e-01
8.841718673706054688e+00
2.828440189361572266e+00
4.596402347087860107e-01
1.056384372711181641e+01
3.211692428588867188e+01
1.478546047210693359e+01
2.213864135742187500e+01
1.417041683197021484e+01
1.674992370605468750e+01
4.071908950805664062e+00
0.000000000000000000e+00
8.007742881774902344e+00
7.995601296424865723e-01
3.712094068527221680e+00
0.000000000000000000e+00
1.314856171607971191e+00
6.239175319671630859e+00
7.222468566894531250e+01
5.415318679809570312e+01
1.039921474456787109e+01
4.155075836181640625e+01
2.577624320983886719e+01
1.763183593750000000e+02
4.168894958496093750e+01
1.248440246582031250e+02
1.562355899810791016e+01
1.672766265869140625e+02
1.799251251220703125e+02
6.050040817260742188e+01
6.529573822021484375e+01
2.504033660888671875e+02
2.444515466690063477e+00
4.588750076293945312e+01
6.303199386596679688e+01
8.642393112182617188e+00
1.148142776489257812e+02
2.366618041992187500e+02
1.194986267089843750e+02
1.388426971435546875e+02
1.640720672607421875e+02
7.913781738281250000e+01
2.160273551940917969e+01
2.423872232437133789e+00
3.971699142456054688e+01
8.387734413146972656e+00
8.965475463867187500e+01
3.823949337005615234e+00
5.223864746093750000e+01
3.139126205444335938e+01
1.029930648803710938e+02
7.764636993408203125e+01
1.475019645690917969e+01
5.760490798950195312e+01
3.089375686645507812e+01
2.433449707031250000e+02
5.099416732788085938e+01
1.764472961425781250e+02
2.696015739440917969e+01
2.542159423828125000e+02
2.879913330078125000e+02
9.496543121337890625e+01
9.592783355712890625e+01
3.239313049316406250e+02
3.722311496734619141e+00
6.894238281250000000e+01
1.079948806762695312e+02
1.469973754882812500e+01
1.600218963623046875e+02
3.776383666992187500e+02
1.568760681152343750e+02
2.074220733642578125e+02
2.541322326660156250e+02
9.916151428222656250e+01
2.749471282958984375e+01
3.820295095443725586e+00
4.642298126220703125e+01
1.230073547363281250e+01
1.661991271972656250e+02
6.032808780670166016e+00
7.692330932617187500e+01
4.877648544311523438e+01
-1.927067518234252930e+00
-1.698772430419921875e+00
-8.995438814163208008e-01
-3.784590005874633789e+00
-1.241497516632080078e+00
-1.848465502262115479e-01
-1.986964583396911621e+00
-1.086130046844482422e+01
-1.329177618026733398e+00
-1.028062248229980469e+01
-3.535113096237182617e+00
-2.300728321075439453e+00
-4.555731773376464844e+00
-9.126282691955566406e+00
-2.574133453890681267e-03
-1.552177309989929199e+00
-2.770657062530517578e+00
-1.838834285736083984e+00
-6.184314727783203125e+00
-3.197208642959594727e+00
-2.448856115341186523e+00
-9.267892837524414062e-01
-2.848858833312988281e+00
-1.404902696609497070e+00
-1.487580776214599609e+00
-1.391475796699523926e+00
-2.943419456481933594e+00
-7.524329423904418945e-01
-5.356712818145751953e+00
-1.879904985427856445e+00
-1.263725566864013672e+01
-7.609659433364868164e-01
4.952728881835937500e+02
3.454269409179687500e+02
5.332657623291015625e+01
2.437598419189453125e+02
1.408771057128906250e+02
1.171656860351562500e+03
3.627731933593750000e+02
6.950902099609375000e+02
1.219608535766601562e+02
1.315800903320312500e+03
1.212492797851562500e+03
4.118698425292968750e+02
4.302234191894531250e+02
1.302070434570312500e+03
1.128122329711914062e+01
2.839534301757812500e+02
5.873924560546875000e+02
4.799565124511718750e+01
5.599228515625000000e+02
1.991947875976562500e+03
6.472357788085937500e+02
7.482778320312500000e+02
1.294238037109375000e+03
4.697309875488281250e+02
1.380498504638671875e+02
5.344695568084716797e+00
1.769612731933593750e+02
4.165571594238281250e+01
6.881586303710937500e+02
1.700473022460937500e+01
2.386463470458984375e+02
2.435738983154296875e+02
-1.947740674018859863e+00
-2.298137664794921875e+00
-7.785810530185699463e-02
4.085337221622467041e-01
-1.160889148712158203e+00
-2.467391967773437500e+00
1.403664611279964447e-02
1.455410957336425781e+00
1.601599305868148804e-01
-1.827092885971069336e+00
-5.573875427246093750e+00
-1.930496811866760254e+00
1.589368581771850586e-01
-5.290023803710937500e+00
-3.152161370962858200e-03
-1.510214686393737793e+00
-1.082826495170593262e+00
2.899914085865020752e-01
-7.245834469795227051e-01
-3.009930849075317383e+00
-3.527568578720092773e+00
-7.123728752136230469e+00
-1.778499722480773926e+00
-3.584429264068603516e+00
3.561164736747741699e-01
9.052511304616928101e-03
-3.876973867416381836e+00
-2.461860179901123047e-01
6.893942952156066895e-01
-4.988297354429960251e-03
1.592629909515380859e+00
-7.591174244880676270e-01
3.789055633544921875e+01
2.018735694885253906e+01
4.022747993469238281e+00
1.549370193481445312e+01
9.275037765502929688e+00
1.154112014770507812e+02
1.610084152221679688e+01
6.501240539550781250e+01
7.350965023040771484e+00
6.746126556396484375e+01
7.684984588623046875e+01
2.530123710632324219e+01
2.800154113769531250e+01
1.136219711303710938e+02
1.358364701271057129e+00
1.963098144531250000e+01
3.031634712219238281e+01
2.602537870407104492e+00
6.123248291015625000e+01
1.372668304443359375e+02
3.544092941284179688e+01
6.140685653686523438e+01
8.971953582763671875e+01
2.724715423583984375e+01
8.410840988159179688e+00
6.471349596977233887e-01
5.650595664978027344e+00
4.118836879730224609e+00
5.851910781860351562e+01
1.219489932060241699e+00
1.445889472961425781e+01
1.166255092620849609e+01
4.428789138793945312e+01
2.800689125061035156e+01
8.689192771911621094e+00
5.359797668457031250e+01
1.699577140808105469e+01
8.742192077636718750e+01
3.232913208007812500e+01
1.285952606201171875e+02
1.421153354644775391e+01
1.502452087402343750e+02
1.431751861572265625e+02
5.053197479248046875e+01
5.695490264892578125e+01
1.299260253906250000e+02
6.089192628860473633e-01
3.629501342773437500e+01
5.469365310668945312e+01
9.746780395507812500e+00
7.087580108642578125e+01
1.762969665527343750e+02
6.605110168457031250e+01
9.604521179199218750e+01
9.208271026611328125e+01
3.897219467163085938e+01
2.278517532348632812e+01
2.753545999526977539e+00
2.854638290405273438e+01
6.554684162139892578e+00
9.390929412841796875e+01
5.593314170837402344e+00
5.051679611206054688e+01
2.276120758056640625e+01
5.288646370172500610e-02
1.088827401399612427e-01
6.432791240513324738e-03
4.960592836141586304e-02
-2.624486573040485382e-02
3.414715826511383057e-01
1.962135173380374908e-02
1.664387583732604980e-01
2.652207948267459869e-02
2.015798166394233704e-02
7.855978608131408691e-02
3.415182232856750488e-02
6.237297877669334412e-02
1.819946765899658203e-01
1.082342863082885742e-02
4.177146404981613159e-02
4.517799615859985352e-02
4.910564981400966644e-03
7.029134780168533325e-02
3.435952663421630859e-01
7.032821327447891235e-02
1.026320680975914001e-01
3.287054002285003662e-01
5.555124953389167786e-02
1.094101089984178543e-02
0.000000000000000000e+00
2.095795702189207077e-03
5.282394587993621826e-03
1.454969942569732666e-01
1.353748980909585953e-02
4.322474822402000427e-02
3.066201508045196533e-02
1.516559600830078125e+02
9.241256713867187500e+01
1.174639415740966797e+01
6.061364364624023438e+01
3.693037414550781250e+01
3.710122680664062500e+02
6.526138305664062500e+01
1.573771514892578125e+02
3.076352500915527344e+01
3.098674316406250000e+02
3.496688232421875000e+02
1.120256042480468750e+02
1.018438415527343750e+02
3.491588745117187500e+02
4.974283695220947266e+00
7.776234436035156250e+01
1.437173004150390625e+02
5.371539592742919922e+00
1.622617645263671875e+02
5.379524536132812500e+02
1.686669006347656250e+02
2.315898132324218750e+02
3.228734741210937500e+02
1.279296493530273438e+02
3.106867218017578125e+01
9.595306962728500366e-02
5.307841491699218750e+01
1.084045028686523438e+01
1.817853698730468750e+02
3.357704579830169678e-01
1.257188701629638672e+01
6.428945922851562500e+01
2.454515838623046875e+02
1.713218841552734375e+02
3.012611961364746094e+01
1.713181610107421875e+02
6.758993530273437500e+01
5.354699707031250000e+02
1.535486602783203125e+02
3.589555358886718750e+02
5.623514556884765625e+01
6.687861938476562500e+02
6.706322021484375000e+02
2.226013946533203125e+02
2.132986602783203125e+02
5.992868041992187500e+02
5.712546825408935547e+00
1.622385559082031250e+02
2.548160400390625000e+02
1.988309288024902344e+01
2.965983581542968750e+02
9.282078857421875000e+02
2.995574645996093750e+02
4.221016540527343750e+02
5.110548095703125000e+02
2.427163543701171875e+02
7.524524688720703125e+01
5.051363945007324219e+00
1.265395202636718750e+02
2.265369987487792969e+01
3.498389892578125000e+02
8.402874946594238281e+00
9.412226104736328125e+01
1.204663543701171875e+02
1.125173797607421875e+02
6.681132507324218750e+01
1.370378303527832031e+01
4.889419555664062500e+01
2.633283615112304688e+01
2.290607910156250000e+02
5.013347244262695312e+01
1.667645721435546875e+02
2.837202072143554688e+01
2.170785675048828125e+02
2.864887695312500000e+02
1.113442535400390625e+02
9.652816009521484375e+01
3.631902770996093750e+02
2.383472681045532227e+00
7.353393554687500000e+01
1.214103012084960938e+02
1.044756603240966797e+01
1.060395355224609375e+02
4.317345886230468750e+02
1.610252838134765625e+02
2.286131439208984375e+02
2.430216827392578125e+02
1.030495605468750000e+02
3.045740318298339844e+01
2.152906417846679688e+00
4.501797103881835938e+01
7.772543430328369141e+00
1.465401000976562500e+02
6.295949935913085938e+00
6.100252532958984375e+01
6.005435943603515625e+01
-2.519487380981445312e+01
-3.114687728881835938e+01
-1.911654472351074219e+00
-2.156403732299804688e+01
-6.066687583923339844e+00
-5.331620025634765625e+01
-8.941357612609863281e+00
-3.783896255493164062e+01
-4.455116271972656250e+00
-7.607110595703125000e+01
-6.932572174072265625e+01
-2.163582611083984375e+01
-1.659824943542480469e+01
-3.957609176635742188e+01
-9.684368968009948730e-01
-1.236792755126953125e+01
-2.029099082946777344e+01
-1.815041065216064453e+00
-2.815825080871582031e+01
-6.650054168701171875e+01
-3.045805358886718750e+01
-4.154315948486328125e+01
-4.828459930419921875e+01
-3.515537261962890625e+01
-8.543389320373535156e+00
-2.181556820869445801e-01
-1.928304481506347656e+01
-2.940478086471557617e+00
-2.290454483032226562e+01
-1.285470962524414062e+00
-3.452849149703979492e+00
-1.023013496398925781e+01
1.019895935058593750e+01
8.195184707641601562e+00
1.219089746475219727e+00
4.238046646118164062e+00
2.277981996536254883e+00
3.091316795349121094e+01
3.279732465744018555e+00
1.367749118804931641e+01
3.400894880294799805e+00
2.216612625122070312e+01
2.810915565490722656e+01
8.631324768066406250e+00
8.167883872985839844e+00
2.016672897338867188e+01
3.735735416412353516e-01
6.788482666015625000e+00
1.247059535980224609e+01
1.092873692512512207e+00
1.417859745025634766e+01
3.975406265258789062e+01
1.526058959960937500e+01
1.958535766601562500e+01
2.826128196716308594e+01
1.107456016540527344e+01
2.184060811996459961e+00
2.510927021503448486e-01
5.314529418945312500e+00
1.391711711883544922e+00
1.577584171295166016e+01
3.585690855979919434e-01
2.532056331634521484e+00
5.868463039398193359e+00
1.022632884979248047e+01
2.578616714477539062e+01
8.395058631896972656e+00
4.243909835815429688e+01
1.266746711730957031e+01
2.734484481811523438e+01
6.023473739624023438e+00
1.105558395385742188e+02
1.207296085357666016e+01
7.323058319091796875e+01
8.262991333007812500e+01
3.166536140441894531e+01
4.063438796997070312e+01
4.362645721435546875e+01
-2.163543738424777985e-02
2.316095161437988281e+01
2.585559082031250000e+01
1.460307884216308594e+01
5.828060913085937500e+01
4.815905380249023438e+01
5.234584426879882812e+01
5.266479110717773438e+01
4.802635574340820312e+01
2.100975036621093750e+01
1.844598579406738281e+01
3.308693885803222656e+00
1.576118564605712891e+01
1.095458221435546875e+01
5.978553771972656250e+01
8.477367401123046875e+00
5.686827850341796875e+01
1.251014709472656250e+01
4.081493759155273438e+01
2.261855316162109375e+01
4.171507358551025391e+00
2.245071601867675781e+01
1.506754112243652344e+01
1.155664291381835938e+02
2.656669235229492188e+01
5.148928833007812500e+01
1.345775794982910156e+01
1.225808334350585938e+02
1.156288833618164062e+02
4.159037399291992188e+01
3.886791992187500000e+01
1.221749191284179688e+02
6.344661116600036621e-01
2.769800186157226562e+01
6.436463165283203125e+01
1.687623381614685059e+00
3.565699386596679688e+01
1.995633697509765625e+02
6.421426391601562500e+01
7.404084777832031250e+01
1.245503463745117188e+02
4.044393920898437500e+01
9.914352416992187500e+00
3.658394888043403625e-02
1.587790203094482422e+01
9.982230067253112793e-01
7.847642517089843750e+01
-1.558639556169509888e-01
1.415622615814208984e+01
2.493909263610839844e+01
-1.754644470214843750e+02
-1.541466827392578125e+02
6.912512969970703125e+01
1.955101776123046875e+02
4.140915679931640625e+01
-8.745621337890625000e+02
-3.686896514892578125e+01
2.174264907836914062e+01
6.496006774902343750e+01
5.791638793945312500e+02
-1.605186462402343750e+02
-6.550820922851562500e+01
8.168471527099609375e+01
-3.830278625488281250e+02
-1.618255496025085449e+00
4.627601623535156250e+01
1.674164428710937500e+02
1.587485046386718750e+02
-3.011792907714843750e+02
-9.562911376953125000e+02
-4.432008361816406250e+02
-3.274691772460937500e+01
-1.157838745117187500e+03
-4.205979919433593750e+02
-5.144393157958984375e+01
1.720020446777343750e+02
4.000444335937500000e+02
-4.509728622436523438e+01
-1.763121032714843750e+01
6.729428863525390625e+01
9.496071166992187500e+02
1.952916145324707031e+00
4.892815399169921875e+01
2.181704521179199219e+01
2.602643489837646484e+00
6.970259189605712891e+00
9.656242370605468750e+00
1.067983169555664062e+02
2.184962654113769531e+01
4.436000442504882812e+01
6.697546958923339844e+00
8.376677703857421875e+01
7.840867614746093750e+01
2.813770103454589844e+01
2.854623603820800781e+01
1.433411254882812500e+02
1.933111429214477539e+00
1.913510704040527344e+01
3.893205261230468750e+01
1.353515982627868652e+00
4.885534667968750000e+01
1.546279602050781250e+02
4.216023635864257812e+01
5.990399551391601562e+01
9.122760772705078125e+01
2.916910934448242188e+01
6.326440811157226562e+00
4.703436493873596191e-01
1.082010364532470703e+01
2.915573120117187500e+00
5.376692581176757812e+01
-3.121143579483032227e-02
1.651312828063964844e+01
1.598238182067871094e+01
2.037082481384277344e+01
2.836925125122070312e+01
1.043045425415039062e+01
4.389853668212890625e+01
1.591261577606201172e+01
9.143663024902343750e+01
1.775930023193359375e+01
1.088097686767578125e+02
1.333833408355712891e+01
9.542389678955078125e+01
1.121146926879882812e+02
4.234824752807617188e+01
5.405413436889648438e+01
9.327008056640625000e+01
1.523624777793884277e+00
2.930418968200683594e+01
4.321466827392578125e+01
1.232912826538085938e+01
7.507874298095703125e+01
1.173710479736328125e+02
6.852480316162109375e+01
7.707004547119140625e+01
7.449508666992187500e+01
4.715997695922851562e+01
2.310634231567382812e+01
3.165241956710815430e+00
2.657084274291992188e+01
9.507412910461425781e+00
8.539837646484375000e+01
6.563445568084716797e+00
5.738039779663085938e+01
2.112881851196289062e+01
1.927506256103515625e+01
1.377666950225830078e+01
2.172071456909179688e+00
1.140338802337646484e+01
2.577359199523925781e+00
3.572980117797851562e+01
1.670186233520507812e+01
2.530877113342285156e+01
1.848071694374084473e+00
4.954091644287109375e+01
3.626621246337890625e+01
8.172499656677246094e+00
1.065403270721435547e+01
3.879764556884765625e+01
2.524881958961486816e-01
1.018605232238769531e+01
1.052623748779296875e+01
6.960061788558959961e-01
1.652799415588378906e+01
5.598786926269531250e+01
1.283896541595458984e+01
2.319482994079589844e+01
2.872856521606445312e+01
1.785898971557617188e+01
5.328294277191162109e+00
8.007615059614181519e-02
1.253885269165039062e+01
1.356155633926391602e+00
1.769930648803710938e+01
5.769593715667724609e-01
2.526363134384155273e+00
7.924437522888183594e+00
7.941146240234375000e+02
7.464027099609375000e+02
1.713027954101562500e+02
9.073345336914062500e+02
3.232551574707031250e+02
2.270147460937500000e+03
6.239996337890625000e+02
2.170322753906250000e+03
2.693694152832031250e+02
2.758875244140625000e+03
2.900312988281250000e+03
1.001964233398437500e+03
1.035022338867187500e+03
2.363333496093750000e+03
2.424077415466308594e+01
7.099812622070312500e+02
1.078266357421875000e+03
1.493710479736328125e+02
1.380585815429687500e+03
3.813871337890625000e+03
1.401780639648437500e+03
1.901182250976562500e+03
2.058359863281250000e+03
1.067402099609375000e+03
4.219750061035156250e+02
1.353274536132812500e+01
5.738566894531250000e+02
1.315123748779296875e+02
1.713515136718750000e+03
1.092020950317382812e+02
5.677390747070312500e+02
5.140654907226562500e+02
-3.742966413497924805e+00
-6.885041236877441406e+00
3.647011518478393555e-01
1.266701698303222656e+00
1.501861333847045898e+00
-4.957532882690429688e+00
-3.394307851791381836e+00
-3.114332675933837891e+00
7.199505567550659180e-01
-8.942423820495605469e+00
-2.796969413757324219e+00
-2.049786329269409180e+00
-1.883509874343872070e+00
-9.916459083557128906e+00
-8.255665190517902374e-03
-8.293767571449279785e-01
-5.624313950538635254e-01
8.169198632240295410e-01
-6.113846778869628906e+00
-1.453007888793945312e+01
-2.330049753189086914e+00
-3.196230173110961914e+00
-7.713760852813720703e+00
-6.120298862457275391e+00
1.230192556977272034e-01
2.374238669872283936e-01
-3.119727849960327148e+00
-1.950870603322982788e-01
-2.195485353469848633e+00
6.129950284957885742e-01
5.218926906585693359e+00
-1.161264181137084961e+00
8.599831390380859375e+01
4.700963973999023438e+01
1.011059284210205078e+01
5.128026962280273438e+01
1.583428573608398438e+01
1.793868255615234375e+02
6.350576400756835938e+01
1.581095275878906250e+02
1.790090560913085938e+01
2.068558807373046875e+02
1.627708435058593750e+02
6.002951431274414062e+01
7.706693267822265625e+01
2.023227539062500000e+02
3.081631898880004883e+00
4.810658264160156250e+01
6.930310821533203125e+01
1.394146537780761719e+01
1.148552780151367188e+02
2.666499328613281250e+02
7.585803222656250000e+01
9.390360260009765625e+01
1.482030639648437500e+02
6.775455474853515625e+01
2.629852485656738281e+01
3.669129848480224609e+00
4.044327163696289062e+01
1.268993186950683594e+01
1.228461685180664062e+02
5.672394275665283203e+00
6.462042999267578125e+01
3.275316619873046875e+01
1.463414764404296875e+02
1.029085159301757812e+02
1.935364913940429688e+01
1.121671829223632812e+02
4.409872436523437500e+01
3.045711059570312500e+02
9.021565246582031250e+01
2.696778259277343750e+02
3.824511718750000000e+01
4.145949096679687500e+02
3.992757263183593750e+02
1.417159423828125000e+02
1.435767822265625000e+02
4.080762939453125000e+02
3.049442052841186523e+00
9.799060821533203125e+01
1.664904174804687500e+02
1.993892860412597656e+01
1.938470916748046875e+02
5.458956298828125000e+02
1.855094757080078125e+02
2.509783782958984375e+02
3.010059204101562500e+02
1.398556823730468750e+02
4.971551895141601562e+01
5.765885353088378906e+00
7.238867950439453125e+01
1.593902301788330078e+01
2.230968322753906250e+02
9.452365875244140625e+00
1.045096206665039062e+02
7.133533477783203125e+01
4.476930236816406250e+01
1.682749557495117188e+01
3.184753417968750000e+00
1.941420745849609375e+01
1.156404590606689453e+01
8.271054077148437500e+01
1.625673294067382812e+01
3.427414321899414062e+01
9.057621955871582031e+00
7.763919830322265625e+01
1.006128463745117188e+02
3.109313011169433594e+01
2.541819000244140625e+01
7.881012725830078125e+01
9.774914383888244629e-01
2.358211326599121094e+01
3.695916366577148438e+01
1.542597770690917969e+00
4.567358016967773438e+01
1.374358215332031250e+02
6.024780654907226562e+01
7.829549407958984375e+01
9.235386657714843750e+01
2.861534309387207031e+01
4.707876205444335938e+00
3.373886644840240479e-01
1.403331756591796875e+01
1.964547157287597656e+00
4.237384033203125000e+01
-5.040465593338012695e-01
1.580487608909606934e+00
1.641501808166503906e+01
1.278400421142578125e+01
6.049106121063232422e+00
8.613037467002868652e-01
6.525472998619079590e-01
1.573101878166198730e+00
2.434283256530761719e+01
5.727365970611572266e+00
1.898371505737304688e+01
1.022047996520996094e+00
2.542731475830078125e+01
9.469093322753906250e+00
6.660777568817138672e+00
1.030767822265625000e+01
6.406240081787109375e+01
6.127427816390991211e-01
4.289258480072021484e+00
9.964127540588378906e+00
1.249420285224914551e+00
1.546905136108398438e+01
3.892139053344726562e+01
7.523183345794677734e+00
6.575257778167724609e+00
2.410844612121582031e+01
7.674835681915283203e+00
2.181781053543090820e+00
1.186564087867736816e+00
1.841076970100402832e+00
1.144142389297485352e+00
1.551623630523681641e+01
4.655565619468688965e-01
1.749148750305175781e+01
4.095730781555175781e+00
