1.587369628906250000e+03
1.858999511718750000e+03
2.069620849609375000e+03
1.645989379882812500e+03
2.124870117187500000e+03
2.426656005859375000e+03
1.807318481445312500e+03
2.323470458984375000e+03
2.345520996093750000e+03
5.121382522583007812e+01
4.140224456787109375e+01
4.849566268920898438e+01
5.603590774536132812e+01
5.575878906250000000e+01
4.623280334472656250e+01
5.867521286010742188e+01
5.255692291259765625e+01
4.441324996948242188e+01
1.088429394531250000e+04
1.120374414062500000e+04
1.029206640625000000e+04
1.181018945312500000e+04
1.143925097656250000e+04
1.037338476562500000e+04
1.050170703125000000e+04
9.876126953125000000e+03
9.250740234375000000e+03
1.421906501054763794e-01
2.263323545455932617e+00
1.827134490013122559e+00
1.726405136287212372e-02
-2.918246388435363770e-01
7.579407095909118652e-01
-3.235850483179092407e-02
1.106579422950744629e+00
-1.973099708557128906e-01
5.117546997070312500e+02
5.060771484375000000e+02
7.114465332031250000e+02
6.339906616210937500e+02
6.021499023437500000e+02
8.812280883789062500e+02
6.924184570312500000e+02
7.476015014648437500e+02
1.024535522460937500e+03
6.058002471923828125e+01
4.105139541625976562e+01
1.027382278442382812e+01
7.517099761962890625e+01
4.328750610351562500e+01
2.932960700988769531e+01
1.378259429931640625e+02
8.277933502197265625e+01
9.780348205566406250e+01
2.163922309875488281e+01
1.665917396545410156e+01
1.122593593597412109e+01
1.995493316650390625e+01
8.921913146972656250e+00
7.881189823150634766e+00
1.276397895812988281e+01
2.437304019927978516e+00
1.089499473571777344e+01
9.315132812500000000e+03
8.753628906250000000e+03
8.926093750000000000e+03
9.846071289062500000e+03
9.291213867187500000e+03
9.939839843750000000e+03
9.900290039062500000e+03
9.562619140625000000e+03
1.035341503906250000e+04
1.268784523010253906e+01
5.247794628143310547e+00
6.358286857604980469e+00
6.275691032409667969e+00
1.073222541809082031e+01
4.492026805877685547e+00
2.065504264831542969e+01
1.541634464263916016e+01
1.312577438354492188e+01
1.457807350158691406e+01
9.396293640136718750e+00
2.884203910827636719e+01
-1.665002465248107910e+00
-4.942736625671386719e+00
1.432667064666748047e+01
1.788985633850097656e+01
1.732011985778808594e+01
2.498594665527343750e+01
3.998813629150390625e+00
3.380641222000122070e+00
4.309719562530517578e+00
4.322839736938476562e+00
3.461272239685058594e+00
4.637418270111083984e+00
4.216977119445800781e+00
4.550362586975097656e+00
5.253020763397216797e+00
4.050501953125000000e+03
4.046929443359375000e+03
4.176185546875000000e+03
4.047085937500000000e+03
4.027573242187500000e+03
4.283547851562500000e+03
3.845619140625000000e+03
3.562907714843750000e+03
3.611701660156250000e+03
5.634608078002929688e+01
1.601166534423828125e+02
1.163378982543945312e+02
7.038384246826171875e+01
1.673275299072265625e+02
8.963626861572265625e+01
1.207818298339843750e+02
1.756620330810546875e+02
1.264243545532226562e+02
1.061706298828125000e+03
1.276414428710937500e+03
8.475545043945312500e+02
1.425684936523437500e+03
1.564509887695312500e+03
7.223549194335937500e+02
1.809960693359375000e+03
1.616734008789062500e+03
9.548126831054687500e+02
2.937534912109375000e+03
3.078495605468750000e+03
2.868589843750000000e+03
3.074514892578125000e+03
3.250701171875000000e+03
3.027878906250000000e+03
3.089032226562500000e+03
3.214363525390625000e+03
3.020273193359375000e+03
4.065443038940429688e+01
3.471652603149414062e+01
3.955031967163085938e+01
3.842325973510742188e+01
3.412213134765625000e+01
4.212635421752929688e+01
3.611450958251953125e+01
3.299336624145507812e+01
4.075200653076171875e+01
1.497563481330871582e+00
1.016512107849121094e+01
1.997061538696289062e+01
-4.474252700805664062e+00
2.953566932678222656e+01
4.067600631713867188e+01
-3.408655929565429688e+01
-5.285694122314453125e+00
4.598957061767578125e+01
-1.044764041900634766e+00
7.729454517364501953e+00
1.833924055099487305e+00
-4.528433680534362793e-01
5.677032470703125000e+00
7.152568101882934570e-01
-5.767244100570678711e-01
5.937660694122314453e+00
-2.710385322570800781e-01
-1.205623931884765625e+02
3.303076782226562500e+02
6.621463012695312500e+02
2.152601470947265625e+02
6.635080566406250000e+02
8.108082275390625000e+02
3.554136047363281250e+02
6.857038574218750000e+02
6.536343383789062500e+02
2.387615293264389038e-01
1.640843152999877930e-01
9.335610270500183105e-02
-1.112765818834304810e-01
-1.513827592134475708e-01
8.024020493030548096e-02
1.836181990802288055e-02
3.733314201235771179e-02
-7.168005406856536865e-02
-3.767474365234375000e+01
-1.908494567871093750e+01
-8.329336166381835938e+00
-6.373635101318359375e+01
-2.516532707214355469e+01
-2.572921562194824219e+01
-5.913751220703125000e+01
-1.743017768859863281e+01
-8.493927001953125000e+00
1.124313449859619141e+01
3.267189788818359375e+01
5.570240497589111328e+00
9.904218673706054688e+00
2.047197914123535156e+01
4.131772518157958984e+00
1.688028717041015625e+01
2.140205192565917969e+01
3.324024081230163574e-01
-3.450907945632934570e+00
2.149530220031738281e+01
3.922108411788940430e+00
-3.531127929687500000e+00
2.328350257873535156e+01
3.500175237655639648e+00
-4.869822025299072266e+00
1.622496032714843750e+01
3.011089801788330078e+00
-8.649445343017578125e+01
-1.308893737792968750e+02
4.842974090576171875e+01
5.704596710205078125e+01
7.212262725830078125e+01
2.666585388183593750e+02
2.282796173095703125e+02
2.484383087158203125e+02
4.107176208496093750e+02
-3.880345582962036133e+00
3.876769304275512695e+00
-1.194267988204956055e+00
-3.961423397064208984e+00
5.942435741424560547e+00
-5.337416529655456543e-01
-2.922558546066284180e+00
4.198674678802490234e+00
6.076163053512573242e-01
1.497476696968078613e+00
-7.720400094985961914e-01
-7.310255527496337891e+00
-3.140619993209838867e+00
-2.385870456695556641e+00
-1.002872562408447266e+01
4.842493832111358643e-01
6.895426660776138306e-02
-1.077131366729736328e+01
3.306407630443572998e-01
-4.646524488925933838e-01
-1.067860051989555359e-01
-6.408615410327911377e-02
-8.038797974586486816e-01
-4.388132393360137939e-01
-4.549523070454597473e-02
-4.717408716678619385e-01
-1.999425292015075684e-01
1.102589797973632812e+02
2.100774192810058594e+01
2.132604064941406250e+02
1.188347625732421875e+02
7.003002929687500000e+01
2.326607818603515625e+02
1.635735473632812500e+02
1.204157562255859375e+02
2.342656402587890625e+02
-6.641435623168945312e+00
4.449110031127929688e+00
8.857490539550781250e+00
-1.728236198425292969e+01
-4.451708793640136719e+00
-7.886205196380615234e+00
-1.198442173004150391e+01
-1.421118617057800293e+00
-1.760773420333862305e+00
-1.068235549926757812e+02
-1.283634948730468750e+02
-1.169013290405273438e+02
-7.382289123535156250e+01
-1.080045166015625000e+02
-9.898816680908203125e+01
-7.709020996093750000e+01
-7.912373352050781250e+01
-1.010412139892578125e+02
5.133157730102539062e+00
1.958503913879394531e+01
6.966407012939453125e+01
8.658422470092773438e+00
4.841352462768554688e+01
9.215074157714843750e+01
3.183117294311523438e+01
6.309505844116210938e+01
8.781437683105468750e+01
7.104615569114685059e-01
9.163128733634948730e-01
8.438351750373840332e-01
-1.779182255268096924e-01
-3.462299704551696777e-01
-3.899721503257751465e-01
-2.669480443000793457e-01
-9.576587080955505371e-01
-3.394373878836631775e-02
1.426309394836425781e+01
2.703643035888671875e+01
5.604054641723632812e+01
6.346385955810546875e+01
8.133316802978515625e+01
1.135509719848632812e+02
6.925712585449218750e+01
9.265227508544921875e+01
1.229832534790039062e+02
-5.459507107734680176e-01
4.966471672058105469e+00
9.142960906028747559e-01
-9.056373238563537598e-01
6.517103672027587891e+00
-6.675188988447189331e-02
-1.998087465763092041e-01
5.074032783508300781e+00
3.312216699123382568e-02
6.852712402343750000e+02
7.254286499023437500e+02
6.123943481445312500e+02
7.917679443359375000e+02
7.928412475585937500e+02
6.607158203125000000e+02
8.893237304687500000e+02
8.455059204101562500e+02
7.467481689453125000e+02
3.635626658797264099e-02
8.330158889293670654e-02
1.711414903402328491e-01
1.442477200180292130e-02
1.628613770008087158e-01
1.878398954868316650e-01
-7.075271755456924438e-02
1.011816933751106262e-01
1.878006011247634888e-01
7.972382545471191406e+00
1.186445903778076172e+01
4.487569046020507812e+01
1.899077033996582031e+01
1.833382034301757812e+01
5.465203475952148438e+01
4.680714416503906250e+01
2.195520782470703125e+01
7.346469116210937500e+01
3.261898279190063477e+00
8.049244880676269531e+00
-1.047975182533264160e+00
8.820428848266601562e+00
1.079831314086914062e+01
-2.311335563659667969e+00
3.700308799743652344e+00
6.470235347747802734e+00
3.644120693206787109e+00
-6.405423581600189209e-02
2.939217090606689453e+00
-3.579114973545074463e-01
-3.206976503133773804e-02
3.622800350189208984e+00
8.404816389083862305e-01
-7.222736477851867676e-01
1.102575898170471191e+00
-1.872291266918182373e-01
1.439221038818359375e+02
1.096144027709960938e+02
1.577366333007812500e+02
3.437320251464843750e+02
3.012818603515625000e+02
3.549976196289062500e+02
5.291442871093750000e+02
4.767970275878906250e+02
5.526103515625000000e+02
1.232048749923706055e+00
2.644020080566406250e+00
6.745020747184753418e-01
2.137294292449951172e+00
1.610310196876525879e+00
3.360062539577484131e-01
1.601214051246643066e+00
2.362047910690307617e+00
4.628997296094894409e-03
1.474392890930175781e+00
-2.921774148941040039e+00
4.397915601730346680e-01
2.372040748596191406e+00
1.622205376625061035e+00
5.165405750274658203e+00
9.206417798995971680e-01
-1.166040778160095215e+00
2.121528148651123047e+00
-6.275773048400878906e-02
-9.899293631315231323e-02
1.661639362573623657e-01
-1.681798249483108521e-01
-2.082576751708984375e-01
1.502522379159927368e-01
-1.628375351428985596e-01
-1.873815804719924927e-01
1.126696914434432983e-01
2.242435073852539062e+01
3.904109954833984375e+01
5.218957519531250000e+01
8.902214050292968750e+01
9.374164581298828125e+01
1.171928787231445312e+02
1.519292297363281250e+02
1.490436553955078125e+02
1.866178741455078125e+02
3.618909835815429688e+00
6.288571834564208984e+00
8.995229721069335938e+00
1.197456836700439453e+01
1.546648120880126953e+01
1.435054111480712891e+01
4.442842006683349609e+00
9.146549224853515625e+00
1.000964832305908203e+01
-1.531971740722656250e+01
-1.511673450469970703e+01
-1.748180866241455078e+00
-5.791462898254394531e+00
1.516949081420898438e+01
7.861313819885253906e+00
2.759630393981933594e+01
4.937321090698242188e+01
3.651235961914062500e+01
1.086113281250000000e+02
1.184932250976562500e+02
1.180149612426757812e+02
1.900899810791015625e+02
2.034819183349609375e+02
1.979287414550781250e+02
1.669860076904296875e+02
1.725595092773437500e+02
1.681831512451171875e+02
1.194977879524230957e+00
9.843211770057678223e-01
1.065030932426452637e+00
2.180570363998413086e+00
1.945182800292968750e+00
2.114211320877075195e+00
1.546417713165283203e+00
1.129477977752685547e+00
1.573140859603881836e+00
2.221025634765625000e+03
6.260028320312500000e+03
6.901832519531250000e+03
4.133090820312500000e+03
8.617081054687500000e+03
8.025048828125000000e+03
5.140048339843750000e+03
7.528164550781250000e+03
5.532379882812500000e+03
1.247556762695312500e+02
1.171851043701171875e+02
-1.091406707763671875e+02
2.892664146423339844e+01
-1.063503036499023438e+02
-2.219983367919921875e+02
3.358946609497070312e+01
2.651918029785156250e+01
-1.376951293945312500e+02
4.304936328125000000e+04
3.677931640625000000e+04
1.886116601562500000e+04
3.059060351562500000e+04
1.857402929687500000e+04
8.789669189453125000e+02
1.171957324218750000e+04
4.592162597656250000e+03
-4.443102539062500000e+03
1.973225951194763184e+00
6.131536483764648438e+00
3.655673265457153320e+00
6.210548400878906250e+00
5.327962875366210938e+00
1.722544074058532715e+00
2.541072070598602295e-01
5.141935348510742188e+00
3.634079694747924805e+00
1.959878662109375000e+03
2.104505859375000000e+03
3.190260986328125000e+03
2.922247558593750000e+03
2.443683593750000000e+03
2.601140136718750000e+03
2.414824707031250000e+03
1.184176025390625000e+03
1.465741943359375000e+03
1.098874206542968750e+02
-1.670319175720214844e+01
-6.603153228759765625e+01
1.345573272705078125e+02
6.839791870117187500e+01
-5.836622619628906250e+01
1.396129913330078125e+02
-9.413119316101074219e+00
-7.314699172973632812e+00
-1.367871093750000000e+02
-1.757443389892578125e+02
-3.401472091674804688e+01
-1.607730255126953125e+02
-1.501694793701171875e+02
-6.374853897094726562e+01
-1.851338043212890625e+02
-1.566929168701171875e+02
-7.762411594390869141e+00
1.882040234375000000e+04
1.629178515625000000e+04
1.733516406250000000e+04
2.534621484375000000e+04
2.296793359375000000e+04
2.305243164062500000e+04
2.236453515625000000e+04
2.027682031250000000e+04
2.135097656250000000e+04
-1.562342529296875000e+02
1.096235275268554688e+02
-1.135235595703125000e+01
-8.415638732910156250e+01
1.308187561035156250e+02
-2.458959960937500000e+01
-1.149801635742187500e+02
1.453945159912109375e+02
-3.004370689392089844e+01
8.341158294677734375e+01
1.882417907714843750e+02
3.408501586914062500e+02
-1.813627243041992188e+01
6.736247253417968750e+01
2.483036041259765625e+02
5.080616378784179688e+01
1.218010177612304688e+02
3.085748291015625000e+02
-8.750101089477539062e+00
-8.867310523986816406e+00
-1.126893138885498047e+01
-1.317330074310302734e+01
-4.216205120086669922e+00
-1.258913326263427734e+01
-1.210328769683837891e+01
1.105257272720336914e+00
-6.630210399627685547e+00
1.248728222656250000e+04
1.046551269531250000e+04
8.852564453125000000e+03
1.042218554687500000e+04
6.846144531250000000e+03
5.362510742187500000e+03
6.594979492187500000e+03
3.951806640625000000e+03
2.822914062500000000e+03
-1.344865417480468750e+02
3.139059448242187500e+02
1.448853454589843750e+02
-2.310100402832031250e+02
3.499349212646484375e+01
-3.262901916503906250e+02
3.495717468261718750e+02
6.145290527343750000e+02
-2.818441390991210938e+01
3.572237060546875000e+03
3.549963378906250000e+03
2.337888916015625000e+03
5.831910156250000000e+03
3.370316650390625000e+03
8.961338500976562500e+02
4.932030273437500000e+03
3.614720458984375000e+03
2.831491210937500000e+03
7.842872558593750000e+03
8.703253906250000000e+03
7.558442382812500000e+03
8.282874023437500000e+03
8.593721679687500000e+03
7.121298828125000000e+03
6.688500000000000000e+03
6.384965332031250000e+03
5.219887207031250000e+03
7.915454864501953125e+01
3.071824455261230469e+01
4.687393951416015625e+01
4.956866455078125000e+01
2.327927970886230469e+01
5.658613204956054688e+01
4.854076004028320312e+01
3.033067131042480469e+01
7.094921112060546875e+01
3.748584899902343750e+02
4.375009460449218750e+02
4.647398986816406250e+02
4.181939392089843750e+02
4.466486511230468750e+02
4.572279052734375000e+02
4.006195373535156250e+02
4.131988220214843750e+02
4.083374328613281250e+02
2.648061943054199219e+01
2.997538948059082031e+01
2.113885879516601562e+01
2.646457672119140625e+01
3.204030990600585938e+01
2.364704322814941406e+01
2.835002708435058594e+01
3.562654113769531250e+01
2.624465179443359375e+01
2.749058593750000000e+03
2.786122314453125000e+03
2.826730957031250000e+03
2.688264160156250000e+03
2.800917236328125000e+03
2.970033691406250000e+03
2.749337646484375000e+03
2.965220458984375000e+03
3.233743652343750000e+03
7.019644230604171753e-02
8.466424047946929932e-02
1.258365213871002197e-01
1.838983893394470215e-01
2.771739363670349121e-01
4.245080947875976562e-01
-5.888918880373239517e-03
7.713994383811950684e-02
7.712057232856750488e-02
1.832796020507812500e+02
1.936146240234375000e+02
1.995777130126953125e+02
2.054362945556640625e+02
2.045655670166015625e+02
2.102176361083984375e+02
1.926268615722656250e+02
1.839149475097656250e+02
1.988694610595703125e+02
2.454191780090332031e+01
3.003505897521972656e+01
2.165432739257812500e+01
2.415882110595703125e+01
3.934873199462890625e+01
2.702795600891113281e+01
2.387707328796386719e+01
3.908125305175781250e+01
3.145973014831542969e+01
7.408350944519042969e+00
1.422808551788330078e+01
8.011839866638183594e+00
8.319034576416015625e+00
1.526369476318359375e+01
7.657555580139160156e+00
9.417864799499511719e+00
1.905780410766601562e+01
6.473206520080566406e+00
2.300788085937500000e+03
2.391417968750000000e+03
2.586583984375000000e+03
2.348384033203125000e+03
2.427263183593750000e+03
2.655057861328125000e+03
2.393826416015625000e+03
2.447689208984375000e+03
2.678599853515625000e+03
1.031971836090087891e+01
1.366432762145996094e+01
5.604391574859619141e+00
1.234003257751464844e+01
1.536620616912841797e+01
6.921061515808105469e+00
1.246254444122314453e+01
1.690195465087890625e+01
7.642762660980224609e+00
3.637365341186523438e+00
5.541145324707031250e+00
1.033222293853759766e+01
4.757502079010009766e+00
5.308884620666503906e+00
1.189016437530517578e+01
1.393535375595092773e+00
1.018901824951171875e+00
7.836552619934082031e+00
1.229110956192016602e+00
1.310994744300842285e+00
1.271997809410095215e+00
1.596639871597290039e+00
1.671213626861572266e+00
1.748810052871704102e+00
1.823006272315979004e+00
1.940806031227111816e+00
2.101447582244873047e+00
7.541095581054687500e+02
7.530045776367187500e+02
7.674949340820312500e+02
7.263651123046875000e+02
7.475515747070312500e+02
7.588423461914062500e+02
6.996181640625000000e+02
7.513341064453125000e+02
7.611508789062500000e+02
5.342650985717773438e+01
5.967511367797851562e+01
3.918990707397460938e+01
5.612565612792968750e+01
6.046116256713867188e+01
4.167102050781250000e+01
4.711551666259765625e+01
4.758687591552734375e+01
3.178591346740722656e+01
4.870020751953125000e+02
4.917996215820312500e+02
4.600873413085937500e+02
4.817342224121093750e+02
4.711618652343750000e+02
4.764875488281250000e+02
4.686827392578125000e+02
4.908252868652343750e+02
5.280919189453125000e+02
7.934528198242187500e+02
8.236157836914062500e+02
8.357731323242187500e+02
8.180077514648437500e+02
8.506017456054687500e+02
8.746079101562500000e+02
7.636389160156250000e+02
7.939075317382812500e+02
8.307333374023437500e+02
1.577965736389160156e+01
1.631697845458984375e+01
1.774878692626953125e+01
1.686073684692382812e+01
1.739872932434082031e+01
1.871705627441406250e+01
1.643296623229980469e+01
1.688936614990234375e+01
1.766265296936035156e+01
3.727949218750000000e+02
3.743383178710937500e+02
3.616914672851562500e+02
3.536679077148437500e+02
3.303609619140625000e+02
3.164665222167968750e+02
3.513111877441406250e+02
3.110578613281250000e+02
3.224789428710937500e+02
2.279980468750000000e+01
7.391362667083740234e+00
1.062589550018310547e+01
2.330956459045410156e+01
6.783852577209472656e+00
1.317889308929443359e+01
2.209710502624511719e+01
6.270438671112060547e+00
1.238306140899658203e+01
2.113982910156250000e+03
2.014840942382812500e+03
2.016467773437500000e+03
1.827574707031250000e+03
1.804609497070312500e+03
1.882275878906250000e+03
1.584959594726562500e+03
1.672065673828125000e+03
1.818548828125000000e+03
6.710526347160339355e-02
-3.173063509166240692e-03
-3.809298202395439148e-02
-7.661685347557067871e-02
1.973889172077178955e-01
1.007116585969924927e-01
9.894672781229019165e-02
6.618981063365936279e-02
4.692212492227554321e-02
1.616570281982421875e+02
1.314111022949218750e+02
1.012509307861328125e+02
1.763307800292968750e+02
1.576730804443359375e+02
1.122474594116210938e+02
1.676103668212890625e+02
1.460028076171875000e+02
9.535595703125000000e+01
3.281419372558593750e+01
1.728660774230957031e+01
1.316136932373046875e+01
3.221758651733398438e+01
2.736671257019042969e+01
1.534598350524902344e+01
3.550052261352539062e+01
2.601074600219726562e+01
2.271101760864257812e+01
7.041451454162597656e+00
2.274049043655395508e+00
1.027269482612609863e+00
7.391739845275878906e+00
6.404205560684204102e-01
1.541100740432739258e+00
7.670393466949462891e+00
9.025822877883911133e-01
8.937334418296813965e-01
1.963884765625000000e+03
2.065491699218750000e+03
1.985554931640625000e+03
1.979165039062500000e+03
2.082964111328125000e+03
1.979340209960937500e+03
1.787579956054687500e+03
1.891120117187500000e+03
1.787420166015625000e+03
8.131443977355957031e+00
2.468525648117065430e+00
2.374195337295532227e+00
6.092568397521972656e+00
2.377197742462158203e+00
2.889191627502441406e+00
6.680778980255126953e+00
2.453581333160400391e+00
2.763853311538696289e+00
3.251419782638549805e+00
3.735469579696655273e+00
4.783332824707031250e+00
1.958305835723876953e+00
3.056099653244018555e+00
2.512914657592773438e+00
-3.047109842300415039e-01
1.682288765907287598e+00
3.665492773056030273e+00
1.221204876899719238e+00
1.477199912071228027e+00
1.528658866882324219e+00
1.601073861122131348e+00
1.823797821998596191e+00
1.918931722640991211e+00
1.481302976608276367e+00
1.630402803421020508e+00
1.700607180595397949e+00
7.554379272460937500e+02
7.537614135742187500e+02
7.763671875000000000e+02
7.758893432617187500e+02
7.875207519531250000e+02
7.940442504882812500e+02
6.891643066406250000e+02
7.296361694335937500e+02
7.325976562500000000e+02
2.671728134155273438e+01
1.237703132629394531e+01
1.226603031158447266e+01
2.839169120788574219e+01
1.466853237152099609e+01
1.186414337158203125e+01
2.927569770812988281e+01
2.021072769165039062e+01
1.345608329772949219e+01
2.718908386230468750e+02
2.829686584472656250e+02
2.784035034179687500e+02
2.691120910644531250e+02
2.694817199707031250e+02
2.874324951171875000e+02
2.558695220947265625e+02
2.743419494628906250e+02
3.038452453613281250e+02
5.927579956054687500e+02
5.888565063476562500e+02
5.765241088867187500e+02
5.652066040039062500e+02
5.401430664062500000e+02
5.355173339843750000e+02
5.331335449218750000e+02
5.246796264648437500e+02
5.241064453125000000e+02
9.381977081298828125e+00
9.365650177001953125e+00
8.557158470153808594e+00
9.278889656066894531e+00
9.644739151000976562e+00
9.238469123840332031e+00
9.687044143676757812e+00
1.008023166656494141e+01
9.277352333068847656e+00
-1.886693115234375000e+02
-2.002751922607421875e+02
-2.353361053466796875e+02
-1.377122192382812500e+02
-1.241031570434570312e+02
-1.813619384765625000e+02
-8.721746826171875000e+01
-1.432588348388671875e+02
-2.380248870849609375e+02
-1.304802703857421875e+01
-1.127955245971679688e+01
-6.377470016479492188e+00
-1.845306015014648438e+01
-1.804841613769531250e+01
-9.367427825927734375e+00
-1.985163688659667969e+01
-1.658316802978515625e+01
-7.987194061279296875e+00
-1.734447509765625000e+03
-2.513962646484375000e+03
-3.297720703125000000e+03
-2.247105224609375000e+03
-3.123909667968750000e+03
-3.808285644531250000e+03
-2.775914794921875000e+03
-3.490589111328125000e+03
-4.034260986328125000e+03
3.321094810962677002e-02
7.217115908861160278e-02
-5.103900432586669922e-01
2.872420251369476318e-01
-3.063758015632629395e-01
-6.180889904499053955e-02
-2.756308615207672119e-01
1.235579140484333038e-03
5.231913924217224121e-01
-8.809004974365234375e+01
-1.954497146606445312e+01
-3.943131637573242188e+01
-1.208056640625000000e+02
-4.655109405517578125e+01
-7.966455078125000000e+01
-1.305683593750000000e+02
-2.987660217285156250e+01
-1.209971008300781250e+02
-5.185787582397460938e+01
-5.332743072509765625e+01
-2.202447509765625000e+01
-5.748587799072265625e+01
-5.484035491943359375e+01
-4.633940124511718750e+01
-4.508287811279296875e+01
-5.402297973632812500e+01
-3.360682296752929688e+01
-2.011567306518554688e+01
-2.849680328369140625e+01
-1.005215740203857422e+01
-1.959828948974609375e+01
-2.965908432006835938e+01
-9.015235900878906250e+00
-2.522062492370605469e+01
-3.012397384643554688e+01
-6.029773712158203125e+00
-1.467944458007812500e+03
-1.669984008789062500e+03
-1.998802368164062500e+03
-1.526688598632812500e+03
-1.751307373046875000e+03
-2.120307373046875000e+03
-1.677132324218750000e+03
-1.896282104492187500e+03
-2.202937744140625000e+03
-5.826231956481933594e+00
-8.439924240112304688e+00
-2.715191364288330078e+00
-3.810084342956542969e+00
-9.373679161071777344e+00
-4.365857601165771484e+00
-1.580191850662231445e+00
-8.860325813293457031e+00
-1.966643333435058594e+00
1.362791210412979126e-01
1.093501186370849609e+01
-3.518694877624511719e+00
-5.745033740997314453e+00
5.257684707641601562e+00
-1.221753597259521484e+01
-6.718660891056060791e-02
1.308441066741943359e+01
-2.716368198394775391e+00
-1.560621619224548340e+00
-1.558511734008789062e+00
-1.379730939865112305e+00
-1.569729566574096680e+00
-2.033416748046875000e+00
-1.658096313476562500e+00
-1.821631550788879395e+00
-1.819839358329772949e+00
-1.391936302185058594e+00
-4.821466369628906250e+02
-5.840458374023437500e+02
-7.387050170898437500e+02
-6.155529785156250000e+02
-7.334805908203125000e+02
-9.047114257812500000e+02
-8.267864990234375000e+02
-9.603170166015625000e+02
-1.091677978515625000e+03
-2.331451797485351562e+01
-1.332781124114990234e+01
-1.566070747375488281e+01
-2.590978622436523438e+01
-2.447617530822753906e+01
-3.099372863769531250e+01
-6.326518654823303223e-01
-5.628619670867919922e+00
-8.520358085632324219e+00
-7.801331996917724609e+00
4.517332077026367188e+01
-4.790866470336914062e+01
-1.300617027282714844e+01
-3.101475143432617188e+01
-1.751522064208984375e+02
-2.569445419311523438e+01
2.727714538574218750e+00
-1.640803833007812500e+02
-4.324978332519531250e+02
-4.843355712890625000e+02
-5.856528930664062500e+02
-4.231428833007812500e+02
-4.958890075683593750e+02
-6.186695556640625000e+02
-3.923133239746093750e+02
-4.902120056152343750e+02
-6.109841308593750000e+02
-8.450131416320800781e+00
-8.282146453857421875e+00
-8.087662696838378906e+00
-9.187214851379394531e+00
-8.250370979309082031e+00
-8.106493949890136719e+00
-8.956475257873535156e+00
-7.784677982330322266e+00
-6.678647994995117188e+00
-2.885101699829101562e+01
-1.929364967346191406e+01
-2.257302093505859375e+01
-1.696154212951660156e+01
-4.571378231048583984e+00
-1.752701759338378906e+01
-3.446463346481323242e+00
8.172198295593261719e+00
-1.305105805397033691e+00
-6.210021972656250000e-01
-5.044163465499877930e-01
-1.512685865163803101e-01
-3.573142290115356445e-01
-6.242994964122772217e-02
1.557146571576595306e-02
-3.329476714134216309e-01
-1.262564957141876221e-01
-3.446941822767257690e-02
4.377874755859375000e+01
2.798233413696289062e+01
-9.568863868713378906e+00
6.145443344116210938e+01
4.518490982055664062e+01
2.839623832702636719e+01
7.143953704833984375e+01
9.315406036376953125e+01
9.889707183837890625e+01
3.682274743914604187e-02
-8.307399600744247437e-02
-1.911413520574569702e-01
9.206919372081756592e-02
1.091108098626136780e-01
-1.008326113224029541e-01
-2.535627596080303192e-02
1.998919621109962463e-02
-6.258725374937057495e-02
-1.178400516510009766e+00
-5.816766262054443359e+00
-3.807880401611328125e+00
7.958713173866271973e-01
-7.726394653320312500e+00
-1.329704880714416504e+00
1.161332321166992188e+01
1.392613172531127930e+00
2.309534311294555664e+00
-3.174806356430053711e+00
-6.650904655456542969e+00
-1.540967583656311035e+00
-3.092826604843139648e+00
-4.681478500366210938e+00
-5.726782083511352539e-01
-1.518618941307067871e+00
-3.251635551452636719e+00
1.186452627182006836e+00
-1.508652567863464355e+00
-1.861374855041503906e+00
-5.062766745686531067e-02
-1.632145881652832031e+00
-1.523092031478881836e+00
1.833612471818923950e-01
-7.442538738250732422e-01
-1.016823649406433105e+00
4.742565453052520752e-01
-4.525554656982421875e+01
-5.508491897583007812e+01
-4.211976242065429688e+01
-3.901015472412109375e+01
-5.846703720092773438e+01
-3.105949211120605469e+01
6.273197174072265625e+00
-4.379716396331787109e+00
2.030111312866210938e+01
-5.605588555335998535e-01
1.980169713497161865e-01
9.729762375354766846e-02
-5.377586483955383301e-01
1.732678711414337158e-02
8.985164761543273926e-02
9.065355174243450165e-03
3.688670694828033447e-01
6.980230212211608887e-01
-7.043685764074325562e-05
-1.160338521003723145e+00
-2.853175997734069824e-01
2.398502349853515625e+00
1.756831169128417969e+00
3.457032203674316406e+00
2.530047595500946045e-01
6.868967413902282715e-01
2.353629022836685181e-01
-1.530545949935913086e-01
-3.280217573046684265e-02
-1.342963576316833496e-01
-9.894080460071563721e-02
-7.507600635290145874e-02
-1.368106603622436523e-01
-2.099890634417533875e-02
9.339300915598869324e-03
-7.991915941238403320e-02
-1.017891407012939453e+01
-2.685842323303222656e+01
-3.376150512695312500e+01
-1.963647842407226562e+01
-2.660062980651855469e+01
-3.417611312866210938e+01
-1.137939548492431641e+01
-2.458465385437011719e+01
-1.554912471771240234e+01
-1.419623970985412598e+00
-1.686273068189620972e-01
-2.452386379241943359e+00
3.275222063064575195e+00
4.281569004058837891e+00
4.874653816223144531e+00
-7.262801378965377808e-02
2.191292285919189453e+00
-5.903338193893432617e-01
3.549013435840606689e-01
-6.122798442840576172e+00
-1.009920883178710938e+01
-8.835766911506652832e-01
-9.816388130187988281e+00
-1.461345481872558594e+01
-2.022120714187622070e+00
-1.723240470886230469e+01
-1.240747070312500000e+01
-5.550102233886718750e+00
-6.693043231964111328e+00
-7.383207798004150391e+00
1.432368278503417969e+01
1.585360717773437500e+01
1.544362545013427734e+01
1.688699150085449219e+01
1.846815681457519531e+01
1.960319137573242188e+01
-2.207628488540649414e-01
-3.772616684436798096e-01
-6.614561378955841064e-02
2.414033412933349609e-01
8.823894709348678589e-02
2.408353388309478760e-01
7.416811585426330566e-02
8.194461464881896973e-02
6.962890923023223877e-02
3.775628051757812500e+02
5.177664794921875000e+02
5.379992065429687500e+02
4.114050598144531250e+02
5.869617919921875000e+02
6.158564453125000000e+02
4.377348937988281250e+02
5.758654785156250000e+02
5.807083129882812500e+02
2.657272720336914062e+01
3.336819458007812500e+01
2.927269363403320312e+01
2.915053939819335938e+01
3.677523040771484375e+01
3.058917236328125000e+01
3.228074645996093750e+01
4.181944274902343750e+01
3.519034957885742188e+01
4.151178222656250000e+03
4.367820800781250000e+03
4.311059082031250000e+03
4.373610351562500000e+03
4.597657714843750000e+03
4.581775390625000000e+03
4.390979980468750000e+03
4.722685546875000000e+03
4.846046386718750000e+03
3.592172563076019287e-01
3.027868568897247314e-01
2.399755567312240601e-01
7.289689034223556519e-02
3.286917209625244141e-01
4.526600241661071777e-01
2.082170918583869934e-02
2.472239434719085693e-01
-7.428659498691558838e-02
2.175792083740234375e+02
2.171184997558593750e+02
2.057731781005859375e+02
2.507505950927734375e+02
2.471376800537109375e+02
2.000939788818359375e+02
2.961474304199218750e+02
2.902368774414062500e+02
2.797283630371093750e+02
1.864103126525878906e+01
3.182668495178222656e+01
2.523787498474121094e+01
3.128940200805664062e+01
3.845475769042968750e+01
2.888455581665039062e+01
5.043424987792968750e+01
5.834343338012695312e+01
3.616495132446289062e+01
1.221076679229736328e+01
2.151480102539062500e+01
1.237926292419433594e+01
9.297581672668457031e+00
2.066481971740722656e+01
9.661411285400390625e+00
1.034057998657226562e+01
2.152352142333984375e+01
8.370363235473632812e+00
2.628277343750000000e+03
2.752733154296875000e+03
2.947004150390625000e+03
2.960428710937500000e+03
3.112360107421875000e+03
3.315390380859375000e+03
3.164269287109375000e+03
3.373705078125000000e+03
3.587341796875000000e+03
7.547099113464355469e+00
1.922211074829101562e+01
5.197541236877441406e+00
9.616422653198242188e+00
2.316261863708496094e+01
7.853238582611083984e+00
1.281219196319580078e+01
2.913404273986816406e+01
1.157682132720947266e+01
2.646263360977172852e+00
4.246756553649902344e+00
7.588826179504394531e+00
7.584520816802978516e+00
1.050681209564208984e+01
1.423388957977294922e+01
2.787721157073974609e+00
5.632878303527832031e+00
9.768100738525390625e+00
6.636595129966735840e-01
1.124430060386657715e+00
1.354512333869934082e+00
7.657650113105773926e-01
1.450499892234802246e+00
1.434587001800537109e+00
1.543603658676147461e+00
2.161188840866088867e+00
1.882093191146850586e+00
8.809566650390625000e+02
8.807167968750000000e+02
1.043528198242187500e+03
8.679617919921875000e+02
8.190085449218750000e+02
1.040518432617187500e+03
8.638604125976562500e+02
7.932700805664062500e+02
9.981469726562500000e+02
4.198449325561523438e+01
5.626194763183593750e+01
4.699234771728515625e+01
4.292910003662109375e+01
6.953720092773437500e+01
4.641931915283203125e+01
4.748799514770507812e+01
6.034202575683593750e+01
4.523600769042968750e+01
4.769284362792968750e+02
4.035950317382812500e+02
4.740469665527343750e+02
5.206797485351562500e+02
4.076963806152343750e+02
4.769598083496093750e+02
5.968564453125000000e+02
5.359037475585937500e+02
6.487471313476562500e+02
9.661774291992187500e+02
1.018251403808593750e+03
1.057649047851562500e+03
1.078267089843750000e+03
1.137213256835937500e+03
1.160106567382812500e+03
1.001583862304687500e+03
1.054958862304687500e+03
1.097389526367187500e+03
1.931344795227050781e+01
2.038692283630371094e+01
2.133464622497558594e+01
2.053369712829589844e+01
2.151800346374511719e+01
2.284072685241699219e+01
1.854291343688964844e+01
1.967224502563476562e+01
2.094001197814941406e+01
-6.062026367187500000e+02
-6.240911254882812500e+02
-6.105554199218750000e+02
-5.924966430664062500e+02
-5.677219848632812500e+02
-5.327133789062500000e+02
-5.452631225585937500e+02
-5.277875366210937500e+02
-4.712937316894531250e+02
-1.200993061065673828e+01
-1.413307762145996094e+01
-1.264845657348632812e+01
-7.753972530364990234e+00
-1.431448173522949219e+01
-1.328817558288574219e+01
-8.960676193237304688e+00
-1.776054573059082031e+01
-1.687598228454589844e+01
-4.340370117187500000e+03
-4.139363281250000000e+03
-4.119665527343750000e+03
-4.267577636718750000e+03
-4.165926757812500000e+03
-4.212383300781250000e+03
-4.293143554687500000e+03
-4.316603027343750000e+03
-4.381705078125000000e+03
4.952349513769149780e-02
-5.229142308235168457e-02
8.743191510438919067e-02
-8.004546910524368286e-02
-1.010558754205703735e-01
-6.597394943237304688e-01
3.875012323260307312e-02
-1.416824012994766235e-01
-1.332206428050994873e-01
-1.833181152343750000e+02
-2.030932769775390625e+02
-2.414572143554687500e+02
-2.068119964599609375e+02
-2.209564208984375000e+02
-2.729847106933593750e+02
-2.142495880126953125e+02
-2.152825622558593750e+02
-2.974022827148437500e+02
-1.915022659301757812e+01
-2.268320846557617188e+01
-3.131782913208007812e+01
-1.751623153686523438e+01
-3.569141387939453125e+01
-2.987624359130859375e+01
-1.456010246276855469e+01
-3.656750488281250000e+01
-3.486339187622070312e+01
-1.398647212982177734e+01
-2.009632492065429688e+01
-5.822648525238037109e+00
-1.693559455871582031e+01
-2.104109954833984375e+01
-5.937458515167236328e+00
-1.742333793640136719e+01
-2.522480773925781250e+01
-6.188578605651855469e+00
-3.154411132812500000e+03
-3.194867675781250000e+03
-3.270850585937500000e+03
-3.205785156250000000e+03
-3.207060546875000000e+03
-3.346792724609375000e+03
-3.258908691406250000e+03
-3.230305664062500000e+03
-3.360762695312500000e+03
-5.227628231048583984e+00
-6.278023242950439453e+00
-6.191277980804443359e+00
-4.549204349517822266e+00
-8.757495880126953125e+00
-6.407480716705322266e+00
-4.642629146575927734e+00
-1.007035350799560547e+01
-5.723547458648681641e+00
-7.157948613166809082e-01
-3.406603097915649414e+00
-8.535383224487304688e+00
-3.964961767196655273e+00
-5.004292488098144531e+00
-1.435890293121337891e+01
-5.360982894897460938e+00
-2.561537981033325195e+00
-1.335872364044189453e+01
-1.153063416481018066e+00
-1.418755173683166504e+00
-1.279711484909057617e+00
-1.455805301666259766e+00
-1.720532774925231934e+00
-1.556229233741760254e+00
-1.898753166198730469e+00
-2.027086973190307617e+00
-2.105711221694946289e+00
-1.179622680664062500e+03
-1.219340820312500000e+03
-1.100255004882812500e+03
-1.159223266601562500e+03
-1.189633056640625000e+03
-1.078440917968750000e+03
-1.177896728515625000e+03
-1.195845581054687500e+03
-1.126512329101562500e+03
-3.646121978759765625e+01
-4.962937545776367188e+01
-4.353097152709960938e+01
-3.726692199707031250e+01
-5.705315780639648438e+01
-4.355399703979492188e+01
-3.426377868652343750e+01
-4.683753967285156250e+01
-3.892276763916015625e+01
-4.642102661132812500e+02
-4.944252624511718750e+02
-4.604405822753906250e+02
-4.185343017578125000e+02
-4.617109985351562500e+02
-4.555325927734375000e+02
-4.139743041992187500e+02
-4.260488586425781250e+02
-5.187185058593750000e+02
-1.090531982421875000e+03
-1.085494140625000000e+03
-1.086106689453125000e+03
-1.102841064453125000e+03
-1.100367065429687500e+03
-1.097727539062500000e+03
-1.020138549804687500e+03
-1.025278076171875000e+03
-1.016905151367187500e+03
-1.332271385192871094e+01
-1.439277839660644531e+01
-1.628588294982910156e+01
-1.350438880920410156e+01
-1.505562877655029297e+01
-1.737721443176269531e+01
-1.273286056518554688e+01
-1.393017482757568359e+01
-1.609497261047363281e+01
3.769989013671875000e+03
3.768223876953125000e+03
4.893199218750000000e+03
2.812680664062500000e+03
3.204477539062500000e+03
4.495065917968750000e+03
2.045207153320312500e+03
3.086397460937500000e+03
4.141039550781250000e+03
2.546533966064453125e+02
1.741323394775390625e+02
1.560491943359375000e+02
2.649288940429687500e+02
2.098574676513671875e+02
1.746746826171875000e+02
2.727435302734375000e+02
1.970102844238281250e+02
1.775630493164062500e+02
3.492570312500000000e+04
4.420693359375000000e+04
4.932197265625000000e+04
3.682187500000000000e+04
4.602367578125000000e+04
4.796912109375000000e+04
4.000964843750000000e+04
4.624522265625000000e+04
4.465936328125000000e+04
-1.166779547929763794e-01
2.464150786399841309e-01
1.359971880912780762e+00
1.320213973522186279e-01
-1.610994458198547363e+00
6.116437435150146484e+00
-1.067760467529296875e+00
-5.066025853157043457e-01
2.940672874450683594e+00
1.360720336914062500e+03
6.413852539062500000e+02
7.452333984375000000e+02
1.567735107421875000e+03
1.052604492187500000e+03
1.257683593750000000e+03
1.205491577148437500e+03
9.108793334960937500e+02
1.540455932617187500e+03
6.166404418945312500e+02
4.520474853515625000e+02
9.683325195312500000e+01
6.804099731445312500e+02
6.059696044921875000e+02
2.665565490722656250e+02
5.622611083984375000e+02
5.099730834960937500e+02
2.648582153320312500e+02
2.861661682128906250e+02
1.917580566406250000e+02
5.723910140991210938e+01
2.971586914062500000e+02
1.851983337402343750e+02
3.653256607055664062e+01
2.715316162109375000e+02
1.496905822753906250e+02
4.981720924377441406e+00
2.640882421875000000e+04
2.657445312500000000e+04
2.767555859375000000e+04
2.460353320312500000e+04
2.527803515625000000e+04
2.592320117187500000e+04
2.254091992187500000e+04
2.419704882812500000e+04
2.459790234375000000e+04
4.024795150756835938e+01
1.284467773437500000e+02
6.817650604248046875e+01
2.218142127990722656e+01
1.192587127685546875e+02
2.672676658630371094e+01
1.349027347564697266e+01
8.946414184570312500e+01
5.049847602844238281e+00
-1.780649757385253906e+01
-4.346571731567382812e+01
-1.537675380706787109e+01
-1.832637023925781250e+01
-3.645909118652343750e+01
3.746057987213134766e+00
1.657353401184082031e+00
5.479270458221435547e+00
2.656958961486816406e+01
1.769181442260742188e+01
1.487490367889404297e+01
1.528356838226318359e+01
2.187524223327636719e+01
1.938229751586914062e+01
2.286391067504882812e+01
1.284536266326904297e+01
1.057354831695556641e+01
1.733900260925292969e+01
7.786314453125000000e+03
8.583127929687500000e+03
1.071197363281250000e+04
8.344036132812500000e+03
9.427091796875000000e+03
1.085106445312500000e+04
8.817585937500000000e+03
9.869880859375000000e+03
1.095792285156250000e+04
1.078734970092773438e+02
7.243076324462890625e+01
5.419895172119140625e+01
9.487507629394531250e+01
1.433620452880859375e+02
1.255711746215820312e+02
4.369350051879882812e+01
1.245425033569335938e+02
2.084967498779296875e+02
1.066319824218750000e+03
1.950906005859375000e+03
2.692044677734375000e+03
9.985432128906250000e+02
2.756822265625000000e+03
3.344678710937500000e+03
1.421566894531250000e+03
3.071571533203125000e+03
3.414293945312500000e+03
6.111358398437500000e+03
6.918743164062500000e+03
7.909972167968750000e+03
5.414483886718750000e+03
6.218577148437500000e+03
7.227458984375000000e+03
5.436761718750000000e+03
6.448146972656250000e+03
6.980193359375000000e+03
1.353539886474609375e+02
1.269872817993164062e+02
9.815439605712890625e+01
1.332536163330078125e+02
1.166412353515625000e+02
8.824937438964843750e+01
1.298877563476562500e+02
1.146178131103515625e+02
9.162837219238281250e+01
3.253013000488281250e+02
5.470999755859375000e+02
5.195272827148437500e+02
5.228126220703125000e+02
7.635295410156250000e+02
6.728040771484375000e+02
6.271616210937500000e+02
7.322035522460937500e+02
6.170836791992187500e+02
6.097801685333251953e+00
2.275240707397460938e+01
1.250658321380615234e+01
6.911625385284423828e+00
2.627299880981445312e+01
8.268999099731445312e+00
9.072259902954101562e+00
2.852002716064453125e+01
1.188018131256103516e+01
4.261990722656250000e+03
4.054133789062500000e+03
3.207881591796875000e+03
3.899621337890625000e+03
3.474204833984375000e+03
2.902558105468750000e+03
3.530292236328125000e+03
3.333309082031250000e+03
3.099654541015625000e+03
4.081207513809204102e-02
6.883584856986999512e-01
-4.190905019640922546e-02
1.706609427928924561e-01
7.367633581161499023e-01
1.696852684020996094e+00
-1.039392277598381042e-01
4.415798559784889221e-02
-3.207479417324066162e-02
2.422036590576171875e+02
2.512911529541015625e+02
3.189818725585937500e+02
2.794313964843750000e+02
3.046635437011718750e+02
3.843173522949218750e+02
2.813715820312500000e+02
2.697030639648437500e+02
3.320053405761718750e+02
-4.795372486114501953e+00
2.571105241775512695e+00
3.024935007095336914e+00
4.942831099033355713e-01
6.837148666381835938e+00
2.187417221069335938e+01
1.243997573852539062e+01
1.087398147583007812e+01
3.151055335998535156e+01
-1.732431221008300781e+01
1.291241359710693359e+01
6.268023490905761719e+00
-1.540439033508300781e+01
1.817714500427246094e+01
5.684560775756835938e+00
-1.098457813262939453e+01
1.907402992248535156e+01
6.085305690765380859e+00
2.517910400390625000e+03
2.464539550781250000e+03
2.904023681640625000e+03
2.933031250000000000e+03
2.792732177734375000e+03
3.293023681640625000e+03
3.272032470703125000e+03
3.103589111328125000e+03
3.600137695312500000e+03
3.073772668838500977e+00
2.847507667541503906e+01
4.567204952239990234e+00
8.079391479492187500e+00
3.416672515869140625e+01
4.082080364227294922e+00
9.717200279235839844e+00
3.405279922485351562e+01
6.244282722473144531e+00
7.754513263702392578e+00
7.748269081115722656e+00
1.497964859008789062e+01
7.630653381347656250e+00
1.120874023437500000e+01
2.445841407775878906e+01
1.099586248397827148e+00
3.321282148361206055e+00
1.766180801391601562e+01
9.508331120014190674e-02
3.829230070114135742e-01
4.217450618743896484e-01
-1.272835284471511841e-01
5.928622484207153320e-01
5.843646526336669922e-01
6.736716628074645996e-01
1.609785556793212891e+00
1.098563313484191895e+00
1.150971435546875000e+03
9.916123046875000000e+02
1.025092163085937500e+03
1.198419067382812500e+03
9.903157348632812500e+02
1.054172119140625000e+03
1.146857910156250000e+03
9.504816284179687500e+02
9.846144409179687500e+02
3.821556854248046875e+01
8.752196502685546875e+01
5.452717590332031250e+01
3.679635238647460938e+01
9.715419769287109375e+01
3.927720642089843750e+01
5.062108230590820312e+01
8.815447235107421875e+01
2.659373855590820312e+01
4.080315246582031250e+02
4.070555725097656250e+02
4.411654663085937500e+02
4.628740539550781250e+02
4.222255859375000000e+02
4.304059753417968750e+02
5.201756591796875000e+02
4.309456787109375000e+02
4.763516845703125000e+02
1.013722290039062500e+03
1.056183227539062500e+03
1.017266174316406250e+03
1.213222778320312500e+03
1.265637207031250000e+03
1.209759765625000000e+03
1.089510864257812500e+03
1.126636962890625000e+03
1.118527709960937500e+03
1.312336349487304688e+01
1.151013755798339844e+01
1.555117797851562500e+01
1.477813529968261719e+01
1.410757637023925781e+01
1.878622817993164062e+01
1.370615673065185547e+01
1.332734489440917969e+01
1.825536346435546875e+01
2.490258636474609375e+02
2.541350250244140625e+02
2.215885467529296875e+02
1.614540100097656250e+02
1.597970123291015625e+02
1.579740753173828125e+02
1.577170867919921875e+02
1.550663909912109375e+02
1.532309875488281250e+02
3.393386840820312500e+00
8.407507896423339844e+00
1.799374103546142578e+00
5.949182510375976562e+00
6.509208202362060547e+00
-3.414736390113830566e-01
4.341633319854736328e+00
3.559340715408325195e+00
5.704767704010009766e-01
1.306052612304687500e+03
1.478344848632812500e+03
1.706707885742187500e+03
1.263678222656250000e+03
1.511989135742187500e+03
1.689196777343750000e+03
1.311840698242187500e+03
1.567029907226562500e+03
1.678471069335937500e+03
1.434870362281799316e-01
1.502501666545867920e-01
2.280299216508865356e-01
-2.819397747516632080e-01
-1.026236116886138916e-01
-2.007816731929779053e-01
-1.877467148005962372e-03
-1.604382693767547607e-01
1.743391007184982300e-01
1.009621353149414062e+02
6.246088027954101562e+01
5.509081649780273438e+01
8.650427246093750000e+01
5.985969543457031250e+01
2.171947288513183594e+01
1.221295242309570312e+02
8.752104949951171875e+01
3.406361007690429688e+01
2.304971694946289062e+01
3.097949600219726562e+01
1.651520347595214844e+01
1.675095176696777344e+01
3.040768051147460938e+01
2.116105079650878906e+01
7.313082695007324219e+00
1.718612098693847656e+01
1.303908824920654297e+01
2.971024513244628906e+00
3.107426643371582031e+00
2.439703941345214844e+00
1.439743518829345703e+00
1.835051417350769043e+00
-3.919301033020019531e-01
6.475580215454101562e+00
4.084256172180175781e+00
2.610303878784179688e+00
1.165277099609375000e+03
1.208883666992187500e+03
1.235568359375000000e+03
1.149002929687500000e+03
1.182260375976562500e+03
1.216396240234375000e+03
1.059313964843750000e+03
1.056376220703125000e+03
1.121026733398437500e+03
-5.428880214691162109e+00
6.078245162963867188e+00
2.058821201324462891e+00
-8.902511596679687500e+00
3.488448143005371094e+00
-8.463097214698791504e-01
-6.659175395965576172e+00
2.955572366714477539e+00
-1.993647336959838867e+00
1.725894451141357422e+00
7.144847512245178223e-01
-2.546424865722656250e+00
1.378678917884826660e+00
2.892236948013305664e+00
8.612116575241088867e-01
-7.661551833152770996e-01
9.483738541603088379e-01
-1.709690570831298828e+00
1.079913496971130371e+00
4.665054678916931152e-01
2.672387063503265381e-01
1.035867571830749512e+00
3.632234334945678711e-01
2.890736460685729980e-01
1.218089222908020020e+00
4.743473529815673828e-01
4.256224334239959717e-01
4.491233520507812500e+02
4.370238647460937500e+02
4.307460021972656250e+02
5.127329101562500000e+02
4.772363281250000000e+02
4.376077575683593750e+02
4.930233154296875000e+02
4.687438964843750000e+02
4.733910827636718750e+02
1.046965789794921875e+01
1.133811569213867188e+01
1.061191797256469727e+00
9.102682113647460938e+00
9.081121444702148438e+00
-4.154996275901794434e-01
6.138723373413085938e+00
2.829215526580810547e+00
-5.787381172180175781e+00
1.206102294921875000e+02
9.426588439941406250e+01
1.213147277832031250e+02
1.005403289794921875e+02
9.961553192138671875e+01
1.500673370361328125e+02
9.986370086669921875e+01
1.056443481445312500e+02
1.654250946044921875e+02
3.604111022949218750e+02
3.709410095214843750e+02
3.678561706542968750e+02
3.154572143554687500e+02
3.207719421386718750e+02
3.310770263671875000e+02
2.957865600585937500e+02
3.050416564941406250e+02
3.309228210449218750e+02
4.434588909149169922e+00
4.356243133544921875e+00
4.245789051055908203e+00
5.253815650939941406e+00
4.785837173461914062e+00
4.316464424133300781e+00
5.377820491790771484e+00
4.785442352294921875e+00
4.362292766571044922e+00
3.089332389831542969e+01
1.978997802734375000e+02
2.700570983886718750e+02
6.637594604492187500e+01
2.351766052246093750e+02
3.109840698242187500e+02
1.250437316894531250e+02
2.659012451171875000e+02
3.230471801757812500e+02
2.586834192276000977e+00
7.171806812286376953e+00
-1.768366456031799316e+00
1.943712234497070312e+00
7.696868896484375000e+00
-2.919443130493164062e+00
3.578388452529907227e+00
8.941869735717773438e+00
-1.258623123168945312e+00
2.425574951171875000e+03
3.029073974609375000e+03
3.186306640625000000e+03
2.536630126953125000e+03
2.955155029296875000e+03
2.975537841796875000e+03
2.268751464843750000e+03
2.593426025390625000e+03
2.634159912109375000e+03
3.748553246259689331e-02
1.739881038665771484e-01
6.277181208133697510e-02
1.635791547596454620e-02
2.527635395526885986e-01
2.422964572906494141e-01
5.352066457271575928e-02
2.845936417579650879e-01
-7.855823636054992676e-02
4.513703918457031250e+01
3.440276336669921875e+01
5.070809173583984375e+01
8.988240051269531250e+01
8.144782257080078125e+01
7.978630828857421875e+01
7.033905792236328125e+01
7.368326568603515625e+01
1.027494888305664062e+02
2.227509498596191406e+01
3.172226333618164062e+01
1.538048171997070312e+01
3.371893692016601562e+01
4.056769943237304688e+01
1.855308914184570312e+01
4.501375579833984375e+01
4.629714584350585938e+01
1.727069854736328125e+01
1.005880928039550781e+01
2.129155349731445312e+01
4.333164215087890625e+00
1.009831333160400391e+01
2.172422027587890625e+01
2.920583963394165039e+00
8.929648399353027344e+00
2.045181083679199219e+01
6.032668352127075195e-01
1.062998413085937500e+03
1.163432128906250000e+03
1.328326049804687500e+03
1.273673583984375000e+03
1.361250366210937500e+03
1.554833251953125000e+03
1.366456176757812500e+03
1.423503540039062500e+03
1.627470458984375000e+03
-5.214193820953369141e+00
3.153790473937988281e+00
-1.433594584465026855e+00
-5.169126033782958984e+00
6.709284782409667969e+00
-1.048034280538558960e-01
-2.675402879714965820e+00
8.816682815551757812e+00
1.365070104598999023e+00
-1.419767498970031738e+00
-4.109619140625000000e+00
5.218042433261871338e-02
5.148992538452148438e-01
2.143805772066116333e-01
3.887362241744995117e+00
-5.591139197349548340e-01
1.870077967643737793e+00
4.178207397460937500e+00
7.160487174987792969e-01
1.947010308504104614e-01
9.600905328989028931e-02
4.538078904151916504e-01
1.449299007654190063e-01
4.497333988547325134e-02
3.704678118228912354e-01
2.491672337055206299e-01
2.301082015037536621e-02
4.872132568359375000e+02
4.732229614257812500e+02
6.279425659179687500e+02
4.904548034667968750e+02
4.303393249511718750e+02
5.931265258789062500e+02
4.264741516113281250e+02
3.737337341308593750e+02
5.187932128906250000e+02
-1.317370510101318359e+01
-1.976188898086547852e+00
1.273396015167236328e+00
-1.360836219787597656e+01
-9.844136238098144531e-01
-3.248969316482543945e+00
-1.339172601699829102e+00
7.861816883087158203e+00
2.152390003204345703e+00
-5.311799621582031250e+01
-6.461209106445312500e+01
-1.084302520751953125e+01
5.967173576354980469e-01
-1.170331096649169922e+01
2.873771667480468750e+01
1.988654327392578125e+01
1.994638204574584961e+00
5.644320297241210938e+01
2.934920043945312500e+02
3.840913391113281250e+02
4.296737365722656250e+02
3.535885009765625000e+02
4.363480834960937500e+02
4.662230224609375000e+02
3.245904541015625000e+02
3.950403747558593750e+02
4.343764953613281250e+02
4.682050704956054688e+00
2.923578739166259766e+00
1.958315014839172363e+00
4.012869834899902344e+00
2.108840942382812500e+00
1.671167850494384766e+00
2.621300697326660156e+00
1.244906067848205566e+00
1.326175928115844727e+00
-3.575015068054199219e+00
-8.560962677001953125e+00
-5.464823722839355469e+00
-1.531327533721923828e+01
-2.757983207702636719e+01
-2.400368118286132812e+01
-3.297654342651367188e+01
-3.812709045410156250e+01
-3.978180694580078125e+01
7.221788763999938965e-01
3.866417407989501953e-01
-4.390090703964233398e-02
6.983377337455749512e-01
-1.743252873420715332e-01
2.334281504154205322e-01
1.196326136589050293e+00
6.010381579399108887e-01
1.532024025917053223e+00
-1.322572937011718750e+02
-1.398226928710937500e+02
-1.416280059814453125e+02
-1.491814575195312500e+02
-1.480101623535156250e+02
-1.522915802001953125e+02
-1.045365676879882812e+02
-1.360003051757812500e+02
-1.604477233886718750e+02
8.716920018196105957e-02
-1.508270855993032455e-03
6.337606906890869141e-02
-5.178431421518325806e-02
-1.078202202916145325e-01
-1.415989175438880920e-02
2.242487855255603790e-03
7.157167885452508926e-03
7.777629420161247253e-03
-2.164435768127441406e+01
-1.918684959411621094e+01
-1.308923149108886719e+01
-3.127968215942382812e+01
-8.455104827880859375e+00
-1.096026420593261719e+01
-2.398207855224609375e+01
-3.344276905059814453e+00
-4.647601604461669922e+00
-9.159837365150451660e-01
-7.899370193481445312e-01
-1.689758539199829102e+00
-6.071466803550720215e-01
-8.787145614624023438e-01
-3.340809822082519531e+00
-6.049199104309082031e+00
-4.411916255950927734e+00
7.572818994522094727e-01
-7.977262139320373535e-01
1.803292334079742432e-01
-2.573121786117553711e-01
-1.036852359771728516e+00
-2.607554197311401367e-01
-6.477077603340148926e-01
-5.637171864509582520e-01
-3.008457422256469727e-01
4.152261316776275635e-01
-7.262521362304687500e+01
-5.322057723999023438e+01
-7.389823150634765625e+01
-9.394713592529296875e+01
-7.810759735107421875e+01
-9.426306152343750000e+01
-1.535622100830078125e+02
-1.376918182373046875e+02
-1.384918975830078125e+02
2.674739658832550049e-01
2.165237516164779663e-01
6.065266951918601990e-02
-3.566729426383972168e-01
-5.160019397735595703e-01
-3.689709007740020752e-01
-3.926358222961425781e-01
-8.154252171516418457e-01
-1.115774631500244141e+00
-1.827893257141113281e-01
1.028300046920776367e+00
-1.883687138557434082e+00
-2.473968118429183960e-01
-2.008744776248931885e-01
-1.969691157341003418e+00
-3.100855648517608643e-01
-1.638485491275787354e-01
-2.182493686676025391e+00
-2.220537513494491577e-02
-3.725875541567802429e-02
-9.055662900209426880e-03
6.724020838737487793e-02
-3.567934967577457428e-03
6.438727676868438721e-02
2.400190941989421844e-02
-2.758870087563991547e-02
8.540990948677062988e-02
-2.748792839050292969e+01
-2.176146507263183594e+01
-3.787645339965820312e+01
-2.684032249450683594e+01
-2.225012588500976562e+01
-4.261035537719726562e+01
-3.061708831787109375e+01
-2.980070686340332031e+01
-5.637498474121093750e+01
4.616472244262695312e+00
-2.225839376449584961e+00
1.461969971656799316e+00
5.826321125030517578e+00
-8.456445932388305664e-01
1.422593235969543457e+00
-3.104612827301025391e-01
-1.698502659797668457e+00
-5.881061553955078125e-01
1.244547367095947266e+00
3.950291395187377930e+00
4.723330497741699219e+00
-6.307104110717773438e+00
3.732613325119018555e+00
-1.072897529602050781e+01
5.525349974632263184e-01
7.801986217498779297e+00
-8.459939956665039062e+00
-1.789995765686035156e+01
-8.734221458435058594e+00
-1.305691051483154297e+01
-3.616844558715820312e+01
-3.063272094726562500e+01
-3.530322647094726562e+01
-3.537601852416992188e+01
-3.799794006347656250e+01
-4.329561996459960938e+01
-7.858797907829284668e-02
1.470317393541336060e-01
8.828648179769515991e-02
-3.047446906566619873e-01
-1.068583130836486816e-01
-7.703736424446105957e-02
-2.129685692489147186e-02
1.636424213647842407e-01
1.639280021190643311e-01
-4.035666198730468750e+02
-4.784022827148437500e+02
-5.495001831054687500e+02
-4.485460205078125000e+02
-5.191759033203125000e+02
-5.894123535156250000e+02
-5.835678100585937500e+02
-5.855404663085937500e+02
-5.566772460937500000e+02
-1.131619167327880859e+01
-2.076872825622558594e+01
-1.271472740173339844e+01
-1.206804752349853516e+01
-1.650826072692871094e+01
-6.941804409027099609e+00
-8.444564819335937500e+00
-1.696601104736328125e+01
-6.434295177459716797e+00
-2.438110595703125000e+03
-2.492089599609375000e+03
-2.473122558593750000e+03
-2.296246093750000000e+03
-2.211364501953125000e+03
-2.200917480468750000e+03
-2.032618041992187500e+03
-1.994804321289062500e+03
-2.129527099609375000e+03
-7.614213973283767700e-02
1.353529989719390869e-01
-4.101039767265319824e-01
3.918500244617462158e-02
5.184709429740905762e-01
-5.228205919265747070e-01
-1.484112739562988281e-01
-5.224331021308898926e-01
-3.845918774604797363e-01
-1.579392547607421875e+02
-1.687537078857421875e+02
-1.473666076660156250e+02
-1.632801361083984375e+02
-2.025393066406250000e+02
-1.485262145996093750e+02
-1.640826263427734375e+02
-1.994096679687500000e+02
-1.482093505859375000e+02
-8.602759361267089844e+00
-3.091380882263183594e+01
-2.498554229736328125e+01
4.987279415130615234e+00
-3.576455688476562500e+01
-2.667568588256835938e+01
3.983205795288085938e+00
-3.577038574218750000e+01
-3.680300521850585938e+01
-2.326170206069946289e+00
-2.472948265075683594e+01
-1.383375644683837891e+01
-6.085412979125976562e+00
-3.560121917724609375e+01
-1.267676544189453125e+01
-6.845701217651367188e+00
-3.829702377319335938e+01
-1.153802490234375000e+01
-2.054264160156250000e+03
-2.207621582031250000e+03
-2.317447265625000000e+03
-2.194714599609375000e+03
-2.303077148437500000e+03
-2.347383056640625000e+03
-2.258362548828125000e+03
-2.320516113281250000e+03
-2.366387207031250000e+03
-1.465875387191772461e+00
-2.049602985382080078e+00
-4.224146366119384766e+00
-1.489783525466918945e+00
-2.004465579986572266e+00
-3.295108318328857422e+00
-4.844920635223388672e+00
-4.491419792175292969e+00
-2.988348007202148438e+00
-3.510673522949218750e+00
-4.774580478668212891e+00
-1.602570915222167969e+01
-4.205583095550537109e+00
-5.582189559936523438e+00
-1.174518489837646484e+01
-3.557755708694458008e+00
-6.209896087646484375e+00
-1.387769603729248047e+01
-1.341736674308776855e+00
-9.522445201873779297e-01
-1.162128329277038574e+00
-1.710298776626586914e+00
-1.305279254913330078e+00
-1.435545563697814941e+00
-1.773828864097595215e+00
-1.302041292190551758e+00
-1.283741235733032227e+00
-1.010773193359375000e+03
-9.437832641601562500e+02
-9.400096435546875000e+02
-1.067963134765625000e+03
-9.678596191406250000e+02
-9.010530395507812500e+02
-9.649147949218750000e+02
-8.657501220703125000e+02
-8.323301391601562500e+02
-3.110898971557617188e+01
-2.538513755798339844e+01
-1.305345821380615234e+01
-2.939968872070312500e+01
-2.980936241149902344e+01
-1.417105484008789062e+01
-3.177712059020996094e+01
-2.646245002746582031e+01
-1.526662158966064453e+01
-2.830064086914062500e+02
-2.104127960205078125e+02
-2.922630615234375000e+02
-3.817996826171875000e+02
-2.226809692382812500e+02
-2.688471679687500000e+02
-3.640596008300781250e+02
-2.669745483398437500e+02
-3.468812255859375000e+02
-6.523500366210937500e+02
-6.934207763671875000e+02
-6.827061767578125000e+02
-7.217786865234375000e+02
-7.351976928710937500e+02
-7.368210449218750000e+02
-7.204032592773437500e+02
-7.110345458984375000e+02
-7.280852661132812500e+02
-8.933427810668945312e+00
-9.793660163879394531e+00
-1.024105167388916016e+01
-1.023369884490966797e+01
-1.122836017608642578e+01
-1.133279323577880859e+01
-1.004205799102783203e+01
-1.127954959869384766e+01
-1.049741458892822266e+01
