1.947102355957031250e+02
2.172760314941406250e+02
2.463750610351562500e+02
2.139938354492187500e+02
2.552477416992187500e+02
2.787047729492187500e+02
2.107773742675781250e+02
2.717241821289062500e+02
2.748376770019531250e+02
3.095202922821044922e+00
2.899868011474609375e+00
1.886906266212463379e+00
3.311943292617797852e+00
2.692063808441162109e+00
1.921498656272888184e+00
3.181754112243652344e+00
1.852846026420593262e+00
1.863286972045898438e+00
2.629796142578125000e+02
2.724430236816406250e+02
2.543851928710937500e+02
2.856989440917968750e+02
2.828438110351562500e+02
2.514144439697265625e+02
2.604476013183593750e+02
2.387799835205078125e+02
2.128143310546875000e+02
9.979352355003356934e-03
3.913435619324445724e-03
1.827222481369972229e-02
2.741545438766479492e-02
-4.012825433164834976e-03
-9.150020778179168701e-03
-5.863753147423267365e-03
-2.770372666418552399e-02
2.783155441284179688e-02
3.754177856445312500e+01
3.621819305419921875e+01
5.475003433227539062e+01
4.504613113403320312e+01
4.870649337768554688e+01
6.455152130126953125e+01
4.352749633789062500e+01
6.567860412597656250e+01
7.815582275390625000e+01
2.805994510650634766e+00
2.328575372695922852e+00
1.540862202644348145e+00
2.918930530548095703e+00
1.958267807960510254e+00
1.098213195800781250e+00
6.955742359161376953e+00
4.361660480499267578e+00
5.007297515869140625e+00
3.045195102691650391e+00
3.894437074661254883e+00
1.409961462020874023e+00
3.021140336990356445e+00
3.525385856628417969e+00
1.408972501754760742e+00
1.838213920593261719e+00
2.818242788314819336e+00
1.196055769920349121e+00
5.964786376953125000e+02
5.740098876953125000e+02
5.784767456054687500e+02
6.015933227539062500e+02
6.008663330078125000e+02
6.269602050781250000e+02
6.061718750000000000e+02
6.150478515625000000e+02
6.504830932617187500e+02
2.195205837488174438e-01
3.134359121322631836e-01
9.840047359466552734e-02
2.096523493528366089e-01
4.228108227252960205e-01
3.098665773868560791e-01
5.772587656974792480e-01
6.866672635078430176e-01
6.018095016479492188e-01
1.165835142135620117e+00
5.100262165069580078e-01
3.072540521621704102e+00
1.362643599510192871e+00
1.030764698982238770e+00
2.290182113647460938e+00
1.911916285753250122e-01
6.941581368446350098e-01
4.148225307464599609e+00
1.112959384918212891e+00
1.063010096549987793e+00
1.100885391235351562e+00
1.432041049003601074e+00
1.195595383644104004e+00
1.039200305938720703e+00
1.276998400688171387e+00
1.496837854385375977e+00
1.119418144226074219e+00
4.858900146484375000e+02
5.290748901367187500e+02
5.403454589843750000e+02
5.025452880859375000e+02
5.389731445312500000e+02
5.496059570312500000e+02
4.903773498535156250e+02
4.747699279785156250e+02
4.883161315917968750e+02
2.561578273773193359e+00
5.003083705902099609e+00
4.630175113677978516e+00
6.227870464324951172e+00
7.247362613677978516e+00
4.130713939666748047e+00
5.325196743011474609e+00
7.870968341827392578e+00
4.946362972259521484e+00
3.178421020507812500e+01
4.351182937622070312e+01
3.280003356933593750e+01
4.563226699829101562e+01
5.633566284179687500e+01
3.369208908081054688e+01
6.285300827026367188e+01
6.267251205444335938e+01
4.084740066528320312e+01
5.288592147827148438e+01
5.599975585937500000e+01
5.196191406250000000e+01
5.613986587524414062e+01
6.023635101318359375e+01
5.585319137573242188e+01
5.721503067016601562e+01
5.960044097900390625e+01
5.591258239746093750e+01
2.277309265136718750e+02
2.017486114501953125e+02
2.179663543701171875e+02
2.169149627685546875e+02
1.973319549560546875e+02
2.257068328857421875e+02
2.034537353515625000e+02
1.866183776855468750e+02
2.211159515380859375e+02
-2.679327964782714844e+01
-5.197398662567138672e+00
3.426426649093627930e-02
-3.811026382446289062e+01
-1.652181243896484375e+01
-2.654306411743164062e+00
-4.770679473876953125e+01
-3.414102554321289062e+01
-8.036058425903320312e+00
-9.339667558670043945e-01
1.132722139358520508e+00
-4.152836203575134277e-01
-8.757352232933044434e-01
1.132405877113342285e+00
-4.681620746850967407e-02
-1.372291564941406250e+00
8.624216914176940918e-01
-1.465808972716331482e-02
-2.264599418640136719e+01
1.490223503112792969e+01
3.626791381835937500e+01
6.999115943908691406e+00
3.892788314819335938e+01
4.442628479003906250e+01
1.326520442962646484e+01
4.093996429443359375e+01
3.910645675659179688e+01
2.780528366565704346e-02
-1.093813963234424591e-02
-8.362277410924434662e-03
-2.317607030272483826e-02
-2.564686350524425507e-03
-1.880794763565063477e-02
7.319135474972426891e-04
5.129297450184822083e-02
-1.825415156781673431e-02
-1.352951145172119141e+01
-1.071846389770507812e+01
-5.759702682495117188e+00
-1.491485977172851562e+01
-1.565419769287109375e+01
-8.401203155517578125e+00
-7.888665199279785156e+00
-5.212132453918457031e+00
-1.127418875694274902e+00
-1.219295740127563477e+00
3.762311220169067383e+00
8.999756574630737305e-01
-1.049878716468811035e+00
3.526363611221313477e+00
2.282334715127944946e-01
8.680675029754638672e-01
1.049637436866760254e+00
-1.767037391662597656e+00
-9.040822982788085938e-01
7.336292266845703125e+00
2.087224483489990234e+00
-1.844127655029296875e+00
1.090302658081054688e+01
1.149429440498352051e+00
-2.457449913024902344e+00
1.023808860778808594e+01
3.979582786560058594e-01
-3.924702453613281250e+01
-4.753870391845703125e+01
-4.186560630798339844e+00
-2.429516983032226562e+01
-2.393328666687011719e+01
2.107725143432617188e+01
-1.027562141418457031e+01
-1.021585941314697266e+01
2.814870452880859375e+01
-3.443633019924163818e-01
4.941264986991882324e-01
-1.024859249591827393e-01
-6.356363892555236816e-01
4.145349562168121338e-01
-8.886575698852539062e-02
-4.893641173839569092e-01
4.993411302566528320e-01
9.938278049230575562e-02
2.021185904741287231e-01
-9.266695007681846619e-03
-1.160880684852600098e+00
-3.691749274730682373e-01
-1.155555844306945801e+00
-2.079392433166503906e+00
3.454520106315612793e-01
-5.404549837112426758e-01
-1.861268281936645508e+00
-4.268678724765777588e-01
-5.477057099342346191e-01
-1.060072481632232666e-01
-7.675841450691223145e-01
-1.212702035903930664e+00
-3.803482353687286377e-01
-2.092870026826858521e-01
-5.435684919357299805e-01
-2.563423812389373779e-01
-1.581584930419921875e+01
-1.566294860839843750e+01
4.473789215087890625e+01
-1.134440231323242188e+01
1.241059780120849609e+00
4.980133438110351562e+01
1.443590831756591797e+01
1.734100151062011719e+01
6.261539840698242188e+01
-8.020288944244384766e-01
-6.062588691711425781e-01
2.764582931995391846e-01
-1.933098435401916504e+00
-1.971295714378356934e+00
-1.517732620239257812e+00
-7.536509037017822266e-01
-3.590963184833526611e-01
1.028119027614593506e-01
-1.397216320037841797e+01
-1.255913543701171875e+01
-1.497819137573242188e+01
-1.219632530212402344e+01
-1.244049167633056641e+01
-1.062551975250244141e+01
-1.220147418975830078e+01
-1.245293045043945312e+01
-1.708541679382324219e+01
-1.940917849540710449e+00
-8.295256495475769043e-01
8.691980242729187012e-01
-3.297070741653442383e+00
-1.423601269721984863e+00
-7.523947358131408691e-01
-3.310799598693847656e+00
-1.235218405723571777e+00
-3.632420897483825684e-01
-8.004444122314453125e+00
-8.528395652770996094e+00
-1.372057318687438965e+00
-3.262330245971679688e+01
-3.896913146972656250e+01
-3.279775238037109375e+01
-3.129363632202148438e+01
-4.113216018676757812e+01
-2.767205238342285156e+01
6.673440933227539062e+00
9.571979522705078125e+00
1.959152221679687500e+01
2.512437629699707031e+01
3.773070907592773438e+01
4.610189437866210938e+01
2.277809143066406250e+01
3.979094696044921875e+01
5.651898193359375000e+01
-6.694996356964111328e-01
1.151894569396972656e+00
-1.022268906235694885e-01
-4.412311315536499023e-01
1.401537537574768066e+00
-2.337106913328170776e-01
-4.364530742168426514e-01
1.358541011810302734e+00
-1.018830295652151108e-02
5.139124298095703125e+01
5.215581130981445312e+01
5.198094177246093750e+01
6.539039611816406250e+01
6.580079650878906250e+01
5.933701324462890625e+01
6.849699401855468750e+01
6.686245727539062500e+01
5.673661041259765625e+01
9.661367163062095642e-03
1.146137248724699020e-02
6.349973846226930618e-03
1.307322061620652676e-03
2.139375545084476471e-02
2.002965658903121948e-02
-1.559336483478546143e-02
1.714983396232128143e-02
-1.667461544275283813e-02
3.746223926544189453e+00
-1.570495963096618652e+00
2.224523925781250000e+01
5.299514770507812500e+00
1.604397892951965332e+00
2.351099395751953125e+01
7.211428165435791016e+00
3.176881313323974609e+00
2.117759132385253906e+01
-3.112124204635620117e-01
1.120897054672241211e+00
7.354618906974792480e-01
8.594989776611328125e-02
1.150276064872741699e+00
2.405824661254882812e-01
1.206749558448791504e+00
1.315889000892639160e+00
4.558840990066528320e-01
-3.628103435039520264e-01
1.531775116920471191e+00
4.186762869358062744e-01
-6.871855258941650391e-01
1.241682767868041992e+00
1.077383041381835938e+00
-6.669042110443115234e-01
1.396636962890625000e+00
7.769055366516113281e-01
1.751471328735351562e+01
7.405718326568603516e+00
2.615723991394042969e+01
5.485634994506835938e+01
4.346566009521484375e+01
6.616714477539062500e+01
9.072680664062500000e+01
8.204418945312500000e+01
1.070137786865234375e+02
1.137391105294227600e-02
1.428096294403076172e-01
-7.266596704721450806e-02
-6.477349903434514999e-03
2.329703718423843384e-01
9.923774749040603638e-03
3.318686038255691528e-02
2.735955119132995605e-01
-8.060509711503982544e-02
1.075656935572624207e-01
-8.900017738342285156e-01
1.416461467742919922e+00
4.418876469135284424e-01
-8.989061415195465088e-02
1.754163503646850586e+00
6.921037286520004272e-02
-7.018296122550964355e-01
1.611993074417114258e+00
6.363243609666824341e-02
-8.620934188365936279e-02
1.732801944017410278e-01
-1.367155164480209351e-01
-2.948482930660247803e-01
-4.664574563503265381e-02
-3.589052259922027588e-01
-5.061260461807250977e-01
-1.708607524633407593e-01
-5.372908592224121094e+00
1.644267082214355469e+01
2.065302276611328125e+01
1.788765907287597656e+01
3.722398376464843750e+01
4.299044799804687500e+01
2.956673049926757812e+01
4.584634399414062500e+01
5.485165405273437500e+01
8.208160400390625000e-01
3.535287380218505859e-01
8.340524435043334961e-01
1.994411945343017578e+00
1.451242446899414062e+00
1.647636055946350098e+00
8.521132469177246094e-01
1.751879453659057617e+00
1.708720564842224121e+00
-2.532394886016845703e+00
-6.907929778099060059e-01
1.570166468620300293e+00
-5.012348890304565430e-01
1.733277320861816406e+00
3.196324825286865234e+00
2.823667287826538086e+00
7.140470981597900391e+00
6.399110794067382812e+00
4.832725048065185547e+00
5.091510772705078125e+00
5.819069385528564453e+00
9.538887023925781250e+00
1.000276184082031250e+01
1.045471382141113281e+01
9.626028060913085938e+00
9.739317893981933594e+00
9.953966140747070312e+00
2.572494316101074219e+01
2.246142005920410156e+01
3.165664672851562500e+01
4.564684295654296875e+01
3.567761230468750000e+01
4.809829711914062500e+01
3.491286849975585938e+01
2.282866668701171875e+01
3.106603431701660156e+01
8.544250488281250000e+01
1.954027557373046875e+02
2.138479766845703125e+02
1.532719268798828125e+02
2.470624084472656250e+02
2.230130920410156250e+02
1.405325164794921875e+02
1.763271942138671875e+02
1.343348999023437500e+02
1.091455817222595215e+00
2.195451974868774414e+00
-8.882047981023788452e-02
1.052462533116340637e-01
-5.534072518348693848e-01
-1.738015413284301758e+00
1.313206404447555542e-01
1.074128627777099609e+00
5.274002552032470703e-01
3.085868225097656250e+02
2.785430297851562500e+02
1.786665039062500000e+02
2.271453399658203125e+02
1.573323516845703125e+02
6.317097091674804688e+01
1.092179718017578125e+02
5.547457885742187500e+01
-8.250164985656738281e-02
-1.172747835516929626e-02
5.424158275127410889e-02
1.199379414319992065e-01
5.514302849769592285e-02
1.307565867900848389e-01
4.508022964000701904e-02
-7.892719656229019165e-02
1.311360485851764679e-02
3.905236721038818359e-02
2.648384857177734375e+01
3.165963172912597656e+01
4.873330688476562500e+01
3.721393966674804688e+01
4.731630706787109375e+01
4.997118377685546875e+01
3.443591690063476562e+01
2.708293914794921875e+01
3.135606765747070312e+01
-2.107765197753906250e+00
-1.928588151931762695e+00
-3.505951642990112305e+00
2.474313735961914062e+00
1.216003894805908203e+00
-2.168955326080322266e+00
3.102950811386108398e+00
-4.265930503606796265e-03
-2.260290861129760742e+00
-3.227130174636840820e+00
-7.118074297904968262e-01
-1.296896338462829590e+00
-4.501369953155517578e+00
-2.858561038970947266e+00
-7.988337874412536621e-01
-6.293905735015869141e+00
-4.624153137207031250e+00
-2.945411443710327148e+00
3.650964660644531250e+02
3.367978515625000000e+02
3.251313171386718750e+02
4.494250488281250000e+02
4.167870788574218750e+02
4.172165832519531250e+02
3.911591186523437500e+02
3.501280822753906250e+02
3.695867004394531250e+02
-3.353641331195831299e-01
4.338049590587615967e-01
-8.354507386684417725e-03
-1.098420470952987671e-01
1.166808605194091797e+00
7.075539827346801758e-01
1.973533183336257935e-01
5.713898539543151855e-01
-2.476496398448944092e-01
1.669503450393676758e+00
5.755083560943603516e+00
5.817491531372070312e+00
-3.818902492523193359e+00
8.019036054611206055e-01
-5.914831161499023438e-02
-9.117150306701660156e-01
3.952211380004882812e+00
4.679697513580322266e+00
-1.785417944192886353e-01
-6.999710202217102051e-01
-1.087879300117492676e+00
-8.601314425468444824e-01
-6.005524992942810059e-01
-1.484726309776306152e+00
-2.208520174026489258e-01
2.005152106285095215e-01
-1.668348908424377441e-01
3.774709777832031250e+02
3.704696044921875000e+02
3.139624938964843750e+02
3.319896850585937500e+02
2.699587707519531250e+02
2.327362365722656250e+02
2.157026062011718750e+02
1.581262054443359375e+02
1.236176681518554688e+02
4.061306953430175781e+00
5.019320011138916016e+00
1.314167976379394531e+00
7.368603944778442383e-01
-1.290202379226684570e+00
-2.327525854110717773e+00
6.524004936218261719e+00
4.722106456756591797e+00
3.697784423828125000e+00
3.167762947082519531e+01
4.144644927978515625e+01
3.651059722900390625e+01
4.676206970214843750e+01
4.489369964599609375e+01
3.148262977600097656e+01
4.332008743286132812e+01
4.994255065917968750e+01
4.050276184082031250e+01
4.356069183349609375e+01
4.711346435546875000e+01
4.218946838378906250e+01
4.286660385131835938e+01
4.416361236572265625e+01
3.825448608398437500e+01
3.313793945312500000e+01
3.293342590332031250e+01
2.868055915832519531e+01
2.098705444335937500e+02
1.107021865844726562e+02
1.038650817871093750e+02
1.324129791259765625e+02
6.086237335205078125e+01
8.149559783935546875e+01
1.200717010498046875e+02
8.110118103027343750e+01
1.221126556396484375e+02
4.665252075195312500e+02
5.080341491699218750e+02
5.591461791992187500e+02
5.413219604492187500e+02
5.713068847656250000e+02
5.903114013671875000e+02
5.136934204101562500e+02
5.271199951171875000e+02
5.213383789062500000e+02
1.602307891845703125e+01
1.764756774902343750e+01
1.326296520233154297e+01
1.584777259826660156e+01
1.807827568054199219e+01
1.437643146514892578e+01
1.731319427490234375e+01
1.971718597412109375e+01
1.688704490661621094e+01
8.606785888671875000e+02
8.746250000000000000e+02
8.914334716796875000e+02
8.528422241210937500e+02
8.826608886718750000e+02
9.267614135742187500e+02
8.748539428710937500e+02
9.264071044921875000e+02
9.980363769531250000e+02
3.674880042672157288e-02
2.850071899592876434e-02
5.953493341803550720e-02
6.354004144668579102e-02
9.978237003087997437e-02
1.050884127616882324e-01
-2.446396835148334503e-02
2.827453613281250000e-02
2.315437607467174530e-02
1.311873168945312500e+02
1.299268798828125000e+02
1.471071929931640625e+02
1.573569183349609375e+02
1.441236877441406250e+02
1.610597076416015625e+02
1.500461425781250000e+02
1.290212402343750000e+02
1.545966949462890625e+02
1.103526782989501953e+01
1.429462242126464844e+01
1.032453632354736328e+01
1.159972190856933594e+01
1.786545181274414062e+01
1.181086635589599609e+01
1.049288463592529297e+01
1.572963905334472656e+01
1.237085247039794922e+01
6.577411174774169922e+00
1.437292861938476562e+01
6.734430313110351562e+00
8.715602874755859375e+00
1.751904678344726562e+01
7.261960983276367188e+00
9.732177734375000000e+00
1.996410751342773438e+01
7.205283164978027344e+00
1.478958618164062500e+03
1.514985595703125000e+03
1.624873291015625000e+03
1.512684570312500000e+03
1.548234863281250000e+03
1.682275024414062500e+03
1.542266845703125000e+03
1.566737792968750000e+03
1.712539062500000000e+03
3.072366714477539062e+00
3.732710123062133789e+00
2.296740770339965820e+00
3.552093029022216797e+00
4.644433021545410156e+00
2.969342947006225586e+00
3.668319463729858398e+00
4.685749530792236328e+00
2.491570711135864258e+00
4.278293132781982422e+00
3.889005422592163086e+00
8.859190940856933594e+00
5.382612705230712891e+00
6.567327499389648438e+00
1.078742122650146484e+01
1.626431941986083984e+00
2.129798650741577148e+00
6.786648273468017578e+00
3.108550071716308594e+00
3.623448133468627930e+00
3.422223329544067383e+00
4.267814159393310547e+00
4.584259986877441406e+00
5.214335918426513672e+00
4.533958911895751953e+00
5.529437065124511719e+00
5.998124599456787109e+00
9.071917724609375000e+02
9.324710693359375000e+02
9.373804321289062500e+02
8.778669433593750000e+02
9.271615600585937500e+02
9.311987304687500000e+02
8.420145874023437500e+02
9.149621582031250000e+02
9.340718383789062500e+02
2.346748733520507812e+01
2.555812644958496094e+01
1.922102546691894531e+01
2.702632141113281250e+01
2.894654655456542969e+01
2.132111740112304688e+01
2.118121147155761719e+01
2.201869773864746094e+01
1.632952880859375000e+01
1.700447845458984375e+02
1.812026214599609375e+02
1.642338256835937500e+02
1.716426239013671875e+02
1.781151885986328125e+02
1.700308227539062500e+02
1.661804351806640625e+02
1.825637969970703125e+02
1.845142974853515625e+02
1.472661590576171875e+02
1.539003753662109375e+02
1.568672637939453125e+02
1.520371551513671875e+02
1.591155090332031250e+02
1.628742370605468750e+02
1.413806762695312500e+02
1.485847167968750000e+02
1.550638122558593750e+02
1.031743652343750000e+03
1.046381713867187500e+03
1.129342773437500000e+03
1.092041870117187500e+03
1.107308349609375000e+03
1.183213012695312500e+03
1.041710205078125000e+03
1.063754638671875000e+03
1.118655761718750000e+03
5.723381835937500000e+03
5.701835449218750000e+03
5.371594238281250000e+03
5.224287597656250000e+03
4.913159179687500000e+03
4.545997558593750000e+03
5.078678222656250000e+03
4.850293457031250000e+03
4.582491699218750000e+03
1.131398086547851562e+02
2.950144195556640625e+01
4.925968933105468750e+01
1.157455291748046875e+02
4.090850067138671875e+01
6.384290313720703125e+01
1.183179779052734375e+02
4.615427017211914062e+01
6.239706802368164062e+01
6.796762695312500000e+03
6.674985839843750000e+03
6.703649902343750000e+03
6.108097167968750000e+03
6.171500488281250000e+03
6.326989257812500000e+03
5.473818359375000000e+03
5.642516113281250000e+03
5.935357421875000000e+03
5.102086067199707031e-01
5.966948270797729492e-01
1.047879219055175781e+00
7.411228418350219727e-01
7.370913028717041016e-01
1.094697713851928711e+00
-5.629496574401855469e-01
9.023694396018981934e-01
6.517799496650695801e-01
1.371959228515625000e+03
1.352408081054687500e+03
9.292145385742187500e+02
1.499587036132812500e+03
1.385832763671875000e+03
9.023232421875000000e+02
1.282316162109375000e+03
1.114883300781250000e+03
7.473556518554687500e+02
1.480319366455078125e+02
1.131736907958984375e+02
1.253321533203125000e+02
1.691157989501953125e+02
1.055508956909179688e+02
1.266016006469726562e+02
1.558238830566406250e+02
1.230335083007812500e+02
1.055295333862304688e+02
9.056301879882812500e+01
3.896299362182617188e+01
1.074129867553710938e+01
6.162601089477539062e+01
4.300585746765136719e+00
1.179524040222167969e+01
1.135251541137695312e+02
5.800613880157470703e+00
1.441220188140869141e+01
1.472459570312500000e+04
1.540980468750000000e+04
1.479815234375000000e+04
1.501275390625000000e+04
1.572341308593750000e+04
1.513128613281250000e+04
1.364899023437500000e+04
1.436040917968750000e+04
1.368145605468750000e+04
2.110298347473144531e+01
8.363397598266601562e+00
9.773938179016113281e+00
2.106538391113281250e+01
6.826848983764648438e+00
7.293591499328613281e+00
2.677959251403808594e+01
3.461556196212768555e+00
8.027845382690429688e+00
3.149235343933105469e+01
4.046773529052734375e+01
4.154627227783203125e+01
1.390923881530761719e+01
2.626142501831054688e+01
2.445536041259765625e+01
2.024077606201171875e+01
3.667343521118164062e+01
2.304968643188476562e+01
4.885198211669921875e+01
5.246575927734375000e+01
4.502848052978515625e+01
6.468865203857421875e+01
7.387785339355468750e+01
6.087770462036132812e+01
5.235727691650390625e+01
6.034431838989257812e+01
5.265477371215820312e+01
1.097049707031250000e+04
1.116287207031250000e+04
1.100885253906250000e+04
1.176697949218750000e+04
1.169364355468750000e+04
1.174551367187500000e+04
1.077298339843750000e+04
1.103220214843750000e+04
1.133124609375000000e+04
1.656324615478515625e+02
1.291987457275390625e+02
7.383757781982421875e+01
1.250879974365234375e+02
8.952758026123046875e+01
4.867770767211914062e+01
9.920689392089843750e+01
8.440734100341796875e+01
4.983934020996093750e+01
1.132835937500000000e+03
1.174350219726562500e+03
1.195535522460937500e+03
1.161991455078125000e+03
1.265878784179687500e+03
1.302597900390625000e+03
1.104085083007812500e+03
1.130497924804687500e+03
1.269628295898437500e+03
1.353367309570312500e+03
1.341152832031250000e+03
1.295851806640625000e+03
1.253344726562500000e+03
1.214297973632812500e+03
1.187341674804687500e+03
1.183224121093750000e+03
1.185113525390625000e+03
1.137949707031250000e+03
6.598681152343750000e+03
6.444415527343750000e+03
6.144630859375000000e+03
6.638533691406250000e+03
6.527722167968750000e+03
6.386778320312500000e+03
6.729838378906250000e+03
6.878010253906250000e+03
6.420527832031250000e+03
-6.268864059448242188e+01
-6.828974914550781250e+01
-1.050158004760742188e+02
-9.563841819763183594e+00
-1.851819419860839844e+01
-6.848271179199218750e+01
-4.098836898803710938e+00
-3.973755645751953125e+01
-9.463827514648437500e+01
-1.223897218704223633e+00
-8.149248361587524414e-01
-1.210468769073486328e+00
-3.096703052520751953e+00
-3.550977468490600586e+00
-2.379104852676391602e+00
-3.672118902206420898e+00
-3.219591617584228516e+00
-2.625427246093750000e+00
-2.072395782470703125e+02
-3.028393859863281250e+02
-3.988705139160156250e+02
-2.779616394042968750e+02
-3.631262512207031250e+02
-4.456543579101562500e+02
-3.403437805175781250e+02
-4.116261291503906250e+02
-4.639935913085937500e+02
2.385708503425121307e-02
2.429718896746635437e-02
-3.536935430020093918e-03
-1.978926360607147217e-02
8.756533265113830566e-02
-6.156133860349655151e-02
4.773011431097984314e-02
5.877356044948101044e-03
-2.503879740834236145e-02
-2.552737808227539062e+01
1.037398433685302734e+01
-1.411315917968750000e+01
-2.265817832946777344e+01
1.001297473907470703e+01
-1.664829826354980469e+01
-2.503586769104003906e+01
5.239674091339111328e+00
-2.017015266418457031e+01
-7.380996704101562500e+00
-7.838033676147460938e+00
-7.257874488830566406e+00
-6.787807941436767578e+00
-8.573558807373046875e+00
-8.707590103149414062e+00
-6.524929046630859375e+00
-6.246671676635742188e+00
-7.386034011840820312e+00
-9.072839736938476562e+00
-9.905987739562988281e+00
-2.486051559448242188e+00
-7.256158828735351562e+00
-1.061175727844238281e+01
-3.686602830886840820e+00
-1.012524223327636719e+01
-1.222260665893554688e+01
-2.936558246612548828e+00
-3.436708068847656250e+02
-3.893332214355468750e+02
-4.933873291015625000e+02
-3.471408081054687500e+02
-4.111441955566406250e+02
-5.071657714843750000e+02
-3.844472961425781250e+02
-4.510225830078125000e+02
-5.316757202148437500e+02
-1.092292070388793945e+00
-5.043133497238159180e-01
-4.210376441478729248e-01
-5.811312198638916016e-01
-4.478244185447692871e-01
4.528455808758735657e-02
-7.466526627540588379e-01
-3.677516877651214600e-01
1.087604314088821411e-01
-2.049057483673095703e-01
4.130602836608886719e+00
-1.923970460891723633e+00
-2.696097135543823242e+00
1.872193217277526855e+00
-3.591400384902954102e+00
-5.623751282691955566e-01
4.900249004364013672e+00
-1.405342698097229004e+00
-1.329770565032958984e+00
-1.768073439598083496e+00
-1.602658152580261230e+00
-1.785519480705261230e+00
-2.407906293869018555e+00
-1.998314976692199707e+00
-1.715671062469482422e+00
-1.642439365386962891e+00
-1.648725867271423340e+00
-1.942767333984375000e+02
-2.382363586425781250e+02
-3.296509399414062500e+02
-2.522140350341796875e+02
-3.037497253417968750e+02
-3.791969909667968750e+02
-3.958270263671875000e+02
-4.300702514648437500e+02
-4.956865844726562500e+02
2.135031074285507202e-01
3.478063941001892090e-01
-1.582775235176086426e+00
-1.625976443290710449e+00
-1.650620460510253906e+00
-4.047702312469482422e+00
1.909028291702270508e+00
1.272329092025756836e+00
-1.284159898757934570e+00
-3.512269556522369385e-01
6.676077365875244141e+00
-3.604485988616943359e+00
6.918360710144042969e+00
6.118518352508544922e+00
-9.927293777465820312e+00
1.162394332885742188e+01
1.249932670593261719e+01
-4.518620014190673828e+00
-2.677479171752929688e+01
-3.257055664062500000e+01
-4.020130157470703125e+01
-2.618129920959472656e+01
-3.261283493041992188e+01
-4.105509948730468750e+01
-2.343626403808593750e+01
-3.067195510864257812e+01
-3.955683135986328125e+01
-1.926794586181640625e+02
-1.895823059082031250e+02
-1.833533935546875000e+02
-1.832205352783203125e+02
-1.849486999511718750e+02
-1.839148864746093750e+02
-1.649288635253906250e+02
-1.657990417480468750e+02
-1.354662322998046875e+02
-2.398943138122558594e+01
5.442853450775146484e+00
-1.528882026672363281e+01
-3.776305675506591797e+00
2.025663757324218750e+01
-2.411026716232299805e+00
2.060046768188476562e+01
3.988558197021484375e+01
2.340082740783691406e+01
6.979436874389648438e-01
3.863578289747238159e-02
3.647799789905548096e-01
6.955530047416687012e-01
-4.633797109127044678e-01
-1.164576262235641479e-01
6.371557116508483887e-01
-5.880857110023498535e-01
7.374327629804611206e-02
4.095773696899414062e+01
3.354617691040039062e+01
2.314730644226074219e+01
4.731546020507812500e+01
4.030042648315429688e+01
3.632331085205078125e+01
5.197346878051757812e+01
6.012495422363281250e+01
6.721076965332031250e+01
-1.171733438968658447e-02
2.020891942083835602e-02
-1.811534538865089417e-02
1.966109313070774078e-02
3.483000397682189941e-02
-2.344067022204399109e-02
-2.562306448817253113e-02
-1.042872481048107147e-02
-2.477903664112091064e-02
4.172430515289306641e+00
5.992325544357299805e-01
7.951813936233520508e-01
5.825327873229980469e+00
-2.602359056472778320e+00
-1.946058273315429688e+00
1.320945739746093750e+01
3.784112691879272461e+00
9.975681304931640625e-01
-2.077696770429611206e-01
-6.316074132919311523e-01
-8.945826292037963867e-01
-7.279400825500488281e-01
-9.732287526130676270e-01
9.295810461044311523e-01
3.304942846298217773e-01
1.638925552368164062e+00
7.035701870918273926e-01
-1.136496067047119141e+00
1.122407555580139160e+00
-4.167619645595550537e-01
-1.703183054924011230e+00
3.090084314346313477e+00
1.419594526290893555e+00
2.912156516686081886e-03
2.012727499008178711e+00
3.960280120372772217e-01
-1.526696801185607910e+00
5.673885345458984375e-01
8.748048782348632812e+00
1.939238786697387695e+00
4.681423187255859375e+00
1.368753910064697266e+01
3.682171630859375000e+01
4.268424224853515625e+01
5.600791931152343750e+01
-6.539799273014068604e-02
2.371172979474067688e-02
3.406247124075889587e-04
6.716603040695190430e-02
8.717021346092224121e-02
5.826114863157272339e-02
3.226677328348159790e-02
9.671474993228912354e-02
-2.232010662555694580e-02
-9.438170194625854492e-01
-6.435111761093139648e-01
-1.882602214813232422e+00
1.925962448120117188e+00
3.252698183059692383e+00
2.237004280090332031e+00
4.590537548065185547e-01
1.122414469718933105e+00
2.277383208274841309e-02
-1.963773220777511597e-01
-5.524550750851631165e-02
-6.813946366310119629e-02
-4.189744889736175537e-01
-1.913919150829315186e-01
-1.107419133186340332e-01
-5.225536227226257324e-02
2.081858217716217041e-01
-4.309842362999916077e-02
1.813470077514648438e+01
5.185088634490966797e+00
-2.019606781005859375e+01
8.800642013549804688e+00
-1.314990043640136719e+01
-1.379641532897949219e+01
9.139785766601562500e+00
1.501105785369873047e+00
1.965945434570312500e+01
-3.647058606147766113e-01
-2.067835628986358643e-01
-1.306007981300354004e+00
3.490811586380004883e+00
3.769922256469726562e+00
3.258919715881347656e+00
4.575657546520233154e-01
6.786369681358337402e-01
-3.661733269691467285e-01
6.469725370407104492e-01
-7.824194431304931641e-01
-1.788879156112670898e+00
1.905543088912963867e+00
-5.833824276924133301e-01
-5.943212985992431641e+00
4.138854146003723145e-01
-7.073978185653686523e-01
-4.785019874572753906e+00
1.717993378639221191e+00
1.984730243682861328e+00
1.032762050628662109e+00
5.741155147552490234e+00
6.642013549804687500e+00
6.480182170867919922e+00
5.855821609497070312e+00
6.403083324432373047e+00
7.466274738311767578e+00
3.590380191802978516e+00
-1.034604740142822266e+01
4.073783397674560547e+00
4.115997314453125000e+01
2.644600105285644531e+01
3.304372024536132812e+01
3.259354400634765625e+01
2.510641479492187500e+01
2.663565444946289062e+01
4.577517395019531250e+02
6.141691284179687500e+02
6.039409790039062500e+02
5.292214965820312500e+02
7.187948608398437500e+02
7.257305908203125000e+02
5.096304931640625000e+02
6.587065429687500000e+02
6.693710937500000000e+02
1.613902282714843750e+01
1.770844459533691406e+01
1.425985908508300781e+01
1.686172676086425781e+01
1.710364151000976562e+01
1.494794273376464844e+01
1.748014640808105469e+01
1.584169960021972656e+01
1.794983482360839844e+01
1.162345703125000000e+03
1.191323486328125000e+03
1.179343383789062500e+03
1.214731079101562500e+03
1.242320922851562500e+03
1.252050659179687500e+03
1.230654296875000000e+03
1.281261840820312500e+03
1.341804199218750000e+03
-2.636223100125789642e-02
8.315026760101318359e-03
-5.482194945216178894e-02
6.793645769357681274e-02
1.877432763576507568e-01
1.666275262832641602e-01
-8.971940726041793823e-02
2.714352123439311981e-02
-1.476977020502090454e-03
1.602828979492187500e+02
1.001256561279296875e+02
1.419340209960937500e+02
1.699793243408203125e+02
1.234926910400390625e+02
1.314146728515625000e+02
2.046691284179687500e+02
1.745867309570312500e+02
1.650109863281250000e+02
7.533332347869873047e+00
1.006112957000732422e+01
4.816377639770507812e+00
1.363410186767578125e+01
1.560256004333496094e+01
8.666798591613769531e+00
2.084562301635742188e+01
2.023916244506835938e+01
1.394409179687500000e+01
4.337124824523925781e+00
1.519366741180419922e+01
3.693488597869873047e+00
6.665375232696533203e+00
1.925425910949707031e+01
9.700961112976074219e+00
1.211566734313964844e+01
1.914190864562988281e+01
6.860036849975585938e+00
1.534296264648437500e+03
1.537868774414062500e+03
1.665688354492187500e+03
1.698479370117187500e+03
1.769366210937500000e+03
1.872122192382812500e+03
1.842451538085937500e+03
1.940207519531250000e+03
2.061390869140625000e+03
2.128829956054687500e+00
3.067585945129394531e+00
1.040053844451904297e+00
2.818659782409667969e+00
5.686648368835449219e+00
2.745653867721557617e+00
3.949521064758300781e+00
5.617577075958251953e+00
3.246595621109008789e+00
3.434834480285644531e+00
4.384916782379150391e+00
1.021098804473876953e+01
8.034741401672363281e+00
1.345393276214599609e+01
1.452767086029052734e+01
7.119659781455993652e-01
3.012008190155029297e+00
8.344636917114257812e+00
1.356562852859497070e+00
2.649748563766479492e+00
2.967692375183105469e+00
7.187001109123229980e-01
2.729708433151245117e+00
1.659654378890991211e+00
2.597690820693969727e+00
5.580169200897216797e+00
4.080888748168945312e+00
9.538897094726562500e+02
9.843823242187500000e+02
1.187216796875000000e+03
9.278318481445312500e+02
9.486259155273437500e+02
1.163348510742187500e+03
8.899529418945312500e+02
8.549990844726562500e+02
1.054885131835937500e+03
1.459626293182373047e+01
2.197462654113769531e+01
1.675063133239746094e+01
2.595766830444335938e+01
3.225322341918945312e+01
2.758448219299316406e+01
1.644297218322753906e+01
1.902478790283203125e+01
1.891070938110351562e+01
1.548414459228515625e+02
1.464535980224609375e+02
1.392288665771484375e+02
1.530402832031250000e+02
1.364816131591796875e+02
1.300001220703125000e+02
1.889957427978515625e+02
1.940636901855468750e+02
2.010172424316406250e+02
1.603222198486328125e+02
1.728919830322265625e+02
1.730257263183593750e+02
1.845249786376953125e+02
1.973122711181640625e+02
1.984099731445312500e+02
1.739283447265625000e+02
1.819076690673828125e+02
1.890285186767578125e+02
1.126167236328125000e+03
1.109105957031250000e+03
1.179515747070312500e+03
1.210505371093750000e+03
1.210377441406250000e+03
1.282792358398437500e+03
1.096065429687500000e+03
1.129245727539062500e+03
1.179805175781250000e+03
-3.280131225585937500e+02
-3.178443603515625000e+02
-3.332715454101562500e+02
-3.115117797851562500e+02
-3.177606201171875000e+02
-3.079586181640625000e+02
-2.981634216308593750e+02
-3.020610351562500000e+02
-2.742615966796875000e+02
-3.518165111541748047e+00
-3.267039537429809570e+00
-2.716650009155273438e+00
-2.694205760955810547e+00
-2.859722852706909180e+00
-2.521250724792480469e+00
-3.013068675994873047e+00
-4.141843795776367188e+00
-3.121034860610961914e+00
-5.440885620117187500e+02
-5.143256225585937500e+02
-5.002752990722656250e+02
-5.197709350585937500e+02
-4.995709228515625000e+02
-4.913161315917968750e+02
-5.087697448730468750e+02
-5.054049987792968750e+02
-5.092455139160156250e+02
4.247885569930076599e-02
-2.728657331317663193e-03
-6.137792766094207764e-02
-4.078948870301246643e-02
-3.688446059823036194e-02
-4.539279639720916748e-02
-8.672483265399932861e-03
1.139598898589611053e-03
-3.710242360830307007e-02
-6.457111358642578125e+01
-7.992890167236328125e+01
-8.053916168212890625e+01
-6.508376312255859375e+01
-8.261647033691406250e+01
-8.437272644042968750e+01
-7.310350036621093750e+01
-8.377691650390625000e+01
-9.550698852539062500e+01
-5.523054122924804688e+00
-5.202888488769531250e+00
-5.198680400848388672e+00
-5.410607814788818359e+00
-6.391692161560058594e+00
-4.553564071655273438e+00
-4.654575824737548828e+00
-5.891421318054199219e+00
-5.099346160888671875e+00
-5.713227748870849609e+00
-8.433608055114746094e+00
-2.362988710403442383e+00
-7.100068092346191406e+00
-9.489213943481445312e+00
-2.709477186203002930e+00
-8.662721633911132812e+00
-9.727392196655273438e+00
-2.403477668762207031e+00
-8.651618041992187500e+02
-8.809249267578125000e+02
-8.987971801757812500e+02
-8.767347412109375000e+02
-8.847246704101562500e+02
-9.064302978515625000e+02
-8.849395751953125000e+02
-8.808697509765625000e+02
-9.117648315429687500e+02
-8.061284422874450684e-01
-9.298666119575500488e-01
-6.874504089355468750e-01
-8.800188302993774414e-01
-1.353628873825073242e+00
-8.500060439109802246e-01
-6.737058162689208984e-01
-1.408891439437866211e+00
-7.187631130218505859e-01
-1.803206950426101685e-01
-1.552533060312271118e-01
-2.953966379165649414e+00
-1.516226649284362793e+00
-2.452368259429931641e+00
-4.257788181304931641e+00
-9.676100015640258789e-01
-1.042986989021301270e+00
-2.872710227966308594e+00
-1.442402601242065430e+00
-1.746396899223327637e+00
-2.039452314376831055e+00
-1.736142754554748535e+00
-2.066938638687133789e+00
-2.536118030548095703e+00
-2.296398878097534180e+00
-2.477602243423461914e+00
-2.818999052047729492e+00
-6.361574707031250000e+02
-6.551820678710937500e+02
-5.996350708007812500e+02
-6.078984375000000000e+02
-6.310606079101562500e+02
-5.778692626953125000e+02
-6.117789916992187500e+02
-6.335742187500000000e+02
-6.180610351562500000e+02
-6.554615974426269531e+00
-8.988835334777832031e+00
-7.235555648803710938e+00
-9.201807975769042969e+00
-1.252357864379882812e+01
-9.575254440307617188e+00
-8.226807594299316406e+00
-1.043212127685546875e+01
-7.753906726837158203e+00
-6.453076171875000000e+01
-7.348813629150390625e+01
-7.142711639404296875e+01
-5.561426544189453125e+01
-6.469280242919921875e+01
-6.665673828125000000e+01
-5.767365646362304688e+01
-6.201243972778320312e+01
-7.054219818115234375e+01
-8.596870422363281250e+01
-8.600923156738281250e+01
-8.587306213378906250e+01
-8.654175567626953125e+01
-8.592197418212890625e+01
-8.582631683349609375e+01
-7.909339904785156250e+01
-7.974971008300781250e+01
-7.998888397216796875e+01
-3.462196655273437500e+02
-3.629087829589843750e+02
-3.911040039062500000e+02
-3.462311706542968750e+02
-3.874539794921875000e+02
-4.285118408203125000e+02
-3.273477478027343750e+02
-3.584495239257812500e+02
-4.009050292968750000e+02
1.193418457031250000e+03
1.018591613769531250e+03
1.427848510742187500e+03
7.309212036132812500e+02
8.861134643554687500e+02
1.204282714843750000e+03
4.974677124023437500e+02
8.889349365234375000e+02
1.239021240234375000e+03
2.848480224609375000e+01
1.986691093444824219e+01
1.715987586975097656e+01
3.182341194152832031e+01
2.281047630310058594e+01
1.197962379455566406e+01
3.336347961425781250e+01
2.886892318725585938e+01
1.786466026306152344e+01
2.889701660156250000e+03
3.536377441406250000e+03
3.938762451171875000e+03
2.885792724609375000e+03
3.532141601562500000e+03
3.727680664062500000e+03
2.911458496093750000e+03
3.362557128906250000e+03
3.266073974609375000e+03
3.092104382812976837e-02
-2.710823342204093933e-02
3.132372349500656128e-02
-2.974215708673000336e-02
-2.558509111404418945e-01
8.054519891738891602e-01
-6.677316874265670776e-02
3.337315917015075684e-01
6.196362972259521484e-01
1.851408843994140625e+02
1.434060516357421875e+02
1.437589416503906250e+02
2.289003601074218750e+02
2.145302581787109375e+02
2.685429077148437500e+02
1.967533111572265625e+02
1.913718872070312500e+02
3.123945922851562500e+02
5.789305496215820312e+01
5.053139877319335938e+01
1.713766288757324219e+01
7.667163848876953125e+01
7.204737854003906250e+01
2.240662765502929688e+01
7.567838287353515625e+01
6.584994506835937500e+01
1.640382957458496094e+01
7.958865356445312500e+01
6.662469482421875000e+01
1.787515068054199219e+01
7.859226989746093750e+01
5.167252349853515625e+01
6.995972156524658203e+00
6.839050292968750000e+01
4.868070602416992188e+01
3.832194805145263672e+00
4.094737304687500000e+03
4.290103027343750000e+03
4.514801757812500000e+03
3.871066650390625000e+03
4.065171630859375000e+03
4.290565429687500000e+03
3.466605468750000000e+03
3.697640869140625000e+03
3.836562988281250000e+03
2.850766658782958984e+00
3.147143602371215820e+00
2.919288396835327148e+00
1.281364917755126953e+00
2.935662508010864258e+00
1.147829890251159668e+00
1.870791167020797729e-01
3.447280406951904297e+00
7.765356302261352539e-01
-7.998466968536376953e+00
-1.682238960266113281e+01
-3.306923389434814453e+00
-1.559485340118408203e+01
-1.235399341583251953e+01
-1.481605911254882812e+01
5.735294222831726074e-01
-1.829616904258728027e+00
8.067190647125244141e-01
1.045846748352050781e+01
9.113155364990234375e+00
7.940985202789306641e+00
1.465286540985107422e+01
1.486976337432861328e+01
1.407032394409179688e+01
7.051821708679199219e+00
6.040795803070068359e+00
8.979593276977539062e+00
2.549536865234375000e+03
2.786267333984375000e+03
3.426833251953125000e+03
2.715432373046875000e+03
2.917499023437500000e+03
3.325343994140625000e+03
2.640076904296875000e+03
2.816465576171875000e+03
3.015487548828125000e+03
-2.743834018707275391e+00
1.281334495544433594e+01
2.043434858322143555e+00
-1.788747024536132812e+01
-2.499057292938232422e+00
1.168176555633544922e+01
2.316375494003295898e+00
1.566129875183105469e+01
3.328367996215820312e+01
5.961029434204101562e+01
9.257699584960937500e+01
1.593490142822265625e+02
6.689218902587890625e+01
1.542641143798828125e+02
2.218623962402343750e+02
4.962877273559570312e+01
1.547049865722656250e+02
1.821316833496093750e+02
2.688682556152343750e+02
3.018794860839843750e+02
3.598633422851562500e+02
2.214852905273437500e+02
2.507088012695312500e+02
3.005398254394531250e+02
2.143974609375000000e+02
2.582314147949218750e+02
2.870919799804687500e+02
1.937360107421875000e+03
1.785682006835937500e+03
1.441598754882812500e+03
1.773153930664062500e+03
1.578512695312500000e+03
1.212813110351562500e+03
1.715018310546875000e+03
1.512488037109375000e+03
1.222945434570312500e+03
1.062151184082031250e+02
1.619927673339843750e+02
1.473918457031250000e+02
1.728930969238281250e+02
2.369958343505859375e+02
2.045853424072265625e+02
1.752969970703125000e+02
1.939877777099609375e+02
1.701580810546875000e+02
1.909915328025817871e+00
3.902654886245727539e+00
2.455542564392089844e+00
1.213487505912780762e+00
2.409616470336914062e+00
1.146238088607788086e+00
4.998765587806701660e-01
2.853186368942260742e+00
1.455740809440612793e+00
2.821257629394531250e+02
2.534537963867187500e+02
2.178175964355468750e+02
2.689093322753906250e+02
2.317828216552734375e+02
2.078398437500000000e+02
2.506568908691406250e+02
2.317007751464843750e+02
2.278739318847656250e+02
3.691897168755531311e-02
3.228857368230819702e-02
-1.133132074028253555e-02
8.882817812263965607e-03
1.241753324866294861e-01
1.021101623773574829e-01
-1.764875720255076885e-03
-4.516026377677917480e-02
-3.215218707919120789e-02
4.399967193603515625e+01
3.318151855468750000e+01
5.632503890991210938e+01
4.757299423217773438e+01
4.305253219604492188e+01
6.097769165039062500e+01
4.757855987548828125e+01
4.305088424682617188e+01
5.515415191650390625e+01
-4.854263365268707275e-01
1.844980269670486450e-01
-1.370526105165481567e-01
2.883726358413696289e-01
1.535978913307189941e+00
2.108913898468017578e+00
1.809119224548339844e+00
2.514534950256347656e+00
4.490098476409912109e+00
-4.776587963104248047e+00
3.830866575241088867e+00
8.130102157592773438e-01
-5.472292900085449219e+00
3.120022296905517578e+00
9.593183398246765137e-01
-3.731418371200561523e+00
4.285170078277587891e+00
9.513623118400573730e-01
3.865524597167968750e+02
3.557669677734375000e+02
4.075578308105468750e+02
4.385371704101562500e+02
4.136225585937500000e+02
4.660197143554687500e+02
4.888395690917968750e+02
4.608169250488281250e+02
5.175780639648437500e+02
1.199986562132835388e-01
9.713478088378906250e-01
1.740772277116775513e-01
7.394244074821472168e-01
1.456188559532165527e+00
6.700138449668884277e-01
5.507710576057434082e-01
1.657553076744079590e+00
5.670765638351440430e-01
1.695126175880432129e+00
3.323119163513183594e+00
2.691063404083251953e+00
2.464601278305053711e+00
4.170973300933837891e+00
4.629863739013671875e+00
5.064249038696289062e-01
1.535769820213317871e+00
2.689890146255493164e+00
3.390605151653289795e-01
4.254687428474426270e-01
4.555795490741729736e-01
1.386913508176803589e-01
3.743187785148620605e-01
4.455542266368865967e-01
3.091224730014801025e-01
7.538959383964538574e-01
7.653179168701171875e-01
3.204506835937500000e+02
3.125163879394531250e+02
2.952913513183593750e+02
3.121947021484375000e+02
2.945947875976562500e+02
2.963740844726562500e+02
2.858861083984375000e+02
2.604028930664062500e+02
2.700039672851562500e+02
7.099156856536865234e+00
8.534525871276855469e+00
7.034797668457031250e+00
9.387277603149414062e+00
9.614623069763183594e+00
7.595541477203369141e+00
7.077901363372802734e+00
6.471022605895996094e+00
3.770711898803710938e+00
3.233164215087890625e+01
3.620919418334960938e+01
2.963345909118652344e+01
3.404975128173828125e+01
3.045342063903808594e+01
2.315243721008300781e+01
4.081070709228515625e+01
4.073962020874023438e+01
3.627154159545898438e+01
4.544092178344726562e+01
4.672718811035156250e+01
4.373067092895507812e+01
5.451301574707031250e+01
5.619778060913085938e+01
5.295962524414062500e+01
5.047601318359375000e+01
5.070889282226562500e+01
4.950179672241210938e+01
1.955779418945312500e+02
1.762586517333984375e+02
2.184827117919921875e+02
2.070197143554687500e+02
1.996771240234375000e+02
2.569040527343750000e+02
1.933976898193359375e+02
1.930066833496093750e+02
2.429496002197265625e+02
1.593989715576171875e+02
1.776892089843750000e+02
1.689622192382812500e+02
8.899176025390625000e+01
9.555417633056640625e+01
9.782155609130859375e+01
8.147975158691406250e+01
8.694510650634765625e+01
9.612468719482421875e+01
5.423893928527832031e-01
-3.763552606105804443e-01
-3.658654689788818359e-01
1.551446914672851562e+00
2.201785147190093994e-01
-4.493980705738067627e-01
1.017957210540771484e+00
5.107070207595825195e-01
-6.224845051765441895e-01
2.003513488769531250e+02
2.153031158447265625e+02
2.557451324462890625e+02
1.996665191650390625e+02
2.300511779785156250e+02
2.620948181152343750e+02
2.089411773681640625e+02
2.520894317626953125e+02
2.603409423828125000e+02
-2.209396474063396454e-02
-6.832664459943771362e-02
-1.721724867820739746e-03
-6.236567161977291107e-03
2.272859029471874237e-02
5.170416086912155151e-02
-1.223779562860727310e-02
-2.702294848859310150e-02
2.284820424392819405e-03
4.036144638061523438e+01
3.234298324584960938e+01
8.692626953125000000e+00
3.702817535400390625e+01
2.087306594848632812e+01
6.008308887481689453e+00
5.093009185791015625e+01
3.772137832641601562e+01
1.590949440002441406e+01
4.687242031097412109e+00
7.754909992218017578e+00
6.209048748016357422e+00
4.000880718231201172e+00
6.313651084899902344e+00
5.576347827911376953e+00
3.045537710189819336e+00
4.531568050384521484e+00
3.111834049224853516e+00
1.132754683494567871e+00
9.224056601524353027e-01
2.150775432586669922e+00
1.292025804519653320e+00
2.156032323837280273e+00
2.118327856063842773e+00
2.923857927322387695e+00
1.773320436477661133e+00
9.796938300132751465e-02
4.093036804199218750e+02
4.448286743164062500e+02
4.323280639648437500e+02
4.097270202636718750e+02
4.279863891601562500e+02
4.318674926757812500e+02
3.791271057128906250e+02
3.901463928222656250e+02
4.027004699707031250e+02
-2.034676522016525269e-01
-1.465697735548019409e-01
-1.773696243762969971e-01
-8.441696166992187500e-01
-3.555548191070556641e-01
-5.336409211158752441e-01
-5.590533018112182617e-01
1.305735260248184204e-01
-9.981870651245117188e-02
6.529773473739624023e-01
4.999477267265319824e-01
-1.555005192756652832e+00
9.404897093772888184e-01
1.904592871665954590e+00
-8.629938960075378418e-01
3.162120282649993896e-01
-5.095373392105102539e-01
-1.656209230422973633e+00
1.308508157730102539e+00
4.737456440925598145e-01
9.059602618217468262e-01
1.539464950561523438e+00
5.076288580894470215e-01
7.787604928016662598e-01
2.119119405746459961e+00
6.474989652633666992e-01
1.392622828483581543e+00
3.375823364257812500e+02
2.940275878906250000e+02
3.105181884765625000e+02
3.713721618652343750e+02
3.407457275390625000e+02
3.287275390625000000e+02
3.545590515136718750e+02
3.249605407714843750e+02
3.185404968261718750e+02
1.664111375808715820e+00
1.128829240798950195e+00
-4.642525315284729004e-01
1.642459869384765625e+00
-6.463654339313507080e-02
-6.626244783401489258e-01
1.567773342132568359e+00
-3.265947103500366211e-03
-1.178607583045959473e+00
1.721535491943359375e+01
2.543079376220703125e+01
2.474031066894531250e+01
1.189359378814697266e+01
2.192932128906250000e+01
2.927457809448242188e+01
1.584632205963134766e+01
2.650706481933593750e+01
3.346771621704101562e+01
3.792272186279296875e+01
3.702804183959960938e+01
3.605070495605468750e+01
3.355761337280273438e+01
3.365741348266601562e+01
3.345656204223632812e+01
2.971753120422363281e+01
3.120712280273437500e+01
3.231174468994140625e+01
1.360221710205078125e+02
1.382071075439453125e+02
1.159070129394531250e+02
1.732530517578125000e+02
1.671221466064453125e+02
1.497967071533203125e+02
1.700011138916015625e+02
1.494082336425781250e+02
1.297116546630859375e+02
1.421555328369140625e+01
1.153072052001953125e+02
1.679762268066406250e+02
2.095190238952636719e+01
1.469450988769531250e+02
2.003617401123046875e+02
5.620676803588867188e+01
1.515603332519531250e+02
1.891992492675781250e+02
3.617042899131774902e-01
1.023379445075988770e+00
-1.558625936508178711e+00
-2.940363287925720215e-01
7.973822951316833496e-01
-1.356244206428527832e+00
-1.925644874572753906e-01
3.250837326049804688e-01
-3.180367350578308105e-01
3.376997070312500000e+02
4.120991516113281250e+02
4.275909423828125000e+02
3.451764221191406250e+02
3.906157226562500000e+02
3.835829162597656250e+02
3.003708496093750000e+02
3.355817565917968750e+02
3.344868164062500000e+02
4.357163235545158386e-02
-1.775322668254375458e-02
2.575911022722721100e-02
1.994030736386775970e-02
-1.342510897666215897e-02
2.621283568441867828e-02
2.701626345515251160e-02
-2.948291972279548645e-02
2.478846721351146698e-02
9.756917953491210938e+00
1.222337603569030762e+00
2.570763969421386719e+01
1.953269195556640625e+01
1.120101833343505859e+01
2.772433090209960938e+01
1.848035621643066406e+01
2.238546943664550781e+01
3.531227874755859375e+01
3.439955234527587891e+00
6.320589542388916016e+00
1.154568552970886230e+00
6.468743801116943359e+00
8.334197998046875000e+00
3.970529794692993164e+00
1.031250667572021484e+01
9.496975898742675781e+00
4.549255847930908203e+00
1.234327316284179688e+00
8.803681373596191406e+00
1.601697087287902832e+00
2.967498064041137695e+00
9.409520149230957031e+00
2.124016046524047852e+00
4.970090389251708984e+00
9.833615303039550781e+00
6.694783568382263184e-01
2.965567016601562500e+02
3.196643981933593750e+02
3.723664245605468750e+02
3.357506408691406250e+02
3.816654663085937500e+02
4.283520202636718750e+02
3.664127502441406250e+02
4.033943481445312500e+02
4.430706176757812500e+02
-6.217847466468811035e-01
-3.821160793304443359e-01
-7.187409996986389160e-01
-4.584099948406219482e-01
5.445458889007568359e-01
-4.335080385208129883e-01
-2.490459829568862915e-01
3.889621496200561523e-01
-1.236799880862236023e-01
-7.902747392654418945e-01
-9.038359522819519043e-01
1.033093333244323730e+00
-2.286656200885772705e-01
8.789137005805969238e-03
1.807357311248779297e+00
3.957304060459136963e-01
8.012796044349670410e-01
1.567010283470153809e+00
5.957062840461730957e-01
1.309582144021987915e-01
9.241604804992675781e-02
9.399545937776565552e-02
-3.328738212585449219e-01
-2.941885590553283691e-01
2.660529501736164093e-02
5.364986881613731384e-02
-1.850020289421081543e-01
2.531010742187500000e+02
2.552065124511718750e+02
3.389093322753906250e+02
2.357900085449218750e+02
2.195734252929687500e+02
3.020364379882812500e+02
2.043640594482421875e+02
1.662800903320312500e+02
2.609378967285156250e+02
-6.098232269287109375e+00
-2.687779188156127930e+00
-1.388832569122314453e+00
-2.230755567550659180e+00
1.552149355411529541e-01
2.022273778915405273e+00
-2.983339071273803711e+00
6.610832214355468750e-01
2.101812839508056641e+00
-2.102114105224609375e+01
-1.871234130859375000e+01
-9.964689254760742188e+00
-1.102407836914062500e+01
-1.666168785095214844e+01
-5.525159358978271484e+00
1.545141935348510742e-01
5.677888393402099609e-01
9.145941734313964844e+00
2.278964805603027344e+01
2.994378852844238281e+01
3.180070114135742188e+01
2.731051826477050781e+01
3.530434799194335938e+01
3.587889099121093750e+01
2.435259437561035156e+01
3.030140876770019531e+01
3.333154678344726562e+01
1.099670257568359375e+02
6.360028839111328125e+01
3.109797286987304688e+01
8.830519866943359375e+01
4.440271759033203125e+01
2.553921890258789062e+01
5.637996673583984375e+01
2.733058547973632812e+01
1.681277465820312500e+01
-3.773304224014282227e+00
-1.150245666503906250e+01
-1.830758476257324219e+01
-4.172625732421875000e+01
-5.268808364868164062e+01
-6.118505859375000000e+01
-5.904457092285156250e+01
-6.811089324951171875e+01
-6.530817413330078125e+01
6.295851469039916992e-01
3.420760035514831543e-01
2.509040236473083496e-01
-5.125412344932556152e-01
6.302843093872070312e-01
-9.615299105644226074e-02
-1.423430144786834717e-01
1.001703500747680664e+00
2.492208033800125122e-02
-6.922422790527343750e+01
-6.199691390991210938e+01
-6.380302810668945312e+01
-5.953296279907226562e+01
-5.516064071655273438e+01
-5.810423278808593750e+01
-4.784525299072265625e+01
-4.490914154052734375e+01
-5.025091171264648438e+01
3.812558203935623169e-02
3.550407662987709045e-02
8.454352617263793945e-02
-2.163769491016864777e-02
3.064794093370437622e-02
5.535479262471199036e-02
1.288226805627346039e-02
7.254137843847274780e-02
1.557461917400360107e-03
-2.401314544677734375e+01
-1.164476203918457031e+01
-1.984315299987792969e+01
-2.845150756835937500e+01
-1.421543979644775391e+01
-1.434009075164794922e+01
-2.598852920532226562e+01
-1.514024162292480469e+01
-3.118141174316406250e+00
9.750814437866210938e-01
1.345612764358520508e+00
-2.556332945823669434e-01
1.967005252838134766e+00
-7.328371405601501465e-01
-2.286623239517211914e+00
-1.883352756500244141e+00
-3.223785877227783203e+00
-2.400515794754028320e+00
-7.392390966415405273e-01
4.371886849403381348e-01
-2.541216015815734863e-01
4.560543894767761230e-01
7.349200248718261719e-01
3.365357965230941772e-02
-8.763566613197326660e-01
1.493748784065246582e+00
3.003838360309600830e-01
-9.762889099121093750e+01
-8.507439422607421875e+01
-9.079682159423828125e+01
-1.077416000366210938e+02
-1.009135742187500000e+02
-1.116400451660156250e+02
-1.383479156494140625e+02
-1.310485382080078125e+02
-1.503844757080078125e+02
2.689911425113677979e-01
1.893439888954162598e-01
2.535797059535980225e-01
-4.201710224151611328e-01
-4.896952807903289795e-01
-3.928562402725219727e-01
-4.430626928806304932e-01
-5.203509330749511719e-01
-5.994857549667358398e-01
-2.071255594491958618e-01
3.866100311279296875e-01
-2.273401498794555664e+00
-2.933860719203948975e-01
-3.147949874401092529e-01
-2.268564224243164062e+00
-6.876363158226013184e-01
-5.214656889438629150e-02
-2.902242898941040039e+00
-2.975676357746124268e-01
-2.579187154769897461e-01
-1.759981065988540649e-01
-1.961809098720550537e-01
7.993336021900177002e-02
4.223119318485260010e-01
4.491408765316009521e-01
5.012308359146118164e-01
5.944069623947143555e-01
-9.721150970458984375e+01
-1.128378601074218750e+02
-9.344942474365234375e+01
-9.072605895996093750e+01
-8.817228698730468750e+01
-8.829907989501953125e+01
-7.520339202880859375e+01
-5.988458633422851562e+01
-7.215745544433593750e+01
4.326003789901733398e-02
-4.933069050312042236e-01
-7.902568578720092773e-01
-2.114891767501831055e+00
-8.490013480186462402e-01
-1.244544744491577148e+00
-4.010377883911132812e+00
-1.610869288444519043e+00
-1.686799407005310059e+00
-2.351212024688720703e+00
5.637852668762207031e+00
-3.415627479553222656e-01
-6.220073699951171875e+00
9.234708547592163086e-01
-8.394147872924804688e+00
-1.277074813842773438e+01
-4.081934452056884766e+00
-1.621597290039062500e+01
-8.069819450378417969e+00
-7.573961734771728516e+00
-6.293996810913085938e+00
-1.328244209289550781e+01
-1.340743732452392578e+01
-1.311848068237304688e+01
-1.334740924835205078e+01
-1.341073322296142578e+01
-1.487965106964111328e+01
-3.259247589111328125e+01
-3.240301513671875000e+01
-3.242906951904296875e+01
-3.706350326538085938e+01
-4.227217102050781250e+01
-3.413155746459960938e+01
-2.075647735595703125e+01
-1.558493328094482422e+01
-2.734474182128906250e+01
-1.908680419921875000e+02
-2.001291046142578125e+02
-2.128794403076171875e+02
-2.144635925292968750e+02
-2.330447387695312500e+02
-2.338375701904296875e+02
-2.508925933837890625e+02
-2.347492828369140625e+02
-2.144957275390625000e+02
-3.074972629547119141e+00
-3.386976718902587891e+00
-2.479593515396118164e+00
-2.589729547500610352e+00
-2.665366888046264648e+00
-1.328818202018737793e+00
-1.551612138748168945e+00
-2.518002748489379883e+00
-1.216069698333740234e+00
-2.260851287841796875e+02
-2.156154327392578125e+02
-2.092930603027343750e+02
-2.050336303710937500e+02
-1.868817291259765625e+02
-1.851312713623046875e+02
-1.764057159423828125e+02
-1.648028106689453125e+02
-1.707181243896484375e+02
3.879449889063835144e-02
1.792764640413224697e-03
-2.379190409556031227e-03
-3.526124730706214905e-02
-7.578051835298538208e-02
3.706121351569890976e-03
-1.903494819998741150e-02
4.345009103417396545e-02
2.209074795246124268e-02
-3.933245849609375000e+01
-3.083157348632812500e+01
-3.416537094116210938e+01
-4.723696899414062500e+01
-3.557292556762695312e+01
-3.974560928344726562e+01
-4.854253005981445312e+01
-4.136334228515625000e+01
-3.834411239624023438e+01
-2.881140947341918945e+00
-2.623318672180175781e+00
-3.075770139694213867e+00
-2.160620450973510742e+00
-4.691290378570556641e+00
-3.754749774932861328e+00
-1.683665752410888672e+00
-4.581679344177246094e+00
-4.880122184753417969e+00
-2.398140907287597656e+00
-4.876015186309814453e+00
-1.561078906059265137e+00
-4.117774486541748047e+00
-8.309042930603027344e+00
-2.533615589141845703e+00
-3.618754386901855469e+00
-1.063111877441406250e+01
-1.471204280853271484e+00
-4.903879699707031250e+02
-4.952607116699218750e+02
-5.104846191406250000e+02
-5.072697448730468750e+02
-5.096695251464843750e+02
-5.260485839843750000e+02
-4.902795715332031250e+02
-4.942768554687500000e+02
-5.116917114257812500e+02
-3.123103082180023193e-01
-1.963170319795608521e-01
-2.682436108589172363e-01
-4.309722781181335449e-01
-6.859902739524841309e-01
-4.541465640068054199e-01
-7.095046043395996094e-01
-1.104378461837768555e+00
-8.957550525665283203e-01
2.245156019926071167e-01
-1.045281171798706055e+00
-3.378706216812133789e+00
-3.686287105083465576e-01
-1.326401114463806152e+00
-2.518503665924072266e+00
-5.263915061950683594e-01
-7.924286723136901855e-01
-2.680934190750122070e+00
-6.966479420661926270e-01
-1.031682372093200684e+00
-9.615445733070373535e-01
-1.235033988952636719e+00
-1.641407966613769531e+00
-1.537094950675964355e+00
-1.657891511917114258e+00
-1.456020116806030273e+00
-1.520875334739685059e+00
-4.516930236816406250e+02
-4.450653686523437500e+02
-4.247739562988281250e+02
-4.432008056640625000e+02
-4.415924072265625000e+02
-4.170627136230468750e+02
-3.433199768066406250e+02
-3.573395385742187500e+02
-3.390009765625000000e+02
-2.715834856033325195e+00
-4.492525577545166016e+00
-2.611582994461059570e+00
-5.582479000091552734e+00
-5.921514987945556641e+00
-3.531161308288574219e+00
-3.960523843765258789e+00
-4.527662277221679688e+00
-1.892134666442871094e+00
-3.339186859130859375e+01
-3.338651657104492188e+01
-3.722747421264648438e+01
-4.400225448608398438e+01
-3.502175521850585938e+01
-3.845640945434570312e+01
-4.726324844360351562e+01
-4.122177124023437500e+01
-4.630188751220703125e+01
-4.453306961059570312e+01
-4.558129882812500000e+01
-4.501850509643554688e+01
-4.666220092773437500e+01
-4.725332641601562500e+01
-4.670368194580078125e+01
-4.459283828735351562e+01
-4.519224929809570312e+01
-4.496155166625976562e+01
-2.000111083984375000e+02
-1.976211547851562500e+02
-2.169762878417968750e+02
-2.029783935546875000e+02
-2.099923553466796875e+02
-2.241555023193359375e+02
-1.954442596435546875e+02
-2.053901214599609375e+02
-1.976548461914062500e+02
