4.348625000000000000e+03
3.980728759765625000e+03
3.293956054687500000e+03
4.786092773437500000e+03
4.248529296875000000e+03
3.416569335937500000e+03
4.791816406250000000e+03
4.236603027343750000e+03
3.587158935546875000e+03
9.982083129882812500e+01
1.584350280761718750e+02
1.249392242431640625e+02
1.092095870971679688e+02
1.317172546386718750e+02
9.504763793945312500e+01
1.574844818115234375e+02
1.362185058593750000e+02
1.091626434326171875e+02
1.385457000732421875e+02
1.133230743408203125e+02
8.696734619140625000e+01
1.100346450805664062e+02
7.710929107666015625e+01
6.750788879394531250e+01
8.074329376220703125e+01
6.648625946044921875e+01
5.661274719238281250e+01
7.971713256835937500e+02
7.321821899414062500e+02
6.411803588867187500e+02
1.004052124023437500e+03
9.139570312500000000e+02
6.982371826171875000e+02
9.872197265625000000e+02
7.899719238281250000e+02
6.680219726562500000e+02
2.041500488281250000e+03
2.101059814453125000e+03
2.119497070312500000e+03
2.031893066406250000e+03
2.079185546875000000e+03
2.032085083007812500e+03
2.075013916015625000e+03
2.043183471679687500e+03
1.984277221679687500e+03
2.869499816894531250e+02
2.566263427734375000e+02
1.615452117919921875e+02
1.368213653564453125e+02
1.184433746337890625e+02
1.242721939086914062e+02
7.137469482421875000e+01
1.218924407958984375e+02
1.961542816162109375e+02
4.360986709594726562e+01
6.109449386596679688e+01
5.601692962646484375e+01
4.877244567871093750e+01
6.747018432617187500e+01
6.650586700439453125e+01
7.034221649169921875e+01
6.984914398193359375e+01
5.284664154052734375e+01
4.091192138671875000e+03
4.149530273437500000e+03
3.773173095703125000e+03
4.024489501953125000e+03
3.859084960937500000e+03
3.398728759765625000e+03
3.928249023437500000e+03
3.716892822265625000e+03
3.418755615234375000e+03
6.045955181121826172e+00
7.289868354797363281e+00
1.400047779083251953e+01
1.873988723754882812e+01
5.345569610595703125e+00
6.860868453979492188e+00
1.755180168151855469e+01
8.439042091369628906e+00
1.138624191284179688e+01
1.135460972785949707e+00
3.187213182449340820e+00
2.111123800277709961e+00
-2.539668083190917969e-01
2.595622301101684570e+00
3.043105125427246094e+00
-1.464632451534271240e-01
3.335149049758911133e+00
1.190131545066833496e+00
8.548295288085937500e+02
6.997501220703125000e+02
8.756983642578125000e+02
1.051123046875000000e+03
1.047124267578125000e+03
1.154311767578125000e+03
1.203812255859375000e+03
1.012370971679687500e+03
1.251236816406250000e+03
2.479928710937500000e+03
2.596892578125000000e+03
2.659759765625000000e+03
2.971301025390625000e+03
3.147374267578125000e+03
2.803082519531250000e+03
3.945522949218750000e+03
3.919538085937500000e+03
3.318236328125000000e+03
-5.327050209045410156e+00
1.880093574523925781e+01
1.950727081298828125e+01
1.775816345214843750e+01
3.474109268188476562e+01
2.624542427062988281e+01
4.727574920654296875e+01
4.920288085937500000e+01
2.621536827087402344e+01
5.845322036743164062e+01
8.165244293212890625e+01
1.595382690429687500e+02
1.798048858642578125e+02
1.290485229492187500e+02
1.856778717041015625e+02
1.150311660766601562e+02
1.724072570800781250e+02
4.177547912597656250e+02
2.060175048828125000e+03
1.247506835937500000e+03
1.422644897460937500e+03
1.944659179687500000e+03
1.627385498046875000e+03
2.177688964843750000e+03
2.484503662109375000e+03
2.667038085937500000e+03
3.112609130859375000e+03
5.289879760742187500e+02
1.238597045898437500e+03
1.795235229492187500e+03
1.108322021484375000e+03
2.012634399414062500e+03
2.167660888671875000e+03
1.671669921875000000e+03
1.888203491210937500e+03
1.465536743164062500e+03
-8.718718872070312500e+02
-7.401306152343750000e+02
-5.725888671875000000e+02
-9.027367553710937500e+02
-7.689685058593750000e+02
-6.903893432617187500e+02
-9.436353149414062500e+02
-8.472789306640625000e+02
-8.011038208007812500e+02
-3.409043884277343750e+01
-3.505411148071289062e+01
-1.343425273895263672e+01
-3.281439208984375000e+01
-3.201833343505859375e+01
-1.688034439086914062e+01
-2.776367759704589844e+01
-2.183248329162597656e+01
-6.365128517150878906e+00
-1.313111495971679688e+01
-7.650232315063476562e+00
-1.157872390747070312e+01
-1.957802581787109375e+01
-1.953193664550781250e+01
-2.878931999206542969e+01
-1.840666580200195312e+01
-2.106017875671386719e+01
-2.123402214050292969e+01
-2.283009948730468750e+02
-2.728740844726562500e+02
-1.287656402587890625e+02
-1.942278289794921875e+02
-2.522248840332031250e+02
-1.151271209716796875e+02
-1.256810836791992188e+02
-1.807549133300781250e+02
-8.528242492675781250e+01
-2.598128128051757812e+01
6.126565933227539062e+01
3.024838447570800781e+01
-3.809968948364257812e+01
6.764022827148437500e+01
2.697338867187500000e+01
2.696071243286132812e+01
1.527328186035156250e+02
8.615899658203125000e+01
-2.605297088623046875e+01
-3.445206451416015625e+01
-2.021962547302246094e+01
-4.040341949462890625e+01
-4.376354217529296875e+01
-7.713889312744140625e+01
-6.400880432128906250e+01
-7.060334014892578125e+01
-8.164092254638671875e+01
-9.386903762817382812e+00
-1.289488506317138672e+01
-1.101560020446777344e+01
-1.004860401153564453e+01
-1.209311580657958984e+01
-9.773785591125488281e+00
-6.938764572143554688e+00
-9.024206161499023438e+00
-7.192551612854003906e+00
-5.388297729492187500e+02
-5.190270996093750000e+02
-2.805911865234375000e+02
-5.446500854492187500e+02
-5.937496337890625000e+02
-3.732196350097656250e+02
-5.330067749023437500e+02
-6.604043579101562500e+02
-4.363727416992187500e+02
-1.047242259979248047e+01
-1.208695602416992188e+01
-1.124540328979492188e+00
-1.203333473205566406e+01
-1.337533378601074219e+01
-2.911770105361938477e+00
-8.707355499267578125e+00
-1.074946880340576172e+01
-6.780551671981811523e-01
-4.548601210117340088e-01
-3.193303942680358887e-01
-2.685319185256958008e-01
-6.416640281677246094e-01
-1.422916948795318604e-01
-4.148662090301513672e-01
-5.046057105064392090e-01
-2.455300390720367432e-01
-3.569263219833374023e-01
-4.388905334472656250e+02
-3.947813415527343750e+02
-3.578750915527343750e+02
-4.203532714843750000e+02
-3.791074523925781250e+02
-2.853269348144531250e+02
-3.599541625976562500e+02
-3.406895141601562500e+02
-2.360612335205078125e+02
-9.163219604492187500e+02
-7.327827758789062500e+02
-6.353782958984375000e+02
-8.381740722656250000e+02
-6.757481079101562500e+02
-5.536001586914062500e+02
-6.740457153320312500e+02
-5.548652954101562500e+02
-4.866375427246093750e+02
-1.446143054962158203e+01
4.404323101043701172e+00
-2.001163810491561890e-01
-1.748350143432617188e+01
5.126948356628417969e+00
1.013735413551330566e+00
-1.774819564819335938e+01
6.433984279632568359e+00
-7.732604742050170898e-01
-1.180675048828125000e+02
-1.436037139892578125e+02
-1.209352569580078125e+02
-1.431614379882812500e+02
-1.316392517089843750e+02
-1.394173126220703125e+02
-9.172142791748046875e+01
-7.667536163330078125e+01
-8.931391906738281250e+01
-8.630646972656250000e+02
-9.228623046875000000e+02
-9.214328002929687500e+02
-9.493504638671875000e+02
-9.169967041015625000e+02
-8.317796630859375000e+02
-9.021451416015625000e+02
-7.883847656250000000e+02
-6.569520874023437500e+02
-4.891427307128906250e+02
-4.476518859863281250e+02
-4.194785461425781250e+02
-4.479438476562500000e+02
-3.878744812011718750e+02
-3.456375122070312500e+02
-3.147178344726562500e+02
-2.073019561767578125e+02
-2.102160186767578125e+02
1.897466674804687500e+03
1.835398193359375000e+03
1.628712768554687500e+03
1.896797973632812500e+03
1.819680541992187500e+03
1.614861328125000000e+03
1.673795288085937500e+03
1.605911621093750000e+03
1.454111816406250000e+03
5.291948699951171875e+01
6.388486480712890625e+01
5.620442581176757812e+01
5.327152633666992188e+01
6.071182632446289062e+01
5.641690826416015625e+01
4.958700180053710938e+01
5.178107070922851562e+01
4.878123855590820312e+01
3.034452247619628906e+01
2.247222518920898438e+01
1.415797424316406250e+01
9.331809997558593750e+00
5.199234008789062500e+00
4.461911678314208984e+00
7.609414577484130859e+00
8.968417167663574219e+00
9.600655555725097656e+00
4.360919189453125000e+02
3.997593383789062500e+02
4.016621704101562500e+02
4.865578918457031250e+02
4.560408935546875000e+02
4.145188903808593750e+02
4.372506408691406250e+02
3.804249267578125000e+02
3.387561645507812500e+02
-1.341318130493164062e+01
2.759374618530273438e+01
6.674942970275878906e-01
9.320613098144531250e+01
1.353278198242187500e+02
1.048466873168945312e+02
1.685941772460937500e+02
2.062633972167968750e+02
1.683851928710937500e+02
2.766109466552734375e+01
1.047088050842285156e+01
-2.085292339324951172e-01
-1.193073368072509766e+01
-5.860880374908447266e+00
1.325385665893554688e+01
4.253023147583007812e+01
5.313578796386718750e+01
6.656328582763671875e+01
1.471728610992431641e+01
2.096344947814941406e+01
2.210653114318847656e+01
1.915633010864257812e+01
2.456879997253417969e+01
2.468466377258300781e+01
1.904697990417480469e+01
2.186669921875000000e+01
1.992649459838867188e+01
1.199624389648437500e+03
1.021761413574218750e+03
9.066693725585937500e+02
1.164209106445312500e+03
9.954688720703125000e+02
9.309036254882812500e+02
1.170403320312500000e+03
1.068905273437500000e+03
1.057522460937500000e+03
7.379110813140869141e+00
4.206080913543701172e+00
5.215275764465332031e+00
8.128789901733398438e+00
4.550645828247070312e+00
7.720361709594726562e+00
1.055815124511718750e+01
6.803513050079345703e+00
1.090094566345214844e+01
2.853859364986419678e-01
3.676817715167999268e-01
2.270935624837875366e-01
6.079511642456054688e-01
7.640815377235412598e-01
6.423881649971008301e-01
6.605028510093688965e-01
9.498787522315979004e-01
5.723618865013122559e-01
2.618134460449218750e+02
2.412156829833984375e+02
2.812320251464843750e+02
2.795946350097656250e+02
2.535595092773437500e+02
2.854031372070312500e+02
3.054418334960937500e+02
2.703169555664062500e+02
2.779733276367187500e+02
1.030111328125000000e+03
1.018066528320312500e+03
9.112049560546875000e+02
1.244995605468750000e+03
1.210269653320312500e+03
1.075673950195312500e+03
1.209741821289062500e+03
1.147183837890625000e+03
1.052154541015625000e+03
4.799418926239013672e+00
5.749577999114990234e+00
5.112183094024658203e+00
1.003255462646484375e+01
9.666267395019531250e+00
4.964826583862304688e+00
9.401481628417968750e+00
1.045650100708007812e+01
5.547571182250976562e+00
4.245230484008789062e+01
4.892948913574218750e+01
4.215504837036132812e+01
7.138557434082031250e+01
7.967856597900390625e+01
8.354818725585937500e+01
1.045453643798828125e+02
1.305878906250000000e+02
1.554480590820312500e+02
5.166862792968750000e+02
5.472600097656250000e+02
5.636411132812500000e+02
7.163317260742187500e+02
7.327912597656250000e+02
7.849227294921875000e+02
9.088070678710937500e+02
8.748875732421875000e+02
8.455954589843750000e+02
3.425889282226562500e+02
3.946016845703125000e+02
4.620555114746093750e+02
4.420004272460937500e+02
4.862088928222656250e+02
4.692825927734375000e+02
3.717956848144531250e+02
3.618200683593750000e+02
3.155339965820312500e+02
3.038349609375000000e+03
1.544296875000000000e+03
3.095673179626464844e+01
1.839526611328125000e+03
1.762216186523437500e+01
-1.056039062500000000e+03
2.199752807617187500e+02
-2.234017944335937500e+02
-1.483346710205078125e+02
2.573459472656250000e+02
2.757196960449218750e+02
2.050874938964843750e+02
1.176875076293945312e+02
2.428758544921875000e+02
3.541683959960937500e+01
1.149590759277343750e+02
2.408259887695312500e+02
8.858705902099609375e+01
2.620697021484375000e+02
1.235341491699218750e+02
7.279988098144531250e+01
9.549925994873046875e+01
-4.198356628417968750e+01
-4.448347854614257812e+01
-3.009436607360839844e+01
-1.069463825225830078e+01
1.333744430541992188e+01
-1.148904609680175781e+01
6.150185546875000000e+02
4.494676818847656250e+02
4.231853637695312500e+02
6.202571411132812500e+02
1.020749206542968750e+03
4.915454101562500000e+02
2.464610290527343750e+02
3.238801269531250000e+02
7.924404296875000000e+02
6.886470336914062500e+02
1.064528442382812500e+03
8.678458862304687500e+02
7.021833496093750000e+02
9.486341552734375000e+02
7.954474487304687500e+02
5.481950683593750000e+02
8.171312866210937500e+02
5.867467651367187500e+02
4.410009765625000000e+02
2.047990722656250000e+02
-1.182237854003906250e+02
-1.035583496093750000e+02
-2.439479064941406250e+02
-2.362633972167968750e+02
1.542518157958984375e+02
2.407827301025390625e+02
1.089529647827148438e+02
1.240815734863281250e+02
8.100803375244140625e+01
1.212176284790039062e+02
1.157876434326171875e+02
1.042712020874023438e+02
1.325034179687500000e+02
7.148130035400390625e+01
5.873951721191406250e+01
1.811732788085937500e+03
1.506375488281250000e+03
1.937000610351562500e+03
1.790953063964843750e+02
-7.641060638427734375e+01
9.011989135742187500e+02
8.754428100585937500e+02
1.034779785156250000e+03
2.402436035156250000e+03
5.381439685821533203e+00
4.945994853973388672e+00
3.942876052856445312e+01
-2.000124168395996094e+01
-3.995111942291259766e+00
3.523518753051757812e+01
3.372057723999023438e+01
8.309270477294921875e+01
1.100592727661132812e+02
-1.112775087356567383e+00
2.774611711502075195e+00
3.493048906326293945e+00
-1.350483894348144531e+00
8.527531623840332031e+00
2.486590623855590820e+00
7.022238731384277344e+00
1.317947387695312500e+01
5.624659061431884766e+00
2.392299072265625000e+03
4.502860839843750000e+03
5.292766601562500000e+03
3.163420410156250000e+03
5.423210449218750000e+03
6.221121093750000000e+03
4.033973144531250000e+03
6.429517089843750000e+03
6.413072753906250000e+03
3.483110107421875000e+03
4.527326660156250000e+03
4.532483398437500000e+03
5.269695800781250000e+03
6.417931640625000000e+03
5.449824707031250000e+03
7.120148437500000000e+03
8.245390625000000000e+03
6.355951171875000000e+03
6.254806518554687500e+01
1.239915771484375000e+02
4.172797775268554688e+01
9.919692230224609375e+01
2.010693511962890625e+02
9.677936553955078125e+01
6.978957366943359375e+01
1.331210937500000000e+02
3.743387985229492188e+01
-2.661851196289062500e+02
9.330149841308593750e+01
4.121063613891601562e+01
3.446067810058593750e+02
7.972363891601562500e+02
5.706888427734375000e+02
1.027212768554687500e+03
7.527169799804687500e+02
1.064923706054687500e+03
3.003155517578125000e+03
4.161656250000000000e+03
5.259581054687500000e+03
2.722044921875000000e+03
6.224291992187500000e+03
8.499035156250000000e+03
4.023795410156250000e+03
8.515970703125000000e+03
1.080872363281250000e+04
3.871360107421875000e+03
6.963079101562500000e+03
7.840994140625000000e+03
5.122160644531250000e+03
8.411890625000000000e+03
7.817987304687500000e+03
5.374610351562500000e+03
5.929986328125000000e+03
4.180708496093750000e+03
5.059877014160156250e+02
5.601627197265625000e+02
5.266320190429687500e+02
5.456930541992187500e+02
6.309026489257812500e+02
6.199271240234375000e+02
5.484777221679687500e+02
6.549293823242187500e+02
6.598104248046875000e+02
1.570149326324462891e+01
2.570786094665527344e+01
1.989107322692871094e+01
1.568219757080078125e+01
2.796993255615234375e+01
2.097608184814453125e+01
1.264203262329101562e+01
2.334325408935546875e+01
1.843281936645507812e+01
2.104543113708496094e+01
2.204856109619140625e+01
1.732343864440917969e+01
2.183879852294921875e+01
2.334844589233398438e+01
2.122954559326171875e+01
1.856546974182128906e+01
2.070498847961425781e+01
1.789688873291015625e+01
1.306855926513671875e+02
1.402117919921875000e+02
1.350077209472656250e+02
1.446547393798828125e+02
1.542535705566406250e+02
1.533690643310546875e+02
1.586080932617187500e+02
1.549144439697265625e+02
1.694863433837890625e+02
3.842015838623046875e+01
4.352460098266601562e+01
3.092437553405761719e+01
4.020900344848632812e+01
4.295832443237304688e+01
2.960830688476562500e+01
3.616147613525390625e+01
4.457570266723632812e+01
3.179125976562500000e+01
1.607457923889160156e+01
2.470390319824218750e+01
2.546277236938476562e+01
1.537797260284423828e+01
2.960023689270019531e+01
3.806620788574218750e+01
1.607813072204589844e+01
2.477873611450195312e+01
3.651610565185546875e+01
4.387662887573242188e+00
6.642718315124511719e+00
8.163342475891113281e+00
4.047442913055419922e+00
5.616356372833251953e+00
7.699156284332275391e+00
3.937825202941894531e+00
5.926850318908691406e+00
7.555514335632324219e+00
3.435585021972656250e+02
3.136275634765625000e+02
3.892023620605468750e+02
3.664478759765625000e+02
3.582706909179687500e+02
4.251450805664062500e+02
3.815807189941406250e+02
3.815883483886718750e+02
4.396353454589843750e+02
5.722395420074462891e+00
5.703010559082031250e+00
6.805819511413574219e+00
7.703178405761718750e+00
7.867911338806152344e+00
9.157588958740234375e+00
9.104293823242187500e+00
8.728958129882812500e+00
9.427815437316894531e+00
2.057523578405380249e-01
1.738596856594085693e-01
6.304536759853363037e-02
1.922887116670608521e-01
2.275900691747665405e-01
2.491226643323898315e-01
1.606880128383636475e-01
2.188687622547149658e-01
1.260762959718704224e-01
2.065861816406250000e+02
2.441759033203125000e+02
2.392042236328125000e+02
2.426420440673828125e+02
2.671215820312500000e+02
2.636803283691406250e+02
2.522669372558593750e+02
2.785267333984375000e+02
2.774739685058593750e+02
4.395194396972656250e+02
4.507692260742187500e+02
4.515786132812500000e+02
5.056337890625000000e+02
5.239295043945312500e+02
5.001491394042968750e+02
5.383605957031250000e+02
5.721141357421875000e+02
5.442281494140625000e+02
4.662271022796630859e+00
6.534562110900878906e+00
1.831992268562316895e+00
4.203759670257568359e+00
6.729614257812500000e+00
3.486215829849243164e+00
3.638404130935668945e+00
6.803760528564453125e+00
5.342474460601806641e+00
4.485213851928710938e+01
5.258212280273437500e+01
5.434484100341796875e+01
5.921510314941406250e+01
7.137399291992187500e+01
7.718981933593750000e+01
7.875698852539062500e+01
8.988410186767578125e+01
9.546907043457031250e+01
4.940300292968750000e+02
5.500689086914062500e+02
5.096697387695312500e+02
5.552697143554687500e+02
6.057928466796875000e+02
5.656168823242187500e+02
6.284884643554687500e+02
6.734274291992187500e+02
6.095654907226562500e+02
1.722299499511718750e+02
2.201371459960937500e+02
2.335341033935546875e+02
1.782925109863281250e+02
2.063894195556640625e+02
2.503010406494140625e+02
1.936064758300781250e+02
1.864774475097656250e+02
2.693063049316406250e+02
1.018821182250976562e+02
8.827241516113281250e+01
8.590206146240234375e+01
7.592490386962890625e+01
8.370916748046875000e+01
7.262095642089843750e+01
6.360762786865234375e+01
9.178230285644531250e+01
8.365773010253906250e+01
1.111835384368896484e+01
1.925810575485229492e+00
6.902783513069152832e-01
9.658074378967285156e+00
3.703187704086303711e+00
1.476389884948730469e+00
7.324872016906738281e+00
5.179206848144531250e+00
7.359735965728759766e-01
6.359551429748535156e+00
3.753490209579467773e+00
3.102363824844360352e+00
5.437908649444580078e+00
3.529607534408569336e+00
3.268188238143920898e+00
6.278808116912841797e+00
4.266931056976318359e+00
3.768828630447387695e+00
2.536429977416992188e+01
2.607912254333496094e+01
4.926522827148437500e+01
1.578927803039550781e+01
1.534900283813476562e+01
5.359674453735351562e+01
1.211685371398925781e+01
4.603439807891845703e+00
4.411080932617187500e+01
5.536582469940185547e+00
4.161769390106201172e+00
8.265941619873046875e+00
2.043725490570068359e+00
1.345825195312500000e+00
4.507782459259033203e+00
2.695297002792358398e+00
6.120825409889221191e-01
5.272579669952392578e+00
2.472295761108398438e+00
3.863985061645507812e+00
1.146420478820800781e+00
3.733352661132812500e+00
1.094087028503417969e+01
6.741119384765625000e+00
3.754369974136352539e+00
1.029506969451904297e+01
4.696882247924804688e+00
1.059055089950561523e+00
1.113913059234619141e+00
1.293681859970092773e+00
7.638517022132873535e-01
9.505032896995544434e-01
1.531861901283264160e+00
8.186571598052978516e-01
8.211714625358581543e-01
1.594828605651855469e+00
3.676668548583984375e+01
6.245594406127929688e+01
4.941841506958007812e+01
3.033184432983398438e+01
6.387584686279296875e+01
5.161902618408203125e+01
3.704068374633789062e+01
7.660685729980468750e+01
5.889993667602539062e+01
1.520639538764953613e+00
1.336853861808776855e+00
2.635785102844238281e+00
2.488700389862060547e+00
2.109079599380493164e+00
2.492851972579956055e+00
3.284618377685546875e+00
2.568015813827514648e+00
2.649154901504516602e+00
9.051629342138767242e-03
-1.905719190835952759e-02
1.371109765022993088e-02
8.000908419489860535e-03
-8.309626951813697815e-03
5.217559635639190674e-03
6.194266676902770996e-02
3.134802356362342834e-02
2.152815274894237518e-02
6.143630599975585938e+01
5.954096221923828125e+01
5.826526641845703125e+01
7.017150115966796875e+01
6.934439849853515625e+01
6.288101196289062500e+01
7.542404937744140625e+01
6.841876983642578125e+01
7.247785186767578125e+01
1.129789886474609375e+02
9.351668548583984375e+01
1.020664215087890625e+02
1.084972915649414062e+02
8.667729187011718750e+01
1.001492767333984375e+02
1.094403305053710938e+02
8.816464233398437500e+01
9.980361938476562500e+01
1.083648085594177246e+00
4.625453948974609375e-01
4.190617799758911133e-01
4.841923415660858154e-01
3.390733301639556885e-01
1.590612232685089111e-01
6.442331671714782715e-01
8.367540240287780762e-01
3.327143192291259766e-01
3.309658050537109375e+01
3.499571990966796875e+01
3.205297851562500000e+01
4.820272445678710938e+01
3.476460266113281250e+01
3.313374328613281250e+01
3.772347640991210938e+01
2.391826438903808594e+01
3.260291671752929688e+01
2.205767822265625000e+02
1.731435546875000000e+02
1.675364685058593750e+02
2.185467529296875000e+02
1.662704315185546875e+02
1.477257080078125000e+02
1.931923522949218750e+02
1.540097198486328125e+02
1.366321105957031250e+02
3.602850341796875000e+01
4.072676849365234375e+01
1.828953170776367188e+01
1.858150291442871094e+01
3.433583450317382812e+01
2.296091270446777344e+01
3.454708099365234375e+01
4.920582580566406250e+01
3.798950958251953125e+01
1.132164154052734375e+02
6.246146011352539062e+01
-6.385694026947021484e+00
4.370096588134765625e+01
-3.631469726562500000e+00
-3.192369842529296875e+01
9.069915771484375000e+00
-1.196384716033935547e+01
-3.568204879760742188e+00
1.059892177581787109e+01
1.012584590911865234e+01
7.956438064575195312e+00
6.579073905944824219e+00
9.771252632141113281e+00
2.119364738464355469e+00
2.280991792678833008e+00
3.271663665771484375e+00
6.091514825820922852e-01
-1.626522302627563477e+00
-1.224725723266601562e+00
-5.050084590911865234e+00
-7.665148258209228516e+00
-5.150993347167968750e+00
-8.010565757751464844e+00
-9.190560340881347656e+00
-4.933183193206787109e+00
-6.416115760803222656e+00
1.738333320617675781e+01
-4.854385852813720703e+00
-2.593605279922485352e+00
2.052445793151855469e+01
1.031591892242431641e+01
-2.161580324172973633e+00
3.105816078186035156e+01
6.638545513153076172e+00
-1.028028297424316406e+01
9.060093879699707031e+00
3.294994831085205078e+00
1.689671134948730469e+01
1.676934432983398438e+01
1.537027549743652344e+01
2.068923759460449219e+01
-4.323071956634521484e+00
-1.002281761169433594e+01
-7.674082517623901367e-01
3.798375368118286133e+00
2.853862941265106201e-01
-2.600209236145019531e+00
-2.776900053024291992e+00
6.140996813774108887e-01
-3.725571870803833008e+00
-4.640293121337890625e-01
2.334798812866210938e+00
2.634722232818603516e+00
5.122386455535888672e+00
5.118877410888671875e+00
2.135370969772338867e+00
5.168936252593994141e+00
6.070443630218505859e+00
2.231689214706420898e+00
5.553627014160156250e+00
3.954437494277954102e+00
3.838846981525421143e-01
7.667064666748046875e+01
6.746819972991943359e+00
1.957292747497558594e+01
1.878754425048828125e+01
-1.573495483398437500e+01
6.136683940887451172e+00
7.432651519775390625e+01
3.841199874877929688e+01
5.744601058959960938e+01
-1.890939474105834961e+00
-2.297602176666259766e+00
-2.513737201690673828e+00
-3.081380844116210938e+00
-3.321325540542602539e+00
-3.030701160430908203e+00
-7.903770208358764648e-01
-5.151025056838989258e-01
-1.339573621749877930e+00
-4.731278494000434875e-02
-1.503254286944866180e-02
-7.471351325511932373e-02
-2.131731659173965454e-01
-5.134078860282897949e-02
9.296812862157821655e-02
4.403877258300781250e-02
2.721203565597534180e-01
-2.546798251569271088e-02
5.499520492553710938e+01
8.687242889404296875e+01
9.798365020751953125e+01
5.158309936523437500e+01
7.421201324462890625e+01
9.747900390625000000e+01
7.079136657714843750e+01
8.486152648925781250e+01
7.917063903808593750e+01
1.037318954467773438e+02
1.113121795654296875e+02
1.050601196289062500e+02
1.295631256103515625e+02
1.438884887695312500e+02
1.074123840332031250e+02
1.972831115722656250e+02
1.816130828857421875e+02
1.055984802246093750e+02
7.298995852470397949e-01
4.176102578639984131e-01
5.178358033299446106e-02
1.470698833465576172e+00
2.362239360809326172e+00
2.051052570343017578e+00
-2.676813006401062012e-01
1.293617486953735352e+00
2.556701302528381348e-01
-3.969724893569946289e+00
9.000161170959472656e+00
2.745079100131988525e-01
1.539444446563720703e+01
1.434660530090332031e+01
-8.102433204650878906e+00
3.636019515991210938e+01
2.229300117492675781e+01
8.349864006042480469e+00
3.559442520141601562e+01
4.858787918090820312e+01
2.876052665710449219e+01
6.369401550292968750e+01
1.211447830200195312e+02
1.043347396850585938e+02
4.914719390869140625e+01
1.322050018310546875e+02
1.353290710449218750e+02
1.949270935058593750e+02
1.924808654785156250e+02
1.956531066894531250e+02
2.107212982177734375e+02
2.374078216552734375e+02
2.212263488769531250e+02
1.675277252197265625e+02
1.584876556396484375e+02
8.353200531005859375e+01
-1.415298748016357422e+01
-5.800192642211914062e+01
-7.400177001953125000e+01
3.457702255249023438e+01
2.411235332489013672e+00
-1.617632293701171875e+01
4.115214920043945312e+01
2.053404808044433594e+01
4.576548099517822266e+00
2.708969116210937500e-01
1.709091961383819580e-01
6.024143099784851074e-01
2.432423591613769531e+00
4.796277999877929688e+00
1.723250627517700195e+00
1.454877853393554688e+00
5.215098857879638672e+00
2.401229381561279297e+00
5.167145252227783203e+00
3.672826290130615234e+00
2.011601686477661133e+00
4.215862274169921875e+00
3.644067525863647461e+00
2.011547088623046875e+00
-1.418807625770568848e+00
-6.665729880332946777e-01
2.329223752021789551e-01
-1.613227272033691406e+01
-2.144892883300781250e+01
-2.960375785827636719e+01
1.216321468353271484e+00
-1.314772796630859375e+01
-1.434752178192138672e+01
8.474407196044921875e+00
-7.415796279907226562e+00
2.081278324127197266e+00
-1.680261611938476562e+01
-1.247588062286376953e+01
-8.214541435241699219e+00
-6.762380123138427734e+00
-1.435182094573974609e-01
3.675370693206787109e+00
-2.509324073791503906e+00
4.432310581207275391e+00
7.143328666687011719e+00
1.219261646270751953e+01
8.111867904663085938e+00
3.901929855346679688e+00
-1.735767245292663574e+00
-2.474018096923828125e+00
-7.400726318359375000e+00
-9.558886528015136719e+00
-4.166840553283691406e+00
-2.949210405349731445e+00
8.893602490425109863e-01
1.113662362098693848e+00
1.014159798622131348e+00
1.061527967453002930e+00
1.735762596130371094e+00
1.281724333763122559e+00
2.129570245742797852e+00
2.441189765930175781e+00
1.449577450752258301e+00
-1.487391185760498047e+01
-4.842606735229492188e+01
-3.383308029174804688e+01
8.363669395446777344e+00
-2.988223648071289062e+01
-2.083105850219726562e+01
-1.542695331573486328e+01
-4.821714401245117188e+01
-3.473871994018554688e+01
-5.836084485054016113e-01
-1.290028095245361328e+00
-1.940302550792694092e-01
-8.184076547622680664e-01
-1.441509723663330078e+00
-1.736406087875366211e-01
-8.346956968307495117e-01
-2.294319629669189453e+00
-1.295977354049682617e+00
2.692953869700431824e-02
-6.488344073295593262e-02
7.115173339843750000e-02
9.537241607904434204e-02
7.613556087017059326e-02
5.558009445667266846e-02
1.276958435773849487e-01
1.934234052896499634e-02
-5.669352039694786072e-02
-3.641496419906616211e+00
2.024349403381347656e+01
2.139178466796875000e+01
9.497528076171875000e+00
3.313951110839843750e+01
3.156930351257324219e+01
1.805397033691406250e+01
3.515924072265625000e+01
3.314787292480468750e+01
-3.300397872924804688e+01
-4.571848297119140625e+01
-4.184885025024414062e+01
1.269867706298828125e+01
4.577437639236450195e-01
-9.536137580871582031e+00
4.096327972412109375e+01
1.656757545471191406e+01
-1.133713722229003906e+00
-1.339714527130126953e+00
-2.559100687503814697e-01
-3.077357411384582520e-01
-5.096390247344970703e-01
3.385414928197860718e-02
-2.101386636495590210e-01
7.438760250806808472e-02
5.387922525405883789e-01
1.209551692008972168e-01
-5.394316196441650391e+00
-4.879133701324462891e+00
-1.768114566802978516e+00
-1.075990581512451172e+01
-7.667305469512939453e+00
-1.992674112319946289e+00
-8.601336479187011719e+00
-8.911118507385253906e+00
-1.312004089355468750e+00
-3.238961410522460938e+01
-4.370988464355468750e+01
-3.363528442382812500e+01
-9.725421905517578125e+00
2.808271169662475586e+00
5.117718219757080078e+00
2.373477745056152344e+01
5.480336761474609375e+01
4.360963058471679688e+01
6.499086380004882812e+00
3.440784072875976562e+01
3.069520950317382812e+01
3.321344375610351562e+01
6.622929382324218750e+01
4.840486526489257812e+01
4.870792007446289062e+01
5.562036895751953125e+01
3.222557449340820312e+01
7.047988891601562500e+02
7.302698364257812500e+02
9.333154907226562500e+02
7.184989624023437500e+02
8.155545043945312500e+02
1.052280395507812500e+03
7.963519897460937500e+02
9.866892700195312500e+02
1.213979614257812500e+03
3.715674209594726562e+01
4.026360321044921875e+01
4.562691116333007812e+01
3.295933151245117188e+01
4.002569961547851562e+01
4.601005935668945312e+01
1.685155296325683594e+01
2.930938529968261719e+01
3.854703140258789062e+01
4.197630310058593750e+01
5.154261016845703125e+01
5.660568237304687500e+01
4.273100662231445312e+01
5.356763076782226562e+01
5.729581069946289062e+01
5.151419448852539062e+01
6.148435974121093750e+01
6.074149322509765625e+01
2.257669067382812500e+02
2.416884155273437500e+02
2.402787780761718750e+02
1.944786834716796875e+02
2.115653686523437500e+02
2.386130065917968750e+02
1.579061431884765625e+02
1.880473937988281250e+02
2.490899200439453125e+02
3.903288650512695312e+01
4.175072860717773438e+01
6.973246002197265625e+01
5.727392578125000000e+01
5.641443634033203125e+01
9.231890106201171875e+01
6.788542175292968750e+01
7.235913848876953125e+01
1.158149414062500000e+02
2.385791397094726562e+01
2.347078514099121094e+01
3.562722396850585938e+01
3.403134918212890625e+01
4.977953720092773438e+01
5.824573135375976562e+01
8.304322814941406250e+01
9.803584289550781250e+01
1.063995819091796875e+02
2.100516891479492188e+01
1.654752922058105469e+01
1.309435844421386719e+01
1.757975769042968750e+01
1.411592674255371094e+01
1.235481643676757812e+01
1.395242881774902344e+01
1.060999679565429688e+01
1.053125190734863281e+01
4.320263671875000000e+02
4.555200805664062500e+02
6.368342895507812500e+02
5.734863891601562500e+02
6.464514160156250000e+02
8.451454467773437500e+02
7.186414184570312500e+02
8.096079711914062500e+02
1.004233764648437500e+03
1.584805774688720703e+01
1.739510917663574219e+01
1.773271942138671875e+01
2.218447685241699219e+01
2.437890625000000000e+01
2.490575599670410156e+01
2.635917663574218750e+01
2.978155708312988281e+01
3.039326477050781250e+01
5.144461989402770996e-01
2.382948100566864014e-01
4.317665472626686096e-02
1.043544054031372070e+00
9.096896648406982422e-01
6.305574774742126465e-01
9.179631471633911133e-01
7.404176592826843262e-01
5.268043875694274902e-01
9.147571411132812500e+02
1.042771606445312500e+03
1.011464233398437500e+03
9.777171630859375000e+02
1.080655761718750000e+03
1.027843383789062500e+03
9.633606567382812500e+02
1.026119995117187500e+03
9.564230346679687500e+02
1.307455688476562500e+03
1.340086303710937500e+03
1.341119140625000000e+03
1.405390747070312500e+03
1.438198120117187500e+03
1.418460327148437500e+03
1.353133789062500000e+03
1.420967285156250000e+03
1.434822143554687500e+03
1.090430831909179688e+01
1.252109718322753906e+01
7.441187381744384766e+00
1.404186058044433594e+01
1.155237102508544922e+01
9.052283287048339844e+00
1.306857585906982422e+01
9.797437667846679688e+00
1.039720916748046875e+01
1.977539215087890625e+02
2.305825958251953125e+02
2.560810546875000000e+02
2.519001922607421875e+02
2.817139282226562500e+02
2.919311218261718750e+02
2.439675445556640625e+02
2.916212768554687500e+02
2.816324768066406250e+02
1.806750610351562500e+03
2.046016479492187500e+03
2.114699707031250000e+03
1.867242553710937500e+03
2.109553222656250000e+03
2.102629394531250000e+03
1.942947998046875000e+03
2.119084472656250000e+03
2.006623535156250000e+03
8.857571411132812500e+02
9.300126342773437500e+02
7.797542114257812500e+02
9.124095458984375000e+02
8.802372436523437500e+02
7.397792968750000000e+02
8.611299438476562500e+02
7.529216308593750000e+02
7.308200073242187500e+02
-6.948009643554687500e+02
-6.611480712890625000e+02
-6.371597900390625000e+02
-6.280485229492187500e+02
-6.389343261718750000e+02
-6.721659545898437500e+02
-6.077590332031250000e+02
-6.663820190429687500e+02
-7.422235717773437500e+02
-2.423420715332031250e+01
-2.257130241394042969e+01
-2.440615081787109375e+01
-1.883188438415527344e+01
-1.701219367980957031e+01
-2.484368705749511719e+01
-1.934110641479492188e+01
-1.675800895690917969e+01
-2.252316284179687500e+01
-5.221838951110839844e+00
-1.292129611968994141e+01
-1.817318344116210938e+01
-5.645153045654296875e+00
-1.279666042327880859e+01
-1.798942947387695312e+01
-7.575840473175048828e+00
-1.247647380828857422e+01
-1.958178329467773438e+01
-1.985703582763671875e+02
-1.829146118164062500e+02
-1.636587066650390625e+02
-1.940486907958984375e+02
-1.812991333007812500e+02
-1.396321105957031250e+02
-1.658789520263671875e+02
-1.642742309570312500e+02
-1.349984741210937500e+02
-7.579461669921875000e+01
-8.426676940917968750e+01
-6.330074310302734375e+01
-6.566181182861328125e+01
-8.158618927001953125e+01
-6.910205841064453125e+01
-4.912664031982421875e+01
-5.663628768920898438e+01
-4.706586074829101562e+01
-8.811994552612304688e+00
-1.950002861022949219e+01
-1.884548950195312500e+01
-1.633539199829101562e+01
-3.365364837646484375e+01
-3.541841125488281250e+01
-4.064512252807617188e+01
-5.937626266479492188e+01
-6.543743896484375000e+01
-1.371087741851806641e+01
-1.193089485168457031e+01
-8.438210487365722656e+00
-1.098371696472167969e+01
-9.178075790405273438e+00
-8.312010765075683594e+00
-9.147257804870605469e+00
-8.993363380432128906e+00
-7.733004570007324219e+00
-4.202566528320312500e+02
-4.246949157714843750e+02
-3.839401855468750000e+02
-4.372453002929687500e+02
-4.715137329101562500e+02
-4.570311584472656250e+02
-5.328126220703125000e+02
-5.764553833007812500e+02
-5.415521850585937500e+02
-4.262772560119628906e+00
-5.744280815124511719e+00
-3.976379871368408203e+00
-5.847784519195556641e+00
-9.419790267944335938e+00
-7.612592697143554688e+00
-8.253104209899902344e+00
-1.197930145263671875e+01
-1.058360862731933594e+01
-2.619435191154479980e-01
-1.601474583148956299e-01
-9.443312883377075195e-02
-9.906459599733352661e-02
-3.446384370326995850e-01
-2.469307184219360352e-01
-1.485203206539154053e-01
-2.605258226394653320e-01
-4.009332954883575439e-01
-2.805045471191406250e+02
-2.761596679687500000e+02
-2.961371459960937500e+02
-3.075956726074218750e+02
-2.943544006347656250e+02
-3.044412841796875000e+02
-3.113946533203125000e+02
-2.905637207031250000e+02
-2.872916259765625000e+02
-6.308965454101562500e+02
-6.202539062500000000e+02
-5.847156372070312500e+02
-6.643212280273437500e+02
-6.504726562500000000e+02
-6.208756713867187500e+02
-5.809160766601562500e+02
-6.066572875976562500e+02
-5.905178222656250000e+02
-6.494381427764892578e+00
-7.231637001037597656e+00
-3.773012876510620117e+00
-4.693854808807373047e+00
-4.365078449249267578e+00
-2.059750318527221680e+00
-2.207885980606079102e+00
-1.745233058929443359e+00
-3.532688856124877930e+00
-5.742634201049804688e+01
-7.127507781982421875e+01
-9.239723968505859375e+01
-1.006252059936523438e+02
-1.101448059082031250e+02
-9.373235321044921875e+01
-1.089415969848632812e+02
-1.089115905761718750e+02
-8.372577667236328125e+01
-5.122069702148437500e+02
-6.529692382812500000e+02
-7.462908325195312500e+02
-6.439085693359375000e+02
-7.725415039062500000e+02
-8.176130371093750000e+02
-6.411508178710937500e+02
-6.858258056640625000e+02
-6.976451416015625000e+02
-3.892854919433593750e+02
-3.593312988281250000e+02
-3.050903320312500000e+02
-3.707873229980468750e+02
-2.745084838867187500e+02
-2.266650238037109375e+02
-2.914063110351562500e+02
-1.879672088623046875e+02
-2.152096862792968750e+02
1.099668066406250000e+04
1.424352343750000000e+04
1.350208886718750000e+04
1.327716796875000000e+04
1.450370312500000000e+04
1.265683984375000000e+04
1.374090136718750000e+04
1.328218750000000000e+04
1.029082031250000000e+04
1.159784317016601562e+02
3.332841796875000000e+02
3.347620849609375000e+02
1.764327850341796875e+02
2.155937957763671875e+02
3.658298339843750000e+02
3.542982482910156250e+02
2.180831909179687500e+02
2.903465881347656250e+02
3.178918457031250000e+02
1.345229797363281250e+02
7.190894317626953125e+01
3.248424377441406250e+02
9.506583213806152344e+00
-6.775969696044921875e+01
1.843591461181640625e+02
-4.832141494750976562e+01
-8.958039093017578125e+01
1.599983276367187500e+03
1.528642089843750000e+03
2.648706054687500000e+03
2.300852539062500000e+03
2.562501220703125000e+03
3.018312255859375000e+03
3.101205810546875000e+03
3.169403320312500000e+03
2.664921630859375000e+03
2.335052490234375000e+02
6.433922119140625000e+02
1.072570953369140625e+02
4.632995300292968750e+02
8.519412231445312500e+02
3.344287109375000000e+02
5.834587402343750000e+02
7.842749023437500000e+02
2.361035766601562500e+02
5.568471069335937500e+02
8.470623779296875000e+02
3.798080749511718750e+02
5.874249877929687500e+02
4.336287231445312500e+02
8.936064910888671875e+01
1.920488586425781250e+02
1.287896575927734375e+02
-1.731154785156250000e+02
-4.615568161010742188e+01
-6.110531806945800781e+00
6.228559875488281250e+01
-3.357623672485351562e+01
5.137845993041992188e+01
1.518697814941406250e+02
2.143306922912597656e+01
1.263856964111328125e+02
1.615956878662109375e+02
7.906013671875000000e+03
1.023831152343750000e+04
8.534791015625000000e+03
8.939194335937500000e+03
1.042699609375000000e+04
7.958583496093750000e+03
8.001092285156250000e+03
8.294860351562500000e+03
5.736721679687500000e+03
1.008305358886718750e+02
1.011547393798828125e+02
7.804174804687500000e+01
6.129642486572265625e+01
9.870992279052734375e+01
5.783691406250000000e+01
-9.785594940185546875e+00
3.146527290344238281e+01
-2.547809362411499023e+00
4.359716176986694336e-01
-2.860113143920898438e+00
3.101944923400878906e+00
1.810284733772277832e+00
6.497414112091064453e-01
9.769051551818847656e+00
-4.698770046234130859e-01
1.257705926895141602e+00
1.132324123382568359e+01
7.530981445312500000e+02
-1.072606933593750000e+03
-7.065169677734375000e+02
3.686945190429687500e+02
-1.611409301757812500e+03
-1.155413085937500000e+03
-3.147709655761718750e+02
-1.878295288085937500e+03
-1.317886962890625000e+03
4.986493164062500000e+03
5.789916015625000000e+03
5.806067871093750000e+03
4.315351074218750000e+03
5.614359863281250000e+03
5.907765136718750000e+03
4.877046875000000000e+03
5.277683105468750000e+03
5.301800292968750000e+03
-2.192329978942871094e+01
1.659448623657226562e+01
4.967362213134765625e+01
-3.579790496826171875e+01
5.788415908813476562e+01
5.276964569091796875e+01
6.494494438171386719e+00
1.030618057250976562e+02
6.371659088134765625e+01
6.007200317382812500e+02
3.274853210449218750e+02
-1.452503356933593750e+02
2.200025482177734375e+02
-9.937954711914062500e+01
-2.864334106445312500e+02
-4.125353088378906250e+02
-5.001687622070312500e+02
-4.218923034667968750e+02
4.230442382812500000e+03
1.039160766601562500e+03
-7.388850708007812500e+02
2.381104248046875000e+03
-1.856207641601562500e+03
-1.774037963867187500e+03
4.719128723144531250e+02
-3.149983886718750000e+03
-1.781354980468750000e+03
-2.718951416015625000e+03
-2.557198486328125000e+03
1.199645507812500000e+03
-2.520113769531250000e+03
-2.120213317871093750e+02
3.413659179687500000e+03
-1.980750854492187500e+03
1.565786499023437500e+03
2.967594482421875000e+03
2.326977539062500000e+03
2.300361328125000000e+03
2.130886474609375000e+03
2.342569091796875000e+03
2.360886962890625000e+03
2.254362060546875000e+03
2.117476806640625000e+03
2.145254394531250000e+03
2.220104248046875000e+03
4.255882263183593750e+01
5.672982788085937500e+01
5.799957275390625000e+01
4.808315658569335938e+01
5.676230239868164062e+01
6.690716552734375000e+01
3.532179260253906250e+01
4.838346099853515625e+01
6.529884338378906250e+01
2.868987274169921875e+01
3.313326263427734375e+01
3.148075675964355469e+01
1.954666519165039062e+01
3.372961044311523438e+01
3.636635589599609375e+01
1.700984764099121094e+01
3.207014846801757812e+01
3.980426025390625000e+01
5.825551757812500000e+02
4.975990905761718750e+02
5.289552612304687500e+02
6.435823364257812500e+02
4.786719665527343750e+02
5.058651123046875000e+02
5.815215454101562500e+02
4.172850952148437500e+02
4.980411376953125000e+02
3.060969848632812500e+02
3.726241760253906250e+02
3.489326477050781250e+02
3.244691467285156250e+02
4.012576599121093750e+02
3.879992065429687500e+02
3.897428894042968750e+02
4.880648803710937500e+02
4.629026794433593750e+02
7.252006530761718750e+01
3.828049850463867188e+01
6.018613052368164062e+01
4.078314590454101562e+01
3.581303024291992188e+01
5.669095230102539062e+01
2.126856613159179688e+01
3.650943756103515625e+01
7.221071624755859375e+01
2.431388092041015625e+01
2.401838684082031250e+01
2.601952362060546875e+01
2.822170257568359375e+01
2.359188270568847656e+01
2.140819740295410156e+01
2.555586051940917969e+01
1.991112327575683594e+01
2.055583953857421875e+01
1.687067504882812500e+03
1.475242919921875000e+03
1.634292724609375000e+03
1.639940063476562500e+03
1.386250488281250000e+03
1.705690307617187500e+03
1.632939453125000000e+03
1.465031982421875000e+03
1.867419799804687500e+03
1.224156379699707031e+01
5.622522830963134766e+00
1.586883735656738281e+01
1.517342567443847656e+01
8.055388450622558594e+00
1.894293785095214844e+01
1.931733703613281250e+01
1.004418849945068359e+01
2.048582458496093750e+01
5.631285905838012695e-01
1.589095473289489746e+00
1.189380168914794922e+00
6.740464568138122559e-01
1.141907215118408203e+00
3.941120505332946777e-01
7.693271636962890625e-01
3.987647891044616699e-01
2.705125808715820312e-01
2.465347137451171875e+02
4.548713684082031250e+02
5.541596069335937500e+02
2.700568847656250000e+02
4.729418640136718750e+02
5.437788085937500000e+02
3.150109863281250000e+02
4.956000671386718750e+02
6.211145019531250000e+02
1.370359619140625000e+03
1.677823242187500000e+03
1.431995605468750000e+03
1.562984008789062500e+03
1.820798583984375000e+03
1.625023437500000000e+03
1.535219726562500000e+03
1.792363769531250000e+03
1.655810791015625000e+03
3.206739902496337891e+00
2.681544303894042969e+01
8.828842163085937500e+00
6.680340766906738281e+00
2.868860244750976562e+01
1.100168800354003906e+01
3.078600645065307617e+00
2.193030738830566406e+01
9.907716751098632812e+00
6.496804046630859375e+01
4.689809799194335938e+01
6.934654998779296875e+01
6.608070373535156250e+01
1.094194564819335938e+02
1.474271392822265625e+02
1.036029663085937500e+02
1.889239807128906250e+02
1.375107116699218750e+02
6.217273559570312500e+02
9.736078491210937500e+02
1.150531982421875000e+03
8.613160400390625000e+02
1.293936401367187500e+03
1.368124511718750000e+03
1.133199340820312500e+03
1.547730834960937500e+03
1.556192993164062500e+03
4.626622314453125000e+02
7.364560546875000000e+02
7.818667602539062500e+02
4.646921081542968750e+02
5.319284057617187500e+02
5.363380737304687500e+02
4.068746643066406250e+02
4.200751953125000000e+02
5.022814636230468750e+02
3.084336242675781250e+02
4.038723754882812500e+02
4.700370483398437500e+02
2.587927246093750000e+02
3.991225280761718750e+02
4.874599304199218750e+02
2.787976684570312500e+02
4.292442932128906250e+02
5.070025024414062500e+02
8.451573371887207031e+00
7.389832496643066406e+00
1.272791385650634766e+00
5.047024250030517578e+00
6.498486518859863281e+00
2.510257720947265625e+00
1.307029247283935547e+00
5.531062126159667969e+00
-7.944366931915283203e-01
4.251089096069335938e+00
3.567296266555786133e+00
5.257703304290771484e+00
8.095465660095214844e+00
9.087813377380371094e+00
9.229668617248535156e+00
1.803251647949218750e+01
1.426754665374755859e+01
1.064884662628173828e+01
6.185778427124023438e+01
5.936072158813476562e+01
5.463731765747070312e+01
-5.195592403411865234e+00
3.706181335449218750e+01
4.141324615478515625e+01
9.761817932128906250e+00
4.484495162963867188e+01
6.330548858642578125e+01
2.088400268554687500e+02
2.099517211914062500e+02
2.002522583007812500e+02
2.246075286865234375e+02
2.239903106689453125e+02
2.168577117919921875e+02
2.198091125488281250e+02
2.242558898925781250e+02
2.102762908935546875e+02
-1.880010795593261719e+01
4.863353729248046875e+00
9.818961143493652344e+00
3.333388137817382812e+01
6.350105667114257812e+01
5.548093795776367188e+01
4.434828186035156250e+01
5.966380691528320312e+01
5.323573684692382812e+01
1.046678304672241211e+00
5.454969406127929688e-01
1.457262188196182251e-01
-2.282984018325805664e+00
-1.514226913452148438e+00
-1.560813039541244507e-01
-4.998015403747558594e+00
-2.989255189895629883e+00
-4.204276800155639648e-01
3.280470886230468750e+02
3.659233398437500000e+02
4.266441040039062500e+02
3.932881469726562500e+02
4.652766723632812500e+02
5.555407104492187500e+02
4.763334350585937500e+02
5.688474121093750000e+02
6.146913452148437500e+02
3.094293117523193359e+00
2.611264705657958984e+00
3.784445047378540039e+00
4.343217849731445312e+00
4.986497402191162109e+00
5.955064296722412109e+00
6.731866836547851562e+00
4.837073326110839844e+00
4.233465194702148438e+00
4.141651988029479980e-01
1.528200041502714157e-02
-3.098936080932617188e-01
3.149137496948242188e-01
-2.116730995476245880e-02
-1.197295784950256348e-01
-2.280700206756591797e-01
-3.677491247653961182e-01
1.120732277631759644e-01
1.917666625976562500e+02
1.551885986328125000e+02
1.218673019409179688e+02
1.988341369628906250e+02
1.629422912597656250e+02
1.039922943115234375e+02
1.927274932861328125e+02
1.735778503417968750e+02
8.523728179931640625e+01
4.584048767089843750e+02
4.072721252441406250e+02
3.948821411132812500e+02
3.928891296386718750e+02
3.628156127929687500e+02
4.061392517089843750e+02
2.852572631835937500e+02
2.749092102050781250e+02
3.267347106933593750e+02
8.785759925842285156e+00
4.913221836090087891e+00
9.193112850189208984e-01
3.376726865768432617e+00
2.056882619857788086e+00
6.429067254066467285e-01
5.903911590576171875e-01
1.191143512725830078e+00
1.995851397514343262e+00
4.181334686279296875e+01
6.099466323852539062e+01
5.981912994384765625e+01
4.769375610351562500e+01
6.056541824340820312e+01
5.845820236206054688e+01
6.405467224121093750e+01
5.521444702148437500e+01
5.042138290405273438e+01
3.743578796386718750e+02
4.215018615722656250e+02
3.268067626953125000e+02
4.494601440429687500e+02
4.145820007324218750e+02
2.469973449707031250e+02
4.195933837890625000e+02
3.125805664062500000e+02
1.529813842773437500e+02
2.055287933349609375e+02
7.564307403564453125e+01
6.264447212219238281e+00
8.578592681884765625e+01
6.340732574462890625e-01
3.954443216323852539e+00
8.148609924316406250e+01
7.489822387695312500e+01
1.415894012451171875e+02
3.911192932128906250e+02
4.037481079101562500e+02
3.394586181640625000e+02
4.033958740234375000e+02
4.452768859863281250e+02
3.515746459960937500e+02
3.656449890136718750e+02
4.020714416503906250e+02
3.254846496582031250e+02
2.404038459062576294e-01
-2.576361298561096191e-01
6.112098693847656250e-01
3.812435388565063477e+00
6.079500198364257812e+00
5.605298042297363281e+00
1.840399861335754395e+00
7.750889301300048828e+00
2.980853080749511719e+00
4.220236301422119141e+00
4.423911094665527344e+00
2.382953643798828125e+00
2.089645385742187500e+00
2.534081935882568359e+00
-2.393332481384277344e+00
-6.753073334693908691e-01
-1.774560451507568359e+00
-4.447799205780029297e+00
9.245556640625000000e+01
5.059687805175781250e+01
5.436448669433593750e+01
1.547691040039062500e+02
1.157201995849609375e+02
9.222286987304687500e+01
1.608134765625000000e+02
1.081935501098632812e+02
9.358969116210937500e+01
5.044078063964843750e+01
6.312874603271484375e+01
7.796322631835937500e+01
5.485779953002929688e+01
7.169929504394531250e+01
8.171122741699218750e+01
9.204061126708984375e+01
1.128156814575195312e+02
1.042686157226562500e+02
1.850451087951660156e+01
1.241995143890380859e+01
2.291207122802734375e+01
-1.061141586303710938e+01
-2.057508945465087891e+00
4.979515075683593750e+00
-9.238774299621582031e+00
-3.714599370956420898e+00
5.689360618591308594e+00
-6.043446809053421021e-02
3.431897163391113281e-01
3.201127052307128906e+00
5.543219447135925293e-01
1.989674091339111328e+00
4.941740036010742188e+00
2.133225679397583008e+00
3.548809766769409180e+00
5.581862449645996094e+00
3.152713623046875000e+02
3.007247619628906250e+02
2.606763610839843750e+02
2.691742248535156250e+02
2.435846405029296875e+02
2.174394683837890625e+02
2.629446716308593750e+02
2.221160583496093750e+02
2.101243896484375000e+02
1.012714385986328125e+00
-1.354837059974670410e+00
-1.251133680343627930e+00
1.272841334342956543e+00
-2.085098981857299805e+00
-1.210967898368835449e+00
2.534511566162109375e+00
-1.381905317306518555e+00
-7.027689218521118164e-01
6.591126322746276855e-02
1.005461141467094421e-01
1.021053791046142578e-01
-1.219519302248954773e-01
1.082749664783477783e-02
-1.212765127420425415e-01
-1.110066920518875122e-01
-5.832701176404953003e-02
-1.333464588969945908e-02
-7.897415637969970703e+00
-2.311965560913085938e+01
-4.782223892211914062e+01
-9.263300895690917969e-02
-1.015466022491455078e+01
-3.775418853759765625e+01
7.618394851684570312e+00
-1.605321121215820312e+01
-3.426378250122070312e+01
1.130099105834960938e+02
1.110739440917968750e+02
6.597477722167968750e+01
1.620762939453125000e+02
1.635470733642578125e+02
1.102718200683593750e+02
1.979443511962890625e+02
1.780408020019531250e+02
1.168254776000976562e+02
1.008569896221160889e-01
2.864850461483001709e-01
-1.211978077888488770e+00
-6.071985960006713867e-01
2.235280275344848633e-01
-2.975781857967376709e-01
-5.266617536544799805e-01
8.555577397346496582e-01
5.938081145286560059e-01
-1.017913341522216797e+01
-1.505753707885742188e+01
-1.588604831695556641e+01
-1.311007976531982422e+01
-1.308567047119140625e+01
-1.228041744232177734e+01
-8.587476730346679688e+00
-5.151755809783935547e+00
-3.843837261199951172e+00
-1.049251675605773926e+00
-8.588686943054199219e+00
-1.044191970825195312e+02
5.819249629974365234e+00
9.766663551330566406e+00
-7.928382110595703125e+01
5.218410491943359375e+01
7.032291412353515625e+01
-1.770034790039062500e+01
-3.627560806274414062e+01
-3.590433120727539062e+01
7.368257045745849609e+00
-4.639423370361328125e+01
-3.724934387207031250e+01
2.143914413452148438e+01
-2.678757286071777344e+01
-2.396973419189453125e+01
2.621010971069335938e+01
1.929167785644531250e+02
2.267034606933593750e+02
2.618301696777343750e+02
1.098775711059570312e+02
1.763162078857421875e+02
2.191371765136718750e+02
4.289171218872070312e+01
1.338864288330078125e+02
1.964358978271484375e+02
5.341928005218505859e+00
5.355390071868896484e+00
6.170370578765869141e+00
3.026549100875854492e+00
5.379176616668701172e+00
6.485180854797363281e+00
1.165554046630859375e+00
5.326800346374511719e+00
5.425746440887451172e+00
1.102126693725585938e+01
1.094156455993652344e+01
1.027228832244873047e+01
8.054740905761718750e+00
9.541616439819335938e+00
7.911417961120605469e+00
8.532402038574218750e+00
1.101681327819824219e+01
1.061134433746337891e+01
6.336967849731445312e+01
6.982051086425781250e+01
7.718198394775390625e+01
5.177045822143554688e+01
6.187643432617187500e+01
7.528506469726562500e+01
5.292475128173828125e+01
5.918409347534179688e+01
6.359047317504882812e+01
1.934737014770507812e+01
6.592769145965576172e+00
1.327249622344970703e+01
2.137051391601562500e+01
1.246294784545898438e+01
2.318246841430664062e+01
1.026912498474121094e+01
1.247111797332763672e+01
1.590198802947998047e+01
-3.280196189880371094e+00
-5.765501976013183594e+00
-7.814726233482360840e-01
1.715422987937927246e+00
7.108354091644287109e+00
1.152654647827148438e+01
6.748278617858886719e+00
1.199397945404052734e+01
2.169377708435058594e+01
1.092840671539306641e+00
1.798118710517883301e+00
2.488071203231811523e+00
1.329176068305969238e+00
1.923062443733215332e+00
2.309988975524902344e+00
1.014186143875122070e-01
2.397446483373641968e-01
1.111242771148681641e+00
7.330078125000000000e+01
1.315442810058593750e+02
1.596197662353515625e+02
6.034365463256835938e+01
1.323425292968750000e+02
1.622526092529296875e+02
4.981951904296875000e+01
1.228835525512695312e+02
1.617865447998046875e+02
3.461098670959472656e+00
4.028774738311767578e+00
3.752608060836791992e+00
4.505362033843994141e+00
5.272683143615722656e+00
4.509677410125732422e+00
6.766368865966796875e+00
6.948927879333496094e+00
5.641647815704345703e+00
7.904142886400222778e-02
2.024173550307750702e-02
-7.239913195371627808e-02
1.711020022630691528e-01
3.034925833344459534e-02
7.647904753684997559e-02
2.870641350746154785e-01
1.053385138511657715e-01
1.073163524270057678e-01
1.691218719482421875e+02
1.935462341308593750e+02
1.800564575195312500e+02
1.741696166992187500e+02
2.080220031738281250e+02
1.973442230224609375e+02
1.737331085205078125e+02
2.187631378173828125e+02
1.952259521484375000e+02
2.915115661621093750e+02
3.062275695800781250e+02
2.962255554199218750e+02
2.774019165039062500e+02
2.941776123046875000e+02
2.847462158203125000e+02
2.293425750732421875e+02
2.497008209228515625e+02
2.233012390136718750e+02
4.522268295288085938e+00
4.573091506958007812e+00
2.880975484848022461e+00
3.472036838531494141e+00
4.629068851470947266e+00
2.973937511444091797e+00
1.359402656555175781e+00
2.657845973968505859e+00
1.731406211853027344e+00
3.096239852905273438e+01
4.234954452514648438e+01
4.750663375854492188e+01
5.095121002197265625e+01
5.656872940063476562e+01
5.237402725219726562e+01
6.759893035888671875e+01
5.262504577636718750e+01
5.084930038452148438e+01
3.607192077636718750e+02
3.851198425292968750e+02
3.637412109375000000e+02
3.698500671386718750e+02
4.076047058105468750e+02
3.840983886718750000e+02
3.344369812011718750e+02
3.821271057128906250e+02
3.735300598144531250e+02
1.208415908813476562e+02
1.528446502685546875e+02
1.628312683105468750e+02
1.014223480224609375e+02
1.525704498291015625e+02
1.530985717773437500e+02
1.006464614868164062e+02
1.401669921875000000e+02
1.277371902465820312e+02
8.387034301757812500e+02
5.922005004882812500e+02
4.423506469726562500e+02
7.190153198242187500e+02
4.828958740234375000e+02
3.361889343261718750e+02
6.268884277343750000e+02
4.063411865234375000e+02
3.236650085449218750e+02
6.297856521606445312e+01
4.964984130859375000e+01
4.672878265380859375e+01
6.393323135375976562e+01
3.695864105224609375e+01
4.280141067504882812e+01
4.232955551147460938e+01
1.195104598999023438e+01
2.312294197082519531e+01
1.592426109313964844e+01
1.707686996459960938e+01
2.827224159240722656e+01
7.437356472015380859e+00
1.350795173645019531e+01
2.413888359069824219e+01
1.360005283355712891e+01
2.280121040344238281e+01
2.897794532775878906e+01
3.605459289550781250e+02
2.753891601562500000e+02
2.404305725097656250e+02
3.101995849609375000e+02
2.325934295654296875e+02
1.878493194580078125e+02
2.382293090820312500e+02
1.682191009521484375e+02
1.477494812011718750e+02
-4.345393676757812500e+02
-4.298543090820312500e+02
-4.221484985351562500e+02
-4.106853332519531250e+02
-4.056644897460937500e+02
-3.979729003906250000e+02
-3.778069763183593750e+02
-3.734176025390625000e+02
-3.682521667480468750e+02
-1.470190429687500000e+01
-2.443685150146484375e+01
-3.228693771362304688e+01
4.859119892120361328e+00
1.851450920104980469e+01
1.877269744873046875e+01
5.758301925659179688e+01
7.332485198974609375e+01
4.882778930664062500e+01
2.117972755432128906e+01
1.938482093811035156e+01
2.151791954040527344e+01
1.877990341186523438e+01
1.617419433593750000e+01
1.899138069152832031e+01
1.439969062805175781e+01
1.480860137939453125e+01
1.642545700073242188e+01
1.419419860839843750e+02
-2.810131072998046875e+01
-2.637499694824218750e+02
2.254928131103515625e+02
1.882880973815917969e+01
-1.313431854248046875e+02
3.351965942382812500e+02
1.668912658691406250e+02
3.119916915893554688e+01
1.422291851043701172e+01
7.018959522247314453e+00
6.180513858795166016e+00
2.038879966735839844e+01
1.327917194366455078e+01
1.157998275756835938e+01
2.810366821289062500e+01
1.723463058471679688e+01
1.621624565124511719e+01
4.756284952163696289e-01
6.862140893936157227e-01
-2.031811699271202087e-02
7.357196807861328125e-01
5.510960221290588379e-01
6.320124268531799316e-01
8.425581455230712891e-01
7.206617593765258789e-01
6.825858354568481445e-01
6.077990112304687500e+02
6.329274902343750000e+02
6.770043334960937500e+02
6.642440795898437500e+02
6.609299926757812500e+02
6.962068481445312500e+02
6.702448730468750000e+02
6.466853637695312500e+02
6.985750122070312500e+02
9.244867553710937500e+02
8.590905151367187500e+02
7.031847534179687500e+02
1.044941528320312500e+03
9.252794799804687500e+02
7.756701660156250000e+02
9.338668823242187500e+02
7.754316406250000000e+02
6.735149536132812500e+02
6.791100978851318359e+00
3.095843791961669922e+00
3.310899734497070312e+00
8.952515602111816406e+00
1.210185289382934570e+00
1.718401670455932617e+00
8.478371620178222656e+00
-5.218367278575897217e-02
1.643733501434326172e+00
1.563014221191406250e+02
1.726568298339843750e+02
2.091560058593750000e+02
2.161380157470703125e+02
2.312277526855468750e+02
2.530190734863281250e+02
2.228254699707031250e+02
2.403511810302734375e+02
2.317012176513671875e+02
1.200375610351562500e+03
1.279375732421875000e+03
1.414465698242187500e+03
1.390897460937500000e+03
1.411635253906250000e+03
1.523070922851562500e+03
1.375426879882812500e+03
1.367008544921875000e+03
1.392195434570312500e+03
6.109664916992187500e+02
6.773805541992187500e+02
5.711287841796875000e+02
6.159353637695312500e+02
6.352997436523437500e+02
5.337974243164062500e+02
5.724199829101562500e+02
6.496661376953125000e+02
5.828530273437500000e+02
