-7.923430442810058594e+00
2.607865095138549805e+00
-8.398646545410156250e+01
-9.890563201904296875e+01
-4.254504013061523438e+01
-1.137326431274414062e+02
-2.220348358154296875e+02
-2.090697937011718750e+02
-2.518324432373046875e+02
4.885882873535156250e+02
1.047356445312500000e+03
1.059643188476562500e+03
9.724669799804687500e+02
1.354467529296875000e+03
1.190473754882812500e+03
1.428030395507812500e+03
1.487294067382812500e+03
1.227396240234375000e+03
-4.749651489257812500e+02
5.368953247070312500e+02
1.274038696289062500e+03
-3.810609054565429688e+01
1.174030029296875000e+03
7.815005493164062500e+02
3.663347167968750000e+02
1.446938964843750000e+03
6.722821044921875000e+02
-2.392779731750488281e+01
-2.238796234130859375e+01
-6.722425937652587891e+00
-4.019027709960937500e+01
-2.708991241455078125e+01
-1.539824867248535156e+01
-3.674830245971679688e+01
-1.834912681579589844e+01
-1.632868957519531250e+01
-2.615621948242187500e+02
-3.756855468750000000e+02
-1.446429748535156250e+02
-9.035429077148437500e+02
-7.145900268554687500e+02
-1.347131591796875000e+03
-2.788769775390625000e+03
-2.548289306640625000e+03
-2.532288330078125000e+03
8.539649047851562500e+02
9.334349365234375000e+02
2.690111694335937500e+02
8.141057739257812500e+02
1.072373535156250000e+03
5.904552001953125000e+02
6.451672973632812500e+02
1.194746826171875000e+03
8.538020629882812500e+02
7.548991699218750000e+02
1.121611816406250000e+03
9.661220092773437500e+02
1.224873413085937500e+03
1.393052368164062500e+03
1.123420410156250000e+03
1.317429565429687500e+03
1.442305297851562500e+03
1.151908081054687500e+03
-5.229106933593750000e+03
-6.078153808593750000e+03
-4.957931640625000000e+03
-1.010262304687500000e+04
-1.079637792968750000e+04
-9.364365234375000000e+03
-1.303765625000000000e+04
-1.331368359375000000e+04
-1.118543261718750000e+04
6.557416992187500000e+02
2.031731872558593750e+02
3.212784729003906250e+02
9.414988403320312500e+02
8.638305053710937500e+02
7.743758544921875000e+02
7.968251342773437500e+02
1.029494018554687500e+03
7.163629760742187500e+02
4.938774719238281250e+02
6.811209106445312500e+02
7.663491821289062500e+02
1.020043395996093750e+03
1.103696411132812500e+03
8.361337890625000000e+02
1.066063842773437500e+03
9.675738525390625000e+02
3.865873413085937500e+02
-1.939013481140136719e+00
1.524800777435302734e+01
1.890336608886718750e+01
2.688946342468261719e+01
1.904364585876464844e+01
5.468165874481201172e+00
4.924039459228515625e+01
3.656282424926757812e+01
9.732772827148437500e+00
-3.068115539550781250e+02
-2.550227050781250000e+02
-4.416465454101562500e+02
-5.737415161132812500e+02
-7.138103637695312500e+02
-7.040709228515625000e+02
-6.297744140625000000e+02
-8.649359741210937500e+02
-9.560957031250000000e+02
3.186260986328125000e+03
3.599641601562500000e+03
3.176697021484375000e+03
3.935533447265625000e+03
3.842199707031250000e+03
3.477119384765625000e+03
4.345377929687500000e+03
4.015921386718750000e+03
3.601437988281250000e+03
-2.286722900390625000e+03
-1.961796508789062500e+03
-2.525987304687500000e+03
-4.254770996093750000e+03
-4.276327636718750000e+03
-4.172633789062500000e+03
-5.060931640625000000e+03
-5.356265136718750000e+03
-4.837478027343750000e+03
6.172110351562500000e+03
4.908734863281250000e+03
4.203644042968750000e+03
6.776228515625000000e+03
5.369987792968750000e+03
5.654500488281250000e+03
7.371087402343750000e+03
6.132048828125000000e+03
6.037365722656250000e+03
-1.650412292480468750e+02
-2.722585144042968750e+02
3.017613220214843750e+01
-2.652560729980468750e+02
1.240979690551757812e+02
1.812026672363281250e+02
-6.622621459960937500e+02
2.921474914550781250e+02
1.366284027099609375e+02
5.060703754425048828e-01
6.849849224090576172e-01
6.115179657936096191e-01
5.344992280006408691e-01
7.757852673530578613e-01
8.724217414855957031e-01
3.236589431762695312e-01
6.376750469207763672e-01
9.327434301376342773e-01
1.038595008850097656e+01
1.215103054046630859e+01
1.007187747955322266e+01
1.054952335357666016e+01
1.506428909301757812e+01
1.318945789337158203e+01
1.149743652343750000e+01
1.095950031280517578e+01
1.071705913543701172e+01
-4.763757228851318359e+00
3.458651781082153320e+00
-2.774363279342651367e+00
-1.384153008460998535e+00
4.025727748870849609e+00
-6.362796783447265625e+00
3.995065689086914062e+00
3.654487371444702148e+00
-8.328023910522460938e+00
2.918650768697261810e-02
1.522190123796463013e-01
1.110642403364181519e-02
4.911274090409278870e-02
1.732961982488632202e-01
6.010097265243530273e-02
9.426213800907135010e-02
3.186452090740203857e-01
6.286311149597167969e-02
-1.272073090076446533e-01
-1.488023757934570312e+00
-6.162085533142089844e+00
2.446289539337158203e+00
-5.518423318862915039e-01
-1.127634906768798828e+01
6.237982511520385742e-01
2.931945800781250000e+00
-5.284162998199462891e+00
2.612696647644042969e+00
-1.500987887382507324e+00
-4.652926445007324219e+00
4.482243061065673828e+00
-2.254422426223754883e+00
-8.396258354187011719e+00
4.971364736557006836e-01
-2.931554079055786133e+00
-1.038548374176025391e+01
1.331880664825439453e+01
1.572588920593261719e+01
1.464489936828613281e+01
1.491263675689697266e+01
1.534502601623535156e+01
1.431518554687500000e+01
1.682400894165039062e+01
1.550957584381103516e+01
1.615620422363281250e+01
2.192552566528320312e+00
-2.105332851409912109e+00
-1.323300361633300781e+01
2.084584534168243408e-02
3.425699710845947266e+00
-5.267105102539062500e+00
-5.066692352294921875e+00
5.111185073852539062e+00
-5.573900222778320312e+00
-4.726234912872314453e+00
-4.363101959228515625e+00
-1.180676341056823730e+00
-7.177221298217773438e+00
-7.468747615814208984e+00
-7.383424758911132812e+00
-6.586062431335449219e+00
-7.694792747497558594e+00
-9.814214706420898438e+00
3.933436393737792969e+00
6.771999359130859375e+00
7.134303092956542969e+00
2.904306888580322266e+00
3.349484920501708984e+00
2.629292726516723633e+00
9.152971267700195312e+00
2.928236722946166992e+00
1.215251684188842773e+00
-9.636210650205612183e-02
-4.195784032344818115e-02
-1.672107428312301636e-01
-6.057446822524070740e-02
-1.126386672258377075e-01
-2.106786817312240601e-01
1.669763326644897461e-01
-1.968393176794052124e-01
-3.072871565818786621e-01
1.062944293022155762e+00
-2.462934702634811401e-01
1.217085123062133789e+00
4.829080998897552490e-01
4.877243191003799438e-05
1.519527316093444824e+00
4.562797546386718750e-01
-5.279323458671569824e-01
7.473182678222656250e-01
2.415571403503417969e+01
2.590027236938476562e+01
2.388564491271972656e+01
2.570144081115722656e+01
2.910182189941406250e+01
3.088630676269531250e+01
1.824698066711425781e+01
1.911825942993164062e+01
2.446150779724121094e+01
3.313133239746093750e+00
2.652598619461059570e+00
3.489761054515838623e-01
1.212529301643371582e+00
3.776655197143554688e+00
5.237557411193847656e+00
9.010666608810424805e-02
-7.518482953310012817e-02
6.512856483459472656e+00
4.091536998748779297e-01
-7.611962318420410156e+00
6.967926025390625000e-01
-1.444020557403564453e+01
-8.357476234436035156e+00
-8.121526241302490234e-01
-1.630790519714355469e+01
-5.836807727813720703e+00
-2.215354204177856445e+00
-4.551408767700195312e+00
5.942667722702026367e-01
-1.314266204833984375e+00
-6.989715099334716797e-01
2.918840885162353516e+00
-5.310113430023193359e+00
-4.780744910240173340e-01
3.859898090362548828e+00
-1.147841262817382812e+01
5.167893886566162109e+00
7.042592763900756836e-01
8.502747416496276855e-01
5.479401588439941406e+00
3.842783212661743164e+00
4.784759521484375000e+00
-2.896384716033935547e+00
-4.118682384490966797e+00
3.188135385513305664e+00
8.938640594482421875e+00
8.505516052246093750e+00
-5.731510639190673828e+00
6.324222087860107422e+00
5.810846805572509766e+00
1.037403106689453125e+01
-4.815665483474731445e-01
7.010891914367675781e+00
1.423371028900146484e+01
1.349011230468750000e+01
1.706389045715332031e+01
8.545290374755859375e+01
3.212286376953125000e+01
1.144415283203125000e+02
1.283299255371093750e+02
6.519611835479736328e+00
1.318760681152343750e+02
8.534638977050781250e+01
5.620839595794677734e-01
6.384843587875366211e-01
9.436007738113403320e-01
2.499038428068161011e-01
1.228718161582946777e+00
2.675558567047119141e+00
-1.055844664573669434e+00
1.774712651968002319e-01
5.039492249488830566e-02
2.722371101379394531e+01
1.964769935607910156e+01
1.175163345336914062e+02
9.680535125732421875e+01
2.085433197021484375e+02
2.388641510009765625e+02
-8.036792755126953125e+01
8.856590270996093750e+01
2.034517974853515625e+02
5.248168563842773438e+01
1.001205730438232422e+01
2.607370138168334961e+00
5.508485412597656250e+01
8.771881866455078125e+01
5.875132560729980469e+00
-7.892219543457031250e+00
8.237703704833984375e+01
1.098514785766601562e+02
-2.151486778259277344e+01
-1.748620414733886719e+01
-2.127210235595703125e+01
-5.424736976623535156e+00
2.088945770263671875e+01
4.791702747344970703e+00
-1.844583511352539062e+01
4.066577911376953125e+01
1.084330177307128906e+01
8.266725921630859375e+01
1.609446105957031250e+02
3.443078308105468750e+02
-1.117067947387695312e+02
-5.766806793212890625e+01
3.462873535156250000e+02
-1.714536743164062500e+02
-6.054438400268554688e+01
1.033324279785156250e+02
3.906272888183593750e+01
8.948956489562988281e+00
2.692955970764160156e+01
6.484400177001953125e+01
5.102204895019531250e+01
1.235776329040527344e+01
3.725278472900390625e+01
9.087209320068359375e+01
1.283159637451171875e+02
4.276885390281677246e-01
9.614732742309570312e+00
4.546875476837158203e+00
3.186057472229003906e+01
1.172116088867187500e+01
5.261412811279296875e+01
4.195511627197265625e+01
7.940499877929687500e+01
5.961317062377929688e+01
8.052017688751220703e-01
1.797571301460266113e+00
4.859166145324707031e+00
4.840852260589599609e+00
2.604671955108642578e+00
2.302924156188964844e+00
4.929943084716796875e+00
5.413613796234130859e+00
-5.035229921340942383e-01
1.778905677795410156e+01
5.166230392456054688e+01
3.158272361755371094e+01
6.180201768875122070e-01
-1.668874359130859375e+01
5.854176998138427734e+00
1.889250946044921875e+01
-1.831456756591796875e+01
-1.462486839294433594e+01
1.118223094940185547e+01
1.187526512145996094e+01
-1.772847938537597656e+01
3.970962524414062500e+01
1.014796829223632812e+01
2.047968864440917969e+00
1.763474845886230469e+01
5.119295120239257812e+01
5.712314987182617188e+01
1.039491729736328125e+02
1.276437683105468750e+02
1.317248687744140625e+02
-4.478610229492187500e+01
-4.937258911132812500e+01
6.811612701416015625e+01
-6.271901702880859375e+01
-1.010390167236328125e+02
-2.030200386047363281e+01
1.155467834472656250e+02
6.572214508056640625e+01
1.651613426208496094e+01
1.503515167236328125e+02
2.136973762512207031e+01
5.314050674438476562e+00
1.962192840576171875e+02
6.932561492919921875e+01
4.181884765625000000e+01
4.719644165039062500e+01
1.644894599914550781e+01
8.181784057617187500e+01
1.858080863952636719e+01
6.228849792480468750e+01
9.572116851806640625e+01
-2.556567001342773438e+01
7.585796356201171875e+01
1.141344146728515625e+02
-1.297343492507934570e+00
-3.918779850006103516e+00
-4.275498390197753906e+00
-2.829368352890014648e+00
-4.910742759704589844e+00
-3.871950626373291016e+00
-6.076334953308105469e+00
-6.770308494567871094e+00
-7.033781528472900391e+00
7.336615562438964844e+00
1.709878730773925781e+01
3.561125946044921875e+01
4.839664936065673828e+00
1.574465274810791016e+01
3.072714805603027344e+01
9.856411933898925781e+00
1.465059185028076172e+01
1.881911849975585938e+01
1.051130390167236328e+01
5.777342796325683594e+00
7.565490722656250000e+01
9.719066619873046875e+00
1.958297920227050781e+01
8.899378204345703125e+01
1.756096267700195312e+01
3.432550048828125000e+01
8.852595520019531250e+01
2.851677127182483673e-02
-2.030564248561859131e-01
4.298824369907379150e-01
-4.563471674919128418e-02
-1.618727743625640869e-01
1.043842434883117676e+00
-9.473862498998641968e-02
-1.422319710254669189e-01
1.114976286888122559e+00
-1.085624504089355469e+01
-2.478585433959960938e+01
-1.679820060729980469e+01
1.224205970764160156e+01
9.973580360412597656e+00
2.745648193359375000e+01
-6.859165954589843750e+01
-7.002502441406250000e+01
-3.877045822143554688e+01
9.925876855850219727e-01
1.904638099670410156e+01
4.075295257568359375e+01
4.168278884887695312e+01
4.819541549682617188e+01
5.903851699829101562e+01
3.865283584594726562e+01
4.443693923950195312e+01
4.119235229492187500e+01
-1.476039314270019531e+01
-3.621037483215332031e+00
8.033986091613769531e+00
-1.266474533081054688e+01
-5.444442272186279297e+00
-1.430596590042114258e+00
-9.248785972595214844e+00
-4.509590148925781250e+00
-4.369667053222656250e+00
-9.962127685546875000e+01
-7.105592346191406250e+01
-5.250069046020507812e+01
-9.785847473144531250e+01
-7.468321990966796875e+01
1.006398487091064453e+01
-5.950826263427734375e+01
-2.163595771789550781e+01
1.145602340698242188e+02
1.364235687255859375e+02
1.336142578125000000e+02
1.296564331054687500e+02
1.833038787841796875e+02
1.674400482177734375e+02
1.674808654785156250e+02
1.749625549316406250e+02
1.438682098388671875e+02
1.520099487304687500e+02
-1.312927484512329102e+00
9.276175498962402344e-02
2.052897453308105469e+01
1.268506526947021484e+00
1.129619407653808594e+01
1.907589721679687500e+01
-1.389568710327148438e+01
-8.610498428344726562e+00
-4.475581645965576172e+00
1.737552285194396973e+00
3.109312295913696289e+00
3.597219467163085938e+00
1.781478404998779297e+00
4.020098209381103516e+00
3.734554290771484375e+00
2.520411968231201172e+00
4.527989864349365234e+00
3.752461910247802734e+00
1.433529758453369141e+01
-8.769289851188659668e-01
3.039390325546264648e+00
5.621815681457519531e+00
-5.948975682258605957e-01
-2.556453943252563477e+00
5.846359729766845703e+00
8.715782165527343750e+00
2.716596126556396484e+00
4.913039398193359375e+01
7.143292236328125000e+01
7.820038604736328125e+01
6.524177551269531250e+01
8.055293273925781250e+01
7.814425659179687500e+01
7.291001892089843750e+01
5.836930084228515625e+01
5.022071456909179688e+01
-3.090845870971679688e+01
-4.087674713134765625e+01
-3.048498344421386719e+01
-4.356206893920898438e+01
-5.512572479248046875e+01
-4.282259750366210938e+01
-1.055773448944091797e+01
-7.510857582092285156e+00
1.101534175872802734e+01
5.921618041992187500e+02
5.189124145507812500e+02
4.035381469726562500e+02
6.385139160156250000e+02
5.481849365234375000e+02
4.327860412597656250e+02
5.860833129882812500e+02
4.791328735351562500e+02
3.747039489746093750e+02
-1.130149269104003906e+01
-3.082674789428710938e+01
1.823059320449829102e+00
-3.286081314086914062e+00
-1.842016410827636719e+01
2.645790863037109375e+01
-4.082215428352355957e-01
-5.791178703308105469e+00
4.499113464355468750e+01
7.990715980529785156e+00
9.043055534362792969e+00
1.340188694000244141e+01
1.230843257904052734e+01
6.601297855377197266e+00
3.525550365447998047e+00
1.066416645050048828e+01
-2.383809328079223633e+00
-7.518422126770019531e+00
-5.907663822174072266e+00
-1.994772529602050781e+01
-1.074884033203125000e+01
1.016004979610443115e-01
-4.323567390441894531e+00
1.165638542175292969e+01
1.703834342956542969e+01
2.163838005065917969e+01
3.683423233032226562e+01
6.715977478027343750e+01
1.806552314758300781e+01
7.388640642166137695e-01
2.546265983581542969e+01
3.340551376342773438e+00
1.596426010131835938e+01
4.700225591659545898e-02
2.296132659912109375e+01
5.565884780883789062e+01
1.175799250602722168e+00
1.068768620491027832e+00
1.007391363382339478e-01
-1.414586007595062256e-01
-2.354548722505569458e-01
-3.185485899448394775e-01
-2.916725575923919678e-01
4.455635249614715576e-01
1.045261144638061523e+00
1.765484771728515625e+02
1.649093933105468750e+02
1.001176528930664062e+02
5.643688964843750000e+01
2.123249053955078125e+01
7.690917491912841797e+00
-3.641260528564453125e+01
-9.943439483642578125e+00
3.839152526855468750e+01
2.407212972640991211e+00
9.421854972839355469e+00
3.961274337768554688e+01
2.847542953491210938e+01
5.405823898315429688e+01
6.624547576904296875e+01
4.041389465332031250e+01
6.587520599365234375e+01
5.380914688110351562e+01
-3.251692533493041992e+00
-1.246084403991699219e+01
-5.000339984893798828e+00
-2.087251543998718262e-01
-3.110828876495361328e+00
7.042992591857910156e+00
4.940048217773437500e+00
8.742341995239257812e+00
1.910129928588867188e+01
3.289552917480468750e+02
2.382114562988281250e+02
8.776274871826171875e+01
9.499834442138671875e+01
-1.363263893127441406e+01
-1.182590389251708984e+01
-3.435444259643554688e+01
-2.196740913391113281e+01
1.268920593261718750e+02
3.519243621826171875e+01
5.664117050170898438e+01
3.846969604492187500e+01
6.820076751708984375e+01
7.411522674560546875e+01
5.189622497558593750e+01
6.420256805419921875e+01
5.905754852294921875e+01
4.933584976196289062e+01
3.470610046386718750e+01
2.359745788574218750e+01
2.188961219787597656e+01
4.857596206665039062e+01
2.981210708618164062e+01
2.324081230163574219e+01
4.637066650390625000e+01
2.448913574218750000e+01
2.041439437866210938e+01
2.565894126892089844e+00
7.491130232810974121e-01
9.088747501373291016e-01
2.074512958526611328e+00
2.155432552099227905e-01
6.868335008621215820e-01
1.576623558998107910e+00
1.220326423645019531e+00
2.106688499450683594e+00
5.089784240722656250e+01
3.479082870483398438e+01
3.538771820068359375e+01
6.884528350830078125e+01
3.441149902343750000e+01
7.210347175598144531e+00
6.479883575439453125e+01
1.390630531311035156e+01
-1.036816310882568359e+01
4.149592399597167969e+00
1.927749252319335938e+01
5.115874481201171875e+01
4.372502136230468750e+01
7.413939666748046875e+01
1.003027496337890625e+02
9.438935852050781250e+01
1.187496032714843750e+02
1.242570800781250000e+02
8.914952850341796875e+01
3.166152191162109375e+01
4.731241226196289062e+01
6.683192443847656250e+01
2.773065805435180664e+00
2.501978302001953125e+01
7.816750335693359375e+01
1.394981670379638672e+01
2.131392288208007812e+01
1.984094238281250000e+02
3.255815429687500000e+02
3.265053100585937500e+02
3.372684631347656250e+02
3.981816711425781250e+02
2.803276062011718750e+02
4.161056518554687500e+02
3.550849914550781250e+02
1.849476318359375000e+02
2.007848167419433594e+01
2.900103950500488281e+01
-1.007092094421386719e+01
1.775464248657226562e+01
4.030177688598632812e+01
1.489422798156738281e+01
-1.909970283508300781e+01
2.728581619262695312e+01
2.901511764526367188e+01
1.418992805480957031e+01
1.840628433227539062e+01
2.183399009704589844e+01
1.451808834075927734e+01
2.313055801391601562e+01
2.970473861694335938e+01
2.084551620483398438e+01
3.199045372009277344e+01
3.984280776977539062e+01
1.186312942504882812e+02
1.038101577758789062e+02
9.178743743896484375e+01
9.289891815185546875e+01
7.090824127197265625e+01
6.866416931152343750e+01
6.882455444335937500e+01
4.664739227294921875e+01
5.031051635742187500e+01
1.337779388427734375e+02
7.473674011230468750e+01
4.179611587524414062e+01
1.737825927734375000e+02
7.724900054931640625e+01
3.443032455444335938e+01
1.551280364990234375e+02
5.356584548950195312e+01
2.082514572143554688e+01
3.526654243469238281e+00
3.295971870422363281e+00
2.577502489089965820e+00
5.624238967895507812e+00
4.685873031616210938e+00
3.243183135986328125e+00
5.020301818847656250e+00
3.583036661148071289e+00
2.269998311996459961e+00
9.913827514648437500e+01
1.214614639282226562e+02
1.316348571777343750e+02
2.059192047119140625e+02
2.267532653808593750e+02
1.863954467773437500e+02
2.856860961914062500e+02
2.938915405273437500e+02
2.630105285644531250e+02
8.944972229003906250e+01
2.461754035949707031e+01
1.166133785247802734e+01
6.021953582763671875e+01
1.421853637695312500e+01
4.149470329284667969e+00
3.840756225585937500e+01
1.556317996978759766e+01
1.410620784759521484e+01
8.462741088867187500e+01
7.058013153076171875e+01
7.049700927734375000e+01
7.688481903076171875e+01
5.986171340942382812e+01
6.370993423461914062e+01
6.183158874511718750e+01
4.750866699218750000e+01
5.192010879516601562e+01
7.417204589843750000e+02
8.984033813476562500e+02
9.174504394531250000e+02
1.075528076171875000e+03
1.176015258789062500e+03
1.077270874023437500e+03
1.208495361328125000e+03
1.186616577148437500e+03
1.013371582031250000e+03
5.994854736328125000e+01
4.568388366699218750e+01
4.729457092285156250e+01
4.891079330444335938e+01
4.238141250610351562e+01
3.279200363159179688e+01
5.763862991333007812e+01
6.589125823974609375e+01
4.615614318847656250e+01
5.734556961059570312e+01
4.192850494384765625e+01
4.826741027832031250e+01
5.243601989746093750e+01
3.271099090576171875e+01
4.660086822509765625e+01
6.488652801513671875e+01
3.170448684692382812e+01
3.876512908935546875e+01
2.112158298492431641e+00
1.558599352836608887e+00
2.218387126922607422e+00
3.611444950103759766e+00
1.867157340049743652e+00
1.986606717109680176e+00
3.418976306915283203e+00
1.216693043708801270e+00
9.294979572296142578e-01
2.975111389160156250e+01
5.288971710205078125e+01
7.226049804687500000e+01
3.545940780639648438e+01
6.344057464599609375e+01
9.892671203613281250e+01
4.595454025268554688e+01
7.450163269042968750e+01
1.031451644897460938e+02
2.091190795898437500e+02
1.725515441894531250e+02
1.659085845947265625e+02
1.326417388916015625e+02
1.135938186645507812e+02
1.270985260009765625e+02
9.895516967773437500e+01
8.581925201416015625e+01
1.086075744628906250e+02
2.891009216308593750e+02
3.792858276367187500e+02
4.096831359863281250e+02
3.408496398925781250e+02
4.414928283691406250e+02
4.767595825195312500e+02
3.521795349121093750e+02
4.323325805664062500e+02
4.643229370117187500e+02
6.547136688232421875e+01
7.825008392333984375e+01
1.363951721191406250e+02
2.440632629394531250e+01
7.968154144287109375e+01
1.817453002929687500e+02
1.485444545745849609e+01
8.787601470947265625e+01
2.012414550781250000e+02
1.611762084960937500e+02
1.237634277343750000e+02
8.333984375000000000e+01
1.650529327392578125e+02
1.156809082031250000e+02
5.583019638061523438e+01
1.735616912841796875e+02
1.214698257446289062e+02
5.114988327026367188e+01
8.396611785888671875e+01
9.396134185791015625e+01
1.108491592407226562e+02
7.913724517822265625e+01
9.188591766357421875e+01
1.045869140625000000e+02
8.994850158691406250e+01
9.367057800292968750e+01
9.439369964599609375e+01
4.166195373535156250e+02
3.728343811035156250e+02
3.466122741699218750e+02
5.035870971679687500e+02
4.702277832031250000e+02
4.253181152343750000e+02
5.487296142578125000e+02
5.435096435546875000e+02
5.186820678710937500e+02
5.658980102539062500e+02
5.739087524414062500e+02
4.387703552246093750e+02
5.551858520507812500e+02
5.730368041992187500e+02
5.117903137207031250e+02
4.861766357421875000e+02
5.268386840820312500e+02
5.578658447265625000e+02
9.460254669189453125e+00
1.012515735626220703e+01
7.759855747222900391e+00
9.261724472045898438e+00
8.946883201599121094e+00
6.501412868499755859e+00
7.927776813507080078e+00
7.275368690490722656e+00
6.283567428588867188e+00
9.785468139648437500e+02
1.011651489257812500e+03
8.888515014648437500e+02
8.029067382812500000e+02
7.314097900390625000e+02
6.002233276367187500e+02
7.917852783203125000e+02
6.721504516601562500e+02
5.546055908203125000e+02
5.466336669921875000e+02
5.542230224609375000e+02
5.417486572265625000e+02
4.283298950195312500e+02
4.968072814941406250e+02
5.503403930664062500e+02
3.585496520996093750e+02
4.698543090820312500e+02
5.261546630859375000e+02
3.433086853027343750e+02
3.203589782714843750e+02
2.873850097656250000e+02
4.123367614746093750e+02
3.994096374511718750e+02
3.625764465332031250e+02
4.141250610351562500e+02
4.102201538085937500e+02
3.897926940917968750e+02
3.282625000000000000e+03
3.184335693359375000e+03
2.646724121093750000e+03
3.180502441406250000e+03
2.797138183593750000e+03
2.074978759765625000e+03
2.878048095703125000e+03
2.356177246093750000e+03
1.762614868164062500e+03
1.352605468750000000e+03
1.505457397460937500e+03
1.476912353515625000e+03
1.355425415039062500e+03
1.513834106445312500e+03
1.524468139648437500e+03
1.300851318359375000e+03
1.425965698242187500e+03
1.454859863281250000e+03
5.318029174804687500e+02
4.928616027832031250e+02
4.177538452148437500e+02
5.291308593750000000e+02
5.288737792968750000e+02
4.475099182128906250e+02
4.740565795898437500e+02
4.974694213867187500e+02
4.536174316406250000e+02
3.310375595092773438e+01
2.872920608520507812e+01
2.553901863098144531e+01
3.490319824218750000e+01
3.182265853881835938e+01
2.874927711486816406e+01
3.489817047119140625e+01
3.361156082153320312e+01
3.237537384033203125e+01
3.304346923828125000e+02
3.469629211425781250e+02
4.303115539550781250e+02
3.659320983886718750e+02
3.825120544433593750e+02
4.229144287109375000e+02
4.132767639160156250e+02
4.051518249511718750e+02
3.913075561523437500e+02
1.374050048828125000e+03
1.319356567382812500e+03
1.276661743164062500e+03
1.534846313476562500e+03
1.528666259765625000e+03
1.472012695312500000e+03
1.608960205078125000e+03
1.666243408203125000e+03
1.640923583984375000e+03
1.250243408203125000e+03
1.253255249023437500e+03
1.221495849609375000e+03
1.266982299804687500e+03
1.186202148437500000e+03
1.115953125000000000e+03
1.237824951171875000e+03
1.108530761718750000e+03
9.959686889648437500e+02
4.119239746093750000e+03
4.364713867187500000e+03
4.873140136718750000e+03
4.691078613281250000e+03
5.040962402343750000e+03
5.354931152343750000e+03
4.959715332031250000e+03
5.266978027343750000e+03
5.378402832031250000e+03
4.710849304199218750e+02
5.532350463867187500e+02
4.132252197265625000e+02
4.067993164062500000e+02
4.678632507324218750e+02
3.698042602539062500e+02
3.169030151367187500e+02
3.533157043457031250e+02
3.191016235351562500e+02
3.282838582992553711e+00
3.394678354263305664e+00
4.579241573810577393e-01
3.431225299835205078e+00
2.991610765457153320e+00
1.289483755826950073e-01
3.503315210342407227e+00
2.840886831283569336e+00
3.840613067150115967e-01
1.284078025817871094e+01
1.450168418884277344e+01
1.838570022583007812e+01
1.426856136322021484e+01
2.078331947326660156e+01
2.639963722229003906e+01
1.433515548706054688e+01
1.524049663543701172e+01
1.477723884582519531e+01
7.069104671478271484e+00
7.738514423370361328e+00
1.316866397857666016e+01
1.156449317932128906e+01
1.832815170288085938e+01
3.345554733276367188e+01
1.589007377624511719e+01
2.862548637390136719e+01
4.464431762695312500e+01
2.111316770315170288e-01
1.276854127645492554e-01
9.634653478860855103e-02
5.018664598464965820e-01
5.335586071014404297e-01
7.791646718978881836e-01
5.269939303398132324e-01
6.229634881019592285e-01
1.017202973365783691e+00
8.750310897827148438e+00
5.011512279510498047e+00
7.347831249237060547e+00
2.819089317321777344e+01
1.852819061279296875e+01
2.244741630554199219e+01
2.682703208923339844e+01
3.187825012207031250e+01
4.717294692993164062e+01
1.950131034851074219e+01
3.066518974304199219e+01
3.829317474365234375e+01
1.174732208251953125e+01
1.963312339782714844e+01
2.023612976074218750e+01
1.271672630310058594e+01
1.608782958984375000e+01
1.301908016204833984e+01
3.706382036209106445e+00
6.866410732269287109e+00
1.070644855499267578e+01
9.302989006042480469e+00
1.087422561645507812e+01
1.087593078613281250e+01
8.596446037292480469e+00
1.215640068054199219e+01
9.181120872497558594e+00
3.276847839355468750e+01
6.449398994445800781e+00
-7.291325092315673828e+00
7.919783782958984375e+01
6.706719970703125000e+01
8.106192779541015625e+01
9.476807403564453125e+01
1.025367431640625000e+02
1.550872039794921875e+02
6.445191955566406250e+01
5.699560928344726562e+01
5.408928298950195312e+01
4.478063964843750000e+01
3.135071372985839844e+01
3.401628875732421875e+01
4.403364944458007812e+01
3.075350189208984375e+01
3.630655670166015625e+01
9.821240425109863281e+00
1.202300357818603516e+01
1.572488689422607422e+01
5.187742710113525391e+00
1.116654014587402344e+01
1.267943954467773438e+01
6.464380264282226562e+00
1.233418083190917969e+01
1.056543064117431641e+01
5.786288380622863770e-01
1.029305815696716309e+00
1.062142372131347656e+00
7.756335139274597168e-01
1.528151273727416992e+00
1.640919804573059082e+00
1.001921892166137695e+00
1.986439228057861328e+00
1.757987141609191895e+00
1.688331222534179688e+01
1.883468246459960938e+01
3.999883413314819336e+00
1.996520042419433594e+01
2.137617111206054688e+01
7.138248443603515625e+00
2.014010429382324219e+01
1.825504875183105469e+01
9.218168258666992188e+00
4.269337844848632812e+01
5.266650009155273438e+01
5.553337097167968750e+01
3.785029602050781250e+01
4.508617019653320312e+01
4.307542419433593750e+01
2.966939163208007812e+01
2.860666656494140625e+01
2.343353271484375000e+01
2.604939651489257812e+01
1.017459964752197266e+01
-2.155513763427734375e-01
4.261108779907226562e+01
3.428770446777343750e+01
2.500892829895019531e+01
5.044456100463867188e+01
5.009162521362304688e+01
4.204634857177734375e+01
1.967574005126953125e+02
2.346084747314453125e+02
1.645070495605468750e+02
1.805980377197265625e+02
1.832976989746093750e+02
1.098409652709960938e+02
1.549967956542968750e+02
1.389183197021484375e+02
8.536878967285156250e+01
1.079692363739013672e+01
7.039989471435546875e+00
1.093865108489990234e+01
5.122315883636474609e+00
3.622867584228515625e+00
1.438389301300048828e+01
8.029829978942871094e+00
6.950780391693115234e+00
2.160814094543457031e+01
1.558100891113281250e+01
2.594266700744628906e+01
4.364231872558593750e+01
1.938578033447265625e+01
2.587951850891113281e+01
4.142129135131835938e+01
2.500341415405273438e+01
2.879566383361816406e+01
3.796829605102539062e+01
2.470529022216796875e+02
2.413855895996093750e+02
2.200485229492187500e+02
2.276904602050781250e+02
2.321830749511718750e+02
2.160574493408203125e+02
2.025629730224609375e+02
2.117206420898437500e+02
2.237347412109375000e+02
1.974953765869140625e+02
1.871221466064453125e+02
1.022869186401367188e+02
1.325833435058593750e+02
1.196857757568359375e+02
6.419750213623046875e+01
1.077807312011718750e+02
1.011388473510742188e+02
7.481452178955078125e+01
5.198024272918701172e+00
5.971975803375244141e+00
4.274826526641845703e+00
3.945532560348510742e+00
4.501330852508544922e+00
2.535050392150878906e+00
2.614886045455932617e+00
3.173109531402587891e+00
1.885983228683471680e+00
1.525360565185546875e+02
2.386788177490234375e+02
1.758369445800781250e+02
1.029900894165039062e+02
1.748345947265625000e+02
1.327256927490234375e+02
1.671666259765625000e+02
2.072117156982421875e+02
1.624179687500000000e+02
4.927112197875976562e+01
1.987394523620605469e+01
3.446420288085937500e+01
4.212377929687500000e+01
5.008473587036132812e+01
7.819114685058593750e+01
8.327821350097656250e+01
9.738180541992187500e+01
1.411938629150390625e+02
3.038007202148437500e+02
3.006215209960937500e+02
2.832859191894531250e+02
2.902092285156250000e+02
2.897080688476562500e+02
2.801571960449218750e+02
2.862340087890625000e+02
2.959196166992187500e+02
2.981809082031250000e+02
6.115218505859375000e+02
9.404965209960937500e+02
8.759306640625000000e+02
5.100709838867187500e+02
7.732893066406250000e+02
6.680444335937500000e+02
2.791918334960937500e+02
4.884177246093750000e+02
4.706022644042968750e+02
1.253208312988281250e+02
2.504714508056640625e+02
2.394048767089843750e+02
1.748322601318359375e+02
2.965548706054687500e+02
2.912217712402343750e+02
2.433763122558593750e+02
3.341166992187500000e+02
3.270712585449218750e+02
1.770992736816406250e+02
1.778977508544921875e+02
1.569866027832031250e+02
1.890786132812500000e+02
1.844159851074218750e+02
1.677231903076171875e+02
2.073695983886718750e+02
2.204349517822265625e+02
1.913240051269531250e+02
6.877999305725097656e+00
5.288863658905029297e+00
3.106641769409179688e+00
5.408872604370117188e+00
4.218760490417480469e+00
2.507414340972900391e+00
3.966549634933471680e+00
4.251101016998291016e+00
3.572606563568115234e+00
-4.138250350952148438e+00
1.210598182678222656e+01
7.312024688720703125e+01
5.287913322448730469e+00
2.240804290771484375e+01
5.867413330078125000e+01
1.039991378784179688e+01
2.420395851135253906e+01
4.224836349487304688e+01
4.647669372558593750e+02
4.745645141601562500e+02
4.453978576660156250e+02
4.416575927734375000e+02
4.959146728515625000e+02
5.255944213867187500e+02
4.460484313964843750e+02
5.161999511718750000e+02
5.677543334960937500e+02
1.662150573730468750e+02
2.573013610839843750e+02
4.198018493652343750e+02
1.626767272949218750e+02
2.259241943359375000e+02
3.514316101074218750e+02
8.202857208251953125e+01
1.234748764038085938e+02
2.360445098876953125e+02
1.921799621582031250e+02
3.837344970703125000e+02
5.842267456054687500e+02
2.917766113281250000e+02
6.078175048828125000e+02
8.047294311523437500e+02
5.681076660156250000e+02
9.255465698242187500e+02
1.013961547851562500e+03
1.465462036132812500e+02
2.178440093994140625e+02
1.033364181518554688e+02
1.286195373535156250e+02
2.008047332763671875e+02
7.886407470703125000e+01
1.131166915893554688e+02
1.689366149902343750e+02
8.144732666015625000e+01
9.070775032043457031e+00
1.073442268371582031e+01
1.782549476623535156e+01
1.289777469635009766e+01
1.692372131347656250e+01
2.562998771667480469e+01
1.992573547363281250e+01
2.502868843078613281e+01
2.865368843078613281e+01
2.302265167236328125e+01
1.116276359558105469e+01
-1.169646644592285156e+01
4.220160841941833496e-01
-1.290043830871582031e+01
-3.425373077392578125e+01
-1.493940258026123047e+01
-2.621908760070800781e+01
-2.981927680969238281e+01
9.469165802001953125e+01
7.349013519287109375e+01
3.333604812622070312e+01
1.007451248168945312e+02
4.128767395019531250e+01
5.972495079040527344e-01
8.294002532958984375e+01
5.821752548217773438e+00
-2.546077346801757812e+01
3.263936281204223633e+00
3.447201728820800781e+00
2.961974382400512695e+00
3.097288370132446289e+00
2.413961887359619141e+00
1.534416317939758301e+00
2.177982330322265625e+00
1.061752200126647949e+00
1.956609934568405151e-01
1.671425018310546875e+02
1.966092529296875000e+02
2.084215850830078125e+02
2.034353637695312500e+02
2.226143951416015625e+02
2.030842590332031250e+02
2.588058166503906250e+02
2.233653259277343750e+02
1.670979766845703125e+02
2.795902252197265625e+01
-4.595323562622070312e+00
-2.049900245666503906e+01
7.006634712219238281e+00
-2.610419082641601562e+01
-1.449621295928955078e+01
2.406384468078613281e+01
8.633405685424804688e+00
4.317803955078125000e+01
1.409296417236328125e+01
1.004961776733398438e+01
-5.293562889099121094e+00
4.968575954437255859e+00
-5.269275307655334473e-01
-7.482943534851074219e+00
4.858679771423339844e+00
-3.473117351531982422e+00
-1.669948816299438477e+00
7.036022949218750000e+02
8.693911132812500000e+02
8.615136108398437500e+02
8.503640136718750000e+02
8.868891601562500000e+02
7.372366333007812500e+02
7.220779418945312500e+02
6.384024658203125000e+02
4.369675292968750000e+02
-3.044796562194824219e+01
-2.813174247741699219e+01
-1.366578388214111328e+01
-1.910074043273925781e+01
-8.374094009399414062e+00
2.288436508178710938e+01
6.266277313232421875e+01
7.070870971679687500e+01
9.085984802246093750e+01
1.887218856811523438e+01
1.873107337951660156e+01
-3.073593974113464355e-01
1.965394210815429688e+01
2.901432800292968750e+01
2.568951797485351562e+01
4.904489517211914062e+01
5.313145446777343750e+01
5.217399215698242188e+01
1.548605322837829590e+00
1.723358631134033203e+00
-1.618766486644744873e-01
8.414914011955261230e-01
8.542363643646240234e-01
-3.597890734672546387e-01
1.856561154127120972e-01
-9.714601635932922363e-01
-1.279966235160827637e+00
2.952355194091796875e+01
4.006678390502929688e+01
6.507914733886718750e+01
3.531523895263671875e+01
5.841695022583007812e+01
7.801026916503906250e+01
3.250665664672851562e+01
6.646966552734375000e+01
7.726640319824218750e+01
-1.928618049621582031e+01
-4.958087921142578125e+01
-6.858419036865234375e+01
-5.253171157836914062e+01
-7.552757263183593750e+01
-6.909624481201171875e+01
-3.770866394042968750e+01
-3.462111663818359375e+01
1.048587608337402344e+01
2.435980072021484375e+02
2.795894470214843750e+02
3.159812316894531250e+02
2.861989440917968750e+02
3.047234802246093750e+02
3.016470947265625000e+02
2.104939117431640625e+02
2.354763031005859375e+02
2.165517120361328125e+02
-2.883405456542968750e+02
-3.211908569335937500e+02
-2.073043823242187500e+02
-3.332848815917968750e+02
-2.468490753173828125e+02
-5.983838653564453125e+01
-1.678781585693359375e+02
3.953498458862304688e+01
2.214958496093750000e+02
8.391011047363281250e+01
8.780465698242187500e+01
7.012909698486328125e+01
1.013989944458007812e+02
7.734550476074218750e+01
5.850490951538085938e+01
1.139460983276367188e+02
6.483715057373046875e+01
4.183193206787109375e+01
2.103207206726074219e+01
2.601914024353027344e+01
3.580063247680664062e+01
2.211296272277832031e+01
2.887524795532226562e+01
4.259116744995117188e+01
3.442477416992187500e+01
4.612507629394531250e+01
5.647087097167968750e+01
6.826638031005859375e+01
4.867412567138671875e+01
2.087857818603515625e+01
6.890557098388671875e+01
5.807683944702148438e+01
2.134075546264648438e+01
5.065103530883789062e+01
3.847072982788085938e+01
1.246537780761718750e+01
1.309297943115234375e+02
1.405545959472656250e+02
8.316306304931640625e+01
1.298650817871093750e+02
1.265101776123046875e+02
6.786000061035156250e+01
1.464042510986328125e+02
1.047246246337890625e+02
4.841127777099609375e+01
4.746016502380371094e+00
5.185740470886230469e+00
5.072566509246826172e+00
5.763339996337890625e+00
5.542594909667968750e+00
5.025964736938476562e+00
5.946037769317626953e+00
5.195760726928710938e+00
4.385027885437011719e+00
2.843132324218750000e+02
3.090552673339843750e+02
3.374381408691406250e+02
2.699600219726562500e+02
3.111738586425781250e+02
3.271372375488281250e+02
4.840035400390625000e+02
4.649521484375000000e+02
4.035960693359375000e+02
8.191440582275390625e+01
8.022203063964843750e+01
4.122558975219726562e+01
6.016717910766601562e+01
3.711464691162109375e+01
2.168637657165527344e+01
1.518739032745361328e+01
-1.660430717468261719e+01
-8.808323144912719727e-01
4.337686538696289062e+01
3.565877151489257812e+01
1.021681880950927734e+01
3.640695953369140625e+01
2.757245635986328125e+01
5.922532081604003906e+00
4.311605834960937500e+01
3.045690727233886719e+01
1.315087127685546875e+01
1.299723876953125000e+03
1.520430664062500000e+03
1.576946533203125000e+03
1.699226806640625000e+03
1.871169189453125000e+03
1.773414062500000000e+03
1.919694946289062500e+03
1.923754516601562500e+03
1.697480102539062500e+03
8.620014953613281250e+01
7.653755187988281250e+01
9.704032135009765625e+01
5.700910186767578125e+01
5.240999984741210938e+01
9.968839263916015625e+01
5.316146087646484375e+01
4.931174850463867188e+01
1.012660369873046875e+02
6.469567871093750000e+01
5.714129257202148438e+01
1.666757011413574219e+01
3.665300369262695312e+01
4.824117660522460938e+01
2.215680313110351562e+01
3.960411453247070312e+01
5.844535446166992188e+01
4.652782821655273438e+01
4.985259532928466797e+00
4.393797874450683594e+00
1.401650786399841309e+00
3.876060247421264648e+00
4.279603004455566406e+00
1.781288266181945801e+00
3.655460357666015625e+00
3.462694644927978516e+00
1.558304667472839355e+00
6.327751922607421875e+01
7.255627441406250000e+01
1.098682403564453125e+02
8.163782501220703125e+01
1.090167160034179688e+02
1.442295989990234375e+02
8.572938537597656250e+01
1.318909912109375000e+02
1.640238952636718750e+02
1.150282516479492188e+02
6.290039443969726562e+01
8.245344161987304688e+00
1.138757095336914062e+02
6.887783813476562500e+01
1.863045310974121094e+01
6.485306549072265625e+01
3.161564826965332031e+01
1.498868560791015625e+01
4.649816589355468750e+02
5.486862792968750000e+02
6.365085449218750000e+02
6.275053100585937500e+02
7.182957763671875000e+02
7.372420654296875000e+02
6.463281250000000000e+02
7.236759643554687500e+02
7.068680419921875000e+02
1.468439788818359375e+02
-4.707844161987304688e+01
6.657779693603515625e+00
3.219313430786132812e+01
-7.751169586181640625e+01
5.135966110229492188e+01
-5.656752014160156250e+01
-1.500321769714355469e+01
1.582284393310546875e+02
1.543676605224609375e+02
1.680514068603515625e+02
1.721470336914062500e+02
1.771560211181640625e+02
1.667478790283203125e+02
1.702973175048828125e+02
1.826818847656250000e+02
1.355664367675781250e+02
1.319977111816406250e+02
4.938858032226562500e+00
6.730126142501831055e-01
-3.453102111816406250e-01
1.676380753517150879e+00
-3.049747228622436523e+00
-2.315167903900146484e+00
3.975406289100646973e-01
-2.715850114822387695e+00
-2.121183633804321289e+00
-1.333679485321044922e+01
-3.639515399932861328e+00
-1.393746471405029297e+01
1.410604357719421387e+00
9.020855903625488281e+00
-2.172148466110229492e+00
3.654891204833984375e+01
4.017351150512695312e+01
3.461193466186523438e+01
-2.073893928527832031e+01
-1.092028903961181641e+01
3.336874008178710938e+01
2.638022184371948242e+00
5.721519470214843750e+00
2.988381195068359375e+01
1.776822662353515625e+01
2.833619117736816406e+00
9.508888244628906250e+00
-1.363957859575748444e-02
-7.197472266852855682e-03
1.062144994735717773e+00
8.539770543575286865e-02
9.543680399656295776e-02
9.022757411003112793e-01
8.175024390220642090e-01
6.156223416328430176e-01
9.629295468330383301e-01
3.680968046188354492e+00
2.358734130859375000e+00
1.983599472045898438e+01
-4.947940826416015625e+01
-5.050334548950195312e+01
-2.853836441040039062e+01
-2.103875541687011719e+01
-1.863635253906250000e+01
-2.355811882019042969e+01
3.114833450317382812e+01
3.173421096801757812e+01
2.057240295410156250e+01
2.516974449157714844e+01
1.306617259979248047e+01
3.457034349441528320e+00
6.650941371917724609e-01
-1.765195274353027344e+01
-1.982221984863281250e+01
2.970355987548828125e+00
2.217318153381347656e+01
1.494723987579345703e+01
2.489851951599121094e+01
3.711650085449218750e+01
3.110690879821777344e+01
3.354231643676757812e+01
3.596471405029296875e+01
3.151861381530761719e+01
-5.918909835815429688e+01
-5.532135009765625000e+01
1.024885463714599609e+01
-6.228174209594726562e+01
-5.090857315063476562e+01
9.760190010070800781e+00
-1.538720417022705078e+01
-2.853376579284667969e+01
1.295504283905029297e+01
-1.442849636077880859e+00
-9.267484664916992188e+00
-1.178293037414550781e+01
-1.571130275726318359e+01
-1.491706275939941406e+01
-2.069508934020996094e+01
-4.565349197387695312e+01
-4.805532073974609375e+01
-4.960947799682617188e+01
1.289404296875000000e+01
3.022051239013671875e+01
1.893290328979492188e+01
9.073240280151367188e+00
2.218917274475097656e+01
2.618745613098144531e+01
-1.264344573020935059e+00
1.312181186676025391e+01
1.461963844299316406e+01
-1.696167349815368652e+00
-4.846964478492736816e-01
-1.199000954627990723e+00
-1.606690526008605957e+00
-5.494279265403747559e-01
-1.085905790328979492e+00
-1.085969686508178711e+00
-6.224361062049865723e-01
-8.636030554771423340e-01
6.212565898895263672e+00
-1.009764385223388672e+01
-7.634014606475830078e+00
4.472547531127929688e+00
-1.094402408599853516e+01
-9.769786834716796875e+00
2.058515250682830811e-01
-8.456406593322753906e+00
-5.242315769195556641e+00
-1.827011489868164062e+01
-1.798758506774902344e+01
-5.424358749389648438e+01
1.730165100097656250e+01
8.568325042724609375e+00
-2.144219779968261719e+01
3.707127380371093750e+01
2.192827796936035156e+01
9.375014305114746094e+00
-1.696684837341308594e+01
-3.182646369934082031e+01
-2.774698448181152344e+01
-8.670163154602050781e+00
-1.628604698181152344e+01
-2.157999992370605469e+01
-4.652663230895996094e+00
-6.480975151062011719e+00
-1.742099189758300781e+01
-1.414774627685546875e+02
-2.713284912109375000e+02
-3.157435913085937500e+02
-1.266939697265625000e+02
-2.497468109130859375e+02
-2.729672241210937500e+02
-2.305078887939453125e+02
-3.331220092773437500e+02
-3.067970275878906250e+02
4.301958560943603516e+00
3.360887765884399414e+00
5.409003448486328125e+01
8.759067535400390625e+00
4.907590389251708984e+00
4.660764312744140625e+01
4.016819953918457031e+00
-3.643242120742797852e+00
2.170570945739746094e+01
6.160720825195312500e+00
1.171196460723876953e+01
2.685479736328125000e+01
6.483014583587646484e+00
9.837418556213378906e+00
2.095696830749511719e+01
7.279704570770263672e+00
7.820454120635986328e+00
9.128317832946777344e+00
4.606169128417968750e+01
-1.927492904663085938e+01
-3.057146453857421875e+01
-3.117682266235351562e+01
-8.461699676513671875e+01
-8.603366088867187500e+01
2.258444786071777344e+01
2.843830823898315430e+00
6.513469219207763672e-01
1.877527923583984375e+02
1.078978881835937500e+02
-2.196619987487792969e+01
1.304663848876953125e+02
7.559013366699218750e+01
-1.908290863037109375e+01
2.660594749450683594e+01
1.363032531738281250e+01
1.040648365020751953e+01
2.753587007522583008e+00
3.169349670410156250e+00
1.152181029319763184e+00
1.298811078071594238e+00
1.111778378486633301e+00
-5.780006647109985352e-01
3.437257409095764160e-01
1.680127531290054321e-01
-5.327932238578796387e-01
1.642924194335937500e+02
2.393123779296875000e+02
1.797661743164062500e+02
9.746559906005859375e+01
1.212459259033203125e+02
1.128412551879882812e+02
4.549598693847656250e+01
3.193689537048339844e+01
4.651694869995117188e+01
1.040752124786376953e+01
-2.144482374191284180e+00
-1.931579017639160156e+01
-2.258745956420898438e+01
2.818734741210937500e+01
9.982657623291015625e+01
2.732125282287597656e+01
6.390546798706054688e+01
1.495410766601562500e+02
3.863803100585937500e+01
-8.034741401672363281e+00
-1.470374202728271484e+01
9.946835517883300781e+00
-2.343521308898925781e+01
-2.346994209289550781e+01
-8.275345802307128906e+00
-2.326621437072753906e+01
-1.684468841552734375e+01
3.618919982910156250e+02
5.049713134765625000e+02
3.424035339355468750e+02
2.224055328369140625e+02
2.424061279296875000e+02
6.722737121582031250e+01
1.636521606445312500e+02
8.790647888183593750e+01
-1.861164665222167969e+01
5.827021598815917969e+00
1.188068695068359375e+02
3.756645202636718750e+01
7.424311828613281250e+01
1.856777801513671875e+02
1.474865722656250000e+02
9.224740600585937500e+01
1.467046813964843750e+02
1.484931793212890625e+02
9.157181549072265625e+01
-3.198942899703979492e+00
-5.423641204833984375e+00
1.177960815429687500e+02
6.261808776855468750e+01
1.465391349792480469e+01
9.373271942138671875e+01
7.417996215820312500e+01
1.955422592163085938e+01
8.720963478088378906e+00
1.811358571052551270e+00
4.413778483867645264e-01
6.478997230529785156e+00
2.517316579818725586e+00
-2.673718929290771484e-01
3.227125883102416992e+00
1.629165410995483398e+00
1.102237105369567871e+00
2.133290863037109375e+01
1.625776672363281250e+01
5.708043670654296875e+01
2.988637733459472656e+01
1.908047103881835938e+01
3.503108215332031250e+01
5.883271408081054688e+01
4.396791458129882812e+01
2.957588386535644531e+01
-3.933829116821289062e+01
-1.206227416992187500e+02
-1.045929870605468750e+02
-1.216756362915039062e+02
-1.458917236328125000e+02
-1.453403167724609375e+02
3.768057632446289062e+01
7.596399688720703125e+01
4.367940521240234375e+01
5.781803131103515625e+01
7.385121917724609375e+01
1.580561981201171875e+02
3.338270187377929688e+01
2.949525642395019531e+01
6.932477569580078125e+01
8.606015014648437500e+01
3.656773376464843750e+01
4.038096237182617188e+01
-4.423819732666015625e+01
-5.352897644042968750e+01
2.399733581542968750e+02
1.856859436035156250e+02
2.014894866943359375e+02
3.641318054199218750e+02
2.951788024902343750e+02
3.048997802734375000e+02
1.778026275634765625e+02
7.683227539062500000e+01
1.415622711181640625e+02
4.706751823425292969e+00
5.953846740722656250e+01
1.054704742431640625e+02
2.774915504455566406e+01
2.804575538635253906e+01
5.780847167968750000e+01
5.425855255126953125e+01
2.414966011047363281e+01
2.509972381591796875e+01
2.692718124389648438e+01
2.741041755676269531e+01
2.388426971435546875e+01
2.274831581115722656e+01
2.491866874694824219e+01
1.679093360900878906e+01
1.831077003479003906e+01
5.257876968383789062e+01
5.098109054565429688e+01
4.671247863769531250e+01
4.949562454223632812e+01
4.785174942016601562e+01
5.847851943969726562e+01
7.337519073486328125e+01
6.673709106445312500e+01
8.680605316162109375e+01
3.330927276611328125e+01
1.558147525787353516e+01
-1.317214775085449219e+01
3.846664047241210938e+01
1.647238540649414062e+01
7.146333694458007812e+00
1.262047100067138672e+01
-1.487833261489868164e-01
-2.563345134258270264e-01
7.641259431838989258e-01
5.010214447975158691e-01
-7.768627256155014038e-02
1.010530471801757812e+00
9.705546498298645020e-01
7.464504837989807129e-01
1.188097715377807617e+00
1.584351658821105957e+00
1.357904076576232910e+00
9.707676696777343750e+01
7.544200897216796875e+01
3.887871170043945312e+01
8.600756835937500000e+01
8.317263031005859375e+01
5.069606399536132812e+01
1.493392753601074219e+01
4.470835494995117188e+01
6.163585662841796875e+01
1.844048500061035156e+01
7.388232231140136719e+00
2.747574806213378906e+01
2.730278205871582031e+01
2.087051391601562500e+01
2.968603324890136719e+01
2.541782188415527344e+01
1.238018798828125000e+01
1.746112442016601562e+01
8.363893890380859375e+01
7.501445007324218750e+01
7.521990203857421875e+01
9.470439910888671875e+01
8.513459014892578125e+01
9.389092254638671875e+01
6.975105285644531250e+01
6.042281341552734375e+01
7.887525939941406250e+01
5.272722778320312500e+02
4.358554382324218750e+02
3.238049316406250000e+02
4.299659729003906250e+02
3.594801635742187500e+02
3.651616516113281250e+02
3.837723083496093750e+02
4.062575988769531250e+02
4.445189208984375000e+02
-1.674713706970214844e+01
-4.807363986968994141e+00
1.439356327056884766e+01
4.401556968688964844e+00
-2.863106012344360352e+00
-3.304524421691894531e+00
7.660846710205078125e-01
3.829144954681396484e+00
-4.543573379516601562e+00
4.171367645263671875e+01
2.790089035034179688e+01
2.009966659545898438e+01
4.646939086914062500e+01
2.593912124633789062e+01
3.095331192016601562e+01
3.862763214111328125e+01
8.083791732788085938e+00
2.831750869750976562e+01
5.855371952056884766e-01
-2.680182456970214844e-03
-5.878961086273193359e-01
5.376425981521606445e-01
-1.997529566287994385e-01
3.595497310161590576e-01
2.580271959304809570e-01
-1.210283041000366211e+00
6.856349706649780273e-01
5.261610031127929688e+01
5.256063079833984375e+01
4.246652221679687500e+01
5.516057968139648438e+01
4.506954193115234375e+01
2.597038459777832031e+01
5.516643524169921875e+01
2.986458396911621094e+01
1.417922592163085938e+01
8.759843444824218750e+01
1.046371078491210938e+02
1.210430145263671875e+02
8.429280853271484375e+01
1.195212783813476562e+02
1.515764465332031250e+02
8.988437652587890625e+01
1.065390853881835938e+02
1.393957977294921875e+02
2.412793426513671875e+02
2.195556335449218750e+02
2.179539337158203125e+02
2.263449554443359375e+02
1.900197753906250000e+02
2.044951629638671875e+02
2.500872344970703125e+02
2.052390747070312500e+02
2.108595123291015625e+02
3.255288696289062500e+01
9.660274505615234375e+01
1.361902618408203125e+02
4.870667648315429688e+01
1.412803344726562500e+02
1.115846710205078125e+02
-3.157308959960937500e+01
3.820722961425781250e+01
-2.705283927917480469e+01
7.268724060058593750e+01
7.170453643798828125e+01
3.732286071777343750e+01
5.144242095947265625e+01
6.640875244140625000e+01
3.535821914672851562e+01
3.587697982788085938e+01
7.020459747314453125e+01
3.809490203857421875e+01
1.903270632028579712e-01
7.764818668365478516e-01
5.827944874763488770e-01
1.024129390716552734e+00
1.570658802986145020e+00
9.503493905067443848e-01
1.030323863029479980e+00
1.005458712577819824e+00
5.646628141403198242e-01
1.973897814750671387e+00
5.642010688781738281e+00
8.988168716430664062e+00
1.824098110198974609e+00
4.602009773254394531e+00
8.352640151977539062e+00
1.134216785430908203e+00
5.155887126922607422e+00
1.079967784881591797e+01
6.824748039245605469e+00
1.627662181854248047e+00
7.074388504028320312e+00
5.733837127685546875e+00
5.978242397308349609e+00
8.994581222534179688e+00
1.609930753707885742e+00
5.149452209472656250e+00
1.159684944152832031e+01
1.801868528127670288e-01
1.000905781984329224e-01
7.707744091749191284e-02
1.399984955787658691e-01
1.130561083555221558e-01
9.031603485345840454e-02
1.234982013702392578e-01
1.160932406783103943e-01
5.724318325519561768e-02
1.117518901824951172e+01
9.224028587341308594e+00
3.960108757019042969e+00
1.888817787170410156e+01
1.949446487426757812e+01
1.667795944213867188e+01
3.907213449478149414e+00
9.312373161315917969e+00
8.310704231262207031e+00
1.637558102607727051e+00
7.185899615287780762e-01
4.130706310272216797e+00
3.339936494827270508e+00
7.690009117126464844e+00
1.498749732971191406e+01
6.695335388183593750e+00
1.539483737945556641e+01
2.054939079284667969e+01
9.249925017356872559e-01
4.970814704895019531e+00
7.728451728820800781e+00
9.714841246604919434e-01
5.465995788574218750e+00
9.913427352905273438e+00
1.130739226937294006e-01
6.262690067291259766e+00
1.147505569458007812e+01
1.405294609069824219e+01
1.633494186401367188e+01
1.596518516540527344e+01
7.636422634124755859e+00
1.309265995025634766e+01
1.424181938171386719e+01
4.454020977020263672e+00
1.330220890045166016e+01
1.213247966766357422e+01
2.553814506530761719e+01
2.637822151184082031e+01
2.470462226867675781e+01
3.543249511718750000e+01
3.629857635498046875e+01
3.475645446777343750e+01
4.062253952026367188e+01
4.430622863769531250e+01
4.344167709350585938e+01
2.374419212341308594e+00
5.920919418334960938e+00
9.227027893066406250e+00
6.579869270324707031e+00
1.124850654602050781e+01
1.384964084625244141e+01
7.299118995666503906e+00
1.084203624725341797e+01
1.362446403503417969e+01
3.677366077899932861e-01
9.073988795280456543e-01
9.088877439498901367e-01
5.409895777702331543e-01
8.585221767425537109e-01
9.079091548919677734e-01
4.424648880958557129e-01
7.798907160758972168e-01
9.432789087295532227e-01
2.557571887969970703e+00
9.800072669982910156e+00
6.474455833435058594e+00
4.913736343383789062e+00
1.059831047058105469e+01
4.584077835083007812e+00
8.987977027893066406e+00
9.886026382446289062e+00
4.521159172058105469e+00
3.689945936203002930e+00
1.655121803283691406e+01
2.992952728271484375e+01
6.697634696960449219e+00
2.215731620788574219e+01
3.563881683349609375e+01
1.795616912841796875e+01
3.924528884887695312e+01
5.369993591308593750e+01
6.495281219482421875e+00
6.189976215362548828e+00
9.853038787841796875e+00
3.130866527557373047e+00
4.210104942321777344e+00
7.448430538177490234e+00
3.758394718170166016e+00
2.435157537460327148e+00
4.292022705078125000e+00
6.462483978271484375e+01
1.371054534912109375e+02
1.374950866699218750e+02
1.087625885009765625e+02
1.763929595947265625e+02
1.572790069580078125e+02
1.461028442382812500e+02
1.945219116210937500e+02
1.711764526367187500e+02
4.948145389556884766e+00
3.908440113067626953e+00
1.694708704948425293e+00
4.411596298217773438e+00
3.940401077270507812e+00
1.228377819061279297e+00
3.726011037826538086e+00
6.189942836761474609e+00
4.256437778472900391e+00
1.117276787757873535e+00
6.017979979515075684e-01
9.154766798019409180e-01
-1.747684776782989502e-01
-1.647799462080001831e-02
3.138595819473266602e-02
-2.730019092559814453e-01
-1.392289251089096069e-01
4.171317815780639648e-02
-6.772308349609375000e-01
-1.691220164299011230e+00
1.178575754165649414e+00
-2.978383898735046387e-01
-2.434274911880493164e+00
1.732332348823547363e+00
1.232383489608764648e+00
-3.296837568283081055e+00
-9.690420031547546387e-01
6.977513790130615234e+00
1.212871313095092773e+00
4.198890209197998047e+00
6.165628433227539062e+00
-5.291028022766113281e-01
-9.407251477241516113e-01
7.382587909698486328e+00
4.331771135330200195e-01
-1.676751017570495605e+00
1.054745167493820190e-01
4.226446524262428284e-02
-2.705156989395618439e-02
1.263501048088073730e-01
6.191213056445121765e-02
-9.580122306942939758e-03
2.042149305343627930e-01
1.014741510152816772e-01
1.101828366518020630e-02
1.100184726715087891e+01
8.838898658752441406e+00
8.782600402832031250e+00
5.481472969055175781e+00
4.547500133514404297e+00
1.477971315383911133e+00
9.800052642822265625e+00
8.037005424499511719e+00
7.800949096679687500e+00
1.675280761718750000e+01
1.103489017486572266e+01
1.263197994232177734e+01
4.484931468963623047e+00
4.289690852165222168e-01
-9.813801646232604980e-01
4.384617328643798828e+00
5.356157422065734863e-01
1.998896718025207520e+00
1.361889958381652832e+00
9.561650454998016357e-02
2.619232654571533203e+00
-1.191764712333679199e+00
-2.658763647079467773e+00
-4.475892782211303711e-01
-3.705978870391845703e+00
-4.592710018157958984e+00
-3.494182586669921875e+00
5.346251010894775391e+00
1.337893104553222656e+01
1.684604835510253906e+01
7.712208271026611328e+00
9.965743064880371094e+00
1.249753570556640625e+01
1.964486694335937500e+01
2.319092559814453125e+01
1.779240036010742188e+01
4.557324218750000000e+01
5.232164764404296875e+01
4.441806793212890625e+01
2.870425605773925781e+01
3.493167495727539062e+01
2.466081619262695312e+01
2.153946113586425781e+01
2.427420425415039062e+01
1.623300361633300781e+01
1.039191246032714844e+01
6.481859207153320312e+00
1.385205650329589844e+01
9.399853944778442383e-01
-7.721123695373535156e+00
5.918339490890502930e-01
-2.638302326202392578e+00
-7.640887260437011719e+00
-5.305757045745849609e+00
3.023388683795928955e-01
2.315357886254787445e-02
7.850908637046813965e-01
4.152280092239379883e-01
1.256028562784194946e-01
5.914179086685180664e-01
6.370881199836730957e-01
5.015347003936767578e-01
5.082526803016662598e-01
3.318898439407348633e+00
1.965286374092102051e+00
3.423033952713012695e+00
2.818742990493774414e+00
1.291233420372009277e+00
4.849208354949951172e+00
2.265719413757324219e+00
3.685090541839599609e+00
6.271849632263183594e+00
8.838905334472656250e+00
1.015484428405761719e+01
1.819172096252441406e+01
3.237385034561157227e+00
-6.990002393722534180e-01
7.058205604553222656e+00
-1.018068313598632812e+00
-5.521702766418457031e+00
-1.880795001983642578e+00
-6.180211305618286133e-01
1.588910698890686035e+00
4.949922561645507812e+00
1.558252096176147461e+00
1.541838169097900391e+00
3.631174087524414062e+00
5.442710399627685547e+00
8.100944519042968750e+00
9.773727416992187500e+00
1.038495101928710938e+02
1.094681701660156250e+02
1.225831222534179688e+02
7.078202056884765625e+01
7.162823486328125000e+01
9.382707977294921875e+01
5.148950958251953125e+01
4.765533447265625000e+01
7.327439880371093750e+01
6.067142009735107422e+00
6.439469814300537109e+00
1.960607647895812988e+00
3.504128694534301758e+00
2.047610282897949219e+00
-5.580636501312255859e+00
3.244309425354003906e+00
2.475805759429931641e+00
-2.601510524749755859e+00
