2.022384262084960938e+01
1.955067062377929688e+01
1.611680984497070312e+01
1.961373710632324219e+01
1.963640975952148438e+01
1.684211730957031250e+01
1.788332939147949219e+01
1.822704696655273438e+01
1.523325347900390625e+01
9.100646018981933594e+00
1.190781784057617188e+01
4.440261363983154297e+00
1.223449802398681641e+01
1.082113742828369141e+01
6.098169803619384766e+00
6.617339611053466797e+00
7.985287666320800781e+00
9.546985626220703125e+00
6.787153720855712891e+00
3.350156307220458984e+00
9.215505123138427734e-01
8.781344294548034668e-01
1.353597283363342285e+00
1.566870212554931641e+00
1.547762870788574219e+00
1.379692912101745605e+00
1.781270623207092285e+00
4.330643920898437500e+02
2.899396667480468750e+02
2.635669555664062500e+02
4.058553466796875000e+02
3.269053955078125000e+02
3.522868041992187500e+02
3.319719238281250000e+02
3.210552978515625000e+02
3.735748291015625000e+02
5.251824951171875000e+02
4.455088500976562500e+02
4.505455627441406250e+02
5.102492675781250000e+02
4.623530273437500000e+02
5.025523986816406250e+02
5.266779174804687500e+02
5.033491821289062500e+02
5.481189575195312500e+02
6.596745605468750000e+02
7.598338012695312500e+02
6.429542236328125000e+02
6.098653564453125000e+02
7.434191284179687500e+02
6.031348266601562500e+02
6.441945800781250000e+02
7.374005737304687500e+02
5.241584472656250000e+02
1.102139511108398438e+02
1.115866546630859375e+02
1.244247283935546875e+02
1.354998168945312500e+02
1.397219848632812500e+02
1.442436218261718750e+02
1.531722106933593750e+02
1.524390716552734375e+02
1.534340057373046875e+02
2.937580871582031250e+01
3.310797882080078125e+01
3.606896209716796875e+01
2.244232940673828125e+01
1.468240642547607422e+01
1.738120841979980469e+01
1.708322143554687500e+01
1.193165016174316406e+01
1.655892562866210938e+01
2.024617958068847656e+01
1.381145858764648438e+01
1.585671806335449219e+01
1.842200279235839844e+01
1.455295372009277344e+01
1.399349212646484375e+01
2.092185783386230469e+01
1.649897766113281250e+01
1.370347023010253906e+01
6.672249145507812500e+02
6.988161621093750000e+02
7.118392333984375000e+02
6.541708984375000000e+02
7.176258544921875000e+02
6.972794189453125000e+02
7.721356811523437500e+02
8.654075927734375000e+02
7.659187622070312500e+02
5.321148681640625000e+02
5.674873657226562500e+02
4.737741699218750000e+02
5.691236572265625000e+02
5.635601196289062500e+02
4.321881713867187500e+02
5.688370971679687500e+02
5.435683593750000000e+02
4.347848205566406250e+02
6.055899047851562500e+02
5.835437011718750000e+02
5.102598266601562500e+02
5.580675048828125000e+02
5.150574951171875000e+02
4.579340209960937500e+02
6.514898681640625000e+02
5.575961303710937500e+02
5.720087890625000000e+02
9.687956237792968750e+01
9.264110565185546875e+01
9.525976562500000000e+01
1.151001129150390625e+02
1.225898666381835938e+02
1.331562652587890625e+02
1.030595703125000000e+02
1.353937835693359375e+02
1.382200622558593750e+02
5.046347045898437500e+02
5.013302307128906250e+02
4.917115478515625000e+02
4.421874694824218750e+02
5.001450500488281250e+02
5.201859130859375000e+02
4.355953369140625000e+02
5.582605590820312500e+02
5.754082031250000000e+02
6.298928451538085938e+01
4.730932617187500000e+01
7.396719360351562500e+01
7.807750701904296875e+01
7.104895782470703125e+01
8.713925170898437500e+01
8.630022430419921875e+01
8.301705932617187500e+01
7.283480072021484375e+01
2.662204504013061523e-01
7.429459095001220703e-01
5.347043275833129883e-01
8.803518295288085938e+00
9.476631164550781250e+00
8.915559768676757812e+00
9.968677520751953125e+00
9.744928359985351562e+00
8.834009170532226562e+00
-1.128481197357177734e+01
-1.204944419860839844e+01
-9.503187179565429688e+00
-1.082952117919921875e+01
-1.158035564422607422e+01
-9.757716178894042969e+00
-8.067214012145996094e+00
-9.248259544372558594e+00
-7.671714782714843750e+00
-4.202925205230712891e+00
-2.544243574142456055e+00
-6.463831424713134766e+00
1.942450404167175293e-01
-2.280475854873657227e+00
-9.093545913696289062e+00
-3.501872777938842773e+00
-5.484052658081054688e+00
-9.544005393981933594e+00
7.623568773269653320e-01
3.517526388168334961e-01
4.733246564865112305e-01
-1.590722560882568359e+00
-2.850103378295898438e+00
-4.780839920043945312e+00
1.927537322044372559e-01
-3.376384377479553223e-01
-5.612078905105590820e-01
-1.980692138671875000e+02
-2.307185821533203125e+02
-2.852117919921875000e+02
-1.562112121582031250e+02
-2.050450592041015625e+02
-2.234753265380859375e+02
-2.422000274658203125e+02
-2.924692687988281250e+02
-2.663467407226562500e+02
-4.154598388671875000e+02
-2.868718261718750000e+02
-2.619525146484375000e+02
-3.522032470703125000e+02
-1.815750122070312500e+02
-1.600559082031250000e+02
-4.168966674804687500e+02
-2.412384643554687500e+02
-2.286304321289062500e+02
-3.774397583007812500e+02
-3.321934509277343750e+02
-1.552625846862792969e+01
-3.294989929199218750e+02
-2.522285156250000000e+02
5.957696533203125000e+01
-2.262100219726562500e+02
-1.478619995117187500e+02
1.267814178466796875e+02
-8.960813140869140625e+01
-7.691594696044921875e+01
-8.077814483642578125e+01
-7.042929840087890625e+01
-5.443416595458984375e+01
-6.321395874023437500e+01
-6.467435455322265625e+01
-4.824109268188476562e+01
-5.892014312744140625e+01
3.371221303939819336e+00
5.726058483123779297e-01
-2.296870946884155273e+00
-1.400935554504394531e+01
-1.695637512207031250e+01
-1.859820938110351562e+01
-8.594253540039062500e+00
-8.846692085266113281e+00
-5.584558963775634766e+00
-1.472163391113281250e+01
-8.053930282592773438e+00
-1.000173377990722656e+01
-1.536476039886474609e+01
-8.449452400207519531e+00
-8.390297889709472656e+00
-9.769722938537597656e+00
-2.081913948059082031e+00
-4.183262825012207031e+00
-5.520822143554687500e+02
-5.341466674804687500e+02
-4.047567138671875000e+02
-5.374083862304687500e+02
-4.997919311523437500e+02
-3.779878540039062500e+02
-3.096902160644531250e+02
-2.841109619140625000e+02
-2.241729583740234375e+02
-3.972546386718750000e+02
-3.505866699218750000e+02
-2.822304382324218750e+02
-3.663095092773437500e+02
-3.261815795898437500e+02
-2.397950439453125000e+02
-3.317135620117187500e+02
-2.915053100585937500e+02
-2.041633758544921875e+02
-2.900391845703125000e+02
-3.282408447265625000e+02
-2.989561157226562500e+02
-1.904219665527343750e+02
-2.791265258789062500e+02
-2.624933471679687500e+02
-7.672370910644531250e+01
-1.468145294189453125e+02
-1.341858520507812500e+02
-7.727828979492187500e+01
-7.957318878173828125e+01
-6.457958221435546875e+01
-7.958371734619140625e+01
-8.589360046386718750e+01
-7.199489593505859375e+01
-9.217747497558593750e+01
-9.079022216796875000e+01
-7.523993682861328125e+01
-2.456839752197265625e+02
-2.225641937255859375e+02
-2.285198211669921875e+02
-3.833476867675781250e+02
-3.526872863769531250e+02
-3.105706787109375000e+02
-3.082265625000000000e+02
-2.381759185791015625e+02
-1.997192993164062500e+02
-1.568704700469970703e+01
-2.174138069152832031e+01
-1.380885410308837891e+01
-3.157748794555664062e+01
-1.882158279418945312e+01
-2.079095458984375000e+01
-3.517158126831054688e+01
-2.478609275817871094e+01
-2.244255638122558594e+01
-4.414153099060058594e+00
-3.886605501174926758e+00
-4.267028808593750000e+00
5.129547595977783203e+00
6.062801361083984375e+00
5.923215866088867188e+00
-7.193864583969116211e-01
-4.287530183792114258e-01
-9.811952114105224609e-01
1.113053703308105469e+01
1.234141731262207031e+01
1.458634376525878906e+01
1.252403736114501953e+01
1.342944526672363281e+01
1.541459369659423828e+01
1.187138748168945312e+01
1.102962112426757812e+01
1.266007423400878906e+01
7.252312660217285156e+00
1.873776245117187500e+01
8.732068061828613281e+00
7.845994472503662109e+00
1.491229629516601562e+01
1.013611221313476562e+01
5.915876626968383789e-01
1.113393783569335938e+01
8.834491729736328125e+00
5.195033073425292969e+00
5.631742477416992188e+00
5.385270595550537109e+00
2.038483381271362305e+00
3.138979911804199219e+00
1.470240473747253418e+00
-1.800200700759887695e+00
-3.240329980850219727e+00
-2.560845375061035156e+00
2.022736206054687500e+02
1.322707824707031250e+02
3.593166732788085938e+01
1.826231079101562500e+02
1.245585327148437500e+02
2.824193191528320312e+01
1.451077880859375000e+02
5.115862274169921875e+01
-5.470224380493164062e+00
4.379441833496093750e+02
5.978172607421875000e+02
6.072587280273437500e+02
3.214812622070312500e+02
4.683245239257812500e+02
4.958530578613281250e+02
2.493787536621093750e+02
3.905164794921875000e+02
4.385912475585937500e+02
3.811433410644531250e+02
4.258435668945312500e+02
9.459911499023437500e+02
2.834787597656250000e+02
3.408436889648437500e+02
8.223607177734375000e+02
2.666998596191406250e+02
3.539256896972656250e+02
7.561205444335937500e+02
3.026383399963378906e+01
3.892130279541015625e+01
1.648534965515136719e+01
3.030982971191406250e+01
4.309409713745117188e+01
2.164068794250488281e+01
1.594010543823242188e+01
3.450391006469726562e+01
2.194557762145996094e+01
7.305406570434570312e+00
1.019483661651611328e+01
8.860116958618164062e+00
-9.050179123878479004e-01
2.051517486572265625e+00
-2.138769149780273438e+00
-4.002160131931304932e-01
-4.542815685272216797e-02
-1.567425966262817383e+00
9.727386474609375000e+00
1.474639129638671875e+01
7.004020214080810547e+00
1.053412246704101562e+01
1.589464569091796875e+01
8.012752532958984375e+00
9.459460258483886719e+00
1.661115264892578125e+01
8.504975318908691406e+00
1.499097290039062500e+02
1.443381805419921875e+02
2.813471374511718750e+02
2.560476989746093750e+02
2.502810974121093750e+02
3.206588745117187500e+02
2.782546997070312500e+02
2.938529357910156250e+02
3.389005126953125000e+02
4.341167602539062500e+02
4.290388183593750000e+02
5.254418334960937500e+02
4.141532592773437500e+02
4.042284240722656250e+02
4.837248229980468750e+02
3.621168518066406250e+02
3.769115600585937500e+02
4.471330261230468750e+02
1.335688323974609375e+02
2.008557128906250000e+02
7.641166687011718750e+01
1.752158966064453125e+02
2.136826324462890625e+02
1.102273483276367188e+02
1.560394287109375000e+02
1.962760772705078125e+02
1.221970062255859375e+02
2.683296203613281250e+01
1.036331653594970703e+01
-1.201528549194335938e+00
3.004182815551757812e+01
1.209148216247558594e+01
-1.867559552192687988e+00
2.299338531494140625e+01
5.242538452148437500e+00
3.527426004409790039e+00
1.336717224121093750e+02
1.698566131591796875e+02
1.991112518310546875e+02
1.164253387451171875e+02
1.607575378417968750e+02
1.804703063964843750e+02
1.623945159912109375e+02
1.838670501708984375e+02
1.480330963134765625e+02
2.212583160400390625e+01
2.384006881713867188e+01
1.751618766784667969e+01
8.708308935165405273e-01
9.062688827514648438e+00
7.289549350738525391e+00
-2.393610328435897827e-01
-6.897806525230407715e-01
4.956321716308593750e+00
2.219124555587768555e+00
1.156766176223754883e+00
5.267043113708496094e-01
2.148101806640625000e+00
2.070550441741943359e+00
1.679495215415954590e+00
8.085503578186035156e-01
1.116293787956237793e+00
1.148324966430664062e+00
8.305913925170898438e+00
1.039925956726074219e+01
8.801416397094726562e+00
1.031029510498046875e+01
1.201751518249511719e+01
9.973239898681640625e+00
1.160269260406494141e+01
1.244095993041992188e+01
1.037996292114257812e+01
1.329463720321655273e+00
1.045137882232666016e+00
6.916233897209167480e-01
2.045359462499618530e-01
-8.679240942001342773e-01
-5.374053120613098145e-01
-8.349861502647399902e-01
-6.743918061256408691e-01
-9.146015048027038574e-01
-9.533882141113281250e-03
-8.366377353668212891e-01
4.184596836566925049e-01
1.569632887840270996e-01
1.206428766250610352e+00
-4.755786061286926270e-01
1.913974165916442871e+00
1.108244657516479492e+00
1.545656681060791016e+00
5.150917816162109375e+01
1.788832283020019531e+01
2.881330966949462891e+00
4.384556961059570312e+01
1.151899623870849609e+01
1.688031387329101562e+01
2.672009277343750000e+01
1.657103776931762695e+00
1.861620330810546875e+01
4.760994873046875000e+02
5.433651733398437500e+02
6.032821655273437500e+02
5.176990356445312500e+02
5.961130371093750000e+02
6.384714965820312500e+02
4.953445129394531250e+02
5.670193481445312500e+02
6.031879882812500000e+02
5.869335327148437500e+02
9.305917968750000000e+02
9.101428222656250000e+02
7.242611083984375000e+02
9.763026123046875000e+02
8.927291259765625000e+02
7.406457519531250000e+02
8.915921630859375000e+02
7.371396484375000000e+02
1.451758575439453125e+01
1.057456588745117188e+01
1.358296203613281250e+01
1.902292442321777344e+01
1.756805801391601562e+01
1.853936767578125000e+01
2.102259635925292969e+01
1.979788398742675781e+01
1.899103355407714844e+01
1.094021892547607422e+01
1.017157649993896484e+01
9.922048568725585938e+00
2.239804983139038086e+00
6.282281875610351562e-01
2.036717683076858521e-01
-2.012694835662841797e+00
-4.548509597778320312e+00
-2.549491643905639648e+00
6.318911075592041016e+00
6.042377948760986328e+00
8.415458679199218750e+00
8.779679298400878906e+00
9.773804664611816406e+00
1.261349010467529297e+01
1.262120723724365234e+01
1.419891738891601562e+01
1.693359756469726562e+01
1.516499633789062500e+02
2.461407012939453125e+02
2.763027954101562500e+02
2.208218231201171875e+02
3.018075256347656250e+02
2.943388977050781250e+02
2.906788330078125000e+02
3.342872619628906250e+02
2.992796936035156250e+02
2.779843139648437500e+02
3.798342895507812500e+02
4.675077514648437500e+02
3.406016540527343750e+02
4.522494812011718750e+02
5.341910400390625000e+02
3.880117797851562500e+02
5.096822509765625000e+02
5.637971801757812500e+02
1.002859725952148438e+02
5.983735275268554688e+01
2.545898437500000000e+01
9.094734954833984375e+01
3.269774627685546875e+01
9.490736007690429688e+00
9.532970428466796875e+01
4.687054824829101562e+01
3.710558319091796875e+01
4.407586097717285156e+00
8.765679597854614258e-01
9.186023473739624023e-01
-8.423956632614135742e-01
3.504822969436645508e+00
2.613756179809570312e+00
-3.042032718658447266e+00
2.628064393997192383e+00
3.836993873119354248e-01
2.072169799804687500e+02
2.236844635009765625e+02
2.201776580810546875e+02
1.828532257080078125e+02
2.036492767333984375e+02
2.233524169921875000e+02
1.392093658447265625e+02
1.681147460937500000e+02
2.356825866699218750e+02
4.732705593109130859e+00
1.936327457427978516e+00
4.373461008071899414e-01
4.795518398284912109e+00
-1.975832343101501465e+00
2.779355645179748535e-01
2.734547615051269531e+00
9.590777158737182617e-01
5.218780040740966797e-02
7.530811429023742676e-01
4.251486063003540039e-01
3.259164467453956604e-02
1.505841255187988281e+00
1.478182315826416016e+00
1.279702305793762207e+00
9.740933775901794434e-02
-3.595235347747802734e-01
-3.783210515975952148e-01
4.973282814025878906e+00
4.727610588073730469e+00
4.791527271270751953e+00
6.401468753814697266e+00
6.266467094421386719e+00
7.147053718566894531e+00
5.801220417022705078e+00
5.299117088317871094e+00
6.818025588989257812e+00
4.824112892150878906e+00
1.564704656600952148e+00
1.633823513984680176e+00
4.507225513458251953e+00
3.768236160278320312e+00
3.887584447860717773e+00
1.485993027687072754e+00
3.299553394317626953e+00
8.071599960327148438e+00
2.380617856979370117e+00
1.282032489776611328e+00
1.568176984786987305e+00
1.781371712684631348e+00
2.631187915802001953e+00
2.780410528182983398e+00
-9.569196403026580811e-02
7.490395903587341309e-01
5.136759281158447266e-01
1.484980773925781250e+02
1.487897338867187500e+02
1.850869903564453125e+02
1.955210266113281250e+02
2.186054382324218750e+02
2.607728271484375000e+02
1.876488189697265625e+02
2.356823577880859375e+02
2.711647644042968750e+02
8.081678009033203125e+01
1.146320571899414062e+02
8.058803558349609375e+01
9.648886871337890625e+01
1.261707611083984375e+02
9.483035278320312500e+01
8.855647277832031250e+01
1.232035522460937500e+02
1.009030075073242188e+02
7.493650817871093750e+01
-1.709373235702514648e+00
-1.339963150024414062e+01
9.541284942626953125e+01
-2.793135643005371094e+00
-2.611257553100585938e+01
2.748550415039062500e+01
-7.249568939208984375e+01
-8.903061676025390625e+01
4.759288787841796875e+01
5.956558227539062500e+01
5.371187210083007812e+01
7.145790100097656250e+01
8.376925659179687500e+01
7.423747253417968750e+01
8.448859405517578125e+01
9.419960021972656250e+01
8.372299957275390625e+01
1.172181510925292969e+01
1.569145679473876953e+01
1.637447929382324219e+01
1.366611385345458984e+01
1.455479907989501953e+01
1.998169708251953125e+01
2.248489618301391602e+00
3.008587360382080078e+00
8.300827026367187500e+00
2.977602005004882812e+00
5.936603546142578125e+00
2.718547582626342773e+00
4.472875118255615234e+00
6.735048294067382812e+00
2.500067949295043945e+00
4.233322143554687500e+00
5.132441997528076172e+00
1.796242892742156982e-01
2.694897460937500000e+02
2.516091918945312500e+02
2.434397125244140625e+02
3.396783752441406250e+02
3.144856262207031250e+02
2.828247680664062500e+02
3.926928710937500000e+02
3.751141967773437500e+02
3.346663818359375000e+02
1.273486022949218750e+02
1.164361114501953125e+02
8.301750183105468750e+01
1.790178375244140625e+02
1.501888275146484375e+02
9.348769378662109375e+01
1.522454376220703125e+02
1.217500839233398438e+02
7.451684570312500000e+01
3.157948303222656250e+02
2.970561828613281250e+02
2.877658996582031250e+02
2.622514038085937500e+02
2.797698364257812500e+02
2.596700134277343750e+02
2.666706542968750000e+02
3.061002197265625000e+02
3.144600219726562500e+02
3.597182846069335938e+01
5.457691574096679688e+01
4.962807464599609375e+01
6.898657226562500000e+01
8.731053161621093750e+01
8.121664428710937500e+01
7.894036102294921875e+01
8.903958892822265625e+01
9.321854400634765625e+01
6.278535079956054688e+01
7.594073486328125000e+01
7.208944702148437500e+01
1.353638000488281250e+02
1.309590301513671875e+02
1.520810089111328125e+02
1.876515197753906250e+02
2.128206634521484375e+02
2.302316436767578125e+02
3.483061218261718750e+01
3.096625137329101562e+01
3.562070846557617188e+01
4.706940078735351562e+01
4.945744705200195312e+01
4.004358291625976562e+01
5.419910430908203125e+01
5.573459625244140625e+01
3.754605484008789062e+01
3.388060033321380615e-01
9.618806838989257812e-02
5.802165269851684570e-01
4.723680019378662109e+00
4.766796588897705078e+00
3.866491794586181641e+00
3.868138313293457031e+00
3.796111345291137695e+00
2.553089141845703125e+00
1.961207747459411621e+00
1.379238605499267578e+00
1.309360980987548828e+00
1.448057770729064941e+00
7.648140788078308105e-01
7.453126907348632812e-01
9.253127574920654297e-01
5.881006717681884766e-01
8.860831260681152344e-01
1.603181600570678711e+00
1.798258781433105469e+00
1.102427840232849121e+00
3.576889991760253906e+00
6.681766033172607422e+00
4.820328712463378906e+00
-2.020448446273803711e-01
2.737175464630126953e+00
2.593592166900634766e+00
1.209855079650878906e+00
1.193835258483886719e+00
2.245201349258422852e+00
-1.656087487936019897e-01
-1.029862165451049805e-01
4.207276105880737305e-01
6.724318116903305054e-02
3.929251134395599365e-01
-8.573736250400543213e-02
4.003409862518310547e+00
-5.367324352264404297e+00
-3.738398313522338867e+00
1.514436054229736328e+01
1.257524967193603516e+01
1.876955795288085938e+01
6.777527332305908203e+00
1.360510253906250000e+01
2.479068756103515625e+01
-1.586143970489501953e+00
2.138235092163085938e+00
-8.825810432434082031e+00
5.585226535797119141e+00
8.780134201049804688e+00
-1.264345169067382812e+01
-7.753241539001464844e+00
-2.237406539916992188e+01
-2.949258995056152344e+01
5.983493423461914062e+01
1.735974693298339844e+01
2.900583076477050781e+01
3.077476119995117188e+01
-1.072622013092041016e+01
-4.291861534118652344e+00
6.302221298217773438e+01
3.510464096069335938e+01
2.842324447631835938e+01
-1.445747375488281250e+00
1.297059059143066406e+00
-1.711815595626831055e-01
3.609896183013916016e+00
5.357381343841552734e+00
3.068118810653686523e+00
4.573821067810058594e+00
6.335854530334472656e+00
4.879727363586425781e+00
9.426315128803253174e-02
-8.557152152061462402e-01
1.819116324186325073e-01
1.624402880668640137e+00
2.880440473556518555e+00
3.942643404006958008e+00
5.301796913146972656e+00
8.323955535888671875e+00
8.855858802795410156e+00
6.208668351173400879e-01
1.108095169067382812e+00
9.330973625183105469e-01
3.815011382102966309e-01
7.598224282264709473e-01
2.350054532289505005e-01
2.051680684089660645e-01
1.524520292878150940e-02
-4.783484637737274170e-01
3.956951904296875000e+01
3.547212982177734375e+01
2.940599632263183594e+01
3.212668991088867188e+01
9.402361869812011719e+00
-2.727087497711181641e+00
7.482810974121093750e+01
4.434108734130859375e+01
3.428064346313476562e+01
1.577674102783203125e+01
-4.416871070861816406e+00
-1.209512329101562500e+01
1.524523162841796875e+01
-4.239849567413330078e+00
-1.596698188781738281e+01
4.986404418945312500e+00
-1.084471130371093750e+01
-3.331946182250976562e+01
8.877091979980468750e+01
7.339051818847656250e+01
7.220137023925781250e+01
6.711919403076171875e+01
7.016388702392578125e+01
8.245520782470703125e+01
1.064836120605468750e+02
1.085228118896484375e+02
1.214313583374023438e+02
2.400982141494750977e+00
7.392940521240234375e+00
5.664301395416259766e+00
6.836018085479736328e+00
8.336785316467285156e+00
5.889208316802978516e+00
5.300230026245117188e+00
5.124346733093261719e+00
4.515270233154296875e+00
6.845230102539062500e+01
6.858731079101562500e+01
5.871862030029296875e+01
3.664230346679687500e+01
1.971216392517089844e+01
-1.144340276718139648e+00
2.466132164001464844e+01
1.798228454589843750e+01
6.240139484405517578e+00
-8.709795475006103516e-01
-2.332089543342590332e-01
5.729640960693359375e+00
-4.900714874267578125e+00
1.012281537055969238e+00
2.830412626266479492e+00
6.161558628082275391e+00
6.110081195831298828e+00
6.481072902679443359e+00
-1.962855756282806396e-01
-1.091846078634262085e-01
-2.796145379543304443e-01
9.951201081275939941e-01
1.542311549186706543e+00
1.836468100547790527e+00
6.134718656539916992e-03
5.727051496505737305e-01
9.761601686477661133e-01
1.740878343582153320e+00
1.932888507843017578e+00
1.491965770721435547e+00
2.241510391235351562e+00
2.556503772735595703e+00
2.018894910812377930e+00
3.081135034561157227e+00
3.388510465621948242e+00
2.826988458633422852e+00
6.486511826515197754e-01
6.322088241577148438e+00
2.885866463184356689e-01
1.225326538085937500e+00
4.133087635040283203e+00
-1.329941868782043457e+00
3.573037683963775635e-01
1.319721221923828125e+00
-1.280175805091857910e+00
-5.429341197013854980e-01
4.785108566284179688e-02
-1.289907693862915039e+00
1.481667041778564453e+00
1.074215531349182129e+00
6.267662048339843750e-01
-1.638334542512893677e-01
-1.526344567537307739e-01
-2.713789939880371094e-01
8.736808776855468750e+00
-2.870028305053710938e+01
-1.003811416625976562e+02
2.331441497802734375e+01
-2.806394577026367188e+01
-6.593852233886718750e+01
-8.729486465454101562e+00
-5.398330307006835938e+01
-6.628690338134765625e+01
-1.946125793457031250e+01
-2.934593391418457031e+01
1.027257347106933594e+01
-4.135197639465332031e+00
-3.503005504608154297e+00
4.240078735351562500e+01
-3.424427413940429688e+01
-1.472382354736328125e+01
2.810529327392578125e+01
7.388438415527343750e+01
9.958563232421875000e+01
1.682270202636718750e+02
8.583984375000000000e+01
1.207213516235351562e+02
1.913797149658203125e+02
1.070497360229492188e+02
1.602697448730468750e+02
1.943430786132812500e+02
-3.792443466186523438e+01
-3.883427429199218750e+01
-3.484109878540039062e+01
-4.099340820312500000e+01
-3.968866729736328125e+01
-3.564493942260742188e+01
-3.042720222473144531e+01
-2.843060302734375000e+01
-2.546474838256835938e+01
-8.498303890228271484e-01
-9.248263835906982422e-01
-1.629996180534362793e+00
-1.423671990633010864e-01
-1.089069843292236328e+00
-3.080698966979980469e+00
8.943563699722290039e-01
5.351420640945434570e-01
-1.328390598297119141e+00
4.835739731788635254e-02
-4.153484106063842773e-02
-3.483446538448333740e-01
-4.487859010696411133e-01
4.130049347877502441e-01
-2.534015476703643799e-02
-3.690430149435997009e-02
5.140963196754455566e-01
2.981833219528198242e-01
1.536426162719726562e+01
3.202577209472656250e+01
8.250292968750000000e+01
-1.806660461425781250e+01
1.531151294708251953e+01
5.870807647705078125e+01
-2.709068298339843750e+01
2.065525436401367188e+01
4.695146942138671875e+01
-7.629107666015625000e+01
-6.536106109619140625e+01
-6.183554840087890625e+01
-6.199440383911132812e+01
-4.271790695190429688e+01
-4.023832702636718750e+01
-4.516244125366210938e+01
-3.028976821899414062e+01
-2.090982246398925781e+01
1.538411102294921875e+02
2.171664123535156250e+02
1.785837860107421875e+02
1.387121887207031250e+02
1.608919067382812500e+02
1.144898986816406250e+02
9.033349609375000000e+01
1.148899841308593750e+02
6.990811920166015625e+01
-1.239192962646484375e+01
-3.427444458007812500e+01
-1.972260475158691406e+01
-2.249505615234375000e+01
-2.907382202148437500e+01
-1.275268554687500000e+01
-1.835636138916015625e+01
-1.524446964263916016e+01
4.670956134796142578e-01
1.372419891357421875e+02
1.434008178710937500e+02
1.454365081787109375e+02
1.194793701171875000e+02
1.434665069580078125e+02
1.633897094726562500e+02
8.736993408203125000e+01
1.293300933837890625e+02
1.543471984863281250e+02
-4.200767135620117188e+01
-5.487121963500976562e+01
-5.778224563598632812e+01
-5.006809234619140625e+01
-5.715866851806640625e+01
-5.519573211669921875e+01
-4.210275650024414062e+01
-5.543697357177734375e+01
-5.210114669799804688e+01
-7.178705930709838867e-01
-1.186336040496826172e+00
-6.979758143424987793e-01
-5.122777462005615234e+00
-5.448703289031982422e+00
-4.761231899261474609e+00
-3.734051465988159180e+00
-5.100851535797119141e+00
-3.856283426284790039e+00
5.268091201782226562e+00
5.248715877532958984e+00
5.373479843139648438e+00
7.924193382263183594e+00
7.434442043304443359e+00
6.837419986724853516e+00
8.840763092041015625e+00
8.260424613952636719e+00
7.296091556549072266e+00
2.433627843856811523e+00
-3.965104743838310242e-02
-1.427116692066192627e-01
-4.023333787918090820e-01
-2.195784568786621094e+00
-6.939662694931030273e-01
-6.592637300491333008e-01
-5.050557255744934082e-01
7.979552745819091797e-01
1.520152091979980469e+00
8.759276270866394043e-01
1.257073044776916504e+00
1.265543699264526367e+00
1.602335333824157715e+00
1.466148495674133301e+00
7.400552630424499512e-01
-8.172960579395294189e-02
4.459026753902435303e-01
3.293501281738281250e+01
1.986919593811035156e+01
1.401700687408447266e+01
1.908993530273437500e+01
1.354116916656494141e+01
3.849042510986328125e+01
3.376782178878784180e+00
2.281026649475097656e+01
4.211267089843750000e+01
4.047008972167968750e+02
4.590173034667968750e+02
4.352004394531250000e+02
4.152511596679687500e+02
4.881633605957031250e+02
4.750422058105468750e+02
3.778317260742187500e+02
4.465200805664062500e+02
4.545403442382812500e+02
4.805481872558593750e+02
5.185151367187500000e+02
5.292902221679687500e+02
5.691175537109375000e+02
6.015124511718750000e+02
5.963031616210937500e+02
5.033092651367187500e+02
5.040854797363281250e+02
4.620037231445312500e+02
1.020668315887451172e+01
1.689417457580566406e+01
1.720650291442871094e+01
1.695854759216308594e+01
2.483224868774414062e+01
2.410678672790527344e+01
2.073788261413574219e+01
2.642874526977539062e+01
2.663270759582519531e+01
9.207777976989746094e+00
1.027628326416015625e+01
1.201501560211181641e+01
7.863585948944091797e+00
6.860320568084716797e+00
1.094849967956542969e+01
-4.652098178863525391e+00
-6.806495666503906250e+00
6.658413410186767578e-01
6.408021926879882812e+00
8.567357063293457031e+00
8.073237419128417969e+00
8.017894744873046875e+00
1.129026317596435547e+01
1.022027206420898438e+01
9.553311347961425781e+00
1.308526134490966797e+01
1.163879299163818359e+01
1.250227966308593750e+02
1.510866241455078125e+02
1.816111297607421875e+02
1.907951660156250000e+02
2.185902099609375000e+02
2.263731536865234375e+02
2.160257263183593750e+02
2.231363372802734375e+02
2.078394927978515625e+02
3.114369812011718750e+02
3.443137512207031250e+02
3.615508728027343750e+02
3.682796325683593750e+02
4.039558410644531250e+02
4.114554138183593750e+02
3.729169006347656250e+02
4.145950622558593750e+02
4.146959228515625000e+02
4.458974075317382812e+01
4.079405975341796875e+01
2.368774604797363281e+01
5.754420471191406250e+01
4.614462280273437500e+01
3.576663208007812500e+01
3.602796936035156250e+01
1.973465156555175781e+01
1.081939315795898438e+01
-3.450996160507202148e+00
4.767843186855316162e-01
2.885800361633300781e+00
-2.664745807647705078e+00
7.755660057067871094e+00
7.323079109191894531e+00
-5.096198081970214844e+00
6.853074550628662109e+00
9.344766616821289062e+00
1.104321975708007812e+02
9.293797302246093750e+01
9.204796600341796875e+01
1.336771697998046875e+02
1.496724395751953125e+02
1.527316436767578125e+02
1.013894271850585938e+02
1.288162231445312500e+02
1.659527587890625000e+02
1.451749897003173828e+01
1.024790954589843750e+01
6.633159637451171875e+00
2.297595596313476562e+01
1.579211997985839844e+01
1.289692306518554688e+01
1.061685848236083984e+01
1.232571697235107422e+01
8.483723640441894531e+00
2.355523824691772461e+00
1.960291504859924316e+00
1.977804183959960938e+00
1.389433741569519043e+00
9.980698227882385254e-01
6.186691522598266602e-01
2.015493154525756836e+00
2.012828111648559570e+00
1.777584314346313477e+00
9.615213012695312500e+01
1.054249954223632812e+02
1.263607254028320312e+02
8.560136413574218750e+01
1.007218322753906250e+02
1.283236083984375000e+02
7.060792541503906250e+01
9.013915252685546875e+01
1.218324966430664062e+02
3.069635772705078125e+01
1.862661743164062500e+01
2.383868408203125000e+01
4.131022262573242188e+01
5.048421096801757812e+01
7.620125579833984375e+01
2.175053596496582031e+01
3.049195861816406250e+01
3.850807189941406250e+01
2.638217544555664062e+01
1.651984024047851562e+01
2.320042419433593750e+01
-7.649422287940979004e-01
-7.272096872329711914e-01
1.204179382324218750e+01
8.142799377441406250e+00
6.140112876892089844e+00
9.923315048217773438e+00
3.398528808593750000e+03
4.014899169921875000e+03
4.347483886718750000e+03
3.555810546875000000e+03
4.228050292968750000e+03
4.709505859375000000e+03
3.504842529296875000e+03
4.066584472656250000e+03
4.417129394531250000e+03
1.829519775390625000e+03
2.243746337890625000e+03
1.906005859375000000e+03
1.557006103515625000e+03
2.095184326171875000e+03
1.875397216796875000e+03
2.062436035156250000e+03
2.445668701171875000e+03
2.151695312500000000e+03
5.267913818359375000e+02
8.717564392089843750e+01
7.793164672851562500e+02
8.225869750976562500e+01
-2.579396972656250000e+02
7.538304443359375000e+02
1.909649963378906250e+02
1.480982971191406250e+02
1.141140014648437500e+03
1.538711303710937500e+03
1.598037841796875000e+03
1.478407958984375000e+03
1.615734008789062500e+03
1.698663330078125000e+03
1.581108276367187500e+03
1.507446289062500000e+03
1.606376831054687500e+03
1.534318969726562500e+03
1.179125595092773438e+01
2.790431785583496094e+01
4.515428161621093750e+01
6.424098968505859375e+01
9.036137390136718750e+01
1.006859436035156250e+02
1.339195556640625000e+02
1.439432830810546875e+02
1.398025360107421875e+02
8.863375854492187500e+01
9.371067047119140625e+01
5.538354492187500000e+01
6.333245086669921875e+01
7.311338806152343750e+01
3.103298759460449219e+01
4.534949874877929688e+01
5.041507339477539062e+01
2.263481521606445312e+01
5.825435546875000000e+03
5.509806640625000000e+03
5.509306640625000000e+03
5.595235351562500000e+03
5.220351562500000000e+03
5.121388671875000000e+03
5.786586914062500000e+03
5.884026367187500000e+03
6.071223144531250000e+03
2.908975097656250000e+03
2.528401611328125000e+03
2.502287841796875000e+03
2.205478515625000000e+03
1.841991943359375000e+03
1.962549316406250000e+03
1.792551025390625000e+03
1.509335205078125000e+03
1.734532104492187500e+03
3.424245361328125000e+03
3.583225341796875000e+03
3.660237548828125000e+03
3.128938232421875000e+03
3.450601074218750000e+03
3.880305908203125000e+03
4.410590820312500000e+03
4.869583007812500000e+03
5.115624023437500000e+03
1.277477783203125000e+03
1.391950317382812500e+03
1.337710327148437500e+03
1.427761840820312500e+03
1.585339111328125000e+03
1.434346435546875000e+03
1.217188232421875000e+03
1.391260620117187500e+03
1.362289916992187500e+03
1.858972534179687500e+03
2.327147460937500000e+03
2.516551513671875000e+03
1.950624267578125000e+03
2.148885253906250000e+03
2.172638183593750000e+03
1.951176513671875000e+03
1.935908569335937500e+03
2.050045654296875000e+03
1.096861083984375000e+03
1.197607421875000000e+03
1.054603271484375000e+03
1.138398193359375000e+03
1.173624023437500000e+03
9.119995727539062500e+02
1.322665527343750000e+03
1.297606567382812500e+03
1.128887817382812500e+03
4.867309188842773438e+01
5.062714004516601562e+01
4.641262054443359375e+01
1.564297637939453125e+02
1.691556549072265625e+02
1.595916137695312500e+02
9.740246582031250000e+01
1.112740097045898438e+02
1.067401123046875000e+02
8.615704774856567383e-01
8.579518198966979980e-01
3.545032739639282227e-01
6.150791645050048828e-01
5.422523617744445801e-01
-9.207533299922943115e-02
1.019624471664428711e+00
4.863564372062683105e-01
-2.785459160804748535e-01
1.484094858169555664e+00
-1.178794354200363159e-01
5.253644943237304688e+00
3.387016057968139648e-01
-1.903366684913635254e+00
5.437549114227294922e+00
1.631468385457992554e-01
-8.615593910217285156e-01
1.235486745834350586e+00
-3.469543457031250000e+00
-2.926472902297973633e+00
-1.304329872131347656e+00
-5.552255734801292419e-02
4.598593413829803467e-01
-1.815405189990997314e-01
1.229429692029953003e-01
1.529151108115911484e-02
-7.363878488540649414e-01
2.247696685791015625e+01
2.533401489257812500e+01
2.610241889953613281e+00
1.106836509704589844e+01
3.308294296264648438e+01
-2.415998077392578125e+01
1.905541419982910156e+01
4.650807952880859375e+01
-1.429004096984863281e+01
5.757152175903320312e+01
4.933937835693359375e+01
-1.042966079711914062e+01
6.831844329833984375e+01
4.980965042114257812e+01
1.945399093627929688e+01
9.659904479980468750e+01
6.597740936279296875e+01
3.060247421264648438e+01
7.317343139648437500e+01
4.325323867797851562e+01
2.893479156494140625e+01
6.809504699707031250e+01
2.646185684204101562e+01
-1.355910491943359375e+01
8.147011566162109375e+01
4.353928756713867188e+01
-1.804125308990478516e+00
2.168220901489257812e+01
1.888863945007324219e+01
1.534919261932373047e+01
2.192297935485839844e+01
1.576566791534423828e+01
1.210119152069091797e+01
1.855492591857910156e+01
1.092950153350830078e+01
8.225944519042968750e+00
3.142639160156250000e+00
5.777688503265380859e+00
1.561638116836547852e+00
1.788805246353149414e+00
4.316308975219726562e+00
2.510640621185302734e+00
4.401883125305175781e+00
8.960501670837402344e+00
6.816073417663574219e+00
2.569078922271728516e+00
3.023091256618499756e-01
-1.584086418151855469e+00
4.530204772949218750e+00
8.073204755783081055e-01
-3.573567569255828857e-01
4.597925186157226562e+00
9.372164011001586914e-01
5.311067104339599609e-01
5.044072723388671875e+01
2.664202880859375000e+01
1.793392562866210938e+01
7.341974639892578125e+01
4.406288146972656250e+01
1.908534049987792969e+01
7.733310699462890625e+01
4.426973724365234375e+01
-5.488507747650146484e-01
9.951946258544921875e+01
4.996438217163085938e+01
2.575201797485351562e+01
1.032175292968750000e+02
4.180043029785156250e+01
1.456816196441650391e+01
9.667646789550781250e+01
5.667142486572265625e+01
1.907914352416992188e+01
3.421165084838867188e+01
3.695228195190429688e+01
2.493611526489257812e+01
1.075835227966308594e+00
9.680488586425781250e+00
3.485553741455078125e+01
-1.530425643920898438e+01
-8.270586967468261719e+00
8.836223602294921875e+00
7.071125030517578125e+00
1.396552944183349609e+01
-7.998736381530761719e+00
2.473829650878906250e+01
1.328746604919433594e+01
-1.184043788909912109e+01
1.825175285339355469e+01
1.115615463256835938e+01
-6.235941410064697266e+00
3.553203582763671875e+01
3.395164489746093750e+01
5.273496627807617188e+01
2.158281707763671875e+01
2.071055793762207031e+01
3.618135452270507812e+01
4.987158584594726562e+01
4.221293640136718750e+01
3.969818496704101562e+01
9.136427879333496094e+00
2.193717384338378906e+01
4.250353240966796875e+01
1.390842437744140625e+01
1.311452007293701172e+01
1.428720283508300781e+01
1.470799636840820312e+01
7.499806880950927734e+00
1.215037465095520020e+00
1.819890022277832031e+00
-3.369871675968170166e-01
-4.516589343547821045e-01
9.623117446899414062e-01
8.177191019058227539e-01
4.943854808807373047e-01
-3.788267374038696289e+00
-2.040181636810302734e+00
-1.114631772041320801e+00
2.824418258666992188e+01
3.422518157958984375e+01
3.191925430297851562e+01
3.518207550048828125e+01
3.647755813598632812e+01
3.233620071411132812e+01
3.940690994262695312e+01
3.664523696899414062e+01
3.080100059509277344e+01
2.084529876708984375e+00
1.700735282897949219e+01
8.624980926513671875e+00
-3.846186876296997070e+00
5.262366533279418945e-01
-2.743808031082153320e+00
1.911142945289611816e+00
-1.575297355651855469e+00
-2.860102653503417969e+00
-2.174751758575439453e+00
-1.954490095376968384e-01
2.604298591613769531e+00
-1.007481336593627930e+00
-2.404127836227416992e+00
-7.253057956695556641e+00
-1.882923960685729980e+00
6.844614148139953613e-01
-9.913553595542907715e-01
3.516686706542968750e+02
1.567964630126953125e+02
-1.255724182128906250e+02
2.024326477050781250e+02
-4.221928024291992188e+01
-1.730245819091796875e+02
9.609075164794921875e+01
-9.813571166992187500e+01
-6.846385192871093750e+01
1.666123779296875000e+03
1.806303466796875000e+03
2.093490722656250000e+03
1.505990966796875000e+03
1.621793457031250000e+03
1.973282836914062500e+03
1.524770263671875000e+03
1.709543457031250000e+03
2.035604125976562500e+03
2.084716796875000000e+03
2.411345703125000000e+03
2.738674560546875000e+03
2.355108642578125000e+03
2.770623779296875000e+03
2.793777587890625000e+03
2.329280517578125000e+03
2.776291259765625000e+03
2.602273193359375000e+03
5.829204940795898438e+01
8.180943298339843750e+01
9.888999176025390625e+01
2.732545471191406250e+01
6.155869674682617188e+01
8.724898529052734375e+01
1.029452133178710938e+01
4.143045043945312500e+01
5.879407882690429688e+01
2.994455337524414062e+01
2.595076751708984375e+01
8.630801200866699219e+00
-7.755458354949951172e+00
-2.859542655944824219e+01
-2.061007690429687500e+01
-2.693999052047729492e+00
-2.279641342163085938e+01
-7.050579547882080078e+00
2.097706031799316406e+01
2.730259132385253906e+01
3.989659881591796875e+01
2.288400650024414062e+01
3.588724517822265625e+01
5.299216461181640625e+01
2.899323081970214844e+01
4.714763259887695312e+01
5.794786071777343750e+01
4.781105957031250000e+02
7.613138427734375000e+02
8.742810668945312500e+02
6.251755981445312500e+02
1.085233154296875000e+03
1.235706298828125000e+03
5.641179809570312500e+02
1.030185180664062500e+03
1.177395751953125000e+03
1.108296264648437500e+03
1.585269653320312500e+03
1.724753051757812500e+03
1.127939575195312500e+03
1.647303588867187500e+03
1.804899780273437500e+03
1.207872314453125000e+03
1.686063964843750000e+03
1.889865600585937500e+03
2.388797760009765625e+02
2.407573852539062500e+02
-4.422509002685546875e+01
3.420499877929687500e+02
2.045504913330078125e+02
-4.493431091308593750e+01
1.743191375732421875e+02
-3.757546997070312500e+01
-2.327581634521484375e+02
1.810167074203491211e+00
-3.901976394653320312e+01
3.100549125671386719e+01
-4.036199188232421875e+01
-4.083790969848632812e+01
5.974794387817382812e+01
-5.561993408203125000e+01
-3.496983718872070312e+01
4.558594131469726562e+01
5.554234619140625000e+02
5.310504150390625000e+02
4.487867126464843750e+02
5.597716674804687500e+02
5.889085083007812500e+02
5.272807617187500000e+02
4.914671936035156250e+02
5.178480834960937500e+02
5.824400024414062500e+02
8.221941375732421875e+01
9.799795150756835938e+00
4.382374191284179688e+01
6.197595214843750000e+01
4.536877059936523438e+01
3.285046768188476562e+01
4.536976242065429688e+01
4.688804244995117188e+01
5.210064697265625000e+01
1.757949638366699219e+01
1.890130996704101562e+01
1.629572486877441406e+01
8.655769348144531250e+00
8.396743774414062500e+00
4.358014106750488281e+00
-2.500510454177856445e+00
-2.765575349330902100e-01
-6.875555515289306641e-01
4.855252742767333984e+00
3.579322099685668945e+00
4.109942436218261719e+00
6.062360763549804688e+00
4.413978099822998047e+00
4.925320148468017578e+00
6.804437160491943359e+00
5.143564701080322266e+00
5.165912151336669922e+00
-1.391486644744873047e+00
-5.440341830253601074e-01
-1.263902902603149414e+00
5.326244235038757324e-01
7.451457977294921875e-01
1.239700838923454285e-01
1.568533778190612793e+00
4.560918211936950684e-01
-4.463672041893005371e-01
3.127913177013397217e-01
1.872402429580688477e-01
8.575118184089660645e-01
1.566019952297210693e-01
8.594043552875518799e-02
7.428925037384033203e-01
-8.789905160665512085e-02
2.294755429029464722e-01
-1.847389638423919678e-01
4.539850711822509766e+00
7.933464050292968750e+00
2.131431961059570312e+01
7.189489841461181641e+00
4.445637226104736328e+00
4.402220916748046875e+01
8.962679862976074219e+00
4.411104679107666016e+00
4.650701904296875000e+01
2.757413330078125000e+02
2.757007751464843750e+02
3.113057250976562500e+02
3.631765136718750000e+02
3.767158813476562500e+02
4.019717712402343750e+02
3.090310974121093750e+02
3.478468627929687500e+02
3.716746520996093750e+02
5.853488769531250000e+02
3.851424560546875000e+02
3.354816589355468750e+02
5.688376464843750000e+02
3.940699462890625000e+02
3.499708557128906250e+02
4.551851196289062500e+02
3.382182006835937500e+02
3.382593994140625000e+02
-9.357012748718261719e+00
1.711660385131835938e+00
1.576660037040710449e+00
-5.690409660339355469e+00
6.122859954833984375e+00
6.874372005462646484e+00
-1.439655423164367676e-01
1.136627864837646484e+01
1.176030731201171875e+01
1.659003257751464844e+01
2.031775283813476562e+01
1.953084754943847656e+01
9.168292999267578125e+00
1.409867954254150391e+01
1.057311439514160156e+01
-1.009507298469543457e+00
1.609543442726135254e+00
4.257005691528320312e+00
3.924326181411743164e+00
7.537816047668457031e+00
7.847448825836181641e+00
5.890753269195556641e+00
8.512799263000488281e+00
6.729061126708984375e+00
7.556765079498291016e+00
8.778210639953613281e+00
7.264990329742431641e+00
1.483447570800781250e+02
1.724181060791015625e+02
1.564470214843750000e+02
1.177464447021484375e+02
1.669758300781250000e+02
1.657898406982421875e+02
1.051688690185546875e+02
1.550427551269531250e+02
1.820794525146484375e+02
2.708804626464843750e+02
2.850037536621093750e+02
2.516945037841796875e+02
3.377349243164062500e+02
3.575264892578125000e+02
3.289619445800781250e+02
3.443103027343750000e+02
3.529022827148437500e+02
3.449703674316406250e+02
-6.390360832214355469e+00
5.162556457519531250e+01
2.231191253662109375e+01
-2.206547355651855469e+01
4.883796691894531250e+01
1.967900085449218750e+01
7.875502586364746094e+00
7.518036651611328125e+01
3.458911895751953125e+01
-5.288647651672363281e+00
-1.000883960723876953e+01
2.998820781707763672e+00
-2.752583026885986328e-01
-5.626410484313964844e+00
3.088197708129882812e+00
-2.944056272506713867e+00
-4.831221580505371094e+00
1.554296731948852539e+00
8.505448913574218750e+01
9.032586669921875000e+01
1.358769378662109375e+02
1.173909454345703125e+02
1.534826049804687500e+02
1.976327362060546875e+02
1.164990463256835938e+02
1.712154388427734375e+02
2.154929809570312500e+02
-1.395107555389404297e+01
-2.174735546112060547e+00
-6.816794872283935547e+00
-1.623113632202148438e+01
-5.679636955261230469e+00
-1.778521776199340820e+00
-1.429132938385009766e+01
-3.149533271789550781e+00
6.189041137695312500e+00
-2.620132446289062500e+00
-2.277460813522338867e+00
-2.517915725708007812e+00
-1.259581804275512695e+00
-6.468403935432434082e-01
-6.940160393714904785e-01
-4.863137900829315186e-01
-2.556040883064270020e-01
-9.906370937824249268e-02
4.654750061035156250e+01
5.108876800537109375e+01
5.276585388183593750e+01
4.963781356811523438e+01
4.964117431640625000e+01
4.974000930786132812e+01
4.780932235717773438e+01
4.632993316650390625e+01
4.437368392944335938e+01
1.506155967712402344e+01
2.452166366577148438e+01
3.855489349365234375e+01
-5.938363075256347656e-01
1.052338981628417969e+01
2.271634864807128906e+01
4.367457389831542969e+00
-2.729649066925048828e+00
1.333109188079833984e+01
-8.770299911499023438e+00
1.174062967300415039e+00
2.085617542266845703e+00
-4.684739112854003906e+00
2.631707668304443359e+00
-1.664282083511352539e-01
-2.725615501403808594e+00
-3.384469985961914062e+00
-4.445463657379150391e+00
5.075172119140625000e+02
6.162252807617187500e+02
3.224116210937500000e+02
4.067997741699218750e+02
3.867739562988281250e+02
5.687564086914062500e+01
5.520265502929687500e+02
4.665362243652343750e+02
2.217391357421875000e+02
1.436117797851562500e+03
1.449724365234375000e+03
1.533742675781250000e+03
1.276186279296875000e+03
1.277727905273437500e+03
1.405985595703125000e+03
1.155694213867187500e+03
1.172698730468750000e+03
1.341199340820312500e+03
2.598596435546875000e+03
2.174947998046875000e+03
2.461429443359375000e+03
2.184859130859375000e+03
1.894186889648437500e+03
2.232810302734375000e+03
2.214106689453125000e+03
2.122482177734375000e+03
2.446046875000000000e+03
8.245732116699218750e+01
9.824877929687500000e+01
9.424246978759765625e+01
2.100137519836425781e+01
4.507434082031250000e+01
6.089605331420898438e+01
-1.558614063262939453e+01
1.138220596313476562e+01
3.169820404052734375e+01
-3.003424263000488281e+01
-2.891982460021972656e+01
-2.870239448547363281e+01
-2.250582885742187500e+01
-1.325167751312255859e+01
-2.856659317016601562e+01
2.089646720886230469e+01
4.137100219726562500e+01
2.484588623046875000e+01
3.440809249877929688e+01
5.147560882568359375e+01
4.512136840820312500e+01
3.641348648071289062e+01
5.009344863891601562e+01
4.792730331420898438e+01
2.781801795959472656e+01
4.446195983886718750e+01
4.942356109619140625e+01
1.427647949218750000e+03
1.292275268554687500e+03
1.239611328125000000e+03
1.297223266601562500e+03
1.273968505859375000e+03
1.401811157226562500e+03
8.558244018554687500e+02
9.729562988281250000e+02
1.174628540039062500e+03
9.125309448242187500e+02
1.207748168945312500e+03
1.318829589843750000e+03
8.374736328125000000e+02
1.181004638671875000e+03
1.302277832031250000e+03
8.076442260742187500e+02
1.126816894531250000e+03
1.257599243164062500e+03
8.874818115234375000e+02
1.268315307617187500e+03
1.121340087890625000e+03
1.109815185546875000e+03
1.431637817382812500e+03
1.186003540039062500e+03
8.122843017578125000e+02
1.075099853515625000e+03
6.529340820312500000e+02
1.533432006835937500e+02
1.284261474609375000e+02
6.482518005371093750e+01
8.592636108398437500e+01
6.162332153320312500e+01
4.824145507812500000e+01
1.235313873291015625e+02
4.992752075195312500e+01
9.534369659423828125e+01
1.288517089843750000e+03
1.183400512695312500e+03
1.318585693359375000e+03
1.319776489257812500e+03
1.294107543945312500e+03
1.370846313476562500e+03
1.069293701171875000e+03
1.088860839843750000e+03
1.174338989257812500e+03
2.674386596679687500e+01
-5.639942550659179688e+01
-1.003524169921875000e+02
-7.115939140319824219e+00
-7.205992889404296875e+01
-1.366673889160156250e+02
-7.470602989196777344e-01
-3.305656814575195312e+01
-7.242007446289062500e+01
3.142489051818847656e+01
2.983984756469726562e+01
3.099838066101074219e+01
2.740883827209472656e+00
5.106143474578857422e+00
8.560388565063476562e+00
-1.040271568298339844e+01
-9.140175819396972656e+00
-5.339035987854003906e+00
-1.499694108963012695e+00
-2.385878562927246094e+00
-1.479187130928039551e+00
-1.417725801467895508e+00
-2.339251518249511719e+00
-1.692950487136840820e+00
-1.305137276649475098e+00
-2.339549541473388672e+00
-2.133671760559082031e+00
8.268368244171142578e-01
3.701463043689727783e-01
1.139819502830505371e+00
6.726788282394409180e-01
-4.120181500911712646e-01
-1.185422837734222412e-01
4.162003099918365479e-01
-2.207275480031967163e-01
1.362499237060546875e+00
-8.149859309196472168e-01
2.411564588546752930e-01
1.310583204030990601e-01
-3.125001192092895508e-01
-3.744926452636718750e-01
2.539094090461730957e-01
1.095176339149475098e-01
9.373525381088256836e-01
1.041658520698547363e+00
-2.394421768188476562e+01
-2.668554687500000000e+01
-6.511682510375976562e+00
-3.175551605224609375e+01
-2.047517395019531250e+01
1.742244958877563477e-01
-2.029113006591796875e+01
-1.271215343475341797e+01
-2.048714876174926758e+00
-1.614514770507812500e+02
-1.743079376220703125e+02
-1.779358215332031250e+02
-1.793279724121093750e+02
-1.812582855224609375e+02
-1.823260345458984375e+02
-2.025158386230468750e+02
-1.861213989257812500e+02
-1.910975494384765625e+02
-6.075541687011718750e+01
-1.521590423583984375e+02
-1.731528015136718750e+02
-4.371761322021484375e+01
-1.217955780029296875e+02
-1.474098205566406250e+02
-4.552690505981445312e+01
-1.276065750122070312e+02
-1.098687133789062500e+02
-9.756502151489257812e+00
-5.765483856201171875e+00
-5.427623748779296875e+00
-9.184914588928222656e+00
-5.420658588409423828e+00
-6.558940887451171875e+00
-1.035490894317626953e+01
-8.238527297973632812e+00
-9.794545173645019531e+00
-8.311718940734863281e+00
-8.340724945068359375e+00
-6.142065048217773438e+00
-5.764338970184326172e+00
-3.386031150817871094e+00
-3.236362218856811523e+00
-2.983543395996093750e+00
-1.082659721374511719e+00
-9.259411096572875977e-01
-2.981438398361206055e+00
-3.287172615528106689e-01
-7.279135584831237793e-01
-2.298615932464599609e+00
-5.751295685768127441e-01
-1.533023715019226074e+00
-3.119760274887084961e+00
-1.745470404624938965e+00
-2.492518901824951172e+00
-3.295656585693359375e+01
-2.657633399963378906e+01
-1.094794464111328125e+01
-4.762208175659179688e+01
-4.238487625122070312e+01
-3.275176620483398438e+01
-3.541876983642578125e+01
-5.626412582397460938e+01
-5.462237548828125000e+01
-1.354786987304687500e+02
-1.367975158691406250e+02
-1.452823333740234375e+02
-1.541839294433593750e+02
-1.556398925781250000e+02
-1.522271881103515625e+02
-1.747062530517578125e+02
-1.790475006103515625e+02
-1.665152130126953125e+02
5.322656250000000000e+01
7.781652069091796875e+01
8.628632354736328125e+01
3.185852622985839844e+01
6.749871063232421875e+01
8.482567596435546875e+01
2.857207298278808594e+01
7.907472229003906250e+01
8.878704833984375000e+01
-4.023710250854492188e+00
-4.175918579101562500e+00
-1.383743286132812500e+00
-1.555400609970092773e+00
1.659922242164611816e+00
3.114790916442871094e-01
-1.218578696250915527e+00
1.205921769142150879e+00
1.064866304397583008e+00
2.812317085266113281e+01
2.252630615234375000e+01
4.354127883911132812e+01
-8.477389335632324219e+00
2.009839057922363281e+01
3.611860275268554688e+01
3.987190246582031250e+00
2.745173072814941406e+01
5.069246673583984375e+01
-5.279314517974853516e+00
1.058300375938415527e+00
-3.236752033233642578e+00
-5.305149555206298828e+00
-5.261250138282775879e-01
-4.040669441223144531e+00
-3.936015367507934570e-01
5.160868644714355469e+00
1.485971361398696899e-01
5.450893640518188477e-01
1.881878674030303955e-01
2.566418051719665527e-01
-2.408939003944396973e-01
-3.112763464450836182e-01
-1.936043798923492432e-01
-2.498752772808074951e-01
-2.074562311172485352e-01
-1.681586503982543945e-01
5.716474533081054688e+00
7.236663818359375000e+00
8.716197967529296875e+00
4.528983116149902344e+00
5.870999813079833984e+00
7.230534553527832031e+00
3.576068878173828125e+00
5.087079048156738281e+00
6.551441669464111328e+00
2.993540763854980469e-01
1.504438161849975586e+00
3.857240915298461914e+00
-5.547403097152709961e-01
9.911314249038696289e-01
2.321649551391601562e+00
2.302480041980743408e-01
6.778579950332641602e-01
2.407686710357666016e+00
1.962474346160888672e+00
2.360213518142700195e+00
2.715975284576416016e+00
6.644211709499359131e-02
3.951308876276016235e-02
1.737311184406280518e-01
-2.641141414642333984e-02
-2.130732238292694092e-01
1.888843625783920288e-01
2.424656982421875000e+02
3.209863281250000000e+02
3.787421264648437500e+02
2.228966827392578125e+02
2.976871948242187500e+02
3.317613830566406250e+02
2.202893524169921875e+02
2.820775451660156250e+02
3.028515319824218750e+02
8.216511535644531250e+01
7.845552825927734375e+01
9.125320434570312500e+01
2.822394180297851562e+01
2.957919692993164062e+01
4.862899017333984375e+01
5.185138702392578125e+01
4.192308807373046875e+01
5.514205932617187500e+01
-6.211923217773437500e+01
-3.367208862304687500e+01
-2.463449096679687500e+01
-9.639699554443359375e+01
-7.243460083007812500e+01
-5.322708511352539062e+01
-8.685057830810546875e+01
-5.402814483642578125e+01
-2.328589630126953125e+01
1.109838409423828125e+02
1.106468963623046875e+02
1.040175018310546875e+02
1.048524551391601562e+02
1.010975112915039062e+02
9.466799926757812500e+01
9.624099731445312500e+01
9.116812896728515625e+01
8.587413024902343750e+01
9.888049960136413574e-01
1.345480084419250488e-01
1.645143151283264160e+00
-1.712479472160339355e+00
-2.061096906661987305e+00
1.109749525785446167e-01
3.586264848709106445e+00
4.977514266967773438e+00
2.914291143417358398e+00
3.603540182113647461e+00
3.034827232360839844e+00
2.764698982238769531e+00
2.130932331085205078e+00
9.960422515869140625e-01
1.366142511367797852e+00
7.775897979736328125e-01
3.045422136783599854e-01
1.535772919654846191e+00
4.018833923339843750e+02
4.131054382324218750e+02
3.681394348144531250e+02
3.551436157226562500e+02
3.638017578125000000e+02
3.303775024414062500e+02
3.047675170898437500e+02
3.070252685546875000e+02
2.924179382324218750e+02
1.062734146118164062e+02
9.589284515380859375e+01
9.985883331298828125e+01
3.971799850463867188e+01
3.792865753173828125e+01
5.396073913574218750e+01
-8.450809478759765625e+00
2.310270547866821289e+00
3.119635200500488281e+01
3.030634765625000000e+02
2.971040344238281250e+02
3.346215515136718750e+02
2.216467132568359375e+02
2.156671752929687500e+02
2.488443298339843750e+02
1.925491943359375000e+02
1.913244323730468750e+02
2.174148712158203125e+02
9.256216430664062500e+01
1.087291870117187500e+02
1.114614181518554688e+02
9.517096710205078125e+01
1.086079635620117188e+02
1.109326171875000000e+02
9.178057861328125000e+01
9.897132873535156250e+01
9.860546112060546875e+01
1.153445587158203125e+02
1.416845550537109375e+02
1.554332733154296875e+02
1.274825286865234375e+02
1.390899963378906250e+02
1.362702026367187500e+02
1.055104370117187500e+02
1.158791351318359375e+02
1.179570388793945312e+02
8.493211364746093750e+01
7.701954650878906250e+01
5.390212249755859375e+01
8.452677917480468750e+01
7.594566345214843750e+01
5.458692169189453125e+01
9.139204406738281250e+01
7.791385650634765625e+01
5.778555297851562500e+01
5.534105300903320312e+00
5.191012382507324219e+00
4.413203716278076172e+00
4.115251541137695312e+00
3.875163316726684570e+00
3.088195562362670898e+00
6.466156959533691406e+00
6.418484687805175781e+00
5.798832416534423828e+00
2.294243240356445312e+01
2.160094642639160156e+01
1.874860572814941406e+01
2.087038612365722656e+01
2.045554351806640625e+01
1.761722755432128906e+01
1.963273429870605469e+01
1.953809738159179688e+01
1.653874015808105469e+01
7.901893138885498047e+00
1.025367927551269531e+01
7.668742179870605469e+00
1.061794948577880859e+01
1.015308284759521484e+01
1.252563190460205078e+01
1.426705121994018555e+00
7.661205768585205078e+00
8.439607620239257812e+00
4.479337692260742188e+00
3.124162435531616211e+00
2.472429037094116211e+00
2.994266510009765625e+00
4.450784623622894287e-01
1.604088544845581055e+00
-5.036687850952148438e-01
-1.712297499179840088e-01
4.612926244735717773e-01
2.995452270507812500e+02
2.602539672851562500e+02
2.468100585937500000e+02
2.770657958984375000e+02
2.516282348632812500e+02
2.881907958984375000e+02
2.330581359863281250e+02
2.207856445312500000e+02
2.810916748046875000e+02
8.042164916992187500e+02
7.640859985351562500e+02
7.502604980468750000e+02
7.272775268554687500e+02
7.146134033203125000e+02
6.724018554687500000e+02
6.132763061523437500e+02
6.216774902343750000e+02
5.901975708007812500e+02
8.941527099609375000e+02
1.004657165527343750e+03
7.743295288085937500e+02
7.044350585937500000e+02
7.832156372070312500e+02
5.959700927734375000e+02
7.233493041992187500e+02
7.586557617187500000e+02
5.724379272460937500e+02
9.607843780517578125e+01
9.124209594726562500e+01
9.536969757080078125e+01
1.171520538330078125e+02
1.150145797729492188e+02
1.124692001342773438e+02
1.186114578247070312e+02
1.150521087646484375e+02
1.076774444580078125e+02
4.569323539733886719e+00
5.327363967895507812e+00
8.500756263732910156e+00
6.360665321350097656e+00
7.307879447937011719e+00
7.278121948242187500e+00
3.843542575836181641e+00
1.242516756057739258e+00
1.082802772521972656e+01
1.966129493713378906e+01
1.734997940063476562e+01
2.050805664062500000e+01
1.692649650573730469e+01
1.564673423767089844e+01
1.585263919830322266e+01
1.554061222076416016e+01
1.410980415344238281e+01
1.341560459136962891e+01
5.790803833007812500e+02
6.032065429687500000e+02
5.677358398437500000e+02
6.970333862304687500e+02
6.908167724609375000e+02
6.514975585937500000e+02
7.838449096679687500e+02
7.878818969726562500e+02
7.104201049804687500e+02
7.270879516601562500e+02
7.478311157226562500e+02
7.160843505859375000e+02
7.247904052734375000e+02
7.165797119140625000e+02
6.819169311523437500e+02
6.607374267578125000e+02
6.300139160156250000e+02
5.820379638671875000e+02
3.198767700195312500e+02
2.955379638671875000e+02
2.556703186035156250e+02
4.924471130371093750e+02
4.510642700195312500e+02
3.926131896972656250e+02
4.879999694824218750e+02
4.667682495117187500e+02
3.969648132324218750e+02
6.148736190795898438e+01
5.184416961669921875e+01
7.858437347412109375e+01
5.953974533081054688e+01
7.171237182617187500e+01
8.074662017822265625e+01
8.160626220703125000e+01
9.800695800781250000e+01
9.174150848388671875e+01
4.081535034179687500e+02
4.029698486328125000e+02
3.397468872070312500e+02
3.631097106933593750e+02
3.740252380371093750e+02
3.717058715820312500e+02
4.033729248046875000e+02
4.325958251953125000e+02
4.514232482910156250e+02
5.269262695312500000e+01
5.889260101318359375e+01
5.159633636474609375e+01
5.059916687011718750e+01
5.601471710205078125e+01
5.483343124389648438e+01
6.210393142700195312e+01
7.271362304687500000e+01
5.645032501220703125e+01
1.136339759826660156e+01
1.010873413085937500e+01
9.323614120483398438e+00
1.054224395751953125e+01
8.306841850280761719e+00
7.852890014648437500e+00
8.115679740905761719e+00
6.714314460754394531e+00
6.140452384948730469e+00
