-8.756011962890625000e+02
-4.831080932617187500e+02
-1.908231079101562500e+03
-3.396051025390625000e+03
-3.939504394531250000e+03
-4.954140625000000000e+03
-6.541961914062500000e+03
-8.769980468750000000e+03
-1.006887988281250000e+04
1.136868945312500000e+04
1.308374707031250000e+04
1.323677050781250000e+04
1.420620019531250000e+04
1.617909863281250000e+04
1.622781054687500000e+04
1.661551757812500000e+04
1.758391015625000000e+04
1.659626367187500000e+04
8.959963989257812500e+02
3.340618652343750000e+03
4.314973632812500000e+03
1.857733398437500000e+03
4.324834472656250000e+03
4.851372070312500000e+03
2.811032958984375000e+03
6.064734375000000000e+03
6.382627929687500000e+03
-2.924294189453125000e+03
-2.645173339843750000e+03
-1.604068237304687500e+03
-5.127978515625000000e+03
-4.364268554687500000e+03
-3.137843994140625000e+03
-4.862521484375000000e+03
-3.895171630859375000e+03
-2.889790039062500000e+03
-9.909084472656250000e+02
-9.423204956054687500e+02
-9.531037597656250000e+02
-6.755055664062500000e+03
-5.782906738281250000e+03
-6.482711914062500000e+03
-1.357431835937500000e+04
-1.212878222656250000e+04
-1.079708789062500000e+04
3.677064208984375000e+03
4.537457031250000000e+03
4.241668945312500000e+03
3.807995361328125000e+03
4.876103027343750000e+03
4.754751953125000000e+03
3.552093261718750000e+03
4.891614746093750000e+03
4.622082519531250000e+03
1.391816210937500000e+04
1.572177148437500000e+04
1.446829980468750000e+04
1.818972460937500000e+04
1.966583398437500000e+04
1.782970507812500000e+04
1.987159765625000000e+04
2.111153710937500000e+04
1.911438085937500000e+04
-2.668540234375000000e+04
-2.659001757812500000e+04
-2.140118359375000000e+04
-5.564258984375000000e+04
-5.537401953125000000e+04
-4.716597656250000000e+04
-6.719554687500000000e+04
-6.610932812500000000e+04
-5.699968359375000000e+04
1.015345703125000000e+03
8.373491821289062500e+02
6.485214843750000000e+02
1.289271606445312500e+03
1.269861694335937500e+03
1.020041320800781250e+03
1.138675170898437500e+03
1.368305419921875000e+03
1.143968994140625000e+03
4.307367675781250000e+03
5.238904785156250000e+03
5.492394531250000000e+03
6.030249511718750000e+03
6.828654785156250000e+03
5.912063964843750000e+03
6.305946289062500000e+03
6.731306152343750000e+03
5.872814453125000000e+03
4.509419555664062500e+02
7.285168457031250000e+02
7.795899047851562500e+02
9.808577270507812500e+02
1.069870605468750000e+03
8.683862915039062500e+02
1.772262573242187500e+03
1.758369750976562500e+03
1.560157592773437500e+03
-8.485025390625000000e+03
-9.242774414062500000e+03
-1.032604785156250000e+04
-9.774562500000000000e+03
-1.408207421875000000e+04
-1.627681445312500000e+04
-8.704836914062500000e+03
-1.560680957031250000e+04
-1.834105078125000000e+04
1.135327734375000000e+04
1.195789843750000000e+04
1.179485253906250000e+04
1.286472851562500000e+04
1.321723828125000000e+04
1.285428125000000000e+04
1.442968164062500000e+04
1.456037500000000000e+04
1.326241210937500000e+04
-2.085967578125000000e+04
-2.042982812500000000e+04
-2.075136523437500000e+04
-3.478837890625000000e+04
-3.756553515625000000e+04
-3.703956250000000000e+04
-3.953518750000000000e+04
-4.475488671875000000e+04
-4.379093750000000000e+04
5.020489453125000000e+04
4.861004296875000000e+04
4.460990234375000000e+04
6.077154687500000000e+04
5.630717968750000000e+04
5.074315625000000000e+04
6.960898437500000000e+04
6.223698437500000000e+04
5.638275390625000000e+04
-4.312706298828125000e+02
-2.031566772460937500e+02
2.918116210937500000e+03
-2.089738281250000000e+03
1.343439941406250000e+03
4.393049316406250000e+03
-6.530971679687500000e+03
2.397285156250000000e+02
2.895020996093750000e+03
4.178083896636962891e+00
1.676177024841308594e+01
1.671936607360839844e+01
-4.686464309692382812e+00
8.583446502685546875e+00
1.541517257690429688e+01
-3.113289356231689453e+00
-5.007797718048095703e+00
-3.005400419235229492e+00
2.544815826416015625e+01
2.352662658691406250e+01
2.534751129150390625e+01
4.683631134033203125e+01
4.078977584838867188e+01
3.638467025756835938e+01
4.914583969116210938e+01
5.051324844360351562e+01
4.606171035766601562e+01
-2.327306509017944336e+00
-4.495393753051757812e+00
-3.090472602844238281e+01
2.412107467651367188e+00
-1.340945816040039062e+01
-3.504613876342773438e+01
4.898480892181396484e+00
-9.729383468627929688e+00
-3.346267700195312500e+01
-2.913513898849487305e+00
3.124656677246093750e-01
-8.687619209289550781e+00
4.990593910217285156e+00
6.064369156956672668e-02
-8.624744415283203125e+00
9.189786911010742188e+00
3.228332996368408203e+00
-2.323630809783935547e+00
5.594653129577636719e+00
-1.783202934265136719e+01
-4.402235031127929688e+01
-1.331334781646728516e+01
-1.907898330688476562e+01
-3.421276092529296875e+01
-2.342966842651367188e+01
-1.774107933044433594e+01
-3.228327560424804688e+01
-6.880355834960937500e+00
-1.309892368316650391e+01
-1.986242675781250000e+01
1.052842521667480469e+01
-8.715182542800903320e-01
-3.732177019119262695e+00
7.303800582885742188e-01
-5.315660476684570312e+00
-2.622812747955322266e+00
6.752513122558593750e+01
6.209387969970703125e+01
5.486684799194335938e+01
7.318405151367187500e+01
8.545415496826171875e+01
7.789102935791015625e+01
1.006920547485351562e+02
1.174256744384765625e+02
1.086710281372070312e+02
-9.619071197509765625e+01
-7.152612304687500000e+01
-1.459177093505859375e+02
-8.822985076904296875e+01
-8.742183685302734375e+01
-1.468423614501953125e+02
-4.763327407836914062e+01
-4.827002716064453125e+01
-1.108917007446289062e+02
-6.868382453918457031e+00
-4.322209358215332031e+00
-3.433260440826416016e+00
-3.708361625671386719e+00
-5.548538684844970703e+00
-6.165232181549072266e+00
-2.225584983825683594e+00
-5.079051971435546875e+00
-5.884662628173828125e+00
1.323516464233398438e+01
7.225284576416015625e+00
4.763697624206542969e+00
1.688397979736328125e+01
8.667579650878906250e+00
-1.262495756149291992e+00
1.504528903961181641e+01
2.285993003845214844e+01
3.275231122970581055e-01
-4.794745743274688721e-01
-4.271517753601074219e+00
-7.942169666290283203e+00
-3.203335285186767578e+00
-3.673420906066894531e+00
-7.930644512176513672e+00
-7.081033706665039062e+00
-3.547828912734985352e+00
-5.430636405944824219e+00
-2.121755790710449219e+01
-1.097911548614501953e+01
-3.866948366165161133e+00
-1.484775161743164062e+01
-1.264650821685791016e+01
-2.554431343078613281e+01
-4.657544136047363281e+00
-2.443369388580322266e+00
-1.918269538879394531e+01
1.199624443054199219e+01
1.770495605468750000e+01
2.158863449096679688e+01
2.445985412597656250e+01
2.443181991577148438e+01
3.186843872070312500e+01
3.238001251220703125e+01
3.572172927856445312e+01
3.861472702026367188e+01
-5.306539154052734375e+01
-4.313236999511718750e+01
-2.888997459411621094e+01
-3.956610107421875000e+01
-4.780113220214843750e+01
-3.929218292236328125e+01
-7.971519470214843750e+00
-1.135533809661865234e+01
-2.719564628601074219e+01
-7.583107757568359375e+01
-4.464788436889648438e+01
1.004418182373046875e+01
-8.525457000732421875e+01
-3.806159591674804688e+01
4.900151729583740234e+00
-7.774971008300781250e+01
-1.952890968322753906e+01
3.173886775970458984e+00
-2.243943977355957031e+01
-1.868077850341796875e+01
-7.134490966796875000e+01
1.780152893066406250e+01
-1.097226715087890625e+01
-7.746155548095703125e+01
1.402859306335449219e+01
-1.977548789978027344e+01
-6.295019149780273438e+01
6.334272027015686035e-01
4.584210813045501709e-01
4.561818838119506836e-01
3.885891735553741455e-01
8.074619770050048828e-01
1.391519784927368164e+00
-3.981002867221832275e-01
5.735195279121398926e-01
3.998574614524841309e-01
-1.094212174415588379e+00
-6.035674810409545898e-01
-1.991051286458969116e-01
-1.654688119888305664e-01
-9.664315730333328247e-02
-5.714231729507446289e-02
1.592772156000137329e-01
-1.054813265800476074e-01
-9.377186745405197144e-02
-2.651205956935882568e-01
-3.250898122787475586e-01
-7.651823759078979492e-02
2.179123908281326294e-01
-2.967782914638519287e-01
-2.696741521358489990e-01
3.350434303283691406e-01
-4.242556691169738770e-01
-2.045183181762695312e-01
-3.952998220920562744e-01
-3.010437488555908203e-01
-3.248094618320465088e-01
-6.448050737380981445e-01
-8.667432665824890137e-01
-7.193542718887329102e-01
-4.200597479939460754e-02
-1.647857427597045898e-01
-1.185986474156379700e-01
7.515330612659454346e-02
7.028520107269287109e-02
2.088097929954528809e-01
9.511164426803588867e-01
1.723005771636962891e+00
5.627989768981933594e-01
-8.009263277053833008e-01
-8.777138590812683105e-01
-1.515727281570434570e+00
1.747094988822937012e-01
-1.709665358066558838e-02
-1.069133728742599487e-01
6.327516436576843262e-01
2.806791961193084717e-01
1.692225486040115356e-01
1.405868768692016602e+00
8.919664025306701660e-01
1.411119937896728516e+00
-1.548722684383392334e-01
2.324253171682357788e-01
7.244114875793457031e-01
6.780200600624084473e-01
5.663175582885742188e-01
1.002861976623535156e+00
1.208964705467224121e+00
1.203066587448120117e+00
9.326695203781127930e-01
7.069826126098632812e-01
2.224442958831787109e+00
1.686248064041137695e+00
-3.400637388229370117e+00
-3.708195686340332031e+00
-4.481447219848632812e+00
-1.696980953216552734e+00
-2.673962593078613281e+00
-2.833561182022094727e+00
-3.220402449369430542e-02
-8.575905114412307739e-03
-2.091753110289573669e-02
1.297390460968017578e-02
5.940834060311317444e-02
-2.936635282821953297e-04
1.909268647432327271e-01
3.097080588340759277e-01
1.543882191181182861e-01
9.957431815564632416e-03
6.597924977540969849e-03
3.057176470756530762e-01
6.237342357635498047e-01
8.183496594429016113e-01
1.094769001007080078e+00
1.173757791519165039e+00
1.005114316940307617e+00
1.130688667297363281e+00
-2.152356654405593872e-01
-1.058411300182342529e-01
2.649258822202682495e-03
-2.588743716478347778e-02
-1.809294372797012329e-01
1.279868930578231812e-01
9.815419092774391174e-03
-1.591987013816833496e-01
9.253939613699913025e-03
-2.220322638750076294e-01
6.086086034774780273e-01
-1.892464160919189453e-01
-1.024666666984558105e+00
3.096225857734680176e-01
9.643176198005676270e-01
-1.130539655685424805e+00
-1.662791520357131958e-01
4.737892150878906250e-01
-3.718708753585815430e-01
-2.124742716550827026e-01
-2.362858876585960388e-02
5.704822763800621033e-02
8.284829556941986084e-02
1.111323237419128418e-01
1.044591665267944336e+00
1.055093884468078613e+00
1.324997901916503906e+00
3.028448820114135742e-01
1.392964482307434082e+00
1.339908838272094727e-01
-1.579697370529174805e+00
-6.915128231048583984e-01
-1.372779726982116699e+00
-1.319788098335266113e+00
-5.194494128227233887e-02
1.957342922687530518e-01
-1.393391370773315430e+00
-1.973785310983657837e-01
6.380473971366882324e-01
7.693235874176025391e-01
1.190442085266113281e+00
3.005685806274414062e+00
5.237985610961914062e+00
8.052581787109375000e+00
9.125640869140625000e+00
3.249292969703674316e-01
5.500499010086059570e-01
5.230580568313598633e-01
1.200265884399414062e+00
7.028948664665222168e-01
-3.165532350540161133e-01
1.590260744094848633e+00
7.266623973846435547e-01
-1.202145814895629883e+00
-5.680334854125976562e+01
-8.104019165039062500e+01
-8.803361511230468750e+01
-9.787337493896484375e+01
-9.110803222656250000e+01
-7.344206237792968750e+01
-1.043880157470703125e+02
-1.107597961425781250e+02
-1.022920837402343750e+02
-5.797774887084960938e+01
-2.144110107421875000e+01
5.128739929199218750e+01
-1.027537841796875000e+02
-6.555496978759765625e+01
-4.144481658935546875e+00
-3.904269027709960938e+01
-1.651580047607421875e+01
6.029830932617187500e+00
9.802255630493164062e+00
-8.978519439697265625e+00
6.273529434204101562e+01
-6.243949413299560547e+00
-3.111537933349609375e+00
7.250949096679687500e+01
-2.580661773681640625e+01
-4.893150329589843750e-01
6.460091400146484375e+01
-2.894387435913085938e+01
-3.389785766601562500e+01
-2.045046997070312500e+01
-1.885825538635253906e+01
-2.721901702880859375e+01
1.954767942428588867e+00
-1.886277008056640625e+01
-2.176862144470214844e+01
1.526390171051025391e+01
-7.680708312988281250e+01
-6.950475311279296875e+01
-5.823060607910156250e+01
-6.557534027099609375e+01
-3.684106445312500000e+01
2.467129707336425781e+00
-1.487551574707031250e+02
-1.431149291992187500e+02
-9.533458709716796875e+01
-4.075751113891601562e+01
-2.969725036621093750e+01
-1.028195953369140625e+01
3.707703781127929688e+01
5.987528228759765625e+01
5.200802993774414062e+01
3.220354080200195312e+01
4.812082290649414062e+01
4.037083816528320312e+01
-1.004508666992187500e+02
-5.603037261962890625e+01
-1.218550300598144531e+01
-1.412903900146484375e+02
-9.835395050048828125e+01
-6.118321609497070312e+01
-1.376155395507812500e+02
-1.309122009277343750e+02
-1.071298217773437500e+02
-4.541523437500000000e+02
-4.066520385742187500e+02
-3.271651611328125000e+02
-4.392322387695312500e+02
-3.996777343750000000e+02
-3.021239013671875000e+02
-3.863348083496093750e+02
-3.339424743652343750e+02
-1.396572570800781250e+02
2.458876228332519531e+01
2.176747894287109375e+01
2.189314842224121094e+01
4.446124649047851562e+01
4.174660110473632812e+01
4.153118133544921875e+01
3.911035919189453125e+01
3.538529205322265625e+01
4.026324844360351562e+01
-6.204180526733398438e+01
-5.514536285400390625e+01
-2.361743354797363281e+01
-1.294952964782714844e+01
-1.372953224182128906e+01
1.156332015991210938e+01
-3.655458450317382812e+01
-3.339087677001953125e+01
-2.758847427368164062e+01
2.082946586608886719e+01
3.596835327148437500e+01
4.426134872436523438e+01
1.941530418395996094e+01
3.853599166870117188e+01
4.081080627441406250e+01
1.697972869873046875e+01
3.675888061523437500e+01
3.334118270874023438e+01
-4.886843109130859375e+01
-5.015494918823242188e+01
-5.487715530395507812e+01
-5.488690948486328125e+01
-4.170658493041992188e+01
-8.786773681640625000e+01
-4.106560707092285156e+00
3.451174497604370117e+00
-7.474733734130859375e+01
-4.602821350097656250e+01
-1.861524581909179688e+01
1.563056945800781250e+00
-2.258506393432617188e+01
-1.494533300399780273e+00
1.740954399108886719e+00
1.121131896972656250e+00
-1.439340591430664062e+00
-4.066371917724609375e-01
-3.193604736328125000e+02
-2.882589111328125000e+02
-2.304948730468750000e+02
-3.413193359375000000e+02
-3.372912902832031250e+02
-2.832288208007812500e+02
-2.186086578369140625e+02
-2.191224670410156250e+02
-1.635052337646484375e+02
7.112891845703125000e+02
8.013446044921875000e+02
5.980819091796875000e+02
8.444547119140625000e+02
8.655903930664062500e+02
6.485703735351562500e+02
7.543793945312500000e+02
7.256281738281250000e+02
5.555443725585937500e+02
-9.742691040039062500e+01
-1.326599426269531250e+02
-7.370611572265625000e+01
-3.735775756835937500e+01
-3.949989318847656250e+01
2.571471023559570312e+01
-3.320858001708984375e+01
-2.756761550903320312e+01
7.390800476074218750e+01
5.872261428833007812e+01
7.705283355712890625e+01
7.802353668212890625e+01
9.745343017578125000e+01
8.358122253417968750e+01
5.308337020874023438e+01
1.149889755249023438e+02
4.766598892211914062e+01
7.212564468383789062e+00
4.089433670043945312e+00
-1.441970825195312500e+01
1.771187591552734375e+01
3.558121204376220703e+00
7.403611660003662109e+00
5.683122634887695312e+01
9.006713104248046875e+01
1.088628082275390625e+02
1.537904815673828125e+02
8.525339508056640625e+01
1.961364555358886719e+01
2.162102508544921875e+01
3.687303543090820312e+01
-5.883471488952636719e+00
1.817941474914550781e+01
1.192221546173095703e+01
-2.344170808792114258e+00
4.677417755126953125e+01
8.223976135253906250e+01
4.260789489746093750e+01
8.926480293273925781e+00
1.410076332092285156e+01
-2.835117149353027344e+01
-3.063461303710937500e+01
2.006505966186523438e+00
-1.588340091705322266e+01
8.808641433715820312e+00
1.969481506347656250e+02
1.623472900390625000e+02
1.090638275146484375e+02
6.946022033691406250e+01
1.635427665710449219e+01
6.623527050018310547e+00
3.286828613281250000e+01
-1.587590599060058594e+01
1.633633041381835938e+01
-4.200186729431152344e+00
-2.837617874145507812e+00
2.125665664672851562e+01
1.233070182800292969e+01
3.741685867309570312e+01
5.287904357910156250e+01
2.197874450683593750e+01
4.138368988037109375e+01
3.915360260009765625e+01
5.684894943237304688e+01
4.725151443481445312e+01
7.590179443359375000e+01
6.825576782226562500e+01
6.858076477050781250e+01
9.949204254150390625e+01
7.966231536865234375e+01
1.063411712646484375e+02
1.269569702148437500e+02
5.763331298828125000e+02
3.843426818847656250e+02
1.690065765380859375e+02
3.891266479492187500e+02
1.271130752563476562e+02
1.187396240234375000e+01
2.255668182373046875e+02
1.187808074951171875e+02
1.910850677490234375e+02
4.133701801300048828e+00
8.015086174011230469e+00
2.639978647232055664e+00
1.278051948547363281e+01
1.433914184570312500e+01
8.544599533081054688e+00
6.195132732391357422e+00
3.788212060928344727e+00
8.162994384765625000e-01
3.016899871826171875e+01
1.656082344055175781e+01
3.844780731201171875e+01
5.167119216918945312e+01
3.267362213134765625e+01
4.409056472778320312e+01
3.556872177124023438e+01
1.459595108032226562e+01
1.651764488220214844e+01
2.725098609924316406e+01
1.198839473724365234e+01
2.173429870605468750e+01
1.918244171142578125e+01
3.318836688995361328e-01
1.167483615875244141e+01
9.296269416809082031e+00
7.774028301239013672e+00
1.769868278503417969e+01
2.133448028564453125e+02
1.660594635009765625e+02
1.610367431640625000e+02
2.968861389160156250e+02
1.930187225341796875e+02
1.167808074951171875e+02
2.613049316406250000e+02
1.143374176025390625e+02
3.033491706848144531e+01
1.569368743896484375e+01
3.600970840454101562e+01
5.883873367309570312e+01
4.880530548095703125e+01
7.613962554931640625e+01
9.299223327636718750e+01
8.808913421630859375e+01
1.091635513305664062e+02
1.120536193847656250e+02
1.958484039306640625e+02
1.577850799560546875e+02
1.226196594238281250e+02
2.652482910156250000e+02
2.081251678466796875e+02
1.815205078125000000e+02
2.502116699218750000e+02
1.991078948974609375e+02
1.926128540039062500e+02
3.557912902832031250e+02
4.632325744628906250e+02
4.497212219238281250e+02
6.005621948242187500e+02
6.094452514648437500e+02
4.979748535156250000e+02
6.094120483398437500e+02
4.914924926757812500e+02
3.442199707031250000e+02
7.531556701660156250e+01
5.397195816040039062e+00
-8.582825469970703125e+01
8.107472229003906250e+01
2.134619712829589844e+01
-6.521553516387939453e+00
3.392825317382812500e+01
-3.779684066772460938e+00
5.513796997070312500e+01
1.587699737548828125e+02
1.890960998535156250e+02
2.142297515869140625e+02
1.609662475585937500e+02
2.281838989257812500e+02
2.599350585937500000e+02
1.732017822265625000e+02
2.581741333007812500e+02
3.086570739746093750e+02
1.737168121337890625e+02
1.608316955566406250e+02
1.388791809082031250e+02
1.312430572509765625e+02
9.754047393798828125e+01
1.027687606811523438e+02
1.113200988769531250e+02
5.652977752685546875e+01
5.733119964599609375e+01
1.054238052368164062e+02
6.509990692138671875e+01
3.264506149291992188e+01
1.510362091064453125e+02
6.807208251953125000e+01
2.660569000244140625e+01
1.440699157714843750e+02
4.834962463378906250e+01
1.308453083038330078e+01
1.130105514526367188e+02
9.675843048095703125e+01
8.583478546142578125e+01
1.684663543701171875e+02
1.417559509277343750e+02
1.055841140747070312e+02
1.646927642822265625e+02
1.210080718994140625e+02
7.762934875488281250e+01
2.075257110595703125e+02
2.132552337646484375e+02
1.962650909423828125e+02
3.250287170410156250e+02
3.088785705566406250e+02
2.763669433593750000e+02
3.397642822265625000e+02
3.417679138183593750e+02
3.286599731445312500e+02
6.475048828125000000e+01
2.055388259887695312e+01
8.499379158020019531e+00
5.173590469360351562e+01
1.359578227996826172e+01
2.817592620849609375e+00
4.250048446655273438e+01
1.729031181335449219e+01
1.043974113464355469e+01
1.562061614990234375e+02
1.215197448730468750e+02
1.162708282470703125e+02
1.562873687744140625e+02
1.049934082031250000e+02
1.027917633056640625e+02
1.225377502441406250e+02
8.127656555175781250e+01
8.088256835937500000e+01
1.218957031250000000e+03
1.331208496093750000e+03
1.382922119140625000e+03
1.499181884765625000e+03
1.613635253906250000e+03
1.557408935546875000e+03
1.602987426757812500e+03
1.638367065429687500e+03
1.478825927734375000e+03
1.124455833435058594e+01
9.043338775634765625e+00
8.378484725952148438e+00
9.063630104064941406e+00
7.539572715759277344e+00
4.685834407806396484e+00
1.222862911224365234e+01
1.045130920410156250e+01
8.761049270629882812e+00
3.446321105957031250e+01
2.395527648925781250e+01
3.389874649047851562e+01
3.698165893554687500e+01
1.599433517456054688e+01
2.268326187133789062e+01
5.319904708862304688e+01
2.487697029113769531e+01
2.242395401000976562e+01
1.930137062072753906e+01
1.272256660461425781e+01
1.762812042236328125e+01
2.409648132324218750e+01
8.642524719238281250e+00
1.067061042785644531e+01
2.242420768737792969e+01
5.689014911651611328e+00
4.239627718925476074e-01
2.054453277587890625e+02
2.842029113769531250e+02
3.532695312500000000e+02
1.675037231445312500e+02
2.711313781738281250e+02
3.916257934570312500e+02
1.910237731933593750e+02
2.825914001464843750e+02
3.701398315429687500e+02
8.056310272216796875e+01
6.417840576171875000e+01
6.314202880859375000e+01
5.015504837036132812e+01
3.653236389160156250e+01
4.257200622558593750e+01
3.940390777587890625e+01
2.898595237731933594e+01
2.978066825866699219e+01
7.855898437500000000e+02
9.398220825195312500e+02
9.748926391601562500e+02
7.762310180664062500e+02
9.833864135742187500e+02
1.066951049804687500e+03
7.965894775390625000e+02
9.745162963867187500e+02
1.056513671875000000e+03
6.944712066650390625e+01
3.796308517456054688e+01
1.040928497314453125e+02
3.679319381713867188e+01
4.123289871215820312e+01
1.054317321777343750e+02
1.809372329711914062e+01
2.935371780395507812e+01
7.963695526123046875e+01
3.516117248535156250e+02
2.580574645996093750e+02
2.048093566894531250e+02
4.068732604980468750e+02
2.813226928710937500e+02
1.538806457519531250e+02
4.547749633789062500e+02
3.012827148437500000e+02
1.677463531494140625e+02
4.219565917968750000e+03
4.663193359375000000e+03
5.194201171875000000e+03
4.140334960937500000e+03
4.249150390625000000e+03
4.278733886718750000e+03
4.671205566406250000e+03
4.385168945312500000e+03
3.587218261718750000e+03
1.138390820312500000e+04
1.051167382812500000e+04
1.000843164062500000e+04
1.254501757812500000e+04
1.205345117187500000e+04
1.128487304687500000e+04
1.367963769531250000e+04
1.370893945312500000e+04
1.321103613281250000e+04
5.678737304687500000e+03
5.111635742187500000e+03
4.305772460937500000e+03
5.338000976562500000e+03
5.297112304687500000e+03
5.287948730468750000e+03
4.891871093750000000e+03
5.187699218750000000e+03
5.671341796875000000e+03
2.527319824218750000e+03
2.266123046875000000e+03
1.954202270507812500e+03
2.089163574218750000e+03
1.747349121093750000e+03
1.675836914062500000e+03
1.581821655273437500e+03
1.226357543945312500e+03
1.358103637695312500e+03
8.921402343750000000e+03
9.278297851562500000e+03
8.365588867187500000e+03
7.035510742187500000e+03
6.365327636718750000e+03
5.395566894531250000e+03
6.605572265625000000e+03
5.592544921875000000e+03
4.745455078125000000e+03
4.327923339843750000e+03
4.705223632812500000e+03
4.840204101562500000e+03
3.476250732421875000e+03
4.092537353515625000e+03
4.624107910156250000e+03
2.931148681640625000e+03
3.610366210937500000e+03
4.434565429687500000e+03
1.099871582031250000e+04
1.045971582031250000e+04
9.819608398437500000e+03
1.280612695312500000e+04
1.269349316406250000e+04
1.228955957031250000e+04
1.358667382812500000e+04
1.401445410156250000e+04
1.371355566406250000e+04
2.553261914062500000e+04
2.335724414062500000e+04
1.943410156250000000e+04
2.319560351562500000e+04
1.869017968750000000e+04
1.406472753906250000e+04
1.942260351562500000e+04
1.382985839843750000e+04
1.004554003906250000e+04
2.817209472656250000e+03
3.008265380859375000e+03
3.017996826171875000e+03
2.748786621093750000e+03
3.020507324218750000e+03
3.038013427734375000e+03
2.626522705078125000e+03
2.817585693359375000e+03
2.798680175781250000e+03
5.594948242187500000e+03
5.190756835937500000e+03
4.530140625000000000e+03
5.522438964843750000e+03
5.496631835937500000e+03
4.898801757812500000e+03
5.018368164062500000e+03
5.295750488281250000e+03
5.090115722656250000e+03
2.616273437500000000e+03
2.393548095703125000e+03
2.134600830078125000e+03
2.711895507812500000e+03
2.667609863281250000e+03
2.497049316406250000e+03
2.830920410156250000e+03
2.914848144531250000e+03
2.887591308593750000e+03
9.084412109375000000e+03
9.557777343750000000e+03
1.049426757812500000e+04
1.012576171875000000e+04
1.040391503906250000e+04
1.026715625000000000e+04
1.101569238281250000e+04
1.093827832031250000e+04
9.832575195312500000e+03
9.239540039062500000e+03
9.032333984375000000e+03
8.926645507812500000e+03
1.020206152343750000e+04
1.019527050781250000e+04
1.004427734375000000e+04
1.087870605468750000e+04
1.124862792968750000e+04
1.136460937500000000e+04
1.542143164062500000e+04
1.416991796875000000e+04
1.302449121093750000e+04
1.529055664062500000e+04
1.286995019531250000e+04
1.061586230468750000e+04
1.428231445312500000e+04
1.143679589843750000e+04
8.564423828125000000e+03
6.109367968750000000e+04
6.407076953125000000e+04
6.719525781250000000e+04
6.873281250000000000e+04
7.260175781250000000e+04
7.464525781250000000e+04
7.322425000000000000e+04
7.726921093750000000e+04
7.675958593750000000e+04
8.773158203125000000e+03
8.813938476562500000e+03
7.667875488281250000e+03
6.136906738281250000e+03
6.683013183593750000e+03
6.578051269531250000e+03
3.916921386718750000e+03
4.158734863281250000e+03
5.356484863281250000e+03
5.845176315307617188e+01
5.342007064819335938e+01
9.352476119995117188e+00
7.908282470703125000e+01
4.460181045532226562e+01
1.446576499938964844e+01
9.266065216064453125e+01
6.883535003662109375e+01
4.604319000244140625e+01
8.909407806396484375e+01
9.181569671630859375e+01
8.084281921386718750e+01
1.164851074218750000e+02
1.578428039550781250e+02
1.236425857543945312e+02
5.450272750854492188e+01
7.484954071044921875e+01
4.898012161254882812e+01
1.616726303100585938e+01
3.259187316894531250e+01
4.482328796386718750e+01
3.294188690185546875e+01
6.978939819335937500e+01
1.042967453002929688e+02
3.348834609985351562e+01
7.565093231201171875e+01
9.381017303466796875e+01
2.650822257995605469e+01
1.490662574768066406e+01
2.035370063781738281e+01
6.355771255493164062e+01
7.517037200927734375e+01
1.000595092773437500e+02
4.373453521728515625e+01
7.524594879150390625e+01
1.035373611450195312e+02
2.605367088317871094e+01
2.830915069580078125e+01
3.461584091186523438e+01
1.633448333740234375e+02
1.718243408203125000e+02
1.768334960937500000e+02
1.790961303710937500e+02
1.723433837890625000e+02
1.734130554199218750e+02
6.813846588134765625e+01
1.149464950561523438e+02
1.178207092285156250e+02
2.947912025451660156e+01
4.781050872802734375e+01
3.263449478149414062e+01
2.803858757019042969e+01
3.551406860351562500e+01
2.154489135742187500e+01
9.642671585083007812e+00
2.999494934082031250e+01
9.525839805603027344e+00
4.599948883056640625e+01
7.154824829101562500e+01
3.818852233886718750e+01
5.616828536987304688e+01
7.744213867187500000e+01
3.441260910034179688e+01
2.082654876708984375e+02
1.200905838012695312e+02
1.074140625000000000e+02
4.922535400390625000e+02
4.523363647460937500e+02
4.896355590820312500e+02
4.928665771484375000e+02
5.064431152343750000e+02
5.887033081054687500e+02
5.625759506225585938e+01
4.968104171752929688e+01
4.922461700439453125e+01
3.506196975708007812e+01
2.638571929931640625e+01
2.966463470458984375e+01
3.179478263854980469e+01
2.533702468872070312e+01
2.810583496093750000e+01
4.716340255737304688e+01
4.685153579711914062e+01
3.552267456054687500e+01
1.696673774719238281e+01
2.660129165649414062e+01
1.286115264892578125e+01
9.908598899841308594e+00
2.895190811157226562e+01
1.945132446289062500e+01
1.753488731384277344e+01
2.747583770751953125e+01
1.978912544250488281e+01
2.038275909423828125e+01
3.742288970947265625e+01
3.863472747802734375e+01
2.235348892211914062e+01
4.223917388916015625e+01
4.182645416259765625e+01
2.243113861083984375e+02
1.979542541503906250e+02
5.352711486816406250e+01
3.031418762207031250e+02
2.568401489257812500e+02
1.397987670898437500e+02
2.837222900390625000e+02
2.547116851806640625e+02
1.831474761962890625e+02
7.035590362548828125e+01
7.979414367675781250e+01
7.094342803955078125e+01
6.573521423339843750e+01
6.503356170654296875e+01
5.336581420898437500e+01
3.902681732177734375e+01
3.384390258789062500e+01
2.431995773315429688e+01
2.049768981933593750e+02
1.295041046142578125e+02
5.129166412353515625e+01
3.581957397460937500e+02
2.723302917480468750e+02
1.658565216064453125e+02
3.920964660644531250e+02
3.278538208007812500e+02
2.636026611328125000e+02
7.754913940429687500e+02
8.248114013671875000e+02
5.759205932617187500e+02
6.816029052734375000e+02
6.598613281250000000e+02
4.257700500488281250e+02
5.536862182617187500e+02
5.052610168457031250e+02
3.666265869140625000e+02
9.313164520263671875e+01
8.180849456787109375e+01
1.379717712402343750e+02
8.665073394775390625e+00
2.966140747070312500e+01
1.028286285400390625e+02
5.245773315429687500e+01
6.444251251220703125e+01
1.342065429687500000e+02
3.072237548828125000e+02
1.838303680419921875e+02
9.599762573242187500e+02
1.012976684570312500e+02
1.292334594726562500e+02
9.418370361328125000e+02
-2.448518371582031250e+02
-1.381462249755859375e+02
4.994339599609375000e+02
4.536318359375000000e+03
4.182998535156250000e+03
3.272161865234375000e+03
3.990423339843750000e+03
3.945416748046875000e+03
3.325212158203125000e+03
3.733342773437500000e+03
3.912071289062500000e+03
3.489837402343750000e+03
1.486012695312500000e+03
1.921740234375000000e+03
1.120779907226562500e+03
1.484538818359375000e+03
1.707348754882812500e+03
1.135981811523437500e+03
1.142043823242187500e+03
1.472015136718750000e+03
1.132755859375000000e+03
3.134389343261718750e+02
9.025279541015625000e+02
6.053391113281250000e+02
3.126803894042968750e+02
7.289074707031250000e+02
5.044322814941406250e+02
1.073280181884765625e+02
4.060367126464843750e+02
1.613127441406250000e+02
-6.409904174804687500e+02
4.222463378906250000e+02
7.240418090820312500e+02
-4.668132781982421875e+01
9.026561889648437500e+02
9.464334716796875000e+02
-4.562994384765625000e+02
3.508228759765625000e+02
6.656703491210937500e+02
4.626156616210937500e+02
4.148440551757812500e+02
2.398748168945312500e+02
6.448408203125000000e+02
7.208300170898437500e+02
6.452643432617187500e+02
7.219653320312500000e+02
8.464759521484375000e+02
1.036045776367187500e+03
5.139979003906250000e+03
4.943993164062500000e+03
4.078100341796875000e+03
5.207633789062500000e+03
5.114040527343750000e+03
4.512152343750000000e+03
5.123926269531250000e+03
5.296811035156250000e+03
4.819622070312500000e+03
-2.732514343261718750e+02
4.150384765625000000e+03
6.069877929687500000e+03
-2.045353393554687500e+03
1.962845825195312500e+03
3.707964355468750000e+03
-4.277574707031250000e+03
-7.950058593750000000e+02
3.793375244140625000e+02
3.418866348266601562e+01
2.123351287841796875e+02
2.437313079833984375e+02
1.660187988281250000e+02
3.411853942871093750e+02
3.795825500488281250e+02
2.412308959960937500e+02
4.044880676269531250e+02
4.564115600585937500e+02
1.325413085937500000e+03
1.328797729492187500e+03
9.361312255859375000e+02
1.606250976562500000e+03
1.716323974609375000e+03
1.348058349609375000e+03
1.756334106445312500e+03
2.042438476562500000e+03
1.673421508789062500e+03
3.699992980957031250e+02
3.771843261718750000e+02
2.346622161865234375e+02
3.185471801757812500e+02
3.453441162109375000e+02
1.977982482910156250e+02
3.337601928710937500e+02
4.132803039550781250e+02
2.999664611816406250e+02
-6.880099487304687500e+02
-1.118470336914062500e+03
-2.911963806152343750e+02
-1.747923095703125000e+03
-1.986851440429687500e+03
-1.058280029296875000e+03
-1.820350463867187500e+03
-1.733035644531250000e+03
-1.106228759765625000e+03
2.406812255859375000e+03
2.244517822265625000e+03
1.931553100585937500e+03
2.503201660156250000e+03
2.533925781250000000e+03
2.273258544921875000e+03
2.568958740234375000e+03
2.755627441406250000e+03
2.579609130859375000e+03
-3.888763732910156250e+02
5.567623901367187500e+02
3.159891845703125000e+03
-2.704135009765625000e+03
-1.636991943359375000e+03
8.233826293945312500e+02
-3.641903320312500000e+03
-2.682239501953125000e+03
-8.375222778320312500e+02
5.579711914062500000e+03
5.332252929687500000e+03
5.588562011718750000e+03
6.977204589843750000e+03
7.963579589843750000e+03
8.213833007812500000e+03
9.090114257812500000e+03
1.069131152343750000e+04
9.908222656250000000e+03
1.512145629882812500e+03
3.882545654296875000e+03
2.368492675781250000e+03
1.271349975585937500e+03
3.426340087890625000e+03
2.185005371093750000e+03
1.345064208984375000e+03
2.993365478515625000e+03
1.920718872070312500e+03
3.580422058105468750e+02
4.146994018554687500e+02
5.380262451171875000e+02
4.221789855957031250e+02
5.412966918945312500e+02
6.639161987304687500e+02
5.026635131835937500e+02
6.239911499023437500e+02
7.011740112304687500e+02
4.501873779296875000e+01
-8.422977447509765625e+00
-6.318814086914062500e+01
-4.355339813232421875e+01
-1.783200225830078125e+02
-1.999476470947265625e+02
-1.417435455322265625e+02
-1.968683929443359375e+02
-1.806617279052734375e+02
2.290266418457031250e+02
1.427927093505859375e+02
1.191809844970703125e+01
2.937133483886718750e+02
9.940861511230468750e+01
-4.763308715820312500e+01
2.487271575927734375e+02
7.935672760009765625e+00
-8.797389984130859375e+01
3.397166442871093750e+02
3.444911499023437500e+02
3.059249267578125000e+02
3.489265747070312500e+02
2.675215148925781250e+02
1.853099365234375000e+02
2.916253662109375000e+02
1.424590759277343750e+02
4.891242599487304688e+01
7.431377563476562500e+02
8.138132934570312500e+02
7.608249511718750000e+02
8.534683227539062500e+02
8.986558227539062500e+02
8.129813232421875000e+02
9.494929809570312500e+02
8.684197998046875000e+02
7.044006347656250000e+02
1.034245529174804688e+02
1.456785202026367188e+00
-4.823654937744140625e+01
1.228390216827392578e+01
-6.666587066650390625e+01
-3.790505218505859375e+01
6.651643371582031250e+01
5.434540176391601562e+01
1.041695098876953125e+02
3.525539398193359375e+00
-7.639754486083984375e+01
-1.069963378906250000e+02
2.832847785949707031e+01
-2.865030670166015625e+01
-9.020885467529296875e+00
-6.172707080841064453e+00
-3.663314056396484375e+01
2.118905258178710938e+01
3.278900634765625000e+03
3.685464599609375000e+03
3.593938476562500000e+03
3.573889648437500000e+03
3.661254150390625000e+03
3.162324218750000000e+03
3.186719970703125000e+03
2.884028320312500000e+03
2.178591308593750000e+03
1.994201064109802246e+00
4.499128460884094238e-01
1.413540744781494141e+01
1.339503669738769531e+01
1.723844337463378906e+01
3.270544815063476562e+01
6.329860305786132812e+01
6.753170013427734375e+01
7.651069641113281250e+01
7.261893749237060547e+00
2.171430349349975586e+00
-1.612875556945800781e+01
4.166080474853515625e+01
5.243083953857421875e+01
4.470433044433593750e+01
1.409907684326171875e+02
1.377803802490234375e+02
1.293905944824218750e+02
1.658470726013183594e+01
8.873311996459960938e+00
-1.272744750976562500e+01
1.638632774353027344e+01
2.783870458602905273e+00
-2.133463859558105469e+01
6.183515071868896484e+00
-1.634510993957519531e+01
-3.596943283081054688e+01
6.002502441406250000e+02
7.197996826171875000e+02
9.313281250000000000e+02
6.161228637695312500e+02
8.209787597656250000e+02
1.027677368164062500e+03
5.455423583984375000e+02
8.551294555664062500e+02
9.676019287109375000e+02
-4.826798629760742188e+01
-9.120777893066406250e+01
-7.561123657226562500e+01
-1.269975433349609375e+02
-1.506066741943359375e+02
-1.124042434692382812e+02
-7.915029144287109375e+01
-4.715365600585937500e+01
9.257835388183593750e+00
1.869277343750000000e+03
2.155499023437500000e+03
2.242709716796875000e+03
1.925902709960937500e+03
2.153410888671875000e+03
2.128041503906250000e+03
1.552307495117187500e+03
1.799546875000000000e+03
1.679715087890625000e+03
-1.136103149414062500e+03
-1.083838012695312500e+03
-5.357739868164062500e+02
-1.119243530273437500e+03
-7.362554321289062500e+02
-7.228771209716796875e+01
-2.947655029296875000e+02
2.759226074218750000e+02
8.466209106445312500e+02
7.464274902343750000e+02
5.978537597656250000e+02
4.466020507812500000e+02
8.746179809570312500e+02
5.479805297851562500e+02
3.111098022460937500e+02
9.551491088867187500e+02
5.164606323242187500e+02
3.043416137695312500e+02
6.226463012695312500e+02
7.263086547851562500e+02
9.255509643554687500e+02
6.693304443359375000e+02
8.555987548828125000e+02
1.098869628906250000e+03
8.690295410156250000e+02
1.134954956054687500e+03
1.351081176757812500e+03
2.593301696777343750e+02
1.909863739013671875e+02
9.399161529541015625e+01
3.158625183105468750e+02
2.138069152832031250e+02
8.193616485595703125e+01
2.526964111328125000e+02
1.911695098876953125e+02
9.288723754882812500e+01
3.699742126464843750e+02
3.160387573242187500e+02
2.020664520263671875e+02
3.622723083496093750e+02
2.737222290039062500e+02
1.472061004638671875e+02
3.888235778808593750e+02
2.432558441162109375e+02
1.215361480712890625e+02
5.723501586914062500e+02
5.519822387695312500e+02
5.070429687500000000e+02
6.158034667968750000e+02
5.571387329101562500e+02
4.850827331542968750e+02
6.430734863281250000e+02
5.226900024414062500e+02
4.364020690917968750e+02
1.288362182617187500e+03
1.349392578125000000e+03
1.376781738281250000e+03
1.272729614257812500e+03
1.324946166992187500e+03
1.296011352539062500e+03
1.745536621093750000e+03
1.691157226562500000e+03
1.560280883789062500e+03
1.605417480468750000e+02
1.310079650878906250e+02
4.920616912841796875e+01
1.281809387207031250e+02
5.373552322387695312e+01
3.615636825561523438e+01
4.745064926147460938e+01
-1.345082473754882812e+01
-2.905372142791748047e+00
2.426644897460937500e+02
1.728883514404296875e+02
6.532833862304687500e+01
2.414985504150390625e+02
1.807748718261718750e+02
6.974421691894531250e+01
2.918111267089843750e+02
2.293958129882812500e+02
1.347334289550781250e+02
5.818530273437500000e+03
6.384915039062500000e+03
6.420669921875000000e+03
6.929457519531250000e+03
7.296435546875000000e+03
6.913295898437500000e+03
7.662178710937500000e+03
7.635568359375000000e+03
6.924533691406250000e+03
4.862518692016601562e+01
3.965295028686523438e+01
5.334749221801757812e+01
3.003182983398437500e+01
2.539790344238281250e+01
5.376214981079101562e+01
2.826722908020019531e+01
2.678919029235839844e+01
5.130430984497070312e+01
1.285093383789062500e+02
9.759641265869140625e+01
3.390355682373046875e+01
8.208009338378906250e+01
8.804097747802734375e+01
4.668095779418945312e+01
1.190845489501953125e+02
1.320224914550781250e+02
9.232218170166015625e+01
1.043455352783203125e+02
9.085707855224609375e+01
5.132980346679687500e+01
9.003732299804687500e+01
8.622362518310546875e+01
4.392065429687500000e+01
6.998374176025390625e+01
6.135122299194335938e+01
2.251779747009277344e+01
1.098750122070312500e+03
1.274523559570312500e+03
1.615564331054687500e+03
1.233598388671875000e+03
1.556736816406250000e+03
1.929116210937500000e+03
1.220879150390625000e+03
1.679994873046875000e+03
2.007594360351562500e+03
1.113797454833984375e+02
5.325395584106445312e+01
3.949260234832763672e+00
1.343989868164062500e+02
6.993581390380859375e+01
2.978999710083007812e+01
9.537989807128906250e+01
5.784996032714843750e+01
5.273532104492187500e+01
3.403327880859375000e+03
3.875715820312500000e+03
4.212070312500000000e+03
4.197695800781250000e+03
4.709854980468750000e+03
4.844346679687500000e+03
4.304449218750000000e+03
4.807411132812500000e+03
4.791834960937500000e+03
2.218944396972656250e+02
-2.217514953613281250e+02
-2.873536491394042969e+01
-1.169592437744140625e+02
-3.639050292968750000e+02
2.792375183105468750e+01
-2.942037353515625000e+02
-2.288755798339843750e+02
2.197539367675781250e+02
1.173992065429687500e+03
1.047014770507812500e+03
9.893759155273437500e+02
1.353794555664062500e+03
1.112306884765625000e+03
1.021437011718750000e+03
1.416178222656250000e+03
9.617645263671875000e+02
8.557413330078125000e+02
1.268999099731445312e+01
-1.057291221618652344e+01
-3.686887741088867188e+00
5.193462371826171875e+00
-6.873339176177978516e+00
-5.046814441680908203e+00
1.404640913009643555e+00
-7.290567874908447266e+00
-3.043087720870971680e+00
-2.829275512695312500e+01
-4.347476577758789062e+01
-6.129271697998046875e+01
-2.543245887756347656e+01
-3.638911437988281250e+01
-5.339683151245117188e+01
4.279526519775390625e+01
1.129398822784423828e+01
-2.104342651367187500e+01
-1.468807315826416016e+01
-1.282697486877441406e+01
-4.412016868591308594e+00
8.340950012207031250e-01
9.330050468444824219e+00
3.694149255752563477e-01
1.671673202514648438e+01
2.214494705200195312e+01
3.706031441688537598e-01
1.540170311927795410e+00
-6.070979833602905273e-01
1.516699314117431641e+01
3.303416967391967773e+00
5.900377750396728516e+00
1.821612548828125000e+01
1.436277866363525391e+01
1.938764190673828125e+01
2.181137084960937500e+01
-1.680896568298339844e+01
-1.405344009399414062e+01
-2.427448749542236328e+00
-3.230541992187500000e+01
-3.081577110290527344e+01
-2.312720489501953125e+01
-1.093867015838623047e+01
-2.999059438705444336e+00
3.553317546844482422e+00
1.314050674438476562e+01
1.464571380615234375e+01
1.843106597661972046e-01
1.358763408660888672e+01
8.974073410034179688e+00
-2.800358057022094727e+00
-7.283782005310058594e+00
-9.764864921569824219e+00
-2.390751266479492188e+01
-2.163022613525390625e+01
-2.802651405334472656e+01
-5.016458892822265625e+01
3.912196731567382812e+01
1.853389739990234375e+01
-1.821850204467773438e+01
5.977192687988281250e+01
3.269879531860351562e+01
9.986213684082031250e+00
-3.235375213623046875e+01
-4.730189132690429688e+01
-1.664412117004394531e+01
-3.844402694702148438e+01
-3.959124374389648438e+01
2.374258995056152344e+01
-4.618450164794921875e+00
2.414109039306640625e+01
6.539387512207031250e+01
-1.998002648353576660e+00
-3.197656393051147461e+00
-4.123317718505859375e+00
-5.275070190429687500e+00
-6.305641174316406250e+00
-7.353514671325683594e+00
-1.030422592163085938e+01
-1.101780319213867188e+01
-1.197527694702148438e+01
-3.120815277099609375e+00
-6.645889282226562500e-01
-1.523458480834960938e+00
7.277888298034667969e+00
7.380655288696289062e+00
-1.786951541900634766e+00
5.002174377441406250e+00
-3.259553909301757812e-01
-6.649268150329589844e+00
-1.206996059417724609e+01
-1.577318286895751953e+01
-1.439771747589111328e+01
-8.185663223266601562e+00
-1.165725612640380859e+01
-1.522275829315185547e+01
-4.789680957794189453e+00
-8.229434967041015625e+00
-1.176945400238037109e+01
1.143061351776123047e+01
-4.349383544921875000e+01
-1.676486778259277344e+01
-5.038938522338867188e-01
-4.275672531127929688e+01
-1.349716472625732422e+01
6.568929672241210938e+00
-3.838006973266601562e+01
-1.117087268829345703e+01
-2.768575096130371094e+01
-4.863529205322265625e+01
-6.289710617065429688e+01
-1.397455978393554688e+01
-3.484248352050781250e+01
-4.254804611206054688e+01
6.558084487915039062e-01
-1.975575256347656250e+01
-3.164194488525390625e+01
-2.740432262420654297e+00
-9.621182441711425781e+00
-2.356112289428710938e+01
1.959401965141296387e+00
1.263033390045166016e+00
-1.278386473655700684e+00
-8.281370401382446289e-01
-3.583610057830810547e+00
1.367304229736328125e+01
-3.148962097167968750e+02
-4.767001953125000000e+02
-4.278151550292968750e+02
-2.581064758300781250e+02
-4.059226989746093750e+02
-3.553130187988281250e+02
-2.829519958496093750e+02
-4.263834228515625000e+02
-3.663384704589843750e+02
2.165053939819335938e+01
8.197605133056640625e+00
6.097939682006835938e+01
1.720696640014648438e+01
1.798948097229003906e+01
5.746996688842773438e+01
1.782405281066894531e+01
2.644454193115234375e+01
3.595717620849609375e+01
4.106116104125976562e+01
5.019869995117187500e+01
9.421669769287109375e+01
4.117904281616210938e+01
6.222643661499023438e+01
9.729222106933593750e+01
5.078921508789062500e+01
4.561286163330078125e+01
3.827392578125000000e+01
9.569253540039062500e+01
2.022407722473144531e+01
4.134750366210937500e-01
1.133400802612304688e+02
6.473087310791015625e+01
3.794749832153320312e+01
1.636862182617187500e+02
1.419668884277343750e+02
7.537255859375000000e+01
1.385403442382812500e+02
7.648276519775390625e+01
8.235320091247558594e+00
8.565169525146484375e+01
4.756856536865234375e+01
1.692356109619140625e+00
2.331614303588867188e+01
2.244790267944335938e+01
2.217861175537109375e+01
7.481055450439453125e+01
8.436019897460937500e+01
5.047634887695312500e+01
5.146745681762695312e+01
3.994107437133789062e+01
3.027020072937011719e+01
5.078428649902343750e+01
3.736084365844726562e+01
4.285378265380859375e+01
1.666638336181640625e+02
1.935163879394531250e+02
1.703742980957031250e+02
1.536679229736328125e+02
1.413514251708984375e+02
1.356219177246093750e+02
5.384335708618164062e+01
4.122638702392578125e+01
5.512090682983398438e+01
3.807622528076171875e+01
3.650591278076171875e+01
2.815816688537597656e+01
2.134878921508789062e+01
5.202040100097656250e+01
7.790430450439453125e+01
2.099784469604492188e+01
5.202755355834960938e+01
7.919618988037109375e+01
1.866520538330078125e+02
1.271125030517578125e+02
1.021145935058593750e+02
1.236483078002929688e+02
1.137926635742187500e+02
8.207569885253906250e+01
3.991744995117187500e+01
8.220539855957031250e+01
1.072907257080078125e+02
3.044974060058593750e+02
3.689526367187500000e+02
2.604529724121093750e+02
1.641511383056640625e+02
1.487829284667968750e+02
1.001620559692382812e+02
1.316567687988281250e+02
7.948089599609375000e+01
8.658509826660156250e+01
1.742834091186523438e+01
2.531703376770019531e+01
1.685038566589355469e+01
2.429359054565429688e+01
2.938197898864746094e+01
2.839286994934082031e+01
2.409533309936523438e+01
2.438577461242675781e+01
2.793508720397949219e+01
1.160270233154296875e+02
7.193834686279296875e+01
3.971961212158203125e+01
1.015228118896484375e+02
9.037741088867187500e+01
3.178811645507812500e+01
6.292099380493164062e+01
7.077918243408203125e+01
3.924897766113281250e+01
4.211097717285156250e+01
1.423161315917968750e+01
2.631311178207397461e+00
3.103306007385253906e+01
2.087683296203613281e+01
-5.559065818786621094e+00
1.136916065216064453e+01
2.527047729492187500e+01
1.072575950622558594e+01
8.024744415283203125e+01
3.955979537963867188e+01
1.533276214599609375e+02
8.761431884765625000e+01
8.001798248291015625e+01
9.523290252685546875e+01
1.574438781738281250e+02
1.675505371093750000e+02
7.000319671630859375e+01
5.885984039306640625e+01
3.377023315429687500e+01
3.506919479370117188e+01
5.609951400756835938e+01
5.422018432617187500e+01
4.759123992919921875e+01
6.451887512207031250e+01
8.423780822753906250e+01
8.193436431884765625e+01
1.033266220092773438e+02
1.347659606933593750e+02
1.893410186767578125e+02
7.238614654541015625e+01
6.049763870239257812e+01
7.284044647216796875e+01
1.228199005126953125e+02
7.626785278320312500e+01
5.090624237060546875e+01
2.559792785644531250e+02
1.865831604003906250e+02
4.672832336425781250e+02
3.804299316406250000e+02
4.030718383789062500e+02
5.191481933593750000e+02
4.903971252441406250e+02
5.557716674804687500e+02
5.675359497070312500e+02
1.426163787841796875e+02
1.957359008789062500e+02
7.231641387939453125e+01
1.206657638549804688e+02
1.255481643676757812e+02
1.190314178466796875e+02
9.001690673828125000e+01
8.115678405761718750e+01
1.618858032226562500e+02
5.340585708618164062e+01
6.652030944824218750e+01
6.303067398071289062e+01
5.573317337036132812e+01
5.555535125732421875e+01
4.447270965576171875e+01
4.517272186279296875e+01
2.320092010498046875e+01
1.407699012756347656e+01
2.122361564636230469e+01
1.382788848876953125e+01
1.189346218109130859e+01
9.134387969970703125e+00
8.678516387939453125e+00
1.709476089477539062e+01
4.834039688110351562e+01
3.656140518188476562e+01
4.282579803466796875e+01
-3.125093460083007812e+00
-7.298189640045166016e+00
-1.846561050415039062e+01
-9.660137176513671875e+00
-7.371151924133300781e+00
-1.242734909057617188e+01
-2.168979454040527344e+01
-8.032490730285644531e+00
-9.511456489562988281e+00
4.742366313934326172e+00
-2.785245418548583984e+00
-1.318107128143310547e+01
-9.401621818542480469e+00
-7.198011398315429688e+00
-9.678755760192871094e+00
-9.453148841857910156e+00
-2.430680036544799805e+00
-6.095942497253417969e+00
4.759545516967773438e+01
2.829387283325195312e+01
3.407124042510986328e+00
4.278802490234375000e+01
4.515986251831054688e+01
3.589010238647460938e+01
-3.089665603637695312e+01
-9.042874336242675781e+00
1.381767082214355469e+01
-1.097361183166503906e+01
-1.426839065551757812e+01
-8.294705390930175781e+00
8.360885620117187500e+00
7.607745647430419922e+00
6.706281185150146484e+00
7.525444984436035156e+00
9.211434364318847656e+00
9.218736648559570312e+00
6.298162078857421875e+01
4.770578002929687500e+01
4.897246551513671875e+01
5.160139083862304688e+01
4.043183135986328125e+01
4.106343841552734375e+01
3.226866149902343750e+01
2.717117118835449219e+01
2.640830039978027344e+01
2.033833618164062500e+02
1.423696289062500000e+02
7.962435913085937500e+01
1.180294418334960938e+02
5.043840026855468750e+01
4.089455413818359375e+01
5.908672714233398438e+01
4.967042922973632812e+00
9.759993553161621094e+00
-6.237440109252929688e+00
-5.050287723541259766e+00
-4.165550231933593750e+00
-7.482277154922485352e-01
-1.078023076057434082e+00
-2.494637250900268555e+00
-5.309777259826660156e-01
6.092958450317382812e-01
-5.797632932662963867e-01
9.020991325378417969e+00
6.461992263793945312e+00
6.454373359680175781e+00
1.960311126708984375e+01
1.034505653381347656e+01
5.221811294555664062e+00
1.441557788848876953e+01
2.253955364227294922e+00
-8.756360411643981934e-02
-1.368000268936157227e+00
-4.069907665252685547e+00
-2.500614166259765625e+00
-1.715724706649780273e+00
-6.985640525817871094e+00
-4.004792690277099609e+00
-4.979100227355957031e+00
-8.103349685668945312e+00
-2.939897775650024414e+00
4.808610153198242188e+01
5.000119018554687500e+01
3.399117660522460938e+01
5.520656204223632812e+01
4.559323501586914062e+01
5.745691299438476562e+00
6.740625762939453125e+01
3.251030349731445312e+01
6.608883142471313477e-01
1.618969917297363281e+00
1.545464515686035156e+00
5.359271049499511719e+00
6.693853378295898438e+00
9.393590927124023438e+00
1.262215805053710938e+01
1.326843166351318359e+01
7.032949447631835938e+00
7.089921951293945312e+00
1.484516601562500000e+02
1.337248535156250000e+02
1.185608139038085938e+02
9.705522918701171875e+01
6.058878707885742188e+01
4.688029098510742188e+01
1.352482299804687500e+02
6.567318725585937500e+01
2.728478240966796875e+01
-5.816039276123046875e+01
-2.722393417358398438e+01
-6.614575386047363281e+00
-5.238106918334960938e+01
-1.478835868835449219e+01
-1.442753505706787109e+01
-9.669039154052734375e+01
-9.360628509521484375e+01
-9.391268920898437500e+01
1.049383544921875000e+01
2.410298538208007812e+01
-1.668963241577148438e+01
-4.000939369201660156e+00
2.732245254516601562e+01
-8.744375228881835938e+00
-2.585935020446777344e+01
3.452414703369140625e+01
1.146089935302734375e+01
1.327625560760498047e+01
9.311101913452148438e+00
7.810614585876464844e+00
1.358635425567626953e+01
1.803194046020507812e+01
1.363358974456787109e+01
1.167141628265380859e+01
1.518348121643066406e+01
6.748088359832763672e+00
1.382459354400634766e+01
2.256700515747070312e+01
3.125826263427734375e+01
9.825645446777343750e+00
1.771461868286132812e+01
2.349293899536132812e+01
1.097155857086181641e+01
1.799179458618164062e+01
3.142151451110839844e+01
1.390561580657958984e+01
8.620983123779296875e+00
2.340097808837890625e+01
1.655939865112304688e+01
1.339214992523193359e+01
2.615216827392578125e+01
1.714053535461425781e+01
1.091381454467773438e+01
2.622035026550292969e+01
4.531597614288330078e+00
6.886855602264404297e+00
9.787042617797851562e+00
2.844666481018066406e+00
5.550303936004638672e+00
6.642988204956054688e+00
5.653818607330322266e+00
7.958350658416748047e+00
4.577680587768554688e+00
2.102910614013671875e+01
2.124719429016113281e+01
1.814784431457519531e+01
4.716229248046875000e+01
5.161944198608398438e+01
4.909265899658203125e+01
1.913743019104003906e+01
1.853373336791992188e+01
2.131395339965820312e+01
2.884129524230957031e+00
6.981787204742431641e+00
1.518823719024658203e+01
1.101276111602783203e+01
1.617787933349609375e+01
2.573231697082519531e+01
2.701710891723632812e+01
3.232723236083984375e+01
3.728660964965820312e+01
9.660619735717773438e+00
2.147273063659667969e+01
2.918151473999023438e+01
1.599807453155517578e+01
2.697867393493652344e+01
3.657683944702148438e+01
1.978691101074218750e+01
3.175628471374511719e+01
4.281907653808593750e+01
2.802336883544921875e+01
3.667399597167968750e+01
4.344030761718750000e+01
1.283192443847656250e+01
7.738294601440429688e+00
1.585874938964843750e+01
2.485739898681640625e+01
2.526443290710449219e+01
1.875712394714355469e+01
1.571576786041259766e+01
1.597010040283203125e+01
1.528472518920898438e+01
1.772221755981445312e+01
1.790918540954589844e+01
1.632626342773437500e+01
2.020733451843261719e+01
1.969050216674804688e+01
1.772774314880371094e+01
5.090925216674804688e+00
8.703467369079589844e+00
1.101087379455566406e+01
1.430819511413574219e+01
1.851885032653808594e+01
2.202641677856445312e+01
1.979764175415039062e+01
2.134687232971191406e+01
2.944464302062988281e+01
1.236418628692626953e+01
1.770988082885742188e+01
2.118934822082519531e+01
1.414953804016113281e+01
1.847216033935546875e+01
2.332406806945800781e+01
1.398892402648925781e+01
1.745703506469726562e+01
2.095109558105468750e+01
4.323698425292968750e+01
6.247190856933593750e+01
4.755096435546875000e+01
4.387821578979492188e+01
6.964007568359375000e+01
4.725498199462890625e+01
5.273636245727539062e+01
6.622198486328125000e+01
3.447667312622070312e+01
7.150127410888671875e+00
1.596781063079833984e+01
2.377485275268554688e+01
6.629803657531738281e+00
1.776108741760253906e+01
2.594788169860839844e+01
2.424242210388183594e+01
3.764056396484375000e+01
4.237012863159179688e+01
2.591098022460937500e+01
2.663401412963867188e+01
2.296923828125000000e+01
2.471400642395019531e+01
2.061973953247070312e+01
1.549051284790039062e+01
3.481069946289062500e+01
2.274877166748046875e+01
2.624289321899414062e+01
2.888089294433593750e+02
3.876616516113281250e+02
3.777146911621093750e+02
3.238502502441406250e+02
4.359120788574218750e+02
3.940223999023437500e+02
3.998955688476562500e+02
4.919699096679687500e+02
4.273526000976562500e+02
1.392057704925537109e+01
1.107972335815429688e+01
1.539864349365234375e+01
2.020677185058593750e+01
1.367586803436279297e+01
1.645433044433593750e+01
3.032640075683593750e+01
2.975882148742675781e+01
2.740232276916503906e+01
1.133265151977539062e+02
1.275588378906250000e+02
1.411433563232421875e+02
2.259026908874511719e+01
9.890464782714843750e+00
3.288887262344360352e+00
2.297356033325195312e+01
1.629417991638183594e+01
2.396134567260742188e+01
2.543087196350097656e+01
1.927657127380371094e+01
4.097409057617187500e+01
7.156893920898437500e+01
2.579407691955566406e+01
9.390692901611328125e+01
-1.998242568969726562e+01
-1.014812164306640625e+02
-2.834006500244140625e+01
5.171800231933593750e+01
-1.730015945434570312e+01
8.150964355468750000e+01
3.541304779052734375e+01
-6.457397460937500000e+01
4.894165420532226562e+01
6.663616943359375000e+01
-2.152851104736328125e+01
2.963102340698242188e+01
-1.837135124206542969e+01
5.867868423461914062e+00
2.687980890274047852e+00
1.056102466583251953e+01
3.138409805297851562e+01
-1.217338323593139648e+00
-1.743899536132812500e+01
-1.204561042785644531e+01
-4.799886703491210938e+01
3.529315948486328125e+01
2.094156265258789062e+01
6.024561691284179688e+01
-4.760620880126953125e+01
-6.560401153564453125e+01
-2.923765373229980469e+01
2.868023490905761719e+01
-6.054192543029785156e+00
-8.313998222351074219e+00
2.590611572265625000e+02
2.209294433593750000e+02
3.115870361328125000e+02
1.314946365356445312e+01
1.431020736694335938e+01
1.389590072631835938e+01
5.784530639648437500e+01
6.527661895751953125e+01
5.181892395019531250e+01
8.512448883056640625e+01
7.605319213867187500e+01
1.212815856933593750e+02
2.261354446411132812e+01
2.892859268188476562e+01
5.619972991943359375e+01
-1.313829803466796875e+01
-3.246551513671875000e+00
3.871575927734375000e+01
-4.596867370605468750e+01
1.094090423583984375e+02
2.121978759765625000e+02
8.002317810058593750e+01
1.326755676269531250e+02
1.542889404296875000e+02
2.140171356201171875e+02
1.839782257080078125e+02
1.593670959472656250e+02
2.048040618896484375e+02
2.116354370117187500e+02
1.997611236572265625e+02
1.317015228271484375e+02
1.363580017089843750e+02
1.153765258789062500e+02
1.166248245239257812e+02
1.134636383056640625e+02
9.682305908203125000e+01
2.183138580322265625e+02
2.036299896240234375e+02
2.497185211181640625e+02
1.878739929199218750e+01
-3.297461318969726562e+01
5.282845687866210938e+01
-1.946163558959960938e+01
-7.179002380371093750e+01
-5.826349258422851562e-01
5.429527664184570312e+01
4.815266036987304688e+01
1.124368362426757812e+02
7.602422332763671875e+01
6.244637298583984375e+01
1.366314849853515625e+02
1.084672927856445312e+02
9.733022308349609375e+01
1.324797668457031250e+02
1.164385452270507812e+02
2.295161590576171875e+02
2.469468383789062500e+02
1.773389587402343750e+02
2.599581909179687500e+02
3.217318115234375000e+02
1.546111450195312500e+02
2.807412414550781250e+02
2.549329986572265625e+02
1.216719512939453125e+02
1.294577636718750000e+02
1.539379577636718750e+02
2.404454803466796875e+01
2.001232147216796875e+01
6.634205627441406250e+01
5.318184280395507812e+01
2.168299484252929688e+01
5.621111297607421875e+01
5.840909957885742188e+01
5.572670745849609375e+01
8.741694641113281250e+01
1.281029052734375000e+02
6.340248489379882812e+01
9.082057189941406250e+01
1.363666839599609375e+02
3.443493652343750000e+01
8.242514038085937500e+01
2.805103759765625000e+03
3.645222656250000000e+03
3.760164794921875000e+03
2.122869628906250000e+03
2.865189453125000000e+03
3.166521484375000000e+03
2.131091796875000000e+03
2.633865722656250000e+03
2.916918457031250000e+03
3.598385009765625000e+02
3.577271728515625000e+02
2.653598632812500000e+02
1.325528907775878906e+01
-1.740290164947509766e+00
-1.137158660888671875e+02
7.347782135009765625e+01
4.170545578002929688e+01
-1.193993759155273438e+01
