-6.896100463867187500e+02
-6.342083740234375000e+02
-4.907417602539062500e+02
-7.704965820312500000e+02
-6.850747680664062500e+02
-5.175956420898437500e+02
-6.936114501953125000e+02
-5.843143310546875000e+02
-4.497739868164062500e+02
-4.896179199218750000e+02
-4.386785278320312500e+02
-2.912037963867187500e+02
-5.622899780273437500e+02
-4.794484252929687500e+02
-3.163953552246093750e+02
-4.900285644531250000e+02
-3.820139770507812500e+02
-2.477414855957031250e+02
-4.175922546386718750e+02
-3.748550415039062500e+02
-2.296253814697265625e+02
-4.696612548828125000e+02
-4.036144104003906250e+02
-2.529396057128906250e+02
-3.974392395019531250e+02
-3.049242553710937500e+02
-1.818038024902343750e+02
-1.530488128662109375e+02
-2.003604278564453125e+02
-2.307966613769531250e+02
-2.154006347656250000e+02
-2.974879150390625000e+02
-3.247604064941406250e+02
-3.261611022949218750e+02
-4.234859008789062500e+02
-4.263962402343750000e+02
-1.447336120605468750e+02
-1.834171295166015625e+02
-2.033249359130859375e+02
-1.996158447265625000e+02
-2.768735351562500000e+02
-2.952831726074218750e+02
-3.145079040527343750e+02
-4.075466003417968750e+02
-3.993330688476562500e+02
-1.056294555664062500e+02
-1.328544616699218750e+02
-1.524063873291015625e+02
-1.602321929931640625e+02
-2.290330963134765625e+02
-2.430125579833984375e+02
-2.719723205566406250e+02
-3.624178466796875000e+02
-3.485437927246093750e+02
-1.225244140625000000e+02
-1.663833312988281250e+02
-2.439323730468750000e+02
-1.302582092285156250e+02
-2.124190216064453125e+02
-3.323083801269531250e+02
-1.061880111694335938e+02
-1.894123687744140625e+02
-3.155584411621093750e+02
-1.041242294311523438e+02
-1.259804763793945312e+02
-1.992053222656250000e+02
-1.000171432495117188e+02
-1.575756225585937500e+02
-2.732848510742187500e+02
-7.330619812011718750e+01
-1.355630950927734375e+02
-2.577456359863281250e+02
-6.040875625610351562e+01
-6.800958251953125000e+01
-1.374359893798828125e+02
-4.703075027465820312e+01
-8.979892730712890625e+01
-1.995694274902343750e+02
-1.721963119506835938e+01
-6.584410858154296875e+01
-1.850678710937500000e+02
-1.556284790039062500e+02
-2.015857238769531250e+02
-2.594027404785156250e+02
-2.529212188720703125e+02
-2.909796752929687500e+02
-3.095493774414062500e+02
-3.876408691406250000e+02
-4.104230041503906250e+02
-3.909762573242187500e+02
-5.906961441040039062e+01
-9.465251922607421875e+01
-1.493405609130859375e+02
-1.553112030029296875e+02
-1.873570098876953125e+02
-2.010650787353515625e+02
-2.785913696289062500e+02
-3.027054443359375000e+02
-2.867413330078125000e+02
-5.058748245239257812e+01
-8.267114257812500000e+01
-1.325213012695312500e+02
-1.205639648437500000e+02
-1.522641448974609375e+02
-1.711253051757812500e+02
-2.321293334960937500e+02
-2.550602874755859375e+02
-2.402466125488281250e+02
-3.871432495117187500e+02
-4.427750549316406250e+02
-5.329645996093750000e+02
-4.939487304687500000e+02
-5.747452392578125000e+02
-6.078433227539062500e+02
-4.133612365722656250e+02
-4.589138183593750000e+02
-4.244300537109375000e+02
-2.936523437500000000e+02
-3.629244079589843750e+02
-4.628931274414062500e+02
-3.993725891113281250e+02
-4.892042541503906250e+02
-5.387716674804687500e+02
-3.275246276855468750e+02
-3.724100646972656250e+02
-3.530574645996093750e+02
-4.123168640136718750e+02
-4.849933471679687500e+02
-5.772380371093750000e+02
-5.216831665039062500e+02
-6.157788085937500000e+02
-6.642539672851562500e+02
-4.530465393066406250e+02
-5.145357055664062500e+02
-4.937643127441406250e+02
1.569755004882812500e+03
1.721600463867187500e+03
1.209723266601562500e+03
3.586237548828125000e+03
2.137992675781250000e+03
6.518412475585937500e+02
2.529211425781250000e+03
6.942709350585937500e+02
-6.490577392578125000e+02
4.309260864257812500e+02
7.236440429687500000e+02
3.953397521972656250e+02
2.531737060546875000e+03
1.200581420898437500e+03
-4.838171768188476562e+01
1.431428100585937500e+03
-3.073783264160156250e+02
-1.405620117187500000e+03
-1.005976257324218750e+03
-4.638002319335937500e+02
-5.660822753906250000e+02
1.189602172851562500e+03
8.689803314208984375e+01
-9.692005615234375000e+02
2.436180114746093750e+01
-1.567095947265625000e+03
-2.426525634765625000e+03
1.154839553833007812e+02
1.453368988037109375e+02
3.398427581787109375e+01
1.078709716796875000e+02
1.313475341796875000e+02
4.326242446899414062e+01
1.587588653564453125e+02
2.190938415527343750e+02
1.629528656005859375e+02
3.938836059570312500e+02
4.297185058593750000e+02
3.059432067871093750e+02
3.938733520507812500e+02
4.216856689453125000e+02
3.177165222167968750e+02
4.347804565429687500e+02
5.000577087402343750e+02
4.306380615234375000e+02
6.057072143554687500e+02
6.464162597656250000e+02
5.118836975097656250e+02
6.003592529296875000e+02
6.396056518554687500e+02
5.279824218750000000e+02
6.310295410156250000e+02
7.058777465820312500e+02
6.312816772460937500e+02
-2.106857147216796875e+02
-4.024838867187500000e+02
-4.756966552734375000e+02
-4.038139343261718750e+02
-5.883317871093750000e+02
-6.312866210937500000e+02
-4.990728149414062500e+02
-5.839711303710937500e+02
-5.855580444335937500e+02
-2.393441314697265625e+02
-4.286842956542968750e+02
-4.972335815429687500e+02
-4.301804504394531250e+02
-6.088546142578125000e+02
-6.434548339843750000e+02
-5.278064575195312500e+02
-6.065104980468750000e+02
-5.960285644531250000e+02
-4.023823242187500000e+02
-5.789481811523437500e+02
-6.352711181640625000e+02
-6.139126586914062500e+02
-7.802099609375000000e+02
-7.987708129882812500e+02
-7.131420288085937500e+02
-7.962903442382812500e+02
-7.728986816406250000e+02
5.436580810546875000e+02
4.975231933593750000e+02
6.366123657226562500e+02
9.052914428710937500e+02
8.706059570312500000e+02
9.514847412109375000e+02
9.074056396484375000e+02
9.529964599609375000e+02
9.833226928710937500e+02
1.692603607177734375e+02
9.460944366455078125e+01
2.255645141601562500e+02
4.790596008300781250e+02
4.167557373046875000e+02
4.958394165039062500e+02
4.816728515625000000e+02
5.041626892089843750e+02
5.352684326171875000e+02
-5.334525756835937500e+02
-6.485640869140625000e+02
-5.315150146484375000e+02
-2.672212524414062500e+02
-3.826621398925781250e+02
-3.095451965332031250e+02
-2.630562438964843750e+02
-3.047360839843750000e+02
-2.761669921875000000e+02
1.172276210784912109e+01
5.486546516418457031e+00
2.213836479187011719e+01
3.609777069091796875e+01
6.645806884765625000e+01
8.814490509033203125e+01
7.397435760498046875e+01
1.200507049560546875e+02
1.534170379638671875e+02
3.838643646240234375e+01
2.862003135681152344e+01
4.251399612426757812e+01
5.541444396972656250e+01
8.140366363525390625e+01
1.008945617675781250e+02
8.718262481689453125e+01
1.305618896484375000e+02
1.613166046142578125e+02
9.690227508544921875e+01
7.938766479492187500e+01
8.672841644287109375e+01
9.685713195800781250e+01
1.162384033203125000e+02
1.319985046386718750e+02
1.156595993041992188e+02
1.543750915527343750e+02
1.875938415527343750e+02
2.409106445312500000e+03
2.444339355468750000e+03
8.859416503906250000e+02
2.331215087890625000e+03
2.378408447265625000e+03
7.231025390625000000e+02
1.512262939453125000e+03
1.763915283203125000e+03
7.997183837890625000e+02
1.699913085937500000e+03
1.724218994140625000e+03
1.384858703613281250e+02
1.663075927734375000e+03
1.640106689453125000e+03
-7.552093505859375000e+01
8.208806152343750000e+02
1.001075683593750000e+03
-2.067436790466308594e+01
2.138860473632812500e+02
2.369180450439453125e+02
-1.221020385742187500e+03
1.880321960449218750e+02
1.326020965576171875e+02
-1.498936767578125000e+03
-6.154785156250000000e+02
-4.976074829101562500e+02
-1.503858276367187500e+03
-4.925066528320312500e+02
-4.300227966308593750e+02
-3.534718322753906250e+02
-6.206316528320312500e+02
-4.973837585449218750e+02
-3.889671630859375000e+02
-6.386749267578125000e+02
-5.000561218261718750e+02
-3.962645568847656250e+02
-4.539917297363281250e+02
-3.717534484863281250e+02
-2.901097106933593750e+02
-5.589534301757812500e+02
-4.138751525878906250e+02
-3.051171875000000000e+02
-5.820040283203125000e+02
-4.195257873535156250e+02
-3.137317810058593750e+02
-4.695339965820312500e+02
-3.730776977539062500e+02
-2.861141052246093750e+02
-5.607583007812500000e+02
-4.062349853515625000e+02
-3.036282348632812500e+02
-5.807212524414062500e+02
-4.097436828613281250e+02
-3.118050842285156250e+02
8.386857604980468750e+01
7.944413757324218750e+01
-1.527201843261718750e+01
1.897789001464843750e+02
2.424278259277343750e+02
1.247589111328125000e+02
2.513830108642578125e+02
3.119965209960937500e+02
1.752046051025390625e+02
2.267869720458984375e+02
2.221151123046875000e+02
1.207460937500000000e+02
3.341859130859375000e+02
3.912203979492187500e+02
2.646930847167968750e+02
3.811262207031250000e+02
4.487931213378906250e+02
3.040542907714843750e+02
3.448806457519531250e+02
3.338136596679687500e+02
2.229772033691406250e+02
4.423205261230468750e+02
4.987183227539062500e+02
3.707944946289062500e+02
4.621434326171875000e+02
5.350449218750000000e+02
3.848781433105468750e+02
-2.306999359130859375e+02
-2.337569274902343750e+02
-2.030441436767578125e+02
-1.922592620849609375e+02
-2.137688751220703125e+02
-1.611186981201171875e+02
-1.205291595458984375e+02
-1.674074096679687500e+02
-1.347879180908203125e+02
-1.705101165771484375e+02
-1.715806579589843750e+02
-1.489586181640625000e+02
-1.456398010253906250e+02
-1.582737274169921875e+02
-1.062200393676757812e+02
-8.217641448974609375e+01
-1.185160522460937500e+02
-7.716510772705078125e+01
-8.592257690429687500e+01
-9.320396423339843750e+01
-7.855960845947265625e+01
-6.627647399902343750e+01
-7.727127075195312500e+01
-2.983432960510253906e+01
-9.449708938598632812e+00
-4.088080215454101562e+01
-9.628051519393920898e-02
6.206113891601562500e+02
7.591978759765625000e+02
8.535158691406250000e+02
8.869595336914062500e+02
1.093085571289062500e+03
1.198136718750000000e+03
1.127509643554687500e+03
1.343602661132812500e+03
1.388688720703125000e+03
2.485639343261718750e+02
3.802046203613281250e+02
4.913074035644531250e+02
4.728478393554687500e+02
6.701259155273437500e+02
7.924994506835937500e+02
7.040132446289062500e+02
9.078732299804687500e+02
9.704801635742187500e+02
-3.139812011718750000e+02
-2.013954620361328125e+02
-7.864844512939453125e+01
-1.492831878662109375e+02
1.497656059265136719e+01
1.604273071289062500e+02
6.690000915527343750e+01
2.340931854248046875e+02
3.241015625000000000e+02
-2.425808868408203125e+02
-4.680119018554687500e+02
-5.128778686523437500e+02
-1.027570877075195312e+02
-3.998423156738281250e+02
-4.262368774414062500e+02
-1.110666656494140625e+02
-3.221791076660156250e+02
-3.303879089355468750e+02
-2.077272796630859375e+02
-4.343917236328125000e+02
-4.766112365722656250e+02
-6.732860565185546875e+01
-3.639850769042968750e+02
-3.893812866210937500e+02
-8.448249053955078125e+01
-3.054079284667968750e+02
-3.145914611816406250e+02
-2.846131286621093750e+02
-4.920851440429687500e+02
-5.227439575195312500e+02
-1.545066528320312500e+02
-4.335722961425781250e+02
-4.458432922363281250e+02
-1.890764770507812500e+02
-3.947991333007812500e+02
-3.884554443359375000e+02
