5.347049236297607422e+00
2.156996459960937500e+02
3.838349151611328125e+01
3.588658142089843750e+01
3.006989440917968750e+02
4.785800170898437500e+01
2.551050949096679688e+01
1.202267227172851562e+02
2.647887992858886719e+01
2.894095458984375000e+02
1.492328948974609375e+02
3.385303497314453125e+01
6.276236343383789062e+01
1.222062349319458008e+00
4.540432453155517578e+00
4.237351989746093750e+01
2.737407088279724121e-01
2.044724464416503906e+01
8.392371177673339844e+00
4.224520874023437500e+01
5.008708953857421875e+01
4.301160335540771484e+00
7.341998291015625000e+01
1.169657230377197266e+01
8.863100433349609375e+01
3.083591003417968750e+02
2.425380897521972656e+01
6.377300262451171875e+00
1.256349945068359375e+02
4.814312362670898438e+01
2.848507881164550781e+01
2.233207511901855469e+01
1.334026336669921875e+02
3.101138305664062500e+02
7.071076965332031250e+01
5.142437744140625000e+01
8.181298065185546875e+01
1.842811584472656250e+01
3.466794967651367188e+01
1.757138366699218750e+02
3.804504776000976562e+01
2.802765464782714844e+01
6.518099784851074219e+00
3.872606658935546875e+01
1.243016338348388672e+01
2.131220703125000000e+02
2.173655242919921875e+02
2.109976043701171875e+02
1.243353118896484375e+02
9.574811935424804688e+00
8.351330566406250000e+01
9.950020313262939453e-01
1.067686915397644043e+00
9.950282287597656250e+01
1.052482604980468750e+00
7.804701805114746094e+00
1.391368865966796875e+02
3.636472940444946289e+00
7.233930587768554688e+00
1.466999340057373047e+01
1.030960617065429688e+02
2.563304748535156250e+02
5.971615219116210938e+01
8.600821685791015625e+01
1.381656050682067871e+00
5.597661590576171875e+01
9.986226081848144531e+00
9.269413948059082031e+00
7.775130462646484375e+01
1.241666412353515625e+01
6.556445598602294922e+00
3.112547492980957031e+01
6.842035293579101562e+00
7.510455322265625000e+01
3.877428054809570312e+01
8.721235275268554688e+00
1.626548194885253906e+01
3.223970830440521240e-01
1.173658251762390137e+00
1.109364604949951172e+01
7.308989763259887695e-02
5.288681507110595703e+00
2.168887376785278320e+00
1.098601341247558594e+01
1.290342044830322266e+01
1.127613663673400879e+00
1.889855957031250000e+01
3.012212991714477539e+00
2.290357780456542969e+01
7.988603973388671875e+01
6.211437702178955078e+00
1.649769425392150879e+00
3.266139221191406250e+01
1.245354652404785156e+01
7.363147735595703125e+00
5.707909107208251953e+00
3.439139938354492188e+01
8.002821350097656250e+01
1.833286476135253906e+01
1.323006439208984375e+01
2.119793510437011719e+01
4.816979408264160156e+00
8.960770606994628906e+00
4.562469100952148438e+01
9.927946090698242188e+00
7.252795219421386719e+00
1.685521006584167480e+00
9.991971969604492188e+00
3.196433067321777344e+00
5.548611068725585938e+01
5.650059890747070312e+01
5.459093856811523438e+01
3.210361862182617188e+01
2.469974756240844727e+00
2.158377838134765625e+01
2.638924717903137207e-01
2.740853428840637207e-01
2.592806243896484375e+01
2.723772227764129639e-01
1.998197436332702637e+00
3.600255966186523438e+01
9.421210289001464844e-01
1.885130047798156738e+00
3.795348882675170898e+00
2.663029479980468750e+01
6.654440307617187500e+01
1.542614078521728516e+01
2.234856986999511719e+01
8.055949807167053223e-01
3.265775299072265625e+01
5.832180023193359375e+00
5.403901100158691406e+00
4.529023742675781250e+01
7.213894844055175781e+00
3.816832542419433594e+00
1.812685966491699219e+01
3.988363504409790039e+00
4.378823852539062500e+01
2.264282989501953125e+01
5.075187206268310547e+00
9.482210159301757812e+00
1.900287866592407227e-01
6.792395114898681641e-01
6.496763229370117188e+00
4.347421601414680481e-02
3.066666841506958008e+00
1.262131094932556152e+00
6.398153305053710938e+00
7.483882427215576172e+00
6.621757745742797852e-01
1.099625968933105469e+01
1.751434803009033203e+00
1.331886959075927734e+01
4.647260665893554688e+01
3.583297729492187500e+00
9.607716202735900879e-01
1.908123588562011719e+01
7.276028156280517578e+00
4.283760547637939453e+00
3.316149950027465820e+00
2.004716110229492188e+01
4.654131698608398438e+01
1.066873168945312500e+01
7.686409473419189453e+00
1.236121177673339844e+01
2.828837871551513672e+00
5.226176261901855469e+00
2.660327529907226562e+01
5.783710002899169922e+00
4.219466686248779297e+00
9.830492734909057617e-01
5.822660446166992188e+00
1.846221089363098145e+00
3.239225387573242188e+01
3.300391387939453125e+01
3.180738830566406250e+01
1.867663955688476562e+01
1.431414127349853516e+00
1.256729412078857422e+01
1.553864777088165283e-01
1.579949259757995605e-01
1.511257934570312500e+01
1.589107215404510498e-01
1.149005532264709473e+00
2.099172973632812500e+01
5.518095493316650391e-01
1.107101678848266602e+00
2.202089309692382812e+00
1.548892498016357422e+01
3.884569931030273438e+01
8.996596336364746094e+00
1.309987545013427734e+01
6.200626850128173828e+00
2.500080566406250000e+02
4.449232482910156250e+01
4.162284469604492188e+01
3.485854187011718750e+02
5.545857620239257812e+01
2.959946250915527344e+01
1.393902130126953125e+02
3.069886970520019531e+01
3.354216308593750000e+02
1.730349884033203125e+02
3.925715255737304688e+01
7.275978851318359375e+01
1.416380643844604492e+00
5.267474174499511719e+00
4.909302520751953125e+01
3.171425163745880127e-01
2.370541572570800781e+01
9.729477882385253906e+00
4.896864318847656250e+01
5.806149673461914062e+01
4.983419895172119141e+00
8.514279174804687500e+01
1.356178665161132812e+01
1.027438354492187500e+02
3.573175354003906250e+02
2.814028167724609375e+01
7.393644809722900391e+00
1.456283569335937500e+02
5.581719589233398438e+01
3.301448440551757812e+01
2.590994834899902344e+01
1.547314147949218750e+02
3.594797363281250000e+02
8.194768524169921875e+01
5.962116622924804688e+01
9.484682464599609375e+01
2.135745811462402344e+01
4.019395065307617188e+01
2.037622528076171875e+02
4.415171813964843750e+01
3.251099395751953125e+01
7.556301116943359375e+00
4.490846252441406250e+01
1.442852687835693359e+01
2.470408325195312500e+02
2.519910583496093750e+02
2.445563812255859375e+02
1.441745758056640625e+02
1.109930610656738281e+01
9.681813812255859375e+01
1.152842998504638672e+00
1.237773537635803223e+00
1.153176116943359375e+02
1.220499396324157715e+00
9.053978919982910156e+00
1.613266754150390625e+02
4.216526985168457031e+00
8.389522552490234375e+00
1.701463317871093750e+01
1.195219421386718750e+02
2.971763000488281250e+02
6.927429962158203125e+01
9.970629119873046875e+01
1.610687136650085449e+00
6.504703521728515625e+01
1.156656837463378906e+01
1.077383136749267578e+01
9.060961151123046875e+01
1.449404621124267578e+01
7.664545536041259766e+00
3.621194458007812500e+01
7.978595256805419922e+00
8.735820007324218750e+01
4.505770492553710938e+01
1.018197917938232422e+01
1.896750450134277344e+01
3.727062046527862549e-01
1.361893057823181152e+00
1.287646961212158203e+01
8.365181833505630493e-02
6.155431747436523438e+00
2.527935028076171875e+00
1.275359249114990234e+01
1.507028961181640625e+01
1.309245109558105469e+00
2.204946708679199219e+01
3.517102718353271484e+00
2.667213821411132812e+01
9.310295867919921875e+01
7.226659297943115234e+00
1.918301224708557129e+00
3.794089508056640625e+01
1.454596424102783203e+01
8.561444282531738281e+00
6.676584720611572266e+00
4.010036849975585938e+01
9.331501007080078125e+01
2.134428405761718750e+01
1.543665599822998047e+01
2.466319274902343750e+01
5.585477352142333984e+00
1.043969821929931641e+01
5.293797302246093750e+01
1.144209098815917969e+01
8.420456886291503906e+00
1.967833638191223145e+00
1.164221382141113281e+01
3.715411901473999023e+00
6.439320373535156250e+01
6.563414764404296875e+01
6.369883346557617188e+01
3.741389465332031250e+01
2.872022867202758789e+00
2.513775634765625000e+01
3.070112764835357666e-01
3.177731335163116455e-01
3.007192039489746094e+01
3.167842626571655273e-01
2.321187019348144531e+00
4.188813018798828125e+01
1.097055435180664062e+00
2.180980682373046875e+00
4.406358718872070312e+00
3.101686096191406250e+01
7.729025268554687500e+01
1.794182014465332031e+01
2.599496078491210938e+01
1.517204046249389648e+00
6.131810379028320312e+01
1.093250846862792969e+01
1.018595790863037109e+01
8.527757263183593750e+01
1.351857376098632812e+01
7.217024803161621094e+00
3.408660507202148438e+01
7.512156963348388672e+00
8.215901184082031250e+01
4.243200683593750000e+01
9.579115867614746094e+00
1.780811691284179688e+01
3.513352572917938232e-01
1.282283782958984375e+00
1.207316398620605469e+01
7.966256886720657349e-02
5.772094726562500000e+00
2.376441240310668945e+00
1.196576309204101562e+01
1.414468955993652344e+01
1.226113200187683105e+00
2.079831123352050781e+01
3.311027050018310547e+00
2.511069679260253906e+01
8.739778900146484375e+01
6.837618350982666016e+00
1.810855150222778320e+00
3.577437973022460938e+01
1.366532707214355469e+01
8.094311714172363281e+00
6.325611114501953125e+00
3.783628082275390625e+01
8.781575012207031250e+01
2.005829048156738281e+01
1.456096076965332031e+01
2.324194717407226562e+01
5.268323421478271484e+00
9.847517967224121094e+00
4.993695831298828125e+01
1.080947971343994141e+01
7.941788196563720703e+00
1.849540710449218750e+00
1.098814487457275391e+01
3.505681037902832031e+00
6.057997131347656250e+01
6.183531951904296875e+01
5.977667236328125000e+01
3.521414566040039062e+01
2.709428787231445312e+00
2.368977165222167969e+01
2.832965552806854248e-01
3.009701967239379883e-01
2.824217605590820312e+01
2.990593314170837402e-01
2.192095994949340820e+00
3.950444412231445312e+01
1.039360284805297852e+00
2.074245929718017578e+00
4.149396896362304688e+00
2.921301460266113281e+01
7.283248138427734375e+01
1.697708702087402344e+01
2.457415008544921875e+01
2.483845233917236328e+00
1.002450256347656250e+02
1.783575820922851562e+01
1.664577102661132812e+01
1.396753692626953125e+02
2.226384735107421875e+01
1.183763790130615234e+01
5.583353424072265625e+01
1.230103206634521484e+01
1.345260314941406250e+02
6.938060760498046875e+01
1.571349716186523438e+01
2.918697357177734375e+01
5.709704756736755371e-01
2.104291200637817383e+00
1.974944686889648438e+01
1.282017230987548828e-01
9.491831779479980469e+00
3.897495985031127930e+00
1.963088798522949219e+01
2.324496841430664062e+01
2.003620147705078125e+00
3.406644821166992188e+01
5.429123878479003906e+00
4.115134429931640625e+01
1.433369598388671875e+02
1.121604251861572266e+01
2.960775375366210938e+00
5.843147277832031250e+01
2.239028549194335938e+01
1.322288227081298828e+01
1.034978103637695312e+01
6.192274856567382812e+01
1.439784698486328125e+02
3.286974716186523438e+01
2.386042785644531250e+01
3.801750564575195312e+01
8.584177970886230469e+00
1.610309600830078125e+01
8.162937927246093750e+01
1.766693878173828125e+01
1.300241565704345703e+01
3.029801130294799805e+00
1.797702980041503906e+01
5.753267288208007812e+00
9.910234832763671875e+01
1.010619735717773438e+02
9.806794738769531250e+01
5.773207855224609375e+01
4.439278602600097656e+00
3.878060150146484375e+01
4.662611484527587891e-01
4.930872321128845215e-01
4.627965927124023438e+01
4.888001680374145508e-01
3.610402107238769531e+00
6.461772918701171875e+01
1.691415429115295410e+00
3.364400148391723633e+00
6.801819324493408203e+00
4.785702514648437500e+01
1.191267623901367188e+02
2.772385787963867188e+01
4.002906036376953125e+01
-5.407524108886718750e-01
-2.134316444396972656e+01
-3.759476423263549805e+00
-3.590101957321166992e+00
-3.030267906188964844e+01
-4.868922710418701172e+00
-2.637340545654296875e+00
-1.209893035888671875e+01
-2.671813249588012695e+00
-2.879874610900878906e+01
-1.485997962951660156e+01
-3.465395212173461914e+00
-6.342515468597412109e+00
-1.136522591114044189e-01
-4.601677358150482178e-01
-4.091767787933349609e+00
-2.356931753456592560e-02
-2.094810485839843750e+00
-8.510811328887939453e-01
-4.210187911987304688e+00
-5.149754047393798828e+00
-4.119383394718170166e-01
-7.486023426055908203e+00
-1.196029305458068848e+00
-8.954026222229003906e+00
-3.096492576599121094e+01
-2.551004648208618164e+00
-6.392034888267517090e-01
-1.239024353027343750e+01
-4.850286960601806641e+00
-2.859104871749877930e+00
-2.316704511642456055e+00
-1.356564712524414062e+01
-3.142245101928710938e+01
-7.129336357116699219e+00
-5.256752490997314453e+00
-8.178197860717773438e+00
-1.769509434700012207e+00
-3.479655981063842773e+00
-1.750237274169921875e+01
-3.775206804275512695e+00
-2.842573165893554688e+00
-6.612393856048583984e-01
-3.914645671844482422e+00
-1.308946371078491211e+00
-2.099692916870117188e+01
-2.147294235229492188e+01
-2.128852844238281250e+01
-1.261618804931640625e+01
-9.705403447151184082e-01
-8.416545867919921875e+00
-9.518396109342575073e-02
-1.097424849867820740e-01
-9.806502342224121094e+00
-1.054952591657638550e-01
-8.275697231292724609e-01
-1.393648242950439453e+01
-3.594137728214263916e-01
-6.944412589073181152e-01
-1.488428711891174316e+00
-1.044105148315429688e+01
-2.545380020141601562e+01
-6.037912845611572266e+00
-8.413576126098632812e+00
-3.112216591835021973e-01
-1.213459205627441406e+01
-2.119192361831665039e+00
-2.068297624588012695e+00
-1.741052055358886719e+01
-2.795792818069458008e+00
-1.540922760963439941e+00
-6.933798313140869141e+00
-1.533872723579406738e+00
-1.639218139648437500e+01
-8.429538726806640625e+00
-2.009449481964111328e+00
-3.620264291763305664e+00
-6.148667261004447937e-02
-2.649687230587005615e-01
-2.285862684249877930e+00
-1.217423472553491592e-02
-1.203170895576477051e+00
-4.894306957721710205e-01
-2.392107486724853516e+00
-2.982636451721191406e+00
-2.300414741039276123e-01
-4.343836784362792969e+00
-6.933593153953552246e-01
-5.144604682922363281e+00
-1.774520111083984375e+01
-1.488008499145507812e+00
-3.655395507812500000e-01
-7.011590480804443359e+00
-2.792178392410278320e+00
-1.634859085083007812e+00
-1.366321563720703125e+00
-7.831532001495361328e+00
-1.814122772216796875e+01
-4.074241638183593750e+00
-3.049737691879272461e+00
-4.675479888916015625e+00
-9.862465858459472656e-01
-1.999792337417602539e+00
-9.918605804443359375e+00
-2.105668544769287109e+00
-1.625570654869079590e+00
-3.802089095115661621e-01
-2.260531663894653320e+00
-7.624273300170898438e-01
-1.185221195220947266e+01
-1.216230297088623047e+01
-1.223506069183349609e+01
-7.266674995422363281e+00
-5.594884157180786133e-01
-4.838403701782226562e+00
-5.239754915237426758e-02
-6.349433213472366333e-02
-5.526758193969726562e+00
-6.040022149682044983e-02
-4.843125045299530029e-01
-7.986603736877441406e+00
-2.051814943552017212e-01
-3.883289694786071777e-01
-8.523947596549987793e-01
-6.007376194000244141e+00
-1.447030258178710938e+01
-3.455377340316772461e+00
-4.740756511688232422e+00
2.799152135848999023e+00
1.128625793457031250e+02
2.008414077758789062e+01
1.875981712341308594e+01
1.573379516601562500e+02
2.506513786315917969e+01
1.334842586517333984e+01
6.290048599243164062e+01
1.385410118103027344e+01
1.514595489501953125e+02
7.815679168701171875e+01
1.770588111877441406e+01
3.287796020507812500e+01
6.420162320137023926e-01
2.370466470718383789e+00
2.221721267700195312e+01
1.442216634750366211e-01
1.069315910339355469e+01
4.390265464782714844e+00
2.211193466186523438e+01
2.617832374572753906e+01
2.254407405853271484e+00
3.838749694824218750e+01
6.117060661315917969e+00
4.634188842773437500e+01
1.613940429687500000e+02
1.263655090332031250e+01
3.334839105606079102e+00
6.579943084716796875e+01
2.522439956665039062e+01
1.489268016815185547e+01
1.167108058929443359e+01
6.979235076904296875e+01
1.621605072021484375e+02
3.702521133422851562e+01
2.688250923156738281e+01
4.282980346679687500e+01
9.665200233459472656e+00
1.814219665527343750e+01
9.194428253173828125e+01
1.990188407897949219e+01
1.465270805358886719e+01
3.414525747299194336e+00
2.026059341430664062e+01
6.495362758636474609e+00
1.115691146850585938e+02
1.138124389648437500e+02
1.104267654418945312e+02
6.503402709960937500e+01
4.999963760375976562e+00
4.368696212768554688e+01
5.244723558425903320e-01
5.545799136161804199e-01
5.208020782470703125e+01
5.508472323417663574e-01
4.067860126495361328e+00
7.279869079589843750e+01
1.905323147773742676e+00
3.791011571884155273e+00
7.663135051727294922e+00
5.391176986694335938e+01
1.341722717285156250e+02
3.124976158142089844e+01
4.505741882324218750e+01
