5.026083755493164062e+01
2.199914932250976562e+01
4.471623840332031250e+02
3.718498992919921875e+01
1.036180191040039062e+02
4.528335266113281250e+02
8.362001800537109375e+01
1.007956542968750000e+02
1.264570617675781250e+02
5.243356323242187500e+02
5.141902160644531250e+01
2.200764770507812500e+02
4.487691345214843750e+02
3.796188659667968750e+02
4.797508716583251953e+00
4.352061157226562500e+02
2.783991699218750000e+02
4.099579238891601562e+01
2.211434783935546875e+02
3.318080139160156250e+02
1.728580932617187500e+02
5.184117889404296875e+01
1.772342834472656250e+02
7.832575988769531250e+01
7.891147613525390625e+01
1.586045074462890625e+01
6.665388488769531250e+01
9.711145782470703125e+01
5.920103073120117188e+01
1.018219089508056641e+01
4.507603073120117188e+01
3.708193359375000000e+02
2.003468322753906250e+01
9.780579566955566406e+00
2.507351837158203125e+02
2.646003723144531250e+01
6.556085205078125000e+01
2.628973083496093750e+02
3.843084716796875000e+01
4.783739089965820312e+01
1.014074020385742188e+02
2.707955017089843750e+02
3.503069305419921875e+01
1.445545043945312500e+02
2.327266845703125000e+02
1.166289825439453125e+02
2.550522089004516602e+00
2.618449401855468750e+02
1.795236053466796875e+02
2.568794059753417969e+01
1.053236541748046875e+02
1.799489440917968750e+02
1.134755096435546875e+02
4.008353424072265625e+01
1.103025436401367188e+02
4.412821960449218750e+01
3.901074600219726562e+01
2.812262058258056641e+00
4.465518569946289062e+01
5.649943542480468750e+01
3.678816986083984375e+01
5.316400527954101562e+00
1.352172851562500000e+01
2.007562713623046875e+02
1.502115917205810547e+01
4.751932621002197266e+00
8.590461730957031250e+01
5.638881683349609375e+00
3.534541702270507812e+01
1.699353790283203125e+02
2.723125648498535156e+01
2.206695747375488281e+01
4.823147201538085938e+01
1.464768829345703125e+02
1.441471672058105469e+01
7.589994049072265625e+01
1.409189910888671875e+02
1.346410675048828125e+02
1.339554190635681152e+00
1.230743637084960938e+02
1.133713455200195312e+02
6.006509304046630859e+00
7.018761444091796875e+01
1.331296081542968750e+02
6.500634765625000000e+01
1.642000389099121094e+01
8.182188415527343750e+01
1.938308334350585938e+01
1.060274791717529297e+01
1.934778332710266113e+00
5.638097763061523438e+00
1.218807411193847656e+01
2.037587928771972656e+01
3.492114841938018799e-01
1.211303710937500000e+01
1.108731231689453125e+02
1.093948841094970703e+00
5.880625844001770020e-01
1.221036052703857422e+01
1.665385246276855469e+00
2.237077236175537109e+00
1.038325691223144531e+01
2.626890420913696289e+00
3.449042558670043945e+00
7.494500637054443359e+00
2.507536506652832031e+01
2.007730484008789062e+00
8.303184509277343750e+00
1.952202606201171875e+01
7.053261280059814453e+00
1.613013818860054016e-02
1.497687911987304688e+01
1.824609565734863281e+01
1.483420729637145996e+00
4.589480400085449219e+00
1.686985778808593750e+01
3.176754951477050781e+00
1.268955707550048828e+00
8.928534507751464844e+00
2.126141309738159180e+00
2.681650876998901367e+00
3.521280586719512939e-01
2.801973819732666016e+00
1.453156471252441406e+00
2.802227973937988281e+00
2.527621388435363770e-01
9.249858856201171875e-01
1.507147693634033203e+01
1.156879067420959473e-01
5.854871496558189392e-02
2.104487657546997070e+00
7.512584328651428223e-02
7.846305519342422485e-02
7.911926507949829102e-02
-2.970970422029495239e-02
3.830588757991790771e-01
1.202348589897155762e+00
2.683526992797851562e+00
7.266344502568244934e-03
6.667235493659973145e-01
1.995127558708190918e+00
1.335158109664916992e+00
0.000000000000000000e+00
7.426728010177612305e-01
7.561571598052978516e-01
7.251770496368408203e-01
9.360412359237670898e-01
4.488346278667449951e-01
3.430656716227531433e-02
3.348981495946645737e-03
5.682362914085388184e-01
-1.107932068407535553e-02
-2.618305757641792297e-02
2.336086273193359375e+00
4.719166457653045654e-02
2.780796959996223450e-02
3.261876478791236877e-02
1.968162208795547485e-01
7.058451175689697266e-01
8.553479313850402832e-01
1.653367805480957031e+01
5.032738208770751953e+00
1.199564514160156250e+02
1.861777305603027344e+01
4.160355758666992188e+01
1.794771270751953125e+02
3.426239395141601562e+01
2.591987609863281250e+01
8.561271667480468750e+01
2.476335296630859375e+02
2.368480110168457031e+01
1.131518783569335938e+02
1.954325714111328125e+02
1.260937881469726562e+02
2.917396426200866699e-01
2.248505859375000000e+02
1.873643035888671875e+02
-1.201193690299987793e+00
4.421123886108398438e+01
2.203102722167968750e+02
6.247310638427734375e+01
2.339622688293457031e+01
1.318257446289062500e+02
1.980737304687500000e+01
3.026663017272949219e+01
2.075333595275878906e+00
2.560271453857421875e+01
1.579943466186523438e+01
3.456672286987304688e+01
1.417017459869384766e+00
5.314069747924804688e+00
2.056597747802734375e+02
1.344120121002197266e+01
6.816672325134277344e+00
1.155614471435546875e+02
1.822641754150390625e+01
2.716113853454589844e+01
1.605659790039062500e+02
4.097725677490234375e+01
2.058043289184570312e+01
5.287073516845703125e+01
1.878284454345703125e+02
2.076471900939941406e+01
6.229327011108398438e+01
1.193399505615234375e+02
5.932255172729492188e+01
9.963749647140502930e-01
1.442722473144531250e+02
9.037926483154296875e+01
-2.277413606643676758e+00
3.499414062500000000e+01
1.407876586914062500e+02
3.821239089965820312e+01
2.145578765869140625e+01
7.041905975341796875e+01
2.786433792114257812e+01
2.807759094238281250e+01
-7.958343505859375000e+00
3.501298522949218750e+01
2.045284843444824219e+01
1.841057014465332031e+01
3.345951795578002930e+00
-7.636185169219970703e+00
1.506349029541015625e+02
6.755043945312500000e+03
2.715822753906250000e+03
5.727756250000000000e+04
6.895089843750000000e+03
1.573742089843750000e+04
7.881523437500000000e+04
1.451433105468750000e+04
1.263951171875000000e+04
2.654341796875000000e+04
8.901116406250000000e+04
9.612237304687500000e+03
3.987794921875000000e+04
7.283947656250000000e+04
4.884342578125000000e+04
5.434702148437500000e+02
7.307223437500000000e+04
5.540360546875000000e+04
3.739459716796875000e+03
3.040067578125000000e+04
6.451131640625000000e+04
2.704197460937500000e+04
9.676493164062500000e+03
3.649214453125000000e+04
1.205105175781250000e+04
1.138895996093750000e+04
9.494705810546875000e+02
1.027100976562500000e+04
1.029686718750000000e+04
1.065488476562500000e+04
1.153604736328125000e+03
3.957609130859375000e+03
6.344401562500000000e+04
3.585741519927978516e+00
1.942396879196166992e+00
4.417454910278320312e+01
3.382227659225463867e+00
7.799238204956054688e+00
1.666307640075683594e+01
1.037032222747802734e+01
1.300291538238525391e+01
1.228187179565429688e+01
6.194037628173828125e+01
2.332326173782348633e+00
2.243375015258789062e+01
5.907416152954101562e+01
5.753742218017578125e+01
1.692163497209548950e-01
3.515869140625000000e+01
2.867193031311035156e+01
7.823670864105224609e+00
1.998856353759765625e+01
2.079693031311035156e+01
1.210416221618652344e+01
1.713925123214721680e+00
1.518646240234375000e+01
5.901479244232177734e+00
8.562808990478515625e+00
4.283722877502441406e+00
4.075427532196044922e+00
1.095874023437500000e+01
8.413696289062500000e+00
2.114864826202392578e+00
1.566578769683837891e+01
2.531507301330566406e+01
5.207989501953125000e+01
2.660869789123535156e+01
6.663948974609375000e+02
7.697615051269531250e+01
1.438000640869140625e+02
6.052045898437500000e+02
1.243528137207031250e+02
1.281584625244140625e+02
2.778414001464843750e+02
8.411038208007812500e+02
8.870275115966796875e+01
3.686312866210937500e+02
7.019072875976562500e+02
3.605584411621093750e+02
4.694341659545898438e+00
6.976138916015625000e+02
4.805724487304687500e+02
6.751844024658203125e+01
2.769513244628906250e+02
5.273845825195312500e+02
2.356303558349609375e+02
8.470720672607421875e+01
2.841694335937500000e+02
1.143872604370117188e+02
1.213852386474609375e+02
1.907994461059570312e+01
1.160563659667968750e+02
1.368879852294921875e+02
9.728517913818359375e+01
1.703105163574218750e+01
5.295112991333007812e+01
5.892965698242187500e+02
2.563919782638549805e+00
2.615303993225097656e+00
7.204753875732421875e+01
6.469350337982177734e+00
9.359800338745117188e+00
9.655327796936035156e+00
1.862623333930969238e+00
2.206507682800292969e+01
1.584243965148925781e+01
3.718883132934570312e+01
3.114269733428955078e+00
2.138504028320312500e+01
4.642500686645507812e+01
3.953401565551757812e+01
3.325935900211334229e-01
2.905748367309570312e+01
2.667146444320678711e+00
1.043850612640380859e+01
3.025255012512207031e+01
1.581230735778808594e+01
1.534541320800781250e+01
2.044267177581787109e+00
1.786152267456054688e+01
4.816975593566894531e+00
1.234491062164306641e+01
4.775568962097167969e+00
-4.838869869709014893e-01
1.290758991241455078e+01
7.281361103057861328e+00
2.983251810073852539e+00
1.564003086090087891e+01
1.472348403930664062e+01
3.297810363769531250e+01
5.817291259765625000e+00
3.045360717773437500e+02
4.505443191528320312e+01
9.635312652587890625e+01
3.729961853027343750e+02
7.344053649902343750e+01
6.842589569091796875e+01
1.671684112548828125e+02
3.971017150878906250e+02
4.617324447631835938e+01
2.067737274169921875e+02
3.592104492187500000e+02
2.074091644287109375e+02
2.589785814285278320e+00
3.615979919433593750e+02
2.643280944824218750e+02
2.309888076782226562e+01
1.378177947998046875e+02
3.148788757324218750e+02
1.150949172973632812e+02
5.051239013671875000e+01
1.294536743164062500e+02
3.681014633178710938e+01
4.067752075195312500e+01
5.502073764801025391e+00
4.445920944213867188e+01
4.385910415649414062e+01
6.721974945068359375e+01
1.109189891815185547e+01
3.797143173217773438e+01
2.852987365722656250e+02
6.270076274871826172e+00
2.166584730148315430e+00
3.614677047729492188e+01
4.088433742523193359e+00
1.079360961914062500e+01
5.491096496582031250e+01
-3.415123224258422852e-01
1.057537937164306641e+01
1.446306133270263672e+01
2.502150917053222656e+01
4.392129421234130859e+00
1.637683677673339844e+01
3.069876098632812500e+01
2.673787307739257812e+01
9.474006295204162598e-01
2.827544403076171875e+01
3.030397653579711914e+00
7.546185016632080078e+00
3.356460189819335938e+01
1.229176235198974609e+01
1.828079032897949219e+01
5.297201633453369141e+00
1.809575653076171875e+01
5.986980915069580078e+00
6.940324306488037109e+00
4.447275161743164062e+00
3.814615249633789062e+00
1.684662246704101562e+01
2.437156438827514648e+00
1.772519946098327637e+00
4.409945487976074219e+00
1.368331527709960938e+01
4.936040878295898438e+00
1.524752378463745117e+00
4.619924545288085938e+01
3.221227884292602539e+00
1.254744434356689453e+01
5.727141952514648438e+01
1.112087631225585938e+01
5.826510906219482422e+00
1.622044372558593750e+01
3.792778015136718750e+01
5.653942108154296875e+00
2.284528350830078125e+01
3.528486251831054688e+01
2.791649627685546875e+01
2.202275991439819336e-01
5.600991821289062500e+01
2.436692810058593750e+01
2.419625043869018555e+00
1.668574714660644531e+01
3.156426048278808594e+01
2.733093070983886719e+01
8.474702835083007812e+00
1.902928161621093750e+01
7.325420379638671875e+00
6.137776851654052734e+00
9.061076641082763672e-01
7.197986125946044922e+00
1.454096508026123047e+01
5.960178375244140625e+00
7.328014969825744629e-01
1.758986949920654297e+00
3.707174682617187500e+01
-4.757931232452392578e-01
-1.010447025299072266e+00
-4.557551193237304688e+01
-5.193186283111572266e+00
-9.999624252319335938e+00
-1.061197185516357422e+01
-2.646272420883178711e+00
-8.942097663879394531e+00
-1.771212196350097656e+01
-3.695283508300781250e+01
-4.179262161254882812e+00
-1.463843631744384766e+01
-4.213586807250976562e+01
-1.340521621704101562e+01
-3.723026439547538757e-02
-3.447868728637695312e+01
-1.660332298278808594e+01
-7.252139091491699219e+00
-1.588989353179931641e+01
-1.435383033752441406e+01
-1.322206115722656250e+01
-3.444290399551391602e+00
-9.498400688171386719e+00
-6.015869617462158203e+00
-7.869123935699462891e+00
-4.790896773338317871e-01
-4.601881027221679688e+00
-1.560067653656005859e+01
-6.415129661560058594e+00
-1.668080568313598633e+00
-6.985341548919677734e+00
-1.857738113403320312e+01
8.821705818176269531e+00
3.331893920898437500e+00
7.505261993408203125e+01
7.082750797271728516e+00
1.253573513031005859e+01
1.029797592163085938e+02
3.871889495849609375e+01
2.185827636718750000e+01
1.832567024230957031e+01
1.420656585693359375e+02
8.815608978271484375e+00
4.027945327758789062e+01
1.110926971435546875e+02
9.475540924072265625e+01
7.701454162597656250e-01
7.730826568603515625e+01
7.216652679443359375e+01
5.144931793212890625e+00
4.225568008422851562e+01
8.868508911132812500e+01
2.123611259460449219e+01
8.162672996520996094e+00
3.876454925537109375e+01
1.436661529541015625e+01
1.630353355407714844e+01
4.473109245300292969e+00
1.062915420532226562e+01
1.285204219818115234e+01
1.525502014160156250e+01
2.373284101486206055e+00
1.062555408477783203e+01
6.028973770141601562e+01
-9.256440401077270508e-01
-6.354936957359313965e-01
-1.722155761718750000e+01
-3.088523626327514648e+00
-2.767811298370361328e+00
-7.495728015899658203e+00
-1.229123711585998535e+00
-3.519198894500732422e+00
-7.375019550323486328e+00
-2.063545227050781250e+01
-2.162123441696166992e+00
-8.979454994201660156e+00
-1.836202239990234375e+01
-4.135134220123291016e+00
-6.617125868797302246e-02
-1.807894325256347656e+01
-7.832516670227050781e+00
-2.852004289627075195e+00
-6.210924148559570312e+00
-9.890592575073242188e+00
-5.272247791290283203e+00
-1.915266275405883789e+00
-6.683746814727783203e+00
-2.022110939025878906e+00
-3.758335351943969727e+00
-9.150816798210144043e-01
-3.083074808120727539e+00
-7.944295406341552734e+00
-2.944950103759765625e+00
-6.208316087722778320e-01
-2.927626371383666992e+00
-1.232708740234375000e+01
-1.217293167114257812e+01
-4.212257862091064453e+00
-1.437446289062500000e+02
-1.479337310791015625e+01
-1.881474113464355469e+01
-1.443489532470703125e+02
-5.568418121337890625e+01
-2.547105789184570312e+01
-5.873847198486328125e+01
-2.004990844726562500e+02
-1.924918746948242188e+01
-6.537654876708984375e+01
-1.420556640625000000e+02
-7.268822479248046875e+01
-1.320040225982666016e+00
-1.829001464843750000e+02
-8.943544006347656250e+01
-1.038816547393798828e+01
-4.841318893432617188e+01
-1.316553955078125000e+02
-5.649845123291015625e+01
-2.149446296691894531e+01
-7.529903411865234375e+01
-2.769993209838867188e+01
-2.734755134582519531e+01
-3.342821836471557617e+00
-2.960704994201660156e+01
-4.712965011596679688e+01
-2.319834518432617188e+01
-3.666393280029296875e+00
-4.892187118530273438e+00
-1.457845611572265625e+02
3.148651838302612305e+00
9.987760335206985474e-02
-7.129969596862792969e-01
-6.835774183273315430e-01
4.441459655761718750e+00
4.341169738769531250e+01
4.327983379364013672e+00
-1.381363391876220703e+00
-2.023551225662231445e+00
4.496015310287475586e-01
1.098974585533142090e+00
5.858763694763183594e+00
6.535301208496093750e+00
2.014632225036621094e+01
2.347332537174224854e-01
1.450403022766113281e+01
2.738702058792114258e+00
-2.357511758804321289e+00
7.211740970611572266e+00
1.764156913757324219e+01
1.323316192626953125e+01
2.966160774230957031e+00
1.243899345397949219e+01
2.754249811172485352e+00
-2.950846254825592041e-01
-6.877307295799255371e-01
-2.554852366447448730e-01
3.333624005317687988e-01
3.272838592529296875e-01
-7.354248762130737305e-01
-8.876901268959045410e-01
1.362579154968261719e+01
6.951271533966064453e+00
2.270754814147949219e+00
1.098654174804687500e+02
1.473496437072753906e+01
3.373683166503906250e+01
9.344034576416015625e+01
1.142407989501953125e+01
2.148091888427734375e+01
6.397138595581054688e+01
1.207304306030273438e+02
1.755064010620117188e+01
6.553565216064453125e+01
1.090196151733398438e+02
3.990180969238281250e+01
1.032478094100952148e+00
1.195012207031250000e+02
9.010069274902343750e+01
1.712123298645019531e+01
4.637149810791015625e+01
7.840729522705078125e+01
5.449113464355468750e+01
1.993237304687500000e+01
4.571797943115234375e+01
1.396584129333496094e+01
1.564526271820068359e+01
2.249540567398071289e+00
1.620465469360351562e+01
2.396637725830078125e+01
1.923442840576171875e+01
2.676439285278320312e+00
9.836766242980957031e+00
7.976935577392578125e+01
2.120842742919921875e+01
6.433318138122558594e+00
1.591281127929687500e+02
2.117033576965332031e+01
7.300324249267578125e+01
1.885189666748046875e+02
2.640626525878906250e+01
3.766849899291992188e+01
1.212176818847656250e+02
2.661101684570312500e+02
3.169453811645507812e+01
1.386183929443359375e+02
2.329406433105468750e+02
1.374719543457031250e+02
1.206100344657897949e+00
2.241230926513671875e+02
1.990573272705078125e+02
2.164595603942871094e+01
1.044447937011718750e+02
1.718623657226562500e+02
1.050147018432617188e+02
3.680742263793945312e+01
1.196868362426757812e+02
2.938521766662597656e+01
2.517737579345703125e+01
6.302917480468750000e+00
3.052575874328613281e+01
3.676039505004882812e+01
3.291024017333984375e+01
3.700052022933959961e+00
2.617037010192871094e+01
1.618211975097656250e+02
1.621703982353210449e+00
2.273291200399398804e-01
-2.638106155395507812e+01
-2.967592477798461914e+00
1.425485849380493164e+00
3.782335281372070312e+01
2.544106960296630859e+00
-6.396164417266845703e+00
-8.323678970336914062e+00
6.629571437835693359e+00
9.081185460090637207e-01
7.983841300010681152e-01
-8.571866989135742188e+00
1.096631240844726562e+01
2.077374756336212158e-01
1.121799230575561523e+00
7.726409435272216797e+00
-6.566304206848144531e+00
1.730394601821899414e+00
1.438850498199462891e+01
7.878450870513916016e+00
2.126040697097778320e+00
5.533174514770507812e+00
2.771515369415283203e+00
-5.084644794464111328e+00
-4.883865714073181152e-01
-2.869012951850891113e-02
-1.079079532623291016e+01
-1.842216253280639648e+00
-1.091553330421447754e+00
-7.413452625274658203e+00
7.805716514587402344e+00
8.905404806137084961e-01
1.501315116882324219e+00
7.185815429687500000e+01
4.727191448211669922e+00
9.932071685791015625e+00
2.602385520935058594e+01
2.592148303985595703e+00
1.194020557403564453e+01
2.240046310424804688e+01
3.411071395874023438e+01
4.584223747253417969e+00
2.042513656616210938e+01
5.737983703613281250e+01
2.125028610229492188e+01
1.088691428303718567e-01
4.161763763427734375e+01
3.091146850585937500e+01
1.019194507598876953e+01
2.175683021545410156e+01
1.819344329833984375e+01
1.555017948150634766e+01
4.150687694549560547e+00
1.513301277160644531e+01
5.463032245635986328e+00
9.221147537231445312e+00
2.799029350280761719e+00
4.131010055541992188e+00
1.906907463073730469e+01
9.812542915344238281e+00
2.496137142181396484e+00
9.407661437988281250e+00
2.847159767150878906e+01
1.222649860382080078e+01
4.325551986694335938e+00
9.513458251953125000e+01
1.140639400482177734e+01
2.089653968811035156e+01
1.052965850830078125e+02
2.613280677795410156e+01
2.398422813415527344e+01
3.823386764526367188e+01
1.414912719726562500e+02
1.380628108978271484e+01
5.936638641357421875e+01
1.228137664794921875e+02
9.399921417236328125e+01
9.860007762908935547e-01
1.151252975463867188e+02
7.585691833496093750e+01
8.574234962463378906e+00
5.299192810058593750e+01
9.706366729736328125e+01
3.926936340332031250e+01
1.285506820678710938e+01
5.416825485229492188e+01
1.932568168640136719e+01
1.759444999694824219e+01
4.593214988708496094e+00
1.415725040435791016e+01
2.107299041748046875e+01
1.791180610656738281e+01
1.579579591751098633e+00
1.327332019805908203e+01
8.828077697753906250e+01
6.724585723876953125e+01
3.887026596069335938e+01
1.189535034179687500e+03
8.861855316162109375e+01
2.008989715576171875e+02
7.946245727539062500e+02
1.985844573974609375e+02
2.817694396972656250e+02
2.449195709228515625e+02
6.813453979492187500e+02
1.068272171020507812e+02
4.416203002929687500e+02
9.523842773437500000e+02
6.521053466796875000e+02
2.601722240447998047e+00
9.310836181640625000e+02
4.403042602539062500e+02
1.219065780639648438e+02
4.631467285156250000e+02
5.407533569335937500e+02
4.170832214355468750e+02
1.058330078125000000e+02
3.115278625488281250e+02
1.691078186035156250e+02
2.058457641601562500e+02
3.590861511230468750e+01
1.502332000732421875e+02
2.942535400390625000e+02
1.333055267333984375e+02
2.815378952026367188e+01
1.316768493652343750e+02
6.143694458007812500e+02
1.616781997680664062e+01
4.117562770843505859e+00
1.395729980468750000e+02
1.571786594390869141e+01
3.509517669677734375e+01
1.784454040527343750e+02
2.376928520202636719e+01
3.193519973754882812e+01
7.863938140869140625e+01
2.195922241210937500e+02
2.133627700805664062e+01
1.058540725708007812e+02
1.878116455078125000e+02
1.304728546142578125e+02
1.868549346923828125e+00
1.812966308593750000e+02
1.365300445556640625e+02
1.496004676818847656e+01
7.399469757080078125e+01
1.427449188232421875e+02
6.078492736816406250e+01
2.649137687683105469e+01
8.115947723388671875e+01
2.438293266296386719e+01
1.997443771362304688e+01
7.286698341369628906e+00
2.218371200561523438e+01
2.629515075683593750e+01
3.077672386169433594e+01
3.194330692291259766e+00
2.319862174987792969e+01
1.378567810058593750e+02
4.582437515258789062e+00
2.001359462738037109e+00
5.270509338378906250e+01
7.764008045196533203e+00
2.084752655029296875e+01
6.583700561523437500e+01
1.399074268341064453e+01
1.546043968200683594e+01
2.598851203918457031e+01
7.738272857666015625e+01
8.104977607727050781e+00
3.792988204956054688e+01
8.429981231689453125e+01
4.047581481933593750e+01
2.998364567756652832e-01
7.209056854248046875e+01
5.657698440551757812e+01
7.292482376098632812e+00
3.667686462402343750e+01
6.102702713012695312e+01
2.953694915771484375e+01
8.904024124145507812e+00
3.330746459960937500e+01
7.240497589111328125e+00
1.323444652557373047e+01
1.465605497360229492e+00
9.980095863342285156e+00
2.232413864135742188e+01
1.041353130340576172e+01
2.454197883605957031e+00
6.450909137725830078e+00
5.379118728637695312e+01
3.630547332763671875e+01
1.765257644653320312e+01
3.980964050292968750e+02
5.264883804321289062e+01
1.020771789550781250e+02
4.493880615234375000e+02
6.615275573730468750e+01
6.569134521484375000e+01
1.718787994384765625e+02
4.598986206054687500e+02
6.423934936523437500e+01
2.331526794433593750e+02
3.607235717773437500e+02
1.555625152587890625e+02
4.032537937164306641e+00
4.466262207031250000e+02
2.562791137695312500e+02
3.278900527954101562e+01
1.770058441162109375e+02
3.057229003906250000e+02
1.841769866943359375e+02
6.410722351074218750e+01
1.913717956542968750e+02
7.563819122314453125e+01
7.258824920654296875e+01
-5.438680171966552734e+00
7.854602813720703125e+01
8.887173461914062500e+01
5.159413909912109375e+01
5.501854896545410156e+00
5.112777709960937500e+00
3.600619506835937500e+02
-3.508979558944702148e+00
-5.275065302848815918e-01
-1.193682765960693359e+01
-2.751516699790954590e-01
-4.362140178680419922e+00
-3.645591354370117188e+01
-3.513824701309204102e+00
-3.003174066543579102e+00
-5.739747047424316406e+00
-2.449458503723144531e+01
-1.566979050636291504e+00
-1.215715122222900391e+01
-3.035796546936035156e+01
-3.894267272949218750e+01
-7.283645123243331909e-02
-2.358355140686035156e+01
-2.057474899291992188e+01
-1.157473802566528320e+00
-1.521941947937011719e+01
-2.143245506286621094e+01
-1.033429241180419922e+01
-3.044154405593872070e+00
-1.124492263793945312e+01
-2.210915803909301758e+00
-2.216975212097167969e+00
-2.348018884658813477e-01
-1.029275536537170410e+00
-3.226701498031616211e+00
-3.827707052230834961e+00
-6.594955176115036011e-02
-5.969678878784179688e+00
-1.987979888916015625e+01
1.532880020141601562e+01
9.525250434875488281e+00
1.486598815917968750e+02
2.009102821350097656e+01
4.133996963500976562e+01
1.224602279663085938e+02
3.699868392944335938e+01
3.283418655395507812e+01
5.664765167236328125e+01
2.295184326171875000e+02
2.322343635559082031e+01
1.059402770996093750e+02
1.728386688232421875e+02
9.501980590820312500e+01
9.916224479675292969e-01
1.797328491210937500e+02
1.285227813720703125e+02
1.906879615783691406e+01
6.764289855957031250e+01
1.277178726196289062e+02
5.274272918701171875e+01
2.143538856506347656e+01
5.764337539672851562e+01
3.176976966857910156e+01
3.921065902709960938e+01
1.314006805419921875e+01
4.739741134643554688e+01
3.019386482238769531e+01
1.557810115814208984e+01
5.180590629577636719e+00
1.585535144805908203e+01
1.555009460449218750e+02
-2.864472389221191406e+00
-1.431712150573730469e+00
-5.428665542602539062e+01
-1.150013542175292969e+01
-3.279706192016601562e+01
-6.095817947387695312e+01
-1.478320693969726562e+01
-9.500760078430175781e+00
-3.712155532836914062e+01
-7.872631072998046875e+01
-1.316191959381103516e+01
-5.522744369506835938e+01
-8.775099182128906250e+01
-3.449528121948242188e+01
-7.871082425117492676e-02
-8.674748229980468750e+01
-6.139541625976562500e+01
-7.213094234466552734e+00
-4.296147537231445312e+01
-6.073126602172851562e+01
-5.154746627807617188e+01
-9.494057655334472656e+00
-4.145098876953125000e+01
-1.245378208160400391e+01
-1.685798263549804688e+01
5.203509330749511719e-02
-8.357545852661132812e+00
-1.792242622375488281e+01
-6.962676048278808594e+00
-1.333913207054138184e+00
-1.054748415946960449e+00
-5.181719589233398438e+01
-4.255058288574218750e+01
-2.661142730712890625e+01
-2.418526153564453125e+02
-2.779015159606933594e+01
-6.394650268554687500e+01
-3.605967712402343750e+02
-8.019401550292968750e+01
-5.182779693603515625e+01
-7.701802825927734375e+01
-2.895723266601562500e+02
-3.739615249633789062e+01
-1.354183502197265625e+02
-1.489082336425781250e+02
-8.952768707275390625e+01
-3.727588653564453125e+00
-2.066901702880859375e+02
-9.091815185546875000e+01
-2.610662460327148438e+01
-1.302009429931640625e+02
-1.937168731689453125e+02
-1.410070343017578125e+02
-3.873175430297851562e+01
-1.311991729736328125e+02
-7.739540100097656250e+01
-6.360238265991210938e+01
-1.332809257507324219e+01
-6.866948699951171875e+01
-4.801167297363281250e+01
-8.133207321166992188e+00
-1.153871059417724609e+01
1.653827095031738281e+01
-2.336274108886718750e+02
2.504412536621093750e+02
9.463548278808593750e+01
1.805256591796875000e+03
9.475590515136718750e+01
4.813527221679687500e+02
2.280224121093750000e+03
3.419955749511718750e+02
3.964261779785156250e+02
6.751351928710937500e+02
2.356617919921875000e+03
2.281748352050781250e+02
1.078628295898437500e+03
1.969550415039062500e+03
2.166632324218750000e+03
1.710264015197753906e+01
2.171716308593750000e+03
1.494520629882812500e+03
1.130191192626953125e+02
1.051648803710937500e+03
1.876996826171875000e+03
1.010720947265625000e+03
2.907721252441406250e+02
1.061897827148437500e+03
3.305801086425781250e+02
2.336625976562500000e+02
5.051132583618164062e+01
2.493556823730468750e+02
3.443277587890625000e+02
2.640733032226562500e+02
4.290185546875000000e+01
2.438234405517578125e+02
1.909591796875000000e+03
3.203898620605468750e+01
1.306576824188232422e+01
3.152991333007812500e+02
3.441004562377929688e+01
7.150016784667968750e+01
3.358197021484375000e+02
6.731585693359375000e+01
6.747166442871093750e+01
1.213602447509765625e+02
4.219709472656250000e+02
4.322201156616210938e+01
1.926818237304687500e+02
3.595377502441406250e+02
2.296112976074218750e+02
2.807826995849609375e+00
3.511697387695312500e+02
2.358911895751953125e+02
3.122088623046875000e+01
1.601692352294921875e+02
2.693050231933593750e+02
1.300209350585937500e+02
4.325046920776367188e+01
1.501166839599609375e+02
5.728082275390625000e+01
5.989745712280273438e+01
8.910237312316894531e+00
4.997749710083007812e+01
6.995729064941406250e+01
5.071477890014648438e+01
7.600321292877197266e+00
3.246011352539062500e+01
2.747237243652343750e+02
4.218709182739257812e+01
1.655547523498535156e+01
2.393332519531250000e+02
3.609508895874023438e+01
8.148735046386718750e+01
4.396945800781250000e+02
5.896019744873046875e+01
4.272600936889648438e+01
1.284828643798828125e+02
3.566266174316406250e+02
5.320362091064453125e+01
1.883366546630859375e+02
2.190189819335937500e+02
9.266075134277343750e+01
3.075348615646362305e+00
3.565816955566406250e+02
2.002967224121093750e+02
8.455053329467773438e+00
1.116654968261718750e+02
2.787855529785156250e+02
1.464112701416015625e+02
6.175764083862304688e+01
1.879717864990234375e+02
6.484513092041015625e+01
5.428391265869140625e+01
-1.008162307739257812e+01
8.345627593994140625e+01
6.264476013183593750e+01
3.096006393432617188e+01
1.537087678909301758e+00
-2.638414001464843750e+01
3.151851501464843750e+02
-5.919673919677734375e+01
-6.607071876525878906e+00
-6.419654541015625000e+02
-1.143715515136718750e+02
-1.748967437744140625e+02
-7.083034057617187500e+02
-2.112921142578125000e+02
-2.778209495544433594e+01
-2.301537475585937500e+02
-1.076428833007812500e+03
-1.144035644531250000e+02
-3.580671386718750000e+02
-5.706912841796875000e+02
-7.480428314208984375e+01
-1.675348472595214844e+01
-9.214929809570312500e+02
-4.358304443359375000e+02
-5.067930221557617188e+01
-2.467898712158203125e+02
-4.022331237792968750e+02
-2.787999572753906250e+02
-1.197286605834960938e+02
-1.691437721252441406e+01
-8.906401062011718750e+01
-1.483959808349609375e+02
1.549669504165649414e-01
-2.521569366455078125e+02
-1.470163269042968750e+02
-5.132949829101562500e+01
-1.998911094665527344e+01
-1.165577316284179688e+01
-4.907048339843750000e+02
2.782272720336914062e+01
1.050159549713134766e+01
2.161397247314453125e+02
2.889312553405761719e+01
5.636736297607421875e+01
2.960659179687500000e+02
5.536076354980468750e+01
4.891672897338867188e+01
9.257559967041015625e+01
3.139008789062500000e+02
3.654969787597656250e+01
1.488723449707031250e+02
2.494175567626953125e+02
1.763352050781250000e+02
3.079214334487915039e+00
2.741346435546875000e+02
1.735824737548828125e+02
1.753658676147460938e+01
1.183869400024414062e+02
2.199532318115234375e+02
1.023097305297851562e+02
3.799146270751953125e+01
1.175085525512695312e+02
4.520584106445312500e+01
4.075580978393554688e+01
4.494382858276367188e+00
4.021002960205078125e+01
5.235123443603515625e+01
3.682772827148437500e+01
3.996136426925659180e+00
1.440007972717285156e+01
2.286825714111328125e+02
2.233943700790405273e+00
1.246024012565612793e+00
2.547983551025390625e+01
7.949606180191040039e-01
3.063443899154663086e+00
1.061299514770507812e+01
3.057849168777465820e+00
8.164303779602050781e+00
4.731788635253906250e+00
5.118591308593750000e+01
-2.685743942856788635e-02
1.246951007843017578e+01
5.254312133789062500e+01
5.951493453979492188e+01
1.560866981744766235e-01
2.130760955810546875e+01
2.408502960205078125e+01
6.071396827697753906e+00
1.907661056518554688e+01
1.423054695129394531e+01
-9.127955436706542969e-01
-1.211956381797790527e+00
2.132110118865966797e+00
4.903155326843261719e+00
7.504018783569335938e+00
3.431047677993774414e+00
2.353666543960571289e+00
8.415197372436523438e+00
5.886520385742187500e+00
1.474321246147155762e+00
1.483360671997070312e+01
1.820520210266113281e+01
6.168863177299499512e-01
1.437337040901184082e+00
9.257800102233886719e+00
1.852978229522705078e+00
1.224702477455139160e+00
4.689801692962646484e+00
2.106056690216064453e+00
1.181110382080078125e+00
2.740830898284912109e+00
1.425110435485839844e+01
1.156559109687805176e+00
8.549487113952636719e+00
1.192094421386718750e+01
7.842188835144042969e+00
2.684032618999481201e-01
9.890814781188964844e+00
4.641213893890380859e+00
9.377621859312057495e-02
5.569224357604980469e+00
7.068662643432617188e+00
3.207273006439208984e+00
8.808019757270812988e-01
3.494877338409423828e+00
3.702845573425292969e+00
1.926303982734680176e+00
0.000000000000000000e+00
3.585496902465820312e+00
4.397613108158111572e-01
2.491426169872283936e-01
8.973839879035949707e-02
4.923960566520690918e-02
1.244344043731689453e+01
3.074336242675781250e+01
1.357940006256103516e+01
3.310417785644531250e+02
2.954728889465332031e+01
9.766154479980468750e+01
3.392181701660156250e+02
5.625679779052734375e+01
6.634001159667968750e+01
1.085946884155273438e+02
3.324845581054687500e+02
4.077095413208007812e+01
1.666641693115234375e+02
3.110978393554687500e+02
2.335867767333984375e+02
3.124764919281005859e+00
3.126880798339843750e+02
1.733066406250000000e+02
3.007537841796875000e+01
1.763716430664062500e+02
2.119480133056640625e+02
1.554771575927734375e+02
4.716218185424804688e+01
1.389685668945312500e+02
5.992106246948242188e+01
4.962485504150390625e+01
8.656526565551757812e+00
5.210106277465820312e+01
7.271424865722656250e+01
3.594168853759765625e+01
5.524135112762451172e+00
3.068930053710937500e+01
2.213365936279296875e+02
1.866080932617187500e+02
7.952874755859375000e+01
1.716508422851562500e+03
1.815581054687500000e+02
4.681134033203125000e+02
2.001224121093750000e+03
3.261903991699218750e+02
3.446007080078125000e+02
7.600842285156250000e+02
2.347826171875000000e+03
2.741962280273437500e+02
1.107344848632812500e+03
1.971661621093750000e+03
1.245807739257812500e+03
1.636973381042480469e+01
2.037031982421875000e+03
1.448840454101562500e+03
1.514745788574218750e+02
9.295587158203125000e+02
1.616137573242187500e+03
8.484328002929687500e+02
2.835847473144531250e+02
9.633118286132812500e+02
3.219652709960937500e+02
2.782875671386718750e+02
2.445983695983886719e+01
2.770570373535156250e+02
3.471121826171875000e+02
2.821626281738281250e+02
3.674868392944335938e+01
1.390590667724609375e+02
1.614168701171875000e+03
6.341447234153747559e-01
-1.208095028996467590e-01
-1.556401824951171875e+01
-6.561275124549865723e-01
-9.853289723396301270e-01
4.903389930725097656e+00
1.593091845512390137e+00
-1.258710861206054688e+00
-4.027252674102783203e+00
2.277036190032958984e+00
-1.294479612261056900e-02
-1.023929595947265625e+00
-6.304705142974853516e+00
-5.064137578010559082e-01
9.318534866906702518e-04
-2.412580728530883789e+00
3.658518552780151367e+00
-3.989425659179687500e+00
-4.966073989868164062e+00
4.455667972564697266e+00
-1.666528701782226562e+00
-3.059827983379364014e-01
2.143761962652206421e-01
2.508442699909210205e-01
-5.217170715332031250e-01
-4.645845890045166016e+00
-5.691176652908325195e-01
-3.282784700393676758e+00
-7.221987843513488770e-01
-1.186383724212646484e+00
-4.556293964385986328e+00
1.254282712936401367e+00
6.006700515747070312e+01
2.626507759094238281e+01
4.782427062988281250e+02
5.186594772338867188e+01
1.505175476074218750e+02
6.946262817382812500e+02
1.322586517333984375e+02
1.017628097534179688e+02
2.341911773681640625e+02
7.885366821289062500e+02
8.446685791015625000e+01
3.355758361816406250e+02
6.120604858398437500e+02
3.898926086425781250e+02
4.927307128906250000e+00
6.115166625976562500e+02
4.994299316406250000e+02
4.858360290527343750e+01
2.759003906250000000e+02
5.375463256835937500e+02
2.754851684570312500e+02
8.809327697753906250e+01
3.396294555664062500e+02
1.150993499755859375e+02
9.653424835205078125e+01
4.388123989105224609e+00
7.953538513183593750e+01
1.100104675292968750e+02
8.330103302001953125e+01
7.627801895141601562e+00
3.592242050170898438e+01
5.394594116210937500e+02
-1.353764384984970093e-01
-1.980108320713043213e-01
-1.614385008811950684e+00
-4.165088832378387451e-01
-5.734991431236267090e-01
-1.445765733718872070e+00
-2.129898518323898315e-01
-1.465794444084167480e-01
-7.087721824645996094e-01
-1.845159530639648438e+00
-4.383989274501800537e-01
-1.721921920776367188e+00
-1.309790372848510742e+00
-7.790988683700561523e-01
0.000000000000000000e+00
-2.824145793914794922e+00
-8.734920024871826172e-01
-6.056210398674011230e-02
-3.483213484287261963e-01
-1.767817288637161255e-01
-2.069845438003540039e+00
-7.652594447135925293e-01
-1.823130995035171509e-01
-8.343896865844726562e-01
-3.166046142578125000e-01
2.209134548902511597e-01
-9.958024621009826660e-01
-2.404160946607589722e-01
-1.626842655241489410e-02
5.960619822144508362e-02
-1.617946624755859375e-01
-1.767524242401123047e+00
1.215115165710449219e+01
4.259249210357666016e+00
1.004512634277343750e+02
7.127800941467285156e+00
2.787490081787109375e+01
1.984466094970703125e+02
1.391005992889404297e+01
2.456348991394042969e+01
3.822890090942382812e+01
1.228115844726562500e+02
1.444248390197753906e+01
6.368732452392578125e+01
1.222030563354492188e+02
1.033459930419921875e+02
1.617522001266479492e+00
1.156050033569335938e+02
7.923523712158203125e+01
6.253646373748779297e+00
8.454550933837890625e+01
1.104007720947265625e+02
4.200994110107421875e+01
1.693396759033203125e+01
6.700956726074218750e+01
2.016046714782714844e+01
1.825278854370117188e+01
2.202267169952392578e+00
6.412236213684082031e+00
2.356040000915527344e+01
2.097282028198242188e+01
1.806941032409667969e+00
9.105146408081054688e+00
7.752462005615234375e+01
2.402750968933105469e+01
9.446478843688964844e+00
3.919822082519531250e+02
4.896709442138671875e+01
7.742416381835937500e+01
2.125366668701171875e+02
5.988772583007812500e+01
9.003649902343750000e+01
1.437653808593750000e+02
4.103764648437500000e+02
4.426050567626953125e+01
1.975945739746093750e+02
4.100603637695312500e+02
1.971999206542968750e+02
9.160649776458740234e-01
3.470469970703125000e+02
2.213474884033203125e+02
5.239669418334960938e+01
1.516664123535156250e+02
2.151995849609375000e+02
1.276722412109375000e+02
4.601347351074218750e+01
1.187335968017578125e+02
3.944643020629882812e+01
6.944837188720703125e+01
1.705600357055664062e+01
4.535424423217773438e+01
8.148374938964843750e+01
5.796165466308593750e+01
1.172244453430175781e+01
5.584217071533203125e+01
2.310565643310546875e+02
4.344959277659654617e-03
0.000000000000000000e+00
1.568060368299484253e-01
0.000000000000000000e+00
8.608892560005187988e-03
3.442304432392120361e-01
0.000000000000000000e+00
1.087113916873931885e-01
7.132431864738464355e-02
1.401296555995941162e-01
1.437177415937185287e-02
2.498652040958404541e-01
5.925208926200866699e-01
6.142308712005615234e-01
3.459803760051727295e-02
3.199304342269897461e-01
7.222028970718383789e-01
1.195438526337966323e-04
1.200549602508544922e-01
3.468699157238006592e-01
1.207499951124191284e-01
3.378615528345108032e-02
2.419932335615158081e-01
3.916253149509429932e-02
1.112227439880371094e-01
0.000000000000000000e+00
0.000000000000000000e+00
4.908340424299240112e-02
1.724336147308349609e-01
1.775736548006534576e-02
1.405779272317886353e-01
2.458879351615905762e-01
2.023504028320312500e+02
6.960771179199218750e+01
1.061535400390625000e+03
1.067746810913085938e+02
4.151484680175781250e+02
2.404504638671875000e+03
2.830798950195312500e+02
2.156764678955078125e+02
6.290507202148437500e+02
1.924480224609375000e+03
2.386838684082031250e+02
9.224051513671875000e+02
1.553531860351562500e+03
1.216937377929687500e+03
2.037542533874511719e+01
1.719122558593750000e+03
1.375740234375000000e+03
3.723844909667968750e+01
7.880672607421875000e+02
1.582871093750000000e+03
7.460435791015625000e+02
2.414269866943359375e+02
9.663651733398437500e+02
3.012426452636718750e+02
2.309571838378906250e+02
-1.559655666351318359e+01
2.312513275146484375e+02
2.614078063964843750e+02
2.317609710693359375e+02
1.233214569091796875e+01
1.603880119323730469e+01
1.531172363281250000e+03
7.241728210449218750e+01
2.840084266662597656e+01
5.364763183593750000e+02
6.622646331787109375e+01
1.612697143554687500e+02
7.206488647460937500e+02
1.363410339355468750e+02
1.070564041137695312e+02
2.487551422119140625e+02
9.137935791015625000e+02
9.952820587158203125e+01
4.084305114746093750e+02
6.600554199218750000e+02
4.122297973632812500e+02
6.454832077026367188e+00
7.291979370117187500e+02
5.148352661132812500e+02
4.164045715332031250e+01
3.101655273437500000e+02
5.756421508789062500e+02
2.813699035644531250e+02
9.822338867187500000e+01
3.239159851074218750e+02
1.248448944091796875e+02
1.046065597534179688e+02
8.157351493835449219e+00
1.148232955932617188e+02
1.139548263549804688e+02
9.020004272460937500e+01
7.657020568847656250e+00
2.985315895080566406e+01
5.963541259765625000e+02
1.340617752075195312e+01
4.321720123291015625e+00
1.157359008789062500e+02
8.968834877014160156e+00
3.360185623168945312e+01
1.333074645996093750e+02
1.953201675415039062e+01
2.251828384399414062e+01
6.476972961425781250e+01
1.427556762695312500e+02
1.874213600158691406e+01
8.717049407958984375e+01
1.316859893798828125e+02
1.050570373535156250e+02
7.578323483467102051e-01
1.471601257324218750e+02
1.184510192871093750e+02
1.196904087066650391e+01
4.799060440063476562e+01
1.193344268798828125e+02
6.820153045654296875e+01
2.347253799438476562e+01
7.044969177246093750e+01
2.005777359008789062e+01
1.689460754394531250e+01
2.496848583221435547e+00
1.764797401428222656e+01
2.071178245544433594e+01
1.744232940673828125e+01
3.151429414749145508e+00
1.259081459045410156e+01
1.251215972900390625e+02
-6.516770839691162109e+00
-5.822423934936523438e+00
-4.221643447875976562e+01
-7.575283050537109375e+00
-8.639570236206054688e+00
-7.910905456542968750e+01
-1.251765346527099609e+01
-1.247039031982421875e+01
-1.789425849914550781e+01
-1.011722183227539062e+02
-9.386512756347656250e+00
-3.786627197265625000e+01
-6.488159179687500000e+01
-3.814041519165039062e+01
-6.224750280380249023e-01
-5.589865112304687500e+01
-3.854191589355468750e+01
-3.148973703384399414e+00
-3.515551376342773438e+01
-4.800402069091796875e+01
-2.747990226745605469e+01
-7.868946552276611328e+00
-3.230156707763671875e+01
-1.987439727783203125e+01
-1.674227333068847656e+01
-6.762458682060241699e-01
-1.577095317840576172e+01
-1.651466369628906250e+01
-6.825437068939208984e+00
-1.404223084449768066e+00
-8.206349611282348633e-01
-5.760214614868164062e+01
3.818561553955078125e+01
1.837626075744628906e+01
2.689891357421875000e+02
2.177095603942871094e+01
9.794734954833984375e+01
5.867749633789062500e+02
4.428263473510742188e+01
4.377505874633789062e+01
1.770611572265625000e+02
3.970154418945312500e+02
5.403422164916992188e+01
2.115809631347656250e+02
3.171481933593750000e+02
2.012050018310546875e+02
4.910923480987548828e+00
4.209446411132812500e+02
3.409461059570312500e+02
2.294404029846191406e+01
1.731511688232421875e+02
3.355896606445312500e+02
1.883115234375000000e+02
6.337033843994140625e+01
2.276480865478515625e+02
8.293567657470703125e+01
4.740544891357421875e+01
1.034693956375122070e+00
7.156549072265625000e+01
7.373304748535156250e+01
5.073068618774414062e+01
1.957831263542175293e+00
2.423532247543334961e+00
3.958854370117187500e+02
-4.421101808547973633e-01
1.093508124351501465e+00
6.768974304199218750e+01
7.081067562103271484e+00
6.407832622528076172e+00
4.752029895782470703e+00
8.613138198852539062e-01
1.422494792938232422e+01
2.315564346313476562e+01
3.148849487304687500e+01
3.528937816619873047e+00
1.830430984497070312e+01
5.252041625976562500e+01
8.570710182189941406e+00
2.729446813464164734e-02
3.459378814697265625e+01
1.361247634887695312e+01
1.438813400268554688e+01
2.069763755798339844e+01
4.967223167419433594e+00
1.368383693695068359e+01
3.153808355331420898e+00
8.502754211425781250e+00
2.834480762481689453e+00
1.276643753051757812e+01
2.797442197799682617e+00
4.494041919708251953e+00
2.369729995727539062e+01
7.576264381408691406e+00
3.413640975952148438e+00
1.266949367523193359e+01
1.556545352935791016e+01
1.080529022216796875e+01
4.329787254333496094e+00
9.120941925048828125e+01
1.093581008911132812e+01
3.448414230346679688e+01
1.345616302490234375e+02
2.364852523803710938e+01
2.184099769592285156e+01
6.374898529052734375e+01
1.659703521728515625e+02
1.632343101501464844e+01
7.923041534423828125e+01
1.382718505859375000e+02
9.056896972656250000e+01
9.998100996017456055e-01
1.323301086425781250e+02
1.226852874755859375e+02
1.112945652008056641e+01
4.610445785522460938e+01
1.125201568603515625e+02
5.621437072753906250e+01
1.652515792846679688e+01
6.979124450683593750e+01
1.959827423095703125e+01
2.095263290405273438e+01
2.737543106079101562e+00
1.738533592224121094e+01
1.658465576171875000e+01
2.094804191589355469e+01
1.240682125091552734e+00
1.272942352294921875e+01
1.196569519042968750e+02
6.634191036224365234e+00
-4.493775367736816406e+00
4.675293731689453125e+01
-3.761448860168457031e+00
7.117392063140869141e+00
-8.859271240234375000e+01
8.783259391784667969e+00
-7.652838706970214844e+00
3.030114555358886719e+01
1.050532226562500000e+02
-1.187935161590576172e+01
-1.666623497009277344e+01
1.557994651794433594e+01
9.046581268310546875e+01
-2.626946568489074707e-01
1.489376831054687500e+01
3.014852905273437500e+01
3.177875137329101562e+01
-2.990531921386718750e+01
-1.952303504943847656e+01
-4.345960235595703125e+01
-4.885002136230468750e+00
-3.661622238159179688e+01
-2.500827026367187500e+01
-3.246894073486328125e+01
6.061643600463867188e+01
1.126145648956298828e+01
-4.605406951904296875e+01
-3.194523334503173828e+00
3.578105449676513672e+00
5.024562835693359375e+01
1.567703056335449219e+01
1.124517631530761719e+01
2.795876026153564453e+00
3.680970382690429688e+01
3.959243297576904297e+00
1.848455047607421875e+01
1.034379348754882812e+02
1.403445243835449219e+01
9.257339477539062500e+00
2.113957405090332031e+01
8.914255523681640625e+01
9.457444190979003906e+00
4.126470184326171875e+01
6.814371490478515625e+01
6.805941772460937500e+01
1.532792568206787109e+00
7.413972473144531250e+01
5.486134719848632812e+01
1.317294239997863770e+00
4.179600143432617188e+01
7.443544769287109375e+01
3.363623809814453125e+01
1.058128929138183594e+01
4.333847045898437500e+01
1.318593978881835938e+01
6.518455982208251953e+00
8.796696662902832031e-01
5.759980201721191406e+00
9.398699760437011719e+00
9.373306274414062500e+00
-6.201197504997253418e-01
3.054865360260009766e+00
6.264765930175781250e+01
6.457731723785400391e+00
5.015990257263183594e+00
2.123786163330078125e+02
1.871113014221191406e+01
3.570690917968750000e+01
1.185947875976562500e+02
1.950611114501953125e+01
3.432836151123046875e+01
5.762282180786132812e+01
1.334487457275390625e+02
1.740329551696777344e+01
7.509523773193359375e+01
1.790558929443359375e+02
6.752735137939453125e+01
8.629781603813171387e-01
1.315970916748046875e+02
7.382681274414062500e+01
2.555338096618652344e+01
7.911121368408203125e+01
7.145185852050781250e+01
6.237757492065429688e+01
1.725859069824218750e+01
4.723065948486328125e+01
2.575617980957031250e+01
3.480033493041992188e+01
7.432907581329345703e+00
2.176642990112304688e+01
5.365407943725585938e+01
2.384733963012695312e+01
5.081330776214599609e+00
2.532556152343750000e+01
9.816921234130859375e+01
3.806934356689453125e+01
2.402910423278808594e+01
4.211987609863281250e+02
4.650124359130859375e+01
6.829704284667968750e+01
4.115399780273437500e+02
1.183972244262695312e+02
8.141922760009765625e+01
6.912999725341796875e+01
5.460700683593750000e+02
5.247204589843750000e+01
1.456755371093750000e+02
3.279228210449218750e+02
2.718536071777343750e+02
2.358068466186523438e+00
4.224901428222656250e+02
1.862104949951171875e+02
1.221082210540771484e+01
1.450904083251953125e+02
3.122740783691406250e+02
9.850710296630859375e+01
4.348624801635742188e+01
1.593969268798828125e+02
8.448072814941406250e+01
8.991117095947265625e+01
1.000728726387023926e+00
1.185764617919921875e+02
7.445853424072265625e+01
4.389287948608398438e+01
1.350109004974365234e+01
9.003188133239746094e+00
4.048790588378906250e+02
2.276493072509765625e+01
1.161111354827880859e+01
3.105187988281250000e+02
3.651517868041992188e+01
6.700920867919921875e+01
2.642700500488281250e+02
5.054614257812500000e+01
6.290666580200195312e+01
1.156506576538085938e+02
3.502128295898437500e+02
4.060493087768554688e+01
1.663541564941406250e+02
3.091125183105468750e+02
1.509382934570312500e+02
1.910648345947265625e+00
3.025049743652343750e+02
1.937036285400390625e+02
3.134636306762695312e+01
1.325404968261718750e+02
2.112450408935546875e+02
1.196817321777343750e+02
4.074430465698242188e+01
1.184398422241210938e+02
4.959331512451171875e+01
5.689987945556640625e+01
4.244455814361572266e+00
5.019754409790039062e+01
6.804202270507812500e+01
4.336401367187500000e+01
8.225972175598144531e+00
2.374191474914550781e+01
2.371773986816406250e+02
-1.406048297882080078e+00
-6.621749997138977051e-01
9.587505340576171875e+00
-5.407349765300750732e-02
-2.565609931945800781e+00
-1.720096969604492188e+01
-3.555911540985107422e+00
7.893527746200561523e-01
2.574430704116821289e-01
-2.186846733093261719e+01
-1.428749561309814453e+00
-6.922232151031494141e+00
-4.532689571380615234e+00
-1.109455490112304688e+01
-3.406615555286407471e-01
-6.282820224761962891e+00
-1.149012756347656250e+01
2.443388462066650391e+00
-3.750192642211914062e+00
-1.361606693267822266e+01
-1.866010904312133789e+00
-1.642123341560363770e+00
-4.148784160614013672e+00
-2.956631660461425781e+00
1.064871788024902344e+00
6.768225431442260742e-01
-2.385810375213623047e+00
3.034012317657470703e+00
-6.769693493843078613e-01
5.706300139427185059e-01
2.168661594390869141e+00
-8.163943290710449219e+00
1.609036827087402344e+01
4.697227954864501953e+00
1.358656616210937500e+02
1.376329040527343750e+01
2.443175125122070312e+01
1.474909057617187500e+02
3.874406433105468750e+01
3.454775238037109375e+01
5.566003036499023438e+01
1.882020263671875000e+02
1.647504615783691406e+01
7.836661529541015625e+01
1.806768646240234375e+02
1.070405502319335938e+02
1.341586351394653320e+00
1.501382904052734375e+02
9.577418518066406250e+01
2.071408271789550781e+01
7.621042633056640625e+01
1.083975067138671875e+02
4.909153366088867188e+01
1.573244380950927734e+01
6.039330673217773438e+01
2.393395996093750000e+01
2.561638450622558594e+01
8.131253242492675781e+00
1.957715225219726562e+01
4.250356292724609375e+01
2.391686058044433594e+01
4.145594596862792969e+00
2.128188705444335938e+01
1.032933959960937500e+02
7.592412567138671875e+01
3.014275550842285156e+01
6.865787963867187500e+02
8.498722076416015625e+01
1.840166015625000000e+02
7.365106201171875000e+02
1.445614929199218750e+02
1.545584716796875000e+02
3.169927062988281250e+02
1.051879760742187500e+03
1.087618789672851562e+02
4.824200744628906250e+02
8.593052368164062500e+02
5.288637084960937500e+02
6.657793045043945312e+00
8.310451660156250000e+02
6.161638183593750000e+02
8.085637664794921875e+01
3.609831542968750000e+02
6.319505004882812500e+02
3.106261596679687500e+02
1.071685638427734375e+02
3.485947570800781250e+02
1.314087982177734375e+02
1.333537445068359375e+02
2.388044548034667969e+01
1.166476669311523438e+02
1.522277984619140625e+02
1.147097625732421875e+02
1.740829277038574219e+01
7.747898101806640625e+01
6.587312622070312500e+02
2.195886993408203125e+01
4.981725692749023438e+00
9.832379150390625000e+01
1.377960968017578125e+01
4.925570297241210938e+01
1.857220611572265625e+02
2.262433052062988281e+01
1.483162498474121094e+01
6.722103118896484375e+01
1.748296051025390625e+02
2.550247383117675781e+01
9.730899047851562500e+01
1.167995452880859375e+02
7.814656066894531250e+01
1.883499026298522949e+00
1.867770233154296875e+02
1.232503890991210938e+02
4.206781387329101562e+00
7.160443115234375000e+01
1.413268127441406250e+02
9.775682830810546875e+01
3.050790023803710938e+01
9.527229309082031250e+01
2.629930496215820312e+01
7.528419971466064453e+00
-2.058705806732177734e+00
2.720410156250000000e+01
1.170435523986816406e+01
1.795148277282714844e+01
-1.179293632507324219e+00
-4.185615539550781250e+00
1.376421356201171875e+02
2.515086936950683594e+01
5.958666801452636719e+00
1.005367355346679688e+02
2.660851716995239258e+00
1.922629737854003906e+01
2.029492797851562500e+02
4.029362869262695312e+01
3.782049179077148438e+01
4.033819198608398438e+01
2.599072875976562500e+02
9.385886192321777344e+00
8.946434020996093750e+01
2.273719787597656250e+02
2.968912658691406250e+02
1.785246729850769043e+00
1.585104827880859375e+02
1.371830902099609375e+02
1.212945652008056641e+01
1.087363967895507812e+02
1.778400573730468750e+02
4.994579696655273438e+01
1.070020484924316406e+01
1.027055282592773438e+02
2.512693214416503906e+01
2.135931777954101562e+01
2.132497978210449219e+01
7.363561630249023438e+00
2.733382797241210938e+01
2.864691734313964844e+01
5.054218769073486328e+00
4.206686782836914062e+01
1.497853851318359375e+02
