2.985516786575317383e+00
3.051008462905883789e+00
3.950190305709838867e+00
3.236045122146606445e+00
4.109334945678710938e+00
4.786525726318359375e+00
3.330966472625732422e+00
4.108585834503173828e+00
4.388303756713867188e+00
1.214724034070968628e-01
1.349860429763793945e-01
7.971984893083572388e-02
1.109307110309600830e-01
8.966391533613204956e-02
1.028784289956092834e-01
7.949834316968917847e-02
9.040939062833786011e-02
9.303626418113708496e-02
1.943911743164062500e+01
1.993917465209960938e+01
1.868053245544433594e+01
2.168426704406738281e+01
2.084387207031250000e+01
1.828976821899414062e+01
1.994042015075683594e+01
1.854032897949218750e+01
1.637928771972656250e+01
4.062906082253903151e-04
1.221323851495981216e-03
2.947937173303216696e-04
-8.665918721817433834e-05
1.656423555687069893e-04
7.142180693335831165e-04
-8.725886436877772212e-05
-6.784115103073418140e-04
7.147794240154325962e-04
1.136805653572082520e+00
9.826819300651550293e-01
1.718462944030761719e+00
1.565885305404663086e+00
1.223461747169494629e+00
1.835009932518005371e+00
1.264795303344726562e+00
1.314648747444152832e+00
1.985792756080627441e+00
2.980951070785522461e-01
2.163499146699905396e-01
6.307381391525268555e-02
3.002998530864715576e-01
2.617611587047576904e-01
1.698713600635528564e-01
4.190844595432281494e-01
3.322145342826843262e-01
3.677342832088470459e-01
8.708364516496658325e-02
1.583048701286315918e-02
4.747593402862548828e-02
6.369534134864807129e-02
2.938985638320446014e-02
-2.397389383986592293e-03
4.641066119074821472e-02
2.085607498884201050e-02
2.356678992509841919e-02
4.088571548461914062e+01
3.886083602905273438e+01
3.778049850463867188e+01
4.168736267089843750e+01
4.032851791381835938e+01
4.138647079467773438e+01
4.236140060424804688e+01
4.255557632446289062e+01
4.338859176635742188e+01
3.034233488142490387e-02
1.010096725076436996e-02
-5.936360452324151993e-03
7.428415119647979736e-03
-3.283978439867496490e-03
2.293413691222667694e-02
1.029453277587890625e-01
3.525409102439880371e-02
6.123751774430274963e-02
5.928399972617626190e-03
-3.581493627279996872e-03
3.465823456645011902e-02
9.513298980891704559e-03
-5.708135664463043213e-03
3.262528777122497559e-02
4.267835058271884918e-03
3.891204250976443291e-03
2.410192973911762238e-02
6.896517872810363770e-01
5.879685282707214355e-01
6.024373173713684082e-01
9.058461189270019531e-01
8.255686759948730469e-01
8.050181269645690918e-01
6.203200221061706543e-01
8.831871151924133301e-01
6.427319645881652832e-01
6.413768768310546875e+00
6.493310928344726562e+00
6.752783298492431641e+00
6.734182357788085938e+00
6.977146625518798828e+00
7.393262863159179688e+00
5.889904975891113281e+00
5.909435272216796875e+00
6.304464340209960938e+00
2.921307682991027832e-01
3.783506751060485840e-01
4.767233133316040039e-01
3.118534088134765625e-01
3.778429627418518066e-01
4.200294017791748047e-01
2.289143353700637817e-01
3.488096594810485840e-01
2.483285069465637207e-01
2.014690160751342773e+00
2.148739814758300781e+00
1.685872316360473633e+00
2.496252059936523438e+00
2.686089754104614258e+00
1.939700961112976074e+00
2.972610473632812500e+00
2.926263809204101562e+00
2.146189451217651367e+00
3.683021068572998047e+00
3.741059541702270508e+00
3.459635496139526367e+00
3.906454801559448242e+00
4.110718250274658203e+00
3.867564201354980469e+00
3.835141897201538086e+00
3.963361263275146484e+00
3.763795375823974609e+00
1.798132896423339844e+00
1.700419783592224121e+00
1.795543551445007324e+00
1.911849379539489746e+00
1.701315760612487793e+00
1.806397795677185059e+00
1.761514782905578613e+00
1.587962627410888672e+00
1.718079686164855957e+00
-3.352708578109741211e+00
-3.723007678985595703e+00
-1.103411793708801270e+00
-2.804385662078857422e+00
-3.116836786270141602e+00
-1.876098662614822388e-01
-4.358761787414550781e+00
-3.465267896652221680e+00
-1.785874247550964355e+00
-5.413094162940979004e-02
3.666560649871826172e-01
9.926008060574531555e-03
-4.772283136844635010e-02
1.672142595052719116e-01
-9.276159852743148804e-02
-9.768620878458023071e-02
1.499424129724502563e-01
-2.849383838474750519e-02
-2.706275939941406250e+01
-1.404019451141357422e+01
-6.287571191787719727e-01
-1.145693874359130859e+01
-1.006554245948791504e+00
3.009170770645141602e+00
-1.478400421142578125e+01
-7.789920330047607422e+00
-1.030191802978515625e+01
3.381387796252965927e-03
2.096923999488353729e-04
5.376425106078386307e-04
-1.239166595041751862e-03
-7.131597376428544521e-04
-5.358213558793067932e-03
2.781923103611916304e-04
4.462671931833028793e-03
-1.801865757443010807e-03
-5.180632114410400391e+00
-1.766270160675048828e+00
-8.543952703475952148e-01
-5.996563434600830078e+00
-2.662805318832397461e+00
-9.967106580734252930e-01
-5.644709110260009766e+00
-2.131210088729858398e+00
-2.050402164459228516e+00
-2.928619682788848877e-01
1.157508850097656250e+00
7.296855449676513672e-01
1.004508137702941895e+00
1.141259789466857910e+00
4.588811472058296204e-02
8.802712559700012207e-01
1.096886038780212402e+00
-5.746344923973083496e-01
-5.816002488136291504e-01
6.092801690101623535e-01
2.067557275295257568e-01
-5.543901920318603516e-01
6.838092803955078125e-01
-1.327067054808139801e-02
-4.764886200428009033e-01
9.094789624214172363e-01
-1.064550280570983887e-01
-4.832224273681640625e+01
-4.953815460205078125e+01
-4.077282714843750000e+01
-3.257932281494140625e+01
-3.250047302246093750e+01
-2.172531318664550781e+01
-2.932274055480957031e+01
-2.559626197814941406e+01
-1.814412689208984375e+01
-3.221325278282165527e-01
4.331019222736358643e-01
-1.250875294208526611e-01
-3.743151128292083740e-01
4.660055637359619141e-01
4.712228104472160339e-02
-4.010866582393646240e-01
3.973085582256317139e-01
2.716499194502830505e-02
2.445957623422145844e-02
6.601373199373483658e-03
-2.053796648979187012e-01
-6.067285686731338501e-02
-4.647678881883621216e-02
-2.137252241373062134e-01
7.927345111966133118e-03
-2.732606790959835052e-02
-1.928811073303222656e-01
2.154359817504882812e-01
-1.104553580284118652e+00
-1.139660596847534180e+00
2.047513574361801147e-01
-1.653044819831848145e+00
-1.386304259300231934e+00
-6.932296156883239746e-01
-1.543290257453918457e+00
-1.429395318031311035e+00
-5.465323925018310547e+00
-5.275416851043701172e+00
-1.300371170043945312e+00
-4.623322486877441406e+00
-3.855783224105834961e+00
-2.003576457500457764e-01
-4.241888046264648438e+00
-2.575299978256225586e+00
4.959277510643005371e-01
-7.877762317657470703e-01
4.989628121256828308e-02
-1.137572154402732849e-01
-1.285289883613586426e+00
-6.065009832382202148e-01
-5.079790353775024414e-01
-2.319330722093582153e-01
3.191916644573211670e-02
8.232671022415161133e-02
-5.051019191741943359e+00
-5.063547611236572266e+00
-7.961011886596679688e+00
-3.821099996566772461e+00
-2.513015270233154297e+00
-5.412588119506835938e+00
-4.308543682098388672e+00
-3.250828504562377930e+00
-7.183494567871093750e+00
-3.268024206161499023e+00
-3.024295091629028320e+00
-2.519483566284179688e+00
-4.215766429901123047e+00
-3.700583219528198242e+00
-3.623872756958007812e+00
-4.296776294708251953e+00
-4.016534328460693359e+00
-4.147781372070312500e+00
-1.061365008354187012e+00
-6.434324979782104492e-01
-7.112921476364135742e-01
-2.188979387283325195e+00
-2.387627124786376953e+00
-2.597228050231933594e+00
-2.691248655319213867e+00
-2.722670078277587891e+00
-2.565250396728515625e+00
7.141150236129760742e-01
1.027196407318115234e+00
1.647893428802490234e+00
1.119661927223205566e+00
1.863171935081481934e+00
2.480439901351928711e+00
5.875449180603027344e-01
1.508062958717346191e+00
2.364798784255981445e+00
-3.298214077949523926e-02
1.405172348022460938e-01
-5.795195698738098145e-03
-2.563106268644332886e-02
9.591768682003021240e-02
-1.850551925599575043e-02
-2.355171740055084229e-02
9.051039069890975952e-02
-1.285596005618572235e-02
1.030966091156005859e+01
9.916324615478515625e+00
9.471879959106445312e+00
1.220620822906494141e+01
1.248937416076660156e+01
1.168344211578369141e+01
1.365744972229003906e+01
1.293741321563720703e+01
1.144546604156494141e+01
0.000000000000000000e+00
1.772534567862749100e-03
-2.839197113644331694e-04
-1.282064127735793591e-03
-1.254496397450566292e-03
2.459656912833452225e-03
-6.235850043594837189e-03
8.009305456653237343e-04
2.278077183291316032e-03
1.752244681119918823e-01
-5.589386820793151855e-01
1.533231616020202637e+00
5.033072829246520996e-01
-1.896081566810607910e-01
1.980515003204345703e+00
6.644577980041503906e-01
1.650037467479705811e-01
2.011478662490844727e+00
7.835073024034500122e-02
9.767550230026245117e-02
-5.566869862377643585e-03
5.499481409788131714e-02
1.302438229322433472e-01
5.540958046913146973e-02
2.732559144496917725e-01
2.588340044021606445e-01
1.371625661849975586e-01
1.658549532294273376e-02
2.960040606558322906e-02
8.633187040686607361e-03
-5.389326717704534531e-03
-1.214837748557329178e-02
-7.729251682758331299e-02
-1.183923520147800446e-02
-9.874653071165084839e-03
-6.096397340297698975e-02
3.412952899932861328e+00
1.595975399017333984e+00
3.561000585556030273e+00
9.676972389221191406e+00
8.000221252441406250e+00
1.041221523284912109e+01
1.465904045104980469e+01
1.415862464904785156e+01
1.702989578247070312e+01
-1.812629774212837219e-02
1.697445660829544067e-01
1.367162331007421017e-03
1.149473804980516434e-02
2.315147519111633301e-01
-1.724584726616740227e-03
-1.813293434679508209e-03
2.388188838958740234e-01
-2.789086196571588516e-03
-1.166338101029396057e-02
1.026773825287818909e-02
9.340725094079971313e-02
-7.353373803198337555e-03
-1.681310310959815979e-02
8.485998958349227905e-02
-2.058853162452578545e-03
-3.076383471488952637e-02
5.158637091517448425e-02
1.062915250658988953e-01
6.504447758197784424e-02
-1.744019389152526855e-01
-4.923000931739807129e-02
-8.111206442117691040e-02
-1.626456975936889648e-01
-2.787188291549682617e-01
-3.553456664085388184e-01
-2.544704675674438477e-01
-2.575383484363555908e-01
6.612095832824707031e-01
6.746844649314880371e-01
9.199087023735046387e-01
1.752560377120971680e+00
1.599783539772033691e+00
1.050615549087524414e+00
1.977299809455871582e+00
1.675566554069519043e+00
3.293634578585624695e-02
1.218452490866184235e-02
-6.968393176794052124e-02
1.095912083983421326e-01
1.669177711009979248e-01
1.096458062529563904e-01
1.516709662973880768e-02
9.165454655885696411e-02
1.433416903018951416e-01
-4.961537122726440430e-01
-1.865340769290924072e-01
-1.689817458391189575e-01
-3.392507135868072510e-01
-9.438268095254898071e-02
4.886741191148757935e-02
2.652059197425842285e-01
5.861170887947082520e-01
5.174740552902221680e-01
7.606745958328247070e-01
8.802372217178344727e-01
9.635074138641357422e-01
1.457653880119323730e+00
1.653245210647583008e+00
1.611626505851745605e+00
1.359857082366943359e+00
1.471580862998962402e+00
1.362455844879150391e+00
3.601458072662353516e-01
2.272313237190246582e-01
3.518836200237274170e-01
7.249810099601745605e-01
5.089290738105773926e-01
5.444605350494384766e-01
4.815308749675750732e-01
2.606073021888732910e-01
3.371461927890777588e-01
2.570326805114746094e+00
6.372581481933593750e+00
6.956949234008789062e+00
4.458567142486572266e+00
7.926558017730712891e+00
7.612495422363281250e+00
3.628624439239501953e+00
4.443612575531005859e+00
4.184704303741455078e+00
1.355976238846778870e-02
3.510240614414215088e-01
4.894623067229986191e-03
-2.565590441226959229e-01
1.702473759651184082e-01
-5.221025645732879639e-02
-2.952632904052734375e-01
9.071039408445358276e-02
-4.609003290534019470e-02
5.145844650268554688e+01
4.553585815429687500e+01
2.956908607482910156e+01
3.884394073486328125e+01
2.884350585937500000e+01
1.177884006500244141e+01
2.059314537048339844e+01
1.368133926391601562e+01
2.251390695571899414e+00
3.756616206374019384e-04
2.042674226686358452e-03
5.634307861328125000e-03
3.175699617713689804e-03
3.446204354986548424e-03
1.868724357336759567e-03
-3.774115582928061485e-03
2.062827115878462791e-03
2.309331903234124184e-03
2.793923377990722656e+00
1.516655445098876953e+00
4.119759082794189453e+00
4.055398941040039062e+00
2.913385152816772461e+00
3.596520900726318359e+00
2.727691650390625000e+00
1.147873640060424805e+00
2.434170722961425781e+00
-4.739186167716979980e-02
-1.245301514863967896e-01
-1.210272312164306641e+00
3.430504798889160156e-01
3.157920241355895996e-01
-2.063222825527191162e-01
-1.341391503810882568e-01
-3.097661435604095459e-01
-6.114807724952697754e-01
-1.747538745403289795e-01
-1.128761693835258484e-01
-8.450350165367126465e-02
-1.009697020053863525e-01
-6.849976629018783569e-02
-4.554607346653938293e-02
-3.139507472515106201e-01
-7.560522854328155518e-02
7.585535198450088501e-02
5.309565353393554688e+01
4.790099716186523438e+01
5.136569213867187500e+01
6.258358001708984375e+01
5.861568832397460938e+01
6.114038085937500000e+01
5.650266265869140625e+01
5.115940093994140625e+01
5.537128829956054688e+01
-3.228439986705780029e-01
3.970368206501007080e-01
4.022518545389175415e-02
-2.050862461328506470e-01
3.855246305465698242e-01
2.501421794295310974e-02
2.098350785672664642e-02
6.549708843231201172e-01
2.224463224411010742e-01
2.327689528465270996e-02
4.365464299917221069e-02
1.931255757808685303e-01
-6.069881469011306763e-02
-7.025951892137527466e-02
8.925100415945053101e-02
1.709573529660701752e-02
2.783380635082721710e-02
1.771899014711380005e-01
-9.397075176239013672e-01
-4.965240955352783203e-01
-6.678935289382934570e-01
-8.846368193626403809e-01
-2.253824174404144287e-01
-8.401058912277221680e-01
-8.868002891540527344e-01
2.529375255107879639e-01
1.948976814746856689e-01
1.165561866760253906e+01
1.261320686340332031e+01
9.784817695617675781e+00
9.597961425781250000e+00
1.005339241027832031e+01
7.477252483367919922e+00
5.543286323547363281e+00
5.632756710052490234e+00
3.253076314926147461e+00
1.130147129297256470e-01
5.283951014280319214e-02
5.605328828096389771e-02
-5.641353726387023926e-01
-4.910244941711425781e-01
-8.354773521423339844e-01
2.037724703550338745e-01
4.013405442237854004e-01
-5.407062172889709473e-02
3.800808191299438477e+00
4.164353370666503906e+00
4.747911930084228516e+00
4.577740192413330078e+00
4.115248203277587891e+00
4.075723648071289062e+00
3.440942764282226562e+00
3.370034456253051758e+00
4.920353412628173828e+00
6.167744159698486328e+00
6.348785877227783203e+00
6.061031341552734375e+00
5.894390106201171875e+00
5.957623004913330078e+00
5.530725955963134766e+00
4.397709369659423828e+00
4.282256603240966797e+00
4.231650829315185547e+00
2.404538154602050781e+00
1.626825690269470215e+00
1.716264009475708008e+00
1.568765521049499512e+00
1.236089348793029785e+00
1.974109411239624023e+00
1.396732449531555176e+00
1.167201995849609375e+00
2.149380683898925781e+00
4.294463348388671875e+01
4.713444900512695312e+01
5.142062759399414062e+01
4.999941635131835938e+01
5.190917587280273438e+01
5.431518173217773438e+01
4.811041259765625000e+01
4.832295227050781250e+01
4.877633285522460938e+01
3.417182207107543945e+00
3.897126674652099609e+00
2.445501327514648438e+00
3.591450691223144531e+00
4.219309806823730469e+00
2.741352081298828125e+00
3.741189002990722656e+00
4.760845184326171875e+00
3.126661300659179688e+00
3.253962402343750000e+02
3.360520629882812500e+02
3.409326782226562500e+02
3.268041076660156250e+02
3.438274841308593750e+02
3.603666381835937500e+02
3.479562377929687500e+02
3.746712036132812500e+02
3.999508056640625000e+02
1.832691952586174011e-03
5.187017377465963364e-03
2.289701486006379128e-03
1.817137375473976135e-02
9.174778126180171967e-03
1.346831582486629486e-02
-1.116380444727838039e-03
-3.322239732369780540e-03
2.844373229891061783e-03
2.369443511962890625e+01
2.203171157836914062e+01
2.484413909912109375e+01
2.715292739868164062e+01
2.259769821166992188e+01
2.676865386962890625e+01
2.728092384338378906e+01
2.175063514709472656e+01
2.647034263610839844e+01
4.112854003906250000e+00
5.719083309173583984e+00
4.619043827056884766e+00
5.046104431152343750e+00
6.921297073364257812e+00
5.028431415557861328e+00
5.713020324707031250e+00
6.868556499481201172e+00
5.917479515075683594e+00
1.691565632820129395e+00
2.890635967254638672e+00
1.045521497726440430e+00
2.059377908706665039e+00
2.777994155883789062e+00
1.231320858001708984e+00
2.019198656082153320e+00
3.353754043579101562e+00
1.379463911056518555e+00
5.597427368164062500e+02
5.731142578125000000e+02
6.185697631835937500e+02
5.779819946289062500e+02
5.891619873046875000e+02
6.432577514648437500e+02
5.967777709960937500e+02
6.058756103515625000e+02
6.637079467773437500e+02
2.229235649108886719e+00
3.028302192687988281e+00
1.423078775405883789e+00
2.652247905731201172e+00
3.716174840927124023e+00
1.767007350921630859e+00
2.957362174987792969e+00
3.665998935699462891e+00
1.678000688552856445e+00
2.272599190473556519e-01
2.617708146572113037e-01
3.874490261077880859e-01
2.426219433546066284e-01
2.841095328330993652e-01
4.267704188823699951e-01
4.433976113796234131e-02
1.059873700141906738e-01
1.924410760402679443e-01
9.680709838867187500e+00
1.115873527526855469e+01
1.328569698333740234e+01
1.174093437194824219e+01
1.440504169464111328e+01
1.664233779907226562e+01
1.430904293060302734e+01
1.765328407287597656e+01
2.054878997802734375e+01
7.785483551025390625e+01
7.973960113525390625e+01
7.839558410644531250e+01
7.677273559570312500e+01
8.153807830810546875e+01
8.070568847656250000e+01
7.343050384521484375e+01
8.208167266845703125e+01
8.196015167236328125e+01
6.753509521484375000e+00
7.290121078491210938e+00
5.841225624084472656e+00
7.346430778503417969e+00
7.510377883911132812e+00
5.472544193267822266e+00
5.464055061340332031e+00
6.007387638092041016e+00
4.332858085632324219e+00
3.437194442749023438e+01
3.736270904541015625e+01
3.514519119262695312e+01
3.430709457397460938e+01
3.488685607910156250e+01
3.401794815063476562e+01
3.560456466674804688e+01
3.856798553466796875e+01
3.761885070800781250e+01
5.573968124389648438e+01
5.839179229736328125e+01
5.994941329956054688e+01
5.827978515625000000e+01
6.119121932983398438e+01
6.363097381591796875e+01
5.442850494384765625e+01
5.734580230712890625e+01
6.058820343017578125e+01
3.618272781372070312e+01
3.675807571411132812e+01
3.945119857788085938e+01
3.923113250732421875e+01
3.944211959838867188e+01
4.215071487426757812e+01
3.816515350341796875e+01
3.807550430297851562e+01
4.003952026367187500e+01
6.832518100738525391e+00
7.339778423309326172e+00
7.491302490234375000e+00
6.232522964477539062e+00
6.198113918304443359e+00
6.098378181457519531e+00
6.279850006103515625e+00
6.514970779418945312e+00
6.401923179626464844e+00
4.677459299564361572e-01
7.213300466537475586e-02
1.296859234571456909e-01
4.579939246177673340e-01
9.579598903656005859e-02
1.726831495761871338e-01
4.297162294387817383e-01
9.164191037416458130e-02
2.048531919717788696e-01
4.741569900512695312e+01
4.805153274536132812e+01
4.592506027221679688e+01
4.166713333129882812e+01
4.230056762695312500e+01
4.187199020385742188e+01
3.750382232666015625e+01
3.855435562133789062e+01
3.919289016723632812e+01
1.065589371137320995e-03
5.518601392395794392e-04
1.810599351301789284e-04
1.053623738698661327e-03
-6.020883447490632534e-04
6.187495309859514236e-04
-7.061965879984200001e-04
2.291219308972358704e-03
4.223042167723178864e-03
3.149755954742431641e+00
3.477346658706665039e+00
1.901870727539062500e+00
3.653403997421264648e+00
3.757722616195678711e+00
2.212701797485351562e+00
3.659430503845214844e+00
3.411118984222412109e+00
2.173693895339965820e+00
1.430666208267211914e+00
5.433846116065979004e-01
2.986210286617279053e-01
1.261313319206237793e+00
4.933438599109649658e-01
4.402715265750885010e-01
1.097266197204589844e+00
4.843649566173553467e-01
5.142886042594909668e-01
2.246299386024475098e-01
1.286880522966384888e-01
8.940245956182479858e-03
2.561643421649932861e-01
1.408833265304565430e-01
-7.728763390332460403e-03
1.929327398538589478e-01
7.463554292917251587e-02
1.098547037690877914e-02
8.658438110351562500e+01
9.249059295654296875e+01
8.957493591308593750e+01
8.748910522460937500e+01
9.291392517089843750e+01
8.963561248779296875e+01
8.007125091552734375e+01
8.577980041503906250e+01
8.302982330322265625e+01
4.436019062995910645e-01
4.342191666364669800e-02
1.088511869311332703e-01
4.273287951946258545e-01
3.533201292157173157e-02
1.190271452069282532e-01
4.818756580352783203e-01
7.409876585006713867e-02
7.376146316528320312e-02
1.697098463773727417e-02
2.289646677672863007e-02
2.598271705210208893e-02
8.581580594182014465e-03
2.071078307926654816e-02
2.470812946557998657e-02
7.376141380518674850e-03
1.074261963367462158e-02
3.075309470295906067e-02
1.849468827247619629e+00
2.288048982620239258e+00
2.050579786300659180e+00
2.146771907806396484e+00
3.020878076553344727e+00
2.649806022644042969e+00
2.425420045852661133e+00
3.033945083618164062e+00
2.604587554931640625e+00
1.360627746582031250e+01
1.320070266723632812e+01
1.414053153991699219e+01
1.329437541961669922e+01
1.313714408874511719e+01
1.379864788055419922e+01
1.255328941345214844e+01
1.280447006225585938e+01
1.321614551544189453e+01
5.676313638687133789e-01
4.286610782146453857e-01
4.189532697200775146e-01
5.852853059768676758e-01
4.595521390438079834e-01
3.272352218627929688e-01
6.486575603485107422e-01
5.090029835700988770e-01
4.159057438373565674e-01
4.624842643737792969e+00
4.776895046234130859e+00
5.001734733581542969e+00
4.386116981506347656e+00
4.607093334197998047e+00
4.898809432983398438e+00
4.649956226348876953e+00
4.704457283020019531e+00
5.012655735015869141e+00
7.685189723968505859e+00
7.789844512939453125e+00
7.796105384826660156e+00
7.245996952056884766e+00
7.122302055358886719e+00
7.130247592926025391e+00
6.986997127532958984e+00
7.054365634918212891e+00
6.945273876190185547e+00
3.974143505096435547e+00
3.957630157470703125e+00
3.591963291168212891e+00
3.862246751785278320e+00
3.848193645477294922e+00
3.571346044540405273e+00
3.890898704528808594e+00
3.965635299682617188e+00
3.695096492767333984e+00
-5.422566890716552734e+00
-5.540412902832031250e+00
-8.901954650878906250e+00
-3.516351699829101562e+00
-3.446706533432006836e+00
-7.297860145568847656e+00
-1.831550478935241699e+00
-3.772187471389770508e+00
-7.973368644714355469e+00
-4.706514179706573486e-01
-9.449689090251922607e-02
-2.477300316095352173e-01
-6.488429903984069824e-01
-4.341061413288116455e-01
-2.988617122173309326e-01
-7.948498129844665527e-01
-4.897399842739105225e-01
-4.406463503837585449e-01
-6.905930328369140625e+01
-8.499796295166015625e+01
-1.063104782104492188e+02
-8.233114624023437500e+01
-1.033622741699218750e+02
-1.230586624145507812e+02
-9.675022125244140625e+01
-1.144588851928710938e+02
-1.302431030273437500e+02
-2.255691797472536564e-04
1.929885009303689003e-03
5.813085008412599564e-04
-3.693358157761394978e-04
-1.843166886828839779e-03
-3.872306551784276962e-04
-8.153905160725116730e-03
4.640684463083744049e-03
4.486524499952793121e-03
-2.990415096282958984e+00
-2.500553131103515625e-01
6.827304959297180176e-01
-2.771055698394775391e+00
-1.266687750816345215e+00
-1.628599643707275391e+00
-3.540377140045166016e+00
-2.145694255828857422e+00
-2.509922504425048828e+00
-2.081804990768432617e+00
-2.521860837936401367e+00
-2.121074676513671875e+00
-2.841956853866577148e+00
-2.779599666595458984e+00
-2.555309057235717773e+00
-2.434759378433227539e+00
-2.447928905487060547e+00
-1.810757279396057129e+00
-7.260569930076599121e-01
-9.374390244483947754e-01
-2.951495349407196045e-01
-5.070999264717102051e-01
-9.936299324035644531e-01
-1.877780258655548096e-01
-8.851477503776550293e-01
-1.041934132575988770e+00
-2.839183509349822998e-01
-9.728259277343750000e+01
-1.106187286376953125e+02
-1.281258087158203125e+02
-9.910684204101562500e+01
-1.133114242553710938e+02
-1.330131072998046875e+02
-1.076457138061523438e+02
-1.206304473876953125e+02
-1.378390045166015625e+02
-9.288926720619201660e-01
-5.805197730660438538e-02
-1.309583485126495361e-01
-7.182877659797668457e-01
-5.728682875633239746e-02
1.005644723773002625e-02
-6.288825273513793945e-01
-1.190760284662246704e-01
1.540074944496154785e-01
-1.215742435306310654e-02
1.189749091863632202e-01
-2.115071564912796021e-02
-4.805164784193038940e-02
8.707488328218460083e-02
-7.632748037576675415e-02
-3.274134173989295959e-02
1.835428625345230103e-01
-1.080908346921205521e-03
-2.372737407684326172e+00
-3.676751613616943359e+00
-3.013147830963134766e+00
-3.815217494964599609e+00
-4.474844932556152344e+00
-3.539875030517578125e+00
-4.212793350219726562e+00
-4.167287826538085938e+00
-3.666620731353759766e+00
-1.088619518280029297e+01
-1.165877437591552734e+01
-1.351398277282714844e+01
-1.316346359252929688e+01
-1.522973537445068359e+01
-1.755908393859863281e+01
-2.001314353942871094e+01
-2.228394508361816406e+01
-2.320392227172851562e+01
-2.744183540344238281e-01
2.385747581720352173e-01
4.985014349222183228e-02
-5.867635607719421387e-01
-3.672576844692230225e-01
-8.519832491874694824e-01
-7.201461493968963623e-02
2.364353686571121216e-01
-2.411232590675354004e-01
-4.306927025318145752e-01
1.536304235458374023e+00
-1.535099893808364868e-01
-5.483083724975585938e-01
1.209518536925315857e-01
-1.648228049278259277e+00
-1.355851173400878906e+00
-1.468183547258377075e-01
-1.770366787910461426e+00
-8.147584915161132812e+00
-9.307365417480468750e+00
-1.104465675354003906e+01
-7.778383255004882812e+00
-9.213466644287109375e+00
-1.129539680480957031e+01
-7.603752613067626953e+00
-9.164245605468750000e+00
-1.069791316986083984e+01
-5.233627796173095703e+00
-5.305892467498779297e+00
-5.190505981445312500e+00
-5.749290943145751953e+00
-5.415745735168457031e+00
-5.160759449005126953e+00
-5.392281055450439453e+00
-5.200025081634521484e+00
-4.578773975372314453e+00
-4.208645820617675781e-01
6.554678827524185181e-02
-2.073736041784286499e-01
2.586303651332855225e-01
6.945399641990661621e-01
4.085911810398101807e-01
9.199725985527038574e-01
1.258536100387573242e+00
1.239497900009155273e+00
-1.675115153193473816e-02
-1.837279647588729858e-02
-1.327528897672891617e-02
3.567181527614593506e-02
-1.669547148048877716e-02
7.729926612228155136e-03
3.251216188073158264e-02
-1.457104086875915527e-02
1.413624547421932220e-02
7.800023078918457031e+00
7.304389953613281250e+00
6.115664482116699219e+00
8.627787590026855469e+00
7.977691173553466797e+00
7.601046562194824219e+00
1.033131027221679688e+01
1.016379833221435547e+01
1.089923191070556641e+01
4.246726457495242357e-04
3.984875511378049850e-04
-4.666876338887959719e-04
3.210332652088254690e-04
2.017314312979578972e-03
-8.620225708000361919e-04
-1.041753683239221573e-03
3.655398031696677208e-04
1.938099390827119350e-03
2.912306189537048340e-01
7.784964051097631454e-03
-9.799433872103691101e-03
3.107747435569763184e-01
3.241096064448356628e-02
5.245592445135116577e-03
5.762959122657775879e-01
4.383689463138580322e-01
2.782943844795227051e-01
-1.103138849139213562e-01
-2.198095768690109253e-01
-9.624956548213958740e-02
-8.945961296558380127e-02
-2.004477679729461670e-01
-4.926135763525962830e-02
2.045566886663436890e-01
-1.001930236816406250e-01
2.702810987830162048e-02
-3.524512285366654396e-03
2.879427932202816010e-02
6.548074074089527130e-03
6.258458364754915237e-03
-3.498101234436035156e-02
2.943431958556175232e-02
-6.594255566596984863e-02
-6.548649072647094727e-02
1.224075816571712494e-02
3.877793312072753906e+00
3.382778644561767578e+00
3.283693313598632812e+00
4.482554435729980469e+00
4.360012054443359375e+00
4.549786090850830078e+00
9.312070846557617188e+00
9.143515586853027344e+00
9.912629127502441406e+00
9.151613339781761169e-03
1.458896440453827381e-03
2.293043956160545349e-02
-1.670465432107448578e-02
-2.744317241013050079e-02
1.331631187349557877e-02
2.217866666615009308e-02
8.933842182159423828e-03
2.326082624495029449e-02
-2.381154336035251617e-03
-4.401919897645711899e-03
-8.583944290876388550e-03
2.022367157042026520e-02
4.117671400308609009e-02
3.428715467453002930e-02
3.518224693834781647e-03
-3.587346524000167847e-03
2.544870600104331970e-03
-1.045113727450370789e-01
1.578579284250736237e-02
-7.517230696976184845e-04
-5.442222207784652710e-02
-1.773655414581298828e-02
-1.520731449127197266e-01
5.729112029075622559e-02
-8.012494444847106934e-02
-1.931377351284027100e-01
6.009361147880554199e-01
6.551290750503540039e-01
3.316175937652587891e-01
7.881458997726440430e-01
7.151873111724853516e-01
6.657057404518127441e-01
1.013489007949829102e+00
7.811783552169799805e-01
9.834706187248229980e-01
8.113920688629150391e-02
9.691625833511352539e-02
2.854365110397338867e-02
3.560976684093475342e-01
3.012320399284362793e-01
2.917168140411376953e-01
3.813750296831130981e-02
4.193430766463279724e-02
4.943071305751800537e-02
-1.040281821042299271e-02
-1.556908041238784790e-01
2.091007679700851440e-02
4.260475933551788330e-02
-2.020880877971649170e-01
-1.604054421186447144e-01
3.594749867916107178e-01
-1.256906613707542419e-02
1.943720728158950806e-01
5.110079646110534668e-01
4.781067073345184326e-01
4.552187025547027588e-01
1.147692084312438965e+00
1.181095957756042480e+00
1.182337999343872070e+00
1.090531110763549805e+00
1.096287250518798828e+00
1.220851063728332520e+00
1.579947024583816528e-01
3.572896122932434082e-02
6.859464943408966064e-02
5.692180395126342773e-01
5.120461583137512207e-01
4.837967753410339355e-01
5.103170275688171387e-01
4.383806288242340088e-01
3.946573138236999512e-01
3.455405235290527344e+00
4.419439315795898438e+00
4.773418426513671875e+00
3.517175436019897461e+00
5.322021007537841797e+00
5.535438060760498047e+00
3.220605850219726562e+00
4.427305698394775391e+00
4.915997505187988281e+00
3.038812577724456787e-01
3.697719871997833252e-01
1.925237476825714111e-01
3.281508088111877441e-01
4.291340112686157227e-01
2.710201144218444824e-01
2.749069929122924805e-01
4.283832907676696777e-01
2.809940278530120850e-01
3.841218566894531250e+01
3.879180908203125000e+01
3.816063690185546875e+01
4.005158233642578125e+01
4.092423629760742188e+01
4.152087402343750000e+01
4.142971801757812500e+01
4.357911682128906250e+01
4.546947860717773438e+01
-4.371209652163088322e-04
8.377192425541579723e-04
2.220171299995854497e-04
1.653002924285829067e-03
7.191172335296869278e-04
-1.244689337909221649e-04
-1.928819692693650723e-03
-9.071209351532161236e-04
-1.722985296510159969e-03
2.605258941650390625e+00
1.799453020095825195e+00
2.239822387695312500e+00
2.599084377288818359e+00
1.893563747406005859e+00
2.305234193801879883e+00
3.034843206405639648e+00
2.554902315139770508e+00
2.851952791213989258e+00
3.182719945907592773e-01
4.017039835453033447e-01
3.422744274139404297e-01
2.575078904628753662e-01
6.729879975318908691e-01
3.148057162761688232e-01
4.342848658561706543e-01
7.421979904174804688e-01
3.093221485614776611e-01
1.938701719045639038e-01
1.249254643917083740e-01
9.118262678384780884e-02
1.688410639762878418e-01
2.053861320018768311e-01
7.740464806556701660e-02
1.993293613195419312e-01
2.442765980958938599e-01
3.623425960540771484e-02
4.798387908935546875e+01
4.833694839477539062e+01
5.131890106201171875e+01
5.356766891479492188e+01
5.534196472167968750e+01
5.871016311645507812e+01
5.964176559448242188e+01
6.162993621826171875e+01
6.522901916503906250e+01
2.161661684513092041e-01
4.019873142242431641e-01
8.182342350482940674e-02
1.892855465412139893e-01
4.239016771316528320e-01
1.167840808629989624e-01
3.677304685115814209e-01
4.772023856639862061e-01
1.912552565336227417e-01
2.064653486013412476e-02
8.853605948388576508e-03
5.886697024106979370e-02
3.461738675832748413e-02
3.924604505300521851e-02
7.135400176048278809e-02
4.654085496440529823e-04
-1.566979568451642990e-03
2.383400872349739075e-02
4.808550775051116943e-01
5.396548509597778320e-01
5.206739306449890137e-01
6.715516448020935059e-01
7.861694097518920898e-01
7.487322092056274414e-01
1.216956734657287598e+00
1.251777768135070801e+00
1.371220827102661133e+00
6.118939399719238281e+00
7.091510295867919922e+00
7.438406944274902344e+00
6.598979949951171875e+00
7.372529506683349609e+00
8.111844062805175781e+00
6.264085769653320312e+00
6.633938312530517578e+00
7.113299846649169922e+00
6.037122011184692383e-01
6.487272977828979492e-01
6.517882347106933594e-01
4.132025241851806641e-01
5.849540233612060547e-01
5.658871531486511230e-01
3.318468928337097168e-01
4.785299301147460938e-01
4.527255296707153320e-01
3.289718389511108398e+00
3.016437530517578125e+00
2.882164478302001953e+00
3.159856557846069336e+00
2.839917898178100586e+00
2.865443229675292969e+00
3.628307104110717773e+00
3.765446424484252930e+00
3.958807706832885742e+00
5.174893856048583984e+00
5.434245586395263672e+00
5.571975708007812500e+00
5.926307678222656250e+00
6.302685260772705078e+00
6.475253105163574219e+00
5.399693965911865234e+00
5.715730190277099609e+00
5.926275730133056641e+00
3.407619476318359375e+00
3.372090339660644531e+00
3.533726692199707031e+00
3.752081871032714844e+00
3.820506811141967773e+00
3.942629575729370117e+00
3.468003988265991211e+00
3.588121652603149414e+00
3.674670696258544922e+00
-8.820355415344238281e+00
-9.077953338623046875e+00
-9.645562171936035156e+00
-9.536100387573242188e+00
-9.768514633178710938e+00
-9.287298202514648438e+00
-9.420337677001953125e+00
-9.100685119628906250e+00
-8.232681274414062500e+00
-2.589776515960693359e-01
-2.256775945425033569e-01
-1.629267334938049316e-01
-1.604629307985305786e-01
-2.654481530189514160e-01
-2.246371656656265259e-01
-1.969455778598785400e-01
-3.204731345176696777e-01
-1.980729699134826660e-01
-7.714224243164062500e+01
-7.450412750244140625e+01
-7.222079467773437500e+01
-7.524322509765625000e+01
-7.287739562988281250e+01
-7.089627075195312500e+01
-7.774581909179687500e+01
-7.738599395751953125e+01
-7.659983825683593750e+01
-4.361932515166699886e-04
1.195398508571088314e-03
-7.116211927495896816e-04
-2.800568239763379097e-03
-6.526839570142328739e-04
-1.985279377549886703e-03
-2.891195705160498619e-03
-1.361379167065024376e-03
-4.841326270252466202e-03
-4.824942111968994141e+00
-4.238356590270996094e+00
-4.877810955047607422e+00
-4.642957210540771484e+00
-4.433160781860351562e+00
-4.796922206878662109e+00
-4.854620456695556641e+00
-4.276470661163330078e+00
-4.959352493286132812e+00
-7.003460526466369629e-01
-6.808646917343139648e-01
-8.055189251899719238e-01
-7.455155253410339355e-01
-9.646645188331604004e-01
-7.895804047584533691e-01
-5.978901982307434082e-01
-8.923559784889221191e-01
-7.636108398437500000e-01
-5.565553903579711914e-01
-5.131120681762695312e-01
-1.841368377208709717e-01
-6.170634031295776367e-01
-5.192507505416870117e-01
-1.278141885995864868e-01
-6.232982873916625977e-01
-5.145199298858642578e-01
-1.789517104625701904e-01
-1.207948379516601562e+02
-1.227495117187500000e+02
-1.231419982910156250e+02
-1.200037612915039062e+02
-1.212527236938476562e+02
-1.223334121704101562e+02
-1.233746871948242188e+02
-1.242615966796875000e+02
-1.266291275024414062e+02
-3.010490238666534424e-01
-2.893162071704864502e-01
-2.011321038007736206e-01
-2.215525656938552856e-01
-2.672304511070251465e-01
-1.563311666250228882e-01
-2.583030164241790771e-01
-2.664626836776733398e-01
-1.613243967294692993e-01
-2.986380644142627716e-02
-4.699761513620615005e-03
-4.480429738759994507e-02
-7.556625455617904663e-02
-4.678363353013992310e-02
-8.351888507604598999e-02
-2.159808576107025146e-02
-9.723738767206668854e-03
-6.325360387563705444e-02
-1.589137315750122070e+00
-2.279342889785766602e+00
-2.636143684387207031e+00
-1.776285767555236816e+00
-2.550205230712890625e+00
-3.078972101211547852e+00
-2.615242004394531250e+00
-3.252125978469848633e+00
-3.388936281204223633e+00
-1.733217430114746094e+01
-1.825192260742187500e+01
-1.658784103393554688e+01
-1.697109794616699219e+01
-1.760430335998535156e+01
-1.631521034240722656e+01
-1.699137306213378906e+01
-1.753617286682128906e+01
-1.702307701110839844e+01
-9.803878664970397949e-01
-1.008914470672607422e+00
-8.794655203819274902e-01
-8.211924433708190918e-01
-1.284622788429260254e+00
-1.225013256072998047e+00
-4.734852910041809082e-01
-8.495253920555114746e-01
-7.599034905433654785e-01
-6.941498756408691406e+00
-7.462761402130126953e+00
-6.760797500610351562e+00
-6.023610115051269531e+00
-6.700897216796875000e+00
-6.677579879760742188e+00
-6.039024353027343750e+00
-6.589198112487792969e+00
-7.206978797912597656e+00
-1.149819087982177734e+01
-1.161768817901611328e+01
-1.149006271362304688e+01
-1.202832317352294922e+01
-1.215204811096191406e+01
-1.199436855316162109e+01
-1.107812976837158203e+01
-1.120396518707275391e+01
-1.115887165069580078e+01
-5.058835506439208984e+00
-5.300549507141113281e+00
-5.537133216857910156e+00
-5.493618488311767578e+00
-5.761836051940917969e+00
-6.215039730072021484e+00
-4.961658477783203125e+00
-5.282031059265136719e+00
-5.723526477813720703e+00
1.069696140289306641e+01
9.980913162231445312e+00
1.222515010833740234e+01
7.981997966766357422e+00
8.369379997253417969e+00
1.205948543548583984e+01
3.526161432266235352e+00
8.451787948608398438e+00
1.214767837524414062e+01
4.960170686244964600e-01
2.040427625179290771e-01
3.421212136745452881e-01
5.504127740859985352e-01
3.584981262683868408e-01
2.224872708320617676e-01
7.068858742713928223e-01
3.182450830936431885e-01
3.128279447555541992e-01
1.002857513427734375e+02
1.225456695556640625e+02
1.370921325683593750e+02
1.040499954223632812e+02
1.274810409545898438e+02
1.328912811279296875e+02
1.076250915527343750e+02
1.244701004028320312e+02
1.189419021606445312e+02
0.000000000000000000e+00
-1.711490040179342031e-04
2.114243572577834129e-03
-3.272394184023141861e-03
-2.454705536365509033e-03
6.753714289516210556e-03
9.009076282382011414e-03
1.474282704293727875e-03
4.851980600506067276e-03
-4.987375140190124512e-01
1.871849060058593750e+00
1.182735204696655273e+00
1.212033987045288086e+00
3.752664566040039062e+00
3.124579429626464844e+00
6.541353464126586914e-01
2.707202196121215820e+00
3.512485504150390625e+00
2.894256353378295898e+00
2.376697778701782227e+00
1.100359201431274414e+00
2.662192821502685547e+00
2.021606206893920898e+00
1.610132217407226562e+00
2.010447502136230469e+00
1.665521979331970215e+00
1.132743358612060547e+00
9.635206460952758789e-01
5.903244018554687500e-01
1.400705128908157349e-01
9.499413967132568359e-01
6.177827715873718262e-01
1.255427002906799316e-01
9.947553873062133789e-01
3.544504642486572266e-01
-7.131155580282211304e-02
1.186660308837890625e+02
1.235556793212890625e+02
1.296807708740234375e+02
1.145881195068359375e+02
1.186721343994140625e+02
1.218332901000976562e+02
1.023884124755859375e+02
1.131124954223632812e+02
1.135485000610351562e+02
6.954556703567504883e-01
2.692182958126068115e-01
2.494709491729736328e-01
6.139350533485412598e-01
2.911269366741180420e-01
2.083030939102172852e-01
3.251293003559112549e-01
-1.078625321388244629e-01
-1.257602274417877197e-01
-4.437284171581268311e-02
-2.836619131267070770e-02
1.590397953987121582e-01
-3.580905497074127197e-02
-4.124421626329421997e-02
1.234109625220298767e-01
-1.670265919528901577e-03
-5.812212359160184860e-03
1.808736324310302734e-01
3.158570289611816406e+00
3.168688297271728516e+00
2.093509912490844727e+00
3.568436861038208008e+00
3.941486120223999023e+00
4.146879196166992188e+00
1.670967936515808105e+00
1.404382467269897461e+00
2.103111982345581055e+00
1.549797344207763672e+01
1.575210857391357422e+01
1.957983970642089844e+01
1.621047782897949219e+01
1.586244869232177734e+01
1.804989242553710938e+01
1.881583023071289062e+01
1.913340950012207031e+01
2.044305229187011719e+01
-6.184300780296325684e-02
3.397452831268310547e-01
3.146764338016510010e-01
-1.729542911052703857e-01
4.857718944549560547e-02
4.024326801300048828e-01
-9.415946900844573975e-02
-1.483153104782104492e-01
4.757756292819976807e-01
-1.513916730880737305e+00
-1.146868109703063965e+00
-2.130486071109771729e-01
-7.461066246032714844e-01
4.133479297161102295e-01
1.289395570755004883e+00
5.860846042633056641e-01
2.040282964706420898e+00
1.727233767509460449e+00
8.035255432128906250e+00
9.138404846191406250e+00
1.082589817047119141e+01
6.389825344085693359e+00
7.376955509185791016e+00
8.952962875366210938e+00
6.456051826477050781e+00
7.852515697479248047e+00
8.271851539611816406e+00
4.351475238800048828e+00
4.647356033325195312e+00
3.291504383087158203e+00
4.026618957519531250e+00
3.663510084152221680e+00
2.509071350097656250e+00
4.061793804168701172e+00
3.879387140274047852e+00
2.522259950637817383e+00
1.970003128051757812e+00
3.655896902084350586e+00
3.642329216003417969e+00
4.134029865264892578e+00
5.754348278045654297e+00
5.520882129669189453e+00
4.360059738159179688e+00
4.465177059173583984e+00
4.227283477783203125e+00
5.031126085668802261e-03
3.712682723999023438e-01
5.993011966347694397e-02
1.599740236997604370e-02
3.731707334518432617e-01
6.303079426288604736e-02
2.048242092132568359e-02
3.658309280872344971e-01
4.834750294685363770e-02
3.295425796508789062e+01
3.095734786987304688e+01
2.788484954833984375e+01
3.287913513183593750e+01
2.990139770507812500e+01
2.751532745361328125e+01
3.408665847778320312e+01
3.310807800292968750e+01
3.232901000976562500e+01
-6.362445128615945578e-05
-1.583128178026527166e-04
1.176281250081956387e-03
2.335772616788744926e-03
-4.702509322669357061e-04
1.185656292364001274e-03
-1.802508835680782795e-03
1.292086788453161716e-03
8.456473588012158871e-04
2.791327476501464844e+00
1.559221386909484863e+00
3.347820758819580078e+00
2.889834403991699219e+00
1.837065935134887695e+00
3.313271284103393555e+00
2.848948955535888672e+00
1.635119915008544922e+00
2.772940874099731445e+00
1.133882626891136169e-01
4.345038831233978271e-01
1.630714684724807739e-01
2.106999009847640991e-01
5.529326796531677246e-01
2.467664033174514771e-01
1.209911778569221497e-01
3.801553547382354736e-01
2.914766073226928711e-01
3.929483890533447266e-02
1.702156364917755127e-01
9.478326141834259033e-02
-3.541930764913558960e-02
1.304603070020675659e-01
4.255184531211853027e-02
-2.318136394023895264e-02
2.040868997573852539e-01
7.838508486747741699e-02
4.264268875122070312e+01
4.029689025878906250e+01
4.870385360717773438e+01
4.767700576782226562e+01
4.501465988159179688e+01
5.370623016357421875e+01
5.695629882812500000e+01
5.367822647094726562e+01
6.200589752197265625e+01
-3.843925893306732178e-02
4.802419245243072510e-01
1.556092314422130585e-02
-4.599785059690475464e-02
4.947842359542846680e-01
5.025910213589668274e-02
1.680559106171131134e-02
5.760788917541503906e-01
8.567938208580017090e-02
4.917341843247413635e-02
3.116533719003200531e-02
7.691905647516250610e-02
4.738624393939971924e-02
5.927149206399917603e-02
9.593138098716735840e-02
1.257294509559869766e-02
2.294099330902099609e-02
3.593570366501808167e-02
1.567713171243667603e-01
2.764987945556640625e-01
5.483517646789550781e-01
-2.387033309787511826e-03
1.053423509001731873e-01
2.321965545415878296e-01
1.743783205747604370e-01
2.078085541725158691e-01
5.880414843559265137e-01
6.830887794494628906e+00
7.123862266540527344e+00
6.772777557373046875e+00
7.439820766448974609e+00
7.967285156250000000e+00
7.722068786621093750e+00
6.590408802032470703e+00
7.749158382415771484e+00
7.153330802917480469e+00
5.844837427139282227e-01
7.678459286689758301e-01
8.492856025695800781e-01
6.594920158386230469e-01
7.924833297729492188e-01
6.379430890083312988e-01
3.111084997653961182e-01
3.777999281883239746e-01
2.197362929582595825e-01
2.685225009918212891e+00
2.642134904861450195e+00
2.788999080657958984e+00
2.605900049209594727e+00
2.265885829925537109e+00
2.432234525680541992e+00
3.113898038864135742e+00
2.802557468414306641e+00
3.103883743286132812e+00
4.771538734436035156e+00
5.071825981140136719e+00
4.944040298461914062e+00
6.075636386871337891e+00
6.424003124237060547e+00
6.393127918243408203e+00
5.657781600952148438e+00
5.723379135131835938e+00
5.964019298553466797e+00
2.207671880722045898e+00
2.001765251159667969e+00
2.625897169113159180e+00
2.790517568588256836e+00
2.619073867797851562e+00
3.262018442153930664e+00
2.584374666213989258e+00
2.422379970550537109e+00
3.113746404647827148e+00
4.999737739562988281e+00
4.877430438995361328e+00
4.855301856994628906e+00
2.291509389877319336e+00
2.408552646636962891e+00
2.826310634613037109e+00
2.153081655502319336e+00
3.157555818557739258e+00
2.716278791427612305e+00
-2.294657081365585327e-01
-3.656536340713500977e-02
-1.154859811067581177e-01
-7.087364792823791504e-02
7.690957933664321899e-02
-8.153215795755386353e-02
5.910523235797882080e-03
6.538584083318710327e-02
3.010399080812931061e-02
2.675993156433105469e+01
2.922697639465332031e+01
3.412898254394531250e+01
2.453395462036132812e+01
2.787862777709960938e+01
3.154765701293945312e+01
2.645801925659179688e+01
2.971333885192871094e+01
3.103086090087890625e+01
-1.749878516420722008e-03
-3.043516771867871284e-03
7.221674895845353603e-04
-3.850794630125164986e-03
-1.434950972907245159e-03
-1.371150952763855457e-03
-9.557839366607367992e-04
2.222720533609390259e-03
3.643566509708762169e-03
2.639523267745971680e+00
6.503671407699584961e-01
1.064802646636962891e+00
2.323037624359130859e+00
1.008845120668411255e-01
-1.048551946878433228e-01
3.177907466888427734e+00
7.142495512962341309e-01
6.141041219234466553e-02
7.595092058181762695e-01
1.179314374923706055e+00
7.859771251678466797e-01
5.394064188003540039e-01
1.090228080749511719e+00
6.384723186492919922e-01
5.462351441383361816e-01
7.232530713081359863e-01
-1.647002808749675751e-02
-1.552593708038330078e-01
-7.998693734407424927e-02
3.023692406713962555e-03
-9.959092736244201660e-02
-7.273659855127334595e-02
1.561258435249328613e-01
9.248121827840805054e-02
-1.769574545323848724e-02
-1.501327287405729294e-02
5.276413345336914062e+01
5.204248428344726562e+01
5.114464950561523438e+01
5.214453887939453125e+01
5.087541961669921875e+01
5.287097167968750000e+01
4.672622680664062500e+01
4.430150985717773438e+01
4.854457473754882812e+01
-1.679866611957550049e-01
2.022352069616317749e-02
5.225391127169132233e-03
-7.329608500003814697e-02
9.782087057828903198e-03
3.164937347173690796e-02
-2.351382821798324585e-01
-1.708415895700454712e-01
-2.033808231353759766e-01
-3.969568014144897461e-02
8.790391497313976288e-03
-2.433590032160282135e-02
4.157870076596736908e-03
-2.829538658261299133e-03
1.961243711411952972e-02
2.272782102227210999e-02
-2.523154392838478088e-02
-7.229689043015241623e-03
1.513169050216674805e+00
8.527945876121520996e-01
8.336098194122314453e-01
2.051320791244506836e+00
8.068434596061706543e-01
1.105483412742614746e+00
2.166466712951660156e+00
6.032605171203613281e-01
1.347131490707397461e+00
7.153881549835205078e+00
6.309899330139160156e+00
6.487263679504394531e+00
8.488296508789062500e+00
7.789730548858642578e+00
7.403538227081298828e+00
8.403390884399414062e+00
8.237639427185058594e+00
8.317806243896484375e+00
-2.376305498182773590e-02
-1.220592632889747620e-01
-4.388625323772430420e-01
1.201374530792236328e-01
7.121986895799636841e-02
7.940369844436645508e-02
1.837993860244750977e-01
2.601152956485748291e-01
2.079246938228607178e-01
1.020658612251281738e+00
1.955110549926757812e+00
1.807763695716857910e+00
3.076964318752288818e-01
1.248595476150512695e+00
1.286408424377441406e+00
1.435572266578674316e+00
2.089125871658325195e+00
2.398594379425048828e+00
4.627632617950439453e+00
4.662626266479492188e+00
4.442121028900146484e+00
3.807590246200561523e+00
3.942818403244018555e+00
3.832432985305786133e+00
3.391228914260864258e+00
3.568623781204223633e+00
3.778433799743652344e+00
1.878768682479858398e+00
1.570416569709777832e+00
1.364573359489440918e+00
2.045759677886962891e+00
1.544576883316040039e+00
1.273656368255615234e+00
2.197326660156250000e+00
1.587912797927856445e+00
1.289129137992858887e+00
-3.655591905117034912e-01
5.354444026947021484e+00
9.014343261718750000e+00
-5.041672587394714355e-01
7.944920063018798828e+00
1.084702205657958984e+01
1.518719434738159180e+00
8.087353706359863281e+00
1.190988445281982422e+01
-1.381306499242782593e-01
5.981177464127540588e-02
-2.254377305507659912e-01
-2.533168494701385498e-01
-1.769362539052963257e-01
-2.448256462812423706e-01
-5.664992928504943848e-01
-3.994541466236114502e-01
-6.177939176559448242e-01
7.978118133544921875e+01
1.000209350585937500e+02
1.069684982299804688e+02
8.730480194091796875e+01
1.021544647216796875e+02
1.019637603759765625e+02
7.618286895751953125e+01
8.929219818115234375e+01
8.944186401367187500e+01
-7.645653677172958851e-04
-9.349514730274677277e-04
-4.976325726602226496e-05
1.201014616526663303e-03
-2.417650539427995682e-04
-2.560282591730356216e-03
-7.988833822309970856e-03
-3.475860925391316414e-03
-3.406631527468562126e-03
2.453524023294448853e-01
-2.005818843841552734e+00
-3.126021027565002441e-01
1.195963501930236816e+00
-9.429006576538085938e-01
6.197523474693298340e-01
5.248965695500373840e-03
-1.193771064281463623e-01
9.909326434135437012e-01
1.024997830390930176e+00
1.728267788887023926e+00
8.560401201248168945e-01
1.389269113540649414e+00
2.419306755065917969e+00
5.479848384857177734e-01
2.909269332885742188e+00
2.578993320465087891e+00
2.748246788978576660e-01
3.642219305038452148e-01
6.145143508911132812e-01
1.309834271669387817e-01
-1.514576189219951630e-02
6.804095506668090820e-01
3.272936865687370300e-02
2.276344150304794312e-01
7.352393865585327148e-01
-1.375491917133331299e-01
4.310277557373046875e+01
4.679294204711914062e+01
5.596264266967773438e+01
5.396646881103515625e+01
6.494316864013671875e+01
7.437738037109375000e+01
6.982366943359375000e+01
7.640374755859375000e+01
8.330491638183593750e+01
-2.591561079025268555e-01
3.139773607254028320e-01
-2.737383842468261719e-01
-6.135976910591125488e-01
7.460401952266693115e-02
-4.184391796588897705e-01
-1.416350752115249634e-01
3.464713096618652344e-01
-2.194990031421184540e-02
-2.539621200412511826e-03
-2.581631205976009369e-02
7.497429102659225464e-02
-3.878385294228792191e-03
-2.763880416750907898e-02
4.876295477151870728e-02
-1.835275627672672272e-02
-2.954263985157012939e-02
1.508490741252899170e-02
2.250122785568237305e+00
9.589923918247222900e-02
-1.425126194953918457e+00
2.700142860412597656e+00
-8.629179000854492188e-01
-1.994134545326232910e+00
1.647659659385681152e+00
-1.364589571952819824e+00
-1.985424399375915527e+00
7.317950248718261719e+00
6.376988410949707031e+00
9.487952232360839844e+00
9.541696548461914062e+00
8.521162033081054688e+00
1.167256259918212891e+01
7.547708988189697266e+00
5.422024726867675781e+00
8.259678840637207031e+00
-9.672968387603759766e-01
-8.497296571731567383e-01
1.633865535259246826e-01
-1.432590246200561523e+00
-9.888654351234436035e-01
-7.145500928163528442e-02
-1.444916844367980957e+00
-9.962186217308044434e-01
-4.388653635978698730e-01
-4.846701622009277344e+00
-6.279524326324462891e+00
-3.605733394622802734e+00
-3.957859516143798828e+00
-4.035567760467529297e+00
-3.269242763519287109e+00
-4.758465766906738281e+00
-4.551828861236572266e+00
-2.973789215087890625e+00
2.403380632400512695e+00
3.961226463317871094e+00
4.955729484558105469e+00
3.962909698486328125e+00
5.940594196319580078e+00
6.255051136016845703e+00
3.564788341522216797e+00
5.152876853942871094e+00
5.374366283416748047e+00
4.170781075954437256e-01
-1.207103729248046875e+00
-2.456476211547851562e+00
3.561186790466308594e-01
-1.401430726051330566e+00
-2.643411636352539062e+00
-4.217259585857391357e-01
-1.689226627349853516e+00
-2.499936819076538086e+00
1.327458471059799194e-01
-7.373331189155578613e-01
-3.803832232952117920e-01
-2.068505585193634033e-01
-8.419266343116760254e-01
-6.356267929077148438e-01
-8.735740780830383301e-01
-8.832619190216064453e-01
-8.976877331733703613e-01
-4.229680635035037994e-03
-4.108656197786331177e-02
9.474968537688255310e-03
-1.901250332593917847e-03
-5.737061798572540283e-02
-3.355592489242553711e-02
6.967566162347793579e-02
-3.731031715869903564e-02
7.364031672477722168e-02
-4.507438659667968750e+00
-4.823129177093505859e+00
-4.564303398132324219e+00
-4.418051719665527344e+00
-4.782834053039550781e+00
-5.132833957672119141e+00
-5.304892539978027344e+00
-5.695415496826171875e+00
-6.458042621612548828e+00
3.599178671720437706e-05
-1.553536741994321346e-03
1.146307331509888172e-03
1.025862802634947002e-04
7.965595577843487263e-04
2.299995830981060863e-04
2.716377610340714455e-03
9.817063983064144850e-06
2.690289868041872978e-03
-1.354737401008605957e+00
-4.032799303531646729e-01
-6.214392781257629395e-01
-1.518132567405700684e+00
-4.185906052589416504e-01
-8.054438233375549316e-01
-1.233571529388427734e+00
-2.685061097145080566e-01
-6.560156345367431641e-01
3.871930763125419617e-03
-3.447880968451499939e-02
-2.362610027194023132e-02
-8.731362968683242798e-02
-4.603866860270500183e-02
-1.157593205571174622e-01
-1.369718164205551147e-01
-3.265830278396606445e-01
-1.456041485071182251e-01
-5.764628294855356216e-03
-2.204761281609535217e-02
-1.711549935862421989e-03
-2.729791216552257538e-02
-7.116686552762985229e-03
-2.180459909141063690e-03
-3.065917082130908966e-02
3.495201095938682556e-02
-3.270558081567287445e-03
-1.023804378509521484e+01
-8.070785522460937500e+00
-9.499416351318359375e+00
-9.400705337524414062e+00
-7.879405021667480469e+00
-1.015475177764892578e+01
-1.332095050811767578e+01
-1.213397312164306641e+01
-1.323493099212646484e+01
4.588212445378303528e-02
-5.636577308177947998e-02
2.861672453582286835e-02
7.781811058521270752e-02
-5.821016803383827209e-02
7.473202794790267944e-02
6.787363439798355103e-03
-9.192731231451034546e-02
-8.008708804845809937e-02
-1.302545331418514252e-02
3.597483737394213676e-04
-1.325430627912282944e-02
-1.245635934174060822e-02
1.056978595443069935e-03
-1.374994590878486633e-02
1.092217303812503815e-02
-6.037137936800718307e-03
-1.643312349915504456e-02
-3.329825997352600098e-01
-5.495532155036926270e-01
-2.195605486631393433e-01
-2.661564052104949951e-01
-3.422945439815521240e-01
1.976376175880432129e-01
-1.284331381320953369e-01
-1.818009465932846069e-01
3.094981610774993896e-01
-6.483873128890991211e-01
-1.060053825378417969e+00
-1.030415296554565430e+00
-1.296192526817321777e+00
-1.643254637718200684e+00
-1.693865060806274414e+00
-1.546866297721862793e+00
-1.809777855873107910e+00
-2.015907526016235352e+00
-6.162750720977783203e-02
-2.452504336833953857e-01
-1.347184777259826660e-01
-6.209342926740646362e-02
-8.650614321231842041e-02
5.078723281621932983e-02
-3.451209887862205505e-02
1.332920193672180176e-01
1.065201982855796814e-01
-7.955136299133300781e-01
-3.681518137454986572e-01
-7.670804262161254883e-01
-9.394540190696716309e-01
-8.002097010612487793e-01
-9.302209019660949707e-01
-8.472914099693298340e-01
-9.811776280403137207e-01
-1.072296619415283203e+00
-5.338350534439086914e-01
-5.591537952423095703e-01
-5.274312496185302734e-01
-1.051916122436523438e+00
-1.177364945411682129e+00
-1.197638750076293945e+00
-1.152971625328063965e+00
-1.209022521972656250e+00
-1.284245729446411133e+00
-4.418988525867462158e-01
-1.666960567235946655e-01
-2.583038508892059326e-01
-7.081653475761413574e-01
-4.724373221397399902e-01
-5.383748412132263184e-01
-4.741108119487762451e-01
-3.585947751998901367e-01
-3.882456421852111816e-01
-3.176543951034545898e+00
-2.825808286666870117e+00
-3.293679952621459961e+00
-3.379951000213623047e+00
-3.055176973342895508e+00
-3.468613862991333008e+00
-3.858974218368530273e+00
-3.410050630569458008e+00
-3.610087394714355469e+00
-1.683326214551925659e-01
-1.701120138168334961e-01
-7.928238809108734131e-02
-1.408573538064956665e-01
-1.514067351818084717e-01
-4.673900827765464783e-02
-1.358128190040588379e-01
-1.891590058803558350e-01
-3.619942814111709595e-02
-2.196174049377441406e+01
-2.283872604370117188e+01
-2.446866989135742188e+01
-1.824523544311523438e+01
-1.979756736755371094e+01
-2.069981193542480469e+01
-1.695251083374023438e+01
-1.769770050048828125e+01
-1.888258171081542969e+01
-2.835813211277127266e-05
-2.421198150841519237e-04
2.147218037862330675e-05
-1.378271961584687233e-03
-1.045257551595568657e-03
-1.117389649152755737e-03
2.326020505279302597e-03
1.157681545009836555e-04
2.431718865409493446e-03
-1.725708484649658203e+00
-1.744936704635620117e+00
-1.252121090888977051e+00
-1.981489062309265137e+00
-1.785421848297119141e+00
-1.060582756996154785e+00
-1.828147411346435547e+00
-1.537126183509826660e+00
-7.479757070541381836e-01
1.675304472446441650e-01
-4.892733991146087646e-01
-4.061963856220245361e-01
2.875630855560302734e-01
-6.959113478660583496e-01
-3.562746644020080566e-01
8.540797233581542969e-02
-6.722210645675659180e-01
-3.658992648124694824e-01
-8.503193408250808716e-02
-4.738603830337524414e-01
-2.124257832765579224e-01
-1.179662793874740601e-01
-5.284271240234375000e-01
-2.153092324733734131e-01
-2.003741860389709473e-01
-6.853880286216735840e-01
-1.645165383815765381e-01
-4.149001693725585938e+01
-4.230154418945312500e+01
-4.330071258544921875e+01
-4.200337600708007812e+01
-4.205041885375976562e+01
-4.378759765625000000e+01
-3.931121444702148438e+01
-3.972461700439453125e+01
-4.172387313842773438e+01
-7.780541479587554932e-02
-4.316898435354232788e-02
-3.595184534788131714e-02
-3.919063135981559753e-02
-4.801122099161148071e-02
-5.476519092917442322e-02
-1.191355139017105103e-01
-1.426543146371841431e-01
-1.045376658439636230e-01
-4.635954275727272034e-03
-1.313874125480651855e-02
-1.368433050811290741e-02
-3.676748601719737053e-03
-1.562282629311084747e-02
-1.719716377556324005e-02
-4.526266828179359436e-03
-2.352070808410644531e-02
-9.168302640318870544e-03
-1.259724617004394531e+00
-6.965773701667785645e-01
-9.196620583534240723e-01
-1.571517586708068848e+00
-9.622179269790649414e-01
-1.098773837089538574e+00
-1.240455627441406250e+00
-4.268302023410797119e-01
-1.065797805786132812e+00
-7.628300189971923828e+00
-7.262417793273925781e+00
-7.004374504089355469e+00
-7.949375629425048828e+00
-7.514213085174560547e+00
-7.525494098663330078e+00
-5.727558135986328125e+00
-5.248330593109130859e+00
-5.594796180725097656e+00
-1.804580837488174438e-01
-2.420163005590438843e-01
-2.239723056554794312e-01
-2.035156637430191040e-01
-1.237207278609275818e-01
-1.683333516120910645e-01
-3.247103393077850342e-01
-2.782951593399047852e-01
-2.709393203258514404e-01
-1.855213522911071777e+00
-1.756441831588745117e+00
-1.655997514724731445e+00
-2.188474893569946289e+00
-1.936264514923095703e+00
-1.938174962997436523e+00
-2.517230987548828125e+00
-2.384291648864746094e+00
-2.374517917633056641e+00
-3.459467649459838867e+00
-3.522685050964355469e+00
-3.632611513137817383e+00
-3.618700504302978516e+00
-3.651017665863037109e+00
-3.912890195846557617e+00
-3.533549547195434570e+00
-3.573680877685546875e+00
-3.781658411026000977e+00
-1.842266559600830078e+00
-2.073736906051635742e+00
-2.108905076980590820e+00
-2.005182981491088867e+00
-2.160164356231689453e+00
-2.186922311782836914e+00
-2.003395795822143555e+00
-2.147904157638549805e+00
-1.979699850082397461e+00
