3.808471679687500000e+03
3.677806152343750000e+03
3.448295166015625000e+03
3.805525390625000000e+03
3.624933349609375000e+03
3.409325683593750000e+03
3.618943847656250000e+03
3.437224121093750000e+03
3.240413085937500000e+03
1.638242675781250000e+03
1.513091796875000000e+03
1.368508544921875000e+03
1.367951416015625000e+03
1.367993652343750000e+03
1.378071899414062500e+03
1.435187377929687500e+03
1.501443603515625000e+03
1.553162109375000000e+03
1.844979125976562500e+03
1.720623291015625000e+03
1.554563354492187500e+03
1.951443725585937500e+03
1.847428955078125000e+03
1.712952148437500000e+03
2.032770263671875000e+03
2.005382202148437500e+03
1.921909423828125000e+03
1.349856933593750000e+03
1.444171875000000000e+03
1.478821411132812500e+03
1.559746093750000000e+03
1.545816650390625000e+03
1.498822265625000000e+03
1.488353515625000000e+03
1.385577270507812500e+03
1.262840087890625000e+03
2.238047607421875000e+03
2.083454101562500000e+03
1.964437377929687500e+03
2.081698486328125000e+03
1.882726074218750000e+03
1.813995727539062500e+03
1.964225097656250000e+03
1.783112182617187500e+03
1.686128784179687500e+03
6.150912857055664062e+01
4.394927597045898438e+01
5.683986282348632812e+01
7.361678314208984375e+01
6.891014862060546875e+01
8.249846649169921875e+01
4.901477432250976562e+01
5.585607910156250000e+01
6.291375732421875000e+01
1.911555053710937500e+03
1.898783325195312500e+03
1.945302246093750000e+03
1.961925659179687500e+03
1.853514892578125000e+03
1.870721679687500000e+03
1.602558837890625000e+03
1.528181030273437500e+03
1.598075927734375000e+03
3.188401855468750000e+03
3.250987548828125000e+03
2.875787109375000000e+03
2.997920410156250000e+03
3.018895507812500000e+03
2.665914794921875000e+03
2.672518554687500000e+03
2.755157958984375000e+03
2.515667724609375000e+03
4.610955505371093750e+02
4.946398925781250000e+02
4.998504028320312500e+02
5.340593872070312500e+02
5.666099853515625000e+02
5.533471069335937500e+02
5.125488281250000000e+02
5.332601318359375000e+02
5.214398803710937500e+02
2.649950561523437500e+02
2.548861389160156250e+02
2.580390319824218750e+02
3.625773010253906250e+02
3.366600952148437500e+02
3.126217651367187500e+02
3.697593994140625000e+02
3.576775512695312500e+02
3.233836364746093750e+02
2.771998291015625000e+03
2.533704345703125000e+03
2.361783203125000000e+03
2.812453125000000000e+03
2.505836669921875000e+03
2.417454345703125000e+03
2.839912109375000000e+03
2.586466064453125000e+03
2.564370117187500000e+03
1.352416015625000000e+03
1.374804687500000000e+03
1.257120117187500000e+03
1.617289672851562500e+03
1.528930908203125000e+03
1.296319335937500000e+03
1.660095092773437500e+03
1.478290283203125000e+03
1.296322509765625000e+03
4.987842102050781250e+02
5.251835327148437500e+02
5.464423217773437500e+02
6.602094116210937500e+02
7.015155029296875000e+02
7.063275146484375000e+02
7.858898315429687500e+02
8.558565063476562500e+02
8.002150878906250000e+02
1.173841430664062500e+03
1.058680297851562500e+03
9.820830078125000000e+02
1.069259155273437500e+03
8.826018676757812500e+02
7.817443847656250000e+02
1.097818847656250000e+03
8.523146972656250000e+02
7.171627197265625000e+02
5.291321289062500000e+03
5.301767089843750000e+03
5.460562988281250000e+03
5.548209960937500000e+03
5.415110351562500000e+03
5.378093261718750000e+03
5.716240234375000000e+03
5.514614746093750000e+03
5.195970703125000000e+03
2.596744384765625000e+03
2.661451416015625000e+03
2.211484130859375000e+03
2.781199462890625000e+03
2.886543212890625000e+03
2.565043457031250000e+03
2.519731201171875000e+03
2.662833496093750000e+03
2.559752197265625000e+03
-6.536300048828125000e+02
-7.284680175781250000e+02
-6.970759277343750000e+02
-6.091817626953125000e+02
-7.136347656250000000e+02
-6.713405151367187500e+02
-6.035554199218750000e+02
-7.181860961914062500e+02
-6.960961914062500000e+02
-1.473553466796875000e+02
-1.926047058105468750e+02
-2.628515625000000000e+02
-1.405714263916015625e+02
-1.875798645019531250e+02
-2.020422821044921875e+02
-1.713010406494140625e+02
-2.026866302490234375e+02
-1.952758178710937500e+02
-2.936442260742187500e+02
-3.122655639648437500e+02
-3.105590515136718750e+02
-2.737276916503906250e+02
-3.071967163085937500e+02
-3.224010009765625000e+02
-2.917945251464843750e+02
-3.001471862792968750e+02
-3.217167968750000000e+02
-5.611693115234375000e+02
-5.269559326171875000e+02
-4.794865722656250000e+02
-5.680023803710937500e+02
-5.092362670898437500e+02
-4.799743041992187500e+02
-5.433683471679687500e+02
-5.149474487304687500e+02
-4.674319152832031250e+02
-3.936122436523437500e+02
-3.646293640136718750e+02
-4.166986694335937500e+02
-3.426298522949218750e+02
-3.010829467773437500e+02
-3.331938781738281250e+02
-3.758394165039062500e+02
-3.543010559082031250e+02
-3.651673889160156250e+02
-1.749724960327148438e+01
-1.816392135620117188e+01
-2.003612518310546875e+01
-2.220261383056640625e+01
-2.763887023925781250e+01
-2.219075775146484375e+01
-1.689756965637207031e+01
-2.247287178039550781e+01
-9.995548248291015625e+00
-7.074613647460937500e+02
-7.237073974609375000e+02
-6.668273315429687500e+02
-6.534619750976562500e+02
-7.062717285156250000e+02
-6.663804321289062500e+02
-6.501604003906250000e+02
-6.887860717773437500e+02
-6.191203613281250000e+02
-9.314697265625000000e+01
-1.760422363281250000e+02
-2.157321166992187500e+02
-4.157395935058593750e+01
-1.002938690185546875e+02
-1.284597320556640625e+02
-1.226679382324218750e+02
-1.619427947998046875e+02
-1.621399383544921875e+02
-2.016020202636718750e+02
-1.977434082031250000e+02
-1.831635131835937500e+02
-2.051067047119140625e+02
-2.017688903808593750e+02
-1.867892913818359375e+02
-1.933879241943359375e+02
-1.919171905517578125e+02
-1.867249298095703125e+02
-5.489151000976562500e+01
-6.733611297607421875e+01
-4.474587631225585938e+01
-6.249407196044921875e+01
-6.889498138427734375e+01
-5.868661880493164062e+01
-4.514301681518554688e+01
-5.301776885986328125e+01
-6.557525634765625000e+01
-4.232916259765625000e+02
-4.336771240234375000e+02
-4.289104309082031250e+02
-4.272434692382812500e+02
-4.381697692871093750e+02
-4.216880187988281250e+02
-4.651959228515625000e+02
-4.809063415527343750e+02
-4.686022644042968750e+02
-1.130236206054687500e+02
-7.985932159423828125e+01
-7.389244842529296875e+01
-1.013317642211914062e+02
-3.653959655761718750e+01
-7.085815429687500000e+01
-8.001217651367187500e+01
-1.627428054809570312e+01
-8.142986297607421875e+01
-8.909098815917968750e+01
-9.538046264648437500e+01
-8.395837402343750000e+01
-1.321771392822265625e+02
-1.129502563476562500e+02
-8.902391815185546875e+01
-1.270575332641601562e+02
-1.146252670288085938e+02
-1.080183944702148438e+02
-5.848785781860351562e+01
-6.090930175781250000e+01
-3.149245071411132812e+01
-3.841173171997070312e+01
-4.611972045898437500e+01
-3.054845046997070312e+01
-7.264067840576171875e+01
-7.902032470703125000e+01
-6.781645202636718750e+01
-1.316351806640625000e+03
-1.340096313476562500e+03
-1.286536865234375000e+03
-1.259157714843750000e+03
-1.258473022460937500e+03
-1.196972778320312500e+03
-1.212459106445312500e+03
-1.153010498046875000e+03
-1.136157470703125000e+03
-2.138993072509765625e+02
-2.941238708496093750e+02
-3.557754821777343750e+02
-1.681201782226562500e+02
-2.537659606933593750e+02
-3.316648559570312500e+02
-1.898586120605468750e+02
-2.433353118896484375e+02
-3.154739990234375000e+02
-4.152519531250000000e+02
-4.263855895996093750e+02
-4.262743530273437500e+02
-3.492073669433593750e+02
-3.378212890625000000e+02
-3.460430603027343750e+02
-3.061953430175781250e+02
-3.059515075683593750e+02
-3.227510986328125000e+02
-1.945671386718750000e+02
-2.118847045898437500e+02
-2.488457946777343750e+02
-1.401441040039062500e+02
-1.951188049316406250e+02
-2.478946380615234375e+02
-1.140760345458984375e+02
-2.156284179687500000e+02
-2.533739929199218750e+02
-2.081653137207031250e+02
-2.158886108398437500e+02
-1.979794311523437500e+02
-1.788681793212890625e+02
-1.888690948486328125e+02
-1.779299163818359375e+02
-1.487394409179687500e+02
-1.824441833496093750e+02
-1.828697357177734375e+02
-2.456447296142578125e+02
-2.536395416259765625e+02
-2.533161926269531250e+02
-2.415855407714843750e+02
-2.460772399902343750e+02
-2.220127105712890625e+02
-2.380556488037109375e+02
-2.285845031738281250e+02
-2.115222930908203125e+02
-1.470463409423828125e+02
-1.652436828613281250e+02
-1.848227386474609375e+02
-7.845375823974609375e+01
-1.251545562744140625e+02
-1.667238159179687500e+02
-4.510079574584960938e+01
-7.015322113037109375e+01
-1.118089904785156250e+02
-3.874447584152221680e+00
-6.078281879425048828e+00
-6.479832172393798828e+00
-6.673260688781738281e+00
-5.840505599975585938e+00
-9.347130775451660156e+00
-1.028300285339355469e+01
-1.097522354125976562e+01
-1.019304084777832031e+01
-2.827401123046875000e+02
-2.931258544921875000e+02
-2.969886779785156250e+02
-3.331184997558593750e+02
-3.356764526367187500e+02
-3.038132019042968750e+02
-2.637545471191406250e+02
-2.543679351806640625e+02
-2.425262908935546875e+02
-1.191432952880859375e+02
-1.781142425537109375e+02
-1.252916717529296875e+02
7.543826293945312500e+01
4.803684234619140625e+01
5.765859222412109375e+01
6.816361236572265625e+01
1.355388879776000977e+00
-4.488305664062500000e+01
-5.941827774047851562e+01
-6.447719573974609375e+01
-6.659304809570312500e+01
-7.948937988281250000e+01
-7.780299377441406250e+01
-7.699900817871093750e+01
-7.626184082031250000e+01
-7.273619842529296875e+01
-7.078213500976562500e+01
-4.043645095825195312e+01
-3.428406906127929688e+01
-3.981592941284179688e+01
-4.150366592407226562e+01
-3.635819625854492188e+01
-4.000256729125976562e+01
-4.244129562377929688e+01
-2.677554130554199219e+01
-3.124281883239746094e+01
-2.993003540039062500e+02
-2.631446533203125000e+02
-2.723284912109375000e+02
-2.176971130371093750e+02
-1.960553436279296875e+02
-2.204287414550781250e+02
-1.524845581054687500e+02
-1.672687072753906250e+02
-2.129990692138671875e+02
-1.380711975097656250e+02
-9.726852416992187500e+01
-6.924837493896484375e+01
-1.390947113037109375e+02
-1.193326416015625000e+02
-4.586688232421875000e+01
-1.272686157226562500e+02
-7.640435791015625000e+01
1.937429046630859375e+01
-7.643097686767578125e+01
-1.177087249755859375e+02
-1.283986358642578125e+02
-8.687797546386718750e+01
-1.231044387817382812e+02
-1.285419311523437500e+02
-1.127359542846679688e+02
-1.424887390136718750e+02
-1.243130722045898438e+02
-1.590416717529296875e+02
-1.383121032714843750e+02
-1.169949798583984375e+02
-9.624689483642578125e+01
-4.748222351074218750e+01
-2.967045974731445312e+01
-7.790200710296630859e+00
1.478460979461669922e+01
1.273764228820800781e+01
-6.821896972656250000e+02
-7.645882568359375000e+02
-7.479020385742187500e+02
-6.189886474609375000e+02
-6.350161132812500000e+02
-6.570582275390625000e+02
-5.447443847656250000e+02
-5.769431762695312500e+02
-6.160127563476562500e+02
-1.616803894042968750e+02
-1.695889434814453125e+02
-1.799748077392578125e+02
-1.262085571289062500e+02
-1.220165176391601562e+02
-1.434889526367187500e+02
-1.031074371337890625e+02
-1.255686874389648438e+02
-1.720649414062500000e+02
7.859836816787719727e-01
1.202537775039672852e+00
7.107572555541992188e-01
1.396782875061035156e+00
1.215075254440307617e+00
1.045010805130004883e+00
1.885405331850051880e-01
5.602511763572692871e-01
2.371385991573333740e-01
7.511062026023864746e-01
4.794785976409912109e-01
2.457735091447830200e-01
1.301486611366271973e+00
1.069559574127197266e+00
9.717624187469482422e-01
2.014833837747573853e-01
3.680063784122467041e-02
8.521888405084609985e-03
9.445579648017883301e-01
6.573827266693115234e-01
3.657557368278503418e-01
9.137325882911682129e-01
5.557360649108886719e-01
2.518760561943054199e-01
3.171232938766479492e-01
2.548171579837799072e-01
4.752307385206222534e-02
4.134131669998168945e-01
5.581688880920410156e-01
4.075313508510589600e-01
3.866916298866271973e-01
1.003852635622024536e-01
1.454462110996246338e-01
8.329047262668609619e-02
1.353632062673568726e-01
3.365013003349304199e-01
3.540790081024169922e-01
6.230309009552001953e-01
1.883103102445602417e-01
2.318324804306030273e+00
2.103674411773681641e+00
2.225649118423461914e+00
4.992767274379730225e-01
3.463793396949768066e-01
2.183957993984222412e-01
1.765142567455768585e-02
2.031571231782436371e-03
9.177338331937789917e-03
1.157901715487241745e-03
9.362574666738510132e-03
-2.426196821033954620e-02
1.368606556206941605e-02
6.402120925486087799e-04
5.516069009900093079e-03
2.273873984813690186e-01
4.633802771568298340e-01
3.653995990753173828e-01
1.276427209377288818e-01
1.511094421148300171e-01
3.261683881282806396e-01
4.848917126655578613e-01
9.513332843780517578e-01
6.547355651855468750e-01
2.521711826324462891e+00
2.187906503677368164e+00
1.802204370498657227e+00
2.801781415939331055e+00
2.120225906372070312e+00
2.035294294357299805e+00
9.948049783706665039e-01
2.573656737804412842e-01
-1.438930779695510864e-01
3.165757749229669571e-03
1.684976741671562195e-02
3.659697948023676872e-03
3.767767548561096191e-02
5.161578580737113953e-02
1.609026454389095306e-02
1.993606053292751312e-02
1.056177169084548950e-01
1.124163493514060974e-01
2.948591709136962891e-01
1.096518635749816895e-01
1.172005292028188705e-02
1.969515830278396606e-01
1.905756741762161255e-01
1.543484032154083252e-01
8.887925744056701660e-02
1.018454730510711670e-01
4.352401942014694214e-02
7.998582124710083008e-01
5.098533034324645996e-01
2.502091526985168457e-01
1.084376096725463867e+00
7.082914710044860840e-01
6.557568311691284180e-01
3.450798988342285156e-01
2.535979151725769043e-01
2.870054841041564941e-01
9.453278779983520508e-01
1.335724830627441406e+00
1.408873081207275391e+00
1.064435124397277832e+00
1.228753089904785156e+00
8.184808492660522461e-01
4.572743177413940430e-02
5.117996931076049805e-01
-3.706465661525726318e-01
1.940809041261672974e-01
1.238206028938293457e-01
4.651961103081703186e-02
3.466062545776367188e-01
2.675932943820953369e-01
2.274108380079269409e-01
1.293168868869543076e-02
-3.569576889276504517e-02
9.874135255813598633e-03
5.648068189620971680e-01
1.023682355880737305e+00
1.014730334281921387e+00
2.152479737997055054e-01
6.326403617858886719e-01
2.649315297603607178e-01
4.425704181194305420e-01
4.340654015541076660e-01
2.252581417560577393e-01
4.772208631038665771e-01
3.261370658874511719e-01
7.579807639122009277e-01
3.992361724376678467e-01
2.456592023372650146e-02
4.956464469432830811e-01
7.446644306182861328e-01
3.813079595565795898e-01
3.158463537693023682e-01
1.883129358291625977e+00
1.357364535331726074e+00
9.217715859413146973e-01
1.165351510047912598e+00
8.909366130828857422e-01
8.240156769752502441e-01
5.136510133743286133e-01
2.829920351505279541e-01
3.476504385471343994e-01
2.383875625000000000e+05
2.344343437500000000e+05
1.819146718750000000e+05
2.344585937500000000e+05
2.153714531250000000e+05
1.753619843750000000e+05
2.353601718750000000e+05
1.954342343750000000e+05
1.529806562500000000e+05
3.600385156250000000e+04
2.820036328125000000e+04
4.095842578125000000e+04
7.516342285156250000e+03
1.545261132812500000e+04
4.658044531250000000e+04
-6.320112304687500000e+03
1.300231640625000000e+04
6.449345312500000000e+04
1.054553984375000000e+05
9.114774218750000000e+04
6.447817578125000000e+04
1.064891484375000000e+05
8.802038281250000000e+04
6.017266796875000000e+04
9.775085937500000000e+04
8.446392968750000000e+04
6.325000390625000000e+04
1.087308281250000000e+05
1.529164375000000000e+05
1.409540781250000000e+05
1.233015625000000000e+05
1.640287187500000000e+05
1.428711718750000000e+05
1.364640625000000000e+05
1.681860468750000000e+05
1.480223437500000000e+05
1.308309843750000000e+05
9.090360156250000000e+04
4.041694531250000000e+04
9.907178125000000000e+04
6.636490625000000000e+04
4.903503906250000000e+04
8.015692187500000000e+04
5.541595703125000000e+04
2.950363867187500000e+04
2.577686767578125000e+03
2.700741699218750000e+03
4.200586425781250000e+03
2.303919921875000000e+03
1.563359619140625000e+03
5.605207519531250000e+03
1.776587768554687500e+03
3.123117919921875000e+03
7.148373046875000000e+03
1.639572968750000000e+05
1.949439531250000000e+05
1.747053750000000000e+05
1.695758906250000000e+05
1.984190312500000000e+05
1.828216875000000000e+05
1.850275156250000000e+05
2.005286093750000000e+05
1.795035000000000000e+05
1.286286171875000000e+05
7.448685937500000000e+04
1.649175976562500000e+04
1.190923984375000000e+05
5.964171484375000000e+04
3.040144531250000000e+03
9.126010937500000000e+04
4.055898046875000000e+04
-4.114860351562500000e+03
3.321690625000000000e+04
4.266354687500000000e+04
4.642258593750000000e+04
3.556310546875000000e+04
4.656489453125000000e+04
5.061785156250000000e+04
3.894325781250000000e+04
4.815800000000000000e+04
4.977555078125000000e+04
2.613087646484375000e+03
9.843228515625000000e+03
1.767056445312500000e+04
1.973061157226562500e+03
1.141053222656250000e+04
2.109938281250000000e+04
4.651367187500000000e+03
1.572012695312500000e+04
1.786774414062500000e+04
1.681737031250000000e+05
1.210257812500000000e+05
7.844357812500000000e+04
1.556448906250000000e+05
1.042169453125000000e+05
6.783339062500000000e+04
1.364059531250000000e+05
8.862639062500000000e+04
6.493918750000000000e+04
1.203133671875000000e+05
9.385923437500000000e+04
5.708369140625000000e+04
1.408563125000000000e+05
9.926070312500000000e+04
4.662331250000000000e+04
1.174617500000000000e+05
7.603832031250000000e+04
3.820825781250000000e+04
2.698518750000000000e+04
3.493108593750000000e+04
5.228926171875000000e+04
2.745552148437500000e+04
4.061292968750000000e+04
6.107868750000000000e+04
2.945766796875000000e+04
4.870337109375000000e+04
7.152860937500000000e+04
9.319364062500000000e+04
6.645546875000000000e+04
4.118019140625000000e+04
8.304542968750000000e+04
5.216301562500000000e+04
2.106792773437500000e+04
7.934905468750000000e+04
4.831224609375000000e+04
1.691112109375000000e+04
3.457348750000000000e+05
3.331875000000000000e+05
3.043088437500000000e+05
3.607308750000000000e+05
3.502890937500000000e+05
3.151202812500000000e+05
3.793478125000000000e+05
3.792028125000000000e+05
3.421399375000000000e+05
6.998187500000000000e+04
7.545950781250000000e+04
5.132185156250000000e+04
6.919159375000000000e+04
7.552132031250000000e+04
4.956082421875000000e+04
6.730644531250000000e+04
7.488996875000000000e+04
4.982748046875000000e+04
7.746886730194091797e+00
1.153390598297119141e+01
1.145487117767333984e+01
7.817559719085693359e+00
1.337147712707519531e+01
3.235494613647460938e+00
1.003585433959960938e+01
5.694159984588623047e+00
-2.928853511810302734e+00
1.565884399414062500e+01
1.653086853027343750e+01
2.331098937988281250e+01
1.657380676269531250e+01
1.470946788787841797e+01
3.957905054092407227e+00
1.171904182434082031e+01
6.062950134277343750e+00
-1.502574539184570312e+01
1.288690948486328125e+01
1.128897857666015625e+01
1.174044132232666016e+01
7.907575130462646484e+00
1.101857948303222656e+01
1.081338691711425781e+01
6.594109535217285156e+00
4.250908374786376953e+00
-7.597623467445373535e-01
2.096193313598632812e+00
-9.357364654541015625e+00
-5.877909183502197266e+00
-6.821676492691040039e-01
-8.343054771423339844e+00
-4.461639881134033203e+00
-4.275025725364685059e-01
-2.840886116027832031e+00
-2.433035135269165039e+00
-2.157667636871337891e+00
-1.143720030784606934e+00
5.722950935363769531e+00
4.132136821746826172e+00
-2.231940031051635742e+00
-1.504191637039184570e+00
1.537619709968566895e+00
-9.286487579345703125e+00
-3.539393901824951172e+00
5.347107052803039551e-01
-5.455256700515747070e-01
5.775002837181091309e-01
1.130991578102111816e-01
2.612824738025665283e-01
-3.531120121479034424e-01
6.307878494262695312e-01
6.954637169837951660e-02
-4.967312216758728027e-01
1.482398152351379395e+00
-3.297841787338256836e+00
-7.583550453186035156e+00
8.700320243835449219e+00
7.640591144561767578e+00
3.730855703353881836e+00
4.834434986114501953e+00
5.735737681388854980e-01
-2.590104818344116211e+00
2.150888919830322266e+00
1.563204288482666016e+00
7.972384452819824219e+00
-1.422286033630371094e-01
2.857095956802368164e+00
3.536748647689819336e+00
-9.596678018569946289e-01
-1.367482244968414307e-01
-3.267859458923339844e+00
1.291335582733154297e+00
-9.191202521324157715e-01
-2.364826679229736328e+00
5.951814651489257812e-01
-5.651630163192749023e-01
-9.704956412315368652e-01
-1.549524068832397461e-01
-6.800387501716613770e-01
-1.138912558555603027e+00
3.009940385818481445e+00
1.738378286361694336e+00
-1.610573053359985352e+00
-1.883903026580810547e+00
1.120257973670959473e+00
1.151729226112365723e+00
-8.156617283821105957e-01
-9.176011085510253906e-01
9.891765117645263672e-01
7.671761989593505859e+00
5.215802669525146484e+00
2.459197998046875000e+00
8.937753677368164062e+00
1.048224163055419922e+01
3.871399164199829102e+00
1.930863857269287109e+00
1.810110569000244141e+00
-7.406589031219482422e+00
4.518882274627685547e+00
-3.927620410919189453e+00
-1.449922561645507812e+00
5.756061077117919922e+00
4.795855283737182617e-02
3.225129842758178711e-02
1.939212083816528320e+00
-3.367402553558349609e+00
2.531900405883789062e-01
9.033134460449218750e+00
4.663374900817871094e+00
-1.605954647064208984e+00
7.839974880218505859e+00
4.624860286712646484e+00
-8.981708288192749023e-01
7.267265796661376953e+00
6.596961021423339844e+00
5.214977264404296875e+00
5.827628135681152344e+00
2.460306882858276367e+00
7.420280933380126953e+00
6.589696884155273438e+00
1.114619350433349609e+01
6.598819732666015625e+00
-9.473133087158203125e-02
8.422488570213317871e-01
-5.800054550170898438e+00
2.974642944335937500e+01
5.126893520355224609e-01
-1.283744335174560547e+01
1.427891921997070312e+01
-1.146161937713623047e+01
-8.585951805114746094e+00
1.199977493286132812e+01
4.169381618499755859e+00
-9.678171157836914062e+00
1.272810745239257812e+01
1.222709083557128906e+01
2.540686988830566406e+01
3.448171854019165039e+00
4.575592279434204102e-01
1.023117160797119141e+01
-4.917016029357910156e+00
-3.386007547378540039e+00
-8.300357818603515625e+00
-1.644768834114074707e+00
-1.357378768920898438e+01
-5.855089187622070312e+01
-1.902112126350402832e+00
-1.330580139160156250e+01
-5.624971008300781250e+01
-2.039792299270629883e+00
-1.441724109649658203e+01
-5.571289825439453125e+01
-1.069260883331298828e+01
-4.489211654663085938e+01
-5.443946456909179688e+01
-1.138088321685791016e+01
-4.481967163085937500e+01
-5.273817443847656250e+01
-1.383349227905273438e+01
-4.431175231933593750e+01
-5.225239944458007812e+01
-5.719559192657470703e+00
-2.840565109252929688e+01
-3.369084167480468750e+01
-5.277873992919921875e+00
-2.726872444152832031e+01
-3.451166915893554688e+01
-6.190961360931396484e+00
-2.789834213256835938e+01
-3.423094177246093750e+01
-9.538381576538085938e+00
-3.320001983642578125e+01
-1.289297771453857422e+01
-1.126003837585449219e+01
-3.081788063049316406e+01
-1.062470531463623047e+01
-1.159714508056640625e+01
-2.834824180603027344e+01
-9.019637107849121094e+00
-1.337090301513671875e+01
-3.290400314331054688e+01
-2.004016876220703125e+01
-1.255397033691406250e+01
-2.881004905700683594e+01
-1.893956756591796875e+01
-1.443189525604248047e+01
-3.052231216430664062e+01
-2.272792434692382812e+01
8.263768255710601807e-02
-3.383730947971343994e-01
-3.273630142211914062e-01
-2.883945107460021973e-01
-3.051508069038391113e-01
-1.407329440116882324e-01
-2.433494329452514648e-01
1.441380232572555542e-01
-6.399927735328674316e-01
-1.032189726829528809e-01
3.902214169502258301e-01
5.843418836593627930e-02
-1.178469896316528320e+00
3.363742679357528687e-02
3.768796920776367188e-01
1.028484702110290527e+00
6.489146351814270020e-01
-4.694068431854248047e-01
-1.694803428649902344e+01
-4.809241867065429688e+01
-8.786292266845703125e+01
-1.601790046691894531e+01
-5.128054809570312500e+01
-8.783051300048828125e+01
-2.143890190124511719e+01
-5.500572204589843750e+01
-8.912474822998046875e+01
-1.622434556484222412e-01
-6.891807317733764648e-01
-9.615502953529357910e-01
-5.429032072424888611e-02
-4.353320002555847168e-01
-8.925712704658508301e-01
2.886626496911048889e-02
-5.175114870071411133e-01
-8.683413267135620117e-01
-6.593136787414550781e+00
-2.511987686157226562e+01
-1.173173141479492188e+01
-7.013109207153320312e+00
-2.381097984313964844e+01
-1.163550662994384766e+01
-7.066266059875488281e+00
-2.307372665405273438e+01
-9.914844512939453125e+00
-5.270276546478271484e+00
-4.062000656127929688e+01
-6.779827117919921875e+01
-7.567543506622314453e+00
-4.217966842651367188e+01
-6.893675231933593750e+01
-1.005517292022705078e+01
-4.352689743041992188e+01
-6.490500640869140625e+01
-3.942743539810180664e+00
-2.941780662536621094e+01
-4.482473373413085938e+01
-3.743956327438354492e+00
-3.308111572265625000e+01
-4.828885269165039062e+01
-5.069058418273925781e+00
-3.108028984069824219e+01
-4.328716659545898438e+01
-3.873025476932525635e-01
-3.638751029968261719e+00
-6.212162017822265625e+00
-4.866050779819488525e-01
-2.011811971664428711e+00
-4.643840789794921875e+00
-4.229567945003509521e-01
-2.532822132110595703e+00
-4.643608093261718750e+00
-5.581170916557312012e-01
-1.497908020019531250e+01
-3.818042755126953125e+01
-1.403441280126571655e-02
-1.837628173828125000e+01
-3.808235168457031250e+01
-1.391029834747314453e+00
-1.547746372222900391e+01
-3.159234046936035156e+01
-9.255902290344238281e+00
-4.581707382202148438e+01
-7.951376342773437500e+01
-7.171480655670166016e+00
-3.919822692871093750e+01
-8.008544921875000000e+01
-5.747694015502929688e+00
-3.642508697509765625e+01
-7.732985687255859375e+01
-1.738186073303222656e+01
-6.133665084838867188e+01
-3.838498306274414062e+01
-2.041629409790039062e+01
-6.306388473510742188e+01
-3.730252838134765625e+01
-1.953482246398925781e+01
-5.619462585449218750e+01
-3.287510299682617188e+01
1.826938232421875000e+03
1.913841308593750000e+03
1.934938964843750000e+03
1.736299438476562500e+03
1.804871582031250000e+03
1.832617431640625000e+03
1.540994384765625000e+03
1.641056640625000000e+03
1.688763427734375000e+03
1.264306640625000000e+03
1.155003784179687500e+03
1.008242736816406250e+03
1.201127563476562500e+03
1.099052124023437500e+03
9.478685913085937500e+02
1.181968139648437500e+03
1.124396362304687500e+03
9.942766723632812500e+02
1.060710449218750000e+03
1.033723388671875000e+03
1.003338195800781250e+03
1.104303466796875000e+03
1.097044921875000000e+03
1.073846435546875000e+03
1.053525756835937500e+03
1.049513061523437500e+03
1.043007202148437500e+03
5.474938964843750000e+02
4.847439270019531250e+02
4.818424072265625000e+02
5.846614990234375000e+02
4.912609558105468750e+02
4.425963134765625000e+02
5.664100952148437500e+02
4.560460815429687500e+02
3.969359436035156250e+02
1.040402832031250000e+03
8.781852416992187500e+02
8.501644897460937500e+02
9.149451904296875000e+02
7.876393432617187500e+02
7.673450927734375000e+02
7.260897216796875000e+02
6.406614379882812500e+02
5.962187500000000000e+02
6.756542205810546875e+00
5.795020103454589844e+00
4.831868648529052734e+00
4.926620483398437500e+00
5.736161708831787109e+00
5.838012695312500000e+00
9.948213577270507812e+00
1.354718112945556641e+01
1.978698539733886719e+01
5.681784057617187500e+02
5.866138305664062500e+02
6.031690673828125000e+02
6.526261596679687500e+02
6.594862060546875000e+02
6.503001098632812500e+02
5.496755371093750000e+02
5.689791870117187500e+02
5.509674072265625000e+02
2.376102783203125000e+03
2.259103759765625000e+03
2.170766601562500000e+03
1.688942504882812500e+03
1.526559570312500000e+03
1.483550659179687500e+03
1.227834716796875000e+03
1.170787719726562500e+03
1.215414794921875000e+03
1.054886703491210938e+02
1.119506759643554688e+02
1.110316390991210938e+02
1.166408233642578125e+02
1.213384704589843750e+02
1.180618057250976562e+02
1.338818664550781250e+02
1.367504577636718750e+02
1.270099105834960938e+02
1.316759185791015625e+02
1.379704742431640625e+02
9.581020355224609375e+01
1.497511444091796875e+02
1.364324645996093750e+02
1.005678634643554688e+02
1.872295227050781250e+02
1.515143280029296875e+02
1.121109008789062500e+02
1.500905151367187500e+03
1.521860107421875000e+03
1.413035278320312500e+03
1.400948242187500000e+03
1.397239135742187500e+03
1.304399047851562500e+03
1.140743041992187500e+03
1.175311157226562500e+03
1.129446289062500000e+03
8.063100585937500000e+02
8.603442382812500000e+02
7.830121459960937500e+02
7.209858398437500000e+02
7.716185302734375000e+02
6.877233276367187500e+02
7.207390747070312500e+02
7.457908935546875000e+02
6.979692993164062500e+02
4.133711853027343750e+02
3.990134887695312500e+02
3.821752014160156250e+02
4.455073242187500000e+02
4.622588195800781250e+02
4.368962402343750000e+02
5.181552734375000000e+02
5.329506835937500000e+02
5.105343322753906250e+02
7.737255859375000000e+02
8.350468750000000000e+02
7.570199584960937500e+02
7.415339355468750000e+02
7.848355712890625000e+02
6.517865600585937500e+02
5.708868408203125000e+02
6.687018432617187500e+02
5.398344116210937500e+02
2.942625488281250000e+03
2.834084960937500000e+03
2.694178710937500000e+03
2.804537841796875000e+03
2.746139648437500000e+03
2.483044921875000000e+03
2.677040039062500000e+03
2.596560791015625000e+03
2.280494140625000000e+03
1.768291015625000000e+03
1.714467895507812500e+03
1.710763671875000000e+03
1.349501098632812500e+03
1.262581420898437500e+03
1.315681884765625000e+03
1.139848999023437500e+03
1.096189331054687500e+03
1.192263793945312500e+03
-3.122223663330078125e+01
-2.649247550964355469e+01
-3.132989883422851562e+00
-2.656412696838378906e+01
-2.672254753112792969e+01
-5.866365909576416016e+00
-1.763306236267089844e+01
-1.486397838592529297e+01
-7.807193756103515625e+00
-1.050751590728759766e+01
-1.071488285064697266e+01
-2.093770742416381836e+00
-6.207231044769287109e+00
-5.692283153533935547e+00
3.723193883895874023e+00
-2.984833240509033203e+00
1.378328204154968262e+00
7.870529174804687500e+00
-1.025503540039062500e+01
-4.001472949981689453e+00
-4.683378219604492188e+00
-1.146797752380371094e+01
-3.579876184463500977e+00
-6.306134700775146484e+00
-1.428157806396484375e+01
-5.391334056854248047e+00
-8.818890571594238281e+00
-2.057597160339355469e+01
-8.408714294433593750e+00
-2.134530830383300781e+01
-1.726126098632812500e+01
-5.447699546813964844e+00
-2.031841850280761719e+01
-1.513347625732421875e+01
-3.207839250564575195e+00
-1.030499267578125000e+01
-1.559411048889160156e+01
-6.027944564819335938e+00
-1.477050590515136719e+01
-1.034706115722656250e+01
8.074837684631347656e+00
-5.741182565689086914e-01
-1.381972789764404297e+01
5.320388793945312500e+00
6.482299566268920898e-01
-2.484117269515991211e+00
-1.432739138603210449e+00
-1.265188217163085938e+00
-2.209307193756103516e+00
-1.893465638160705566e+00
-2.157355308532714844e+00
-7.885902374982833862e-02
-8.417910337448120117e-01
-3.396336734294891357e-01
-3.456238555908203125e+01
-2.775116157531738281e+01
-3.892422485351562500e+01
-3.257533645629882812e+01
-3.055588150024414062e+01
-3.104372024536132812e+01
-2.256043624877929688e+01
-1.431447887420654297e+01
-9.518528938293457031e+00
3.645829677581787109e+00
3.107126951217651367e+00
-5.432489395141601562e+00
9.557050704956054688e+00
3.845366954803466797e+00
3.033938109874725342e-01
-2.374124765396118164e+00
3.588695764541625977e+00
-3.921286344528198242e+00
-9.140861511230468750e+00
-8.141604423522949219e+00
-5.894649982452392578e+00
-8.894355773925781250e+00
-8.330716133117675781e+00
-6.017033576965332031e+00
-6.053825855255126953e+00
-6.217245578765869141e+00
-5.443117618560791016e+00
-5.555976390838623047e+00
-2.526567876338958740e-01
-4.025415778160095215e-01
-4.839795112609863281e+00
1.205381870269775391e+00
-2.602719366550445557e-01
-5.706466197967529297e+00
-2.301703691482543945e+00
-1.954264163970947266e+00
-1.709451484680175781e+01
-8.213407516479492188e+00
-1.287898826599121094e+01
-2.041495132446289062e+01
-1.017190647125244141e+01
-1.039327430725097656e+01
-2.034020614624023438e+01
-9.287538528442382812e+00
-7.227640151977539062e+00
-5.842267513275146484e+00
9.200084686279296875e+00
2.368681132793426514e-01
-8.497309684753417969e+00
7.434701919555664062e+00
-1.428688526153564453e+00
-9.555204391479492188e+00
3.760140836238861084e-01
-1.075141429901123047e+00
-4.539674758911132812e+00
1.581001996994018555e+00
-9.898101687431335449e-01
-4.642458438873291016e+00
1.630720019340515137e+00
-2.666547775268554688e+00
-8.109390258789062500e+00
-2.644279479980468750e+00
-6.410302162170410156e+00
-2.059976100921630859e+00
5.045903205871582031e+00
1.170333671569824219e+01
2.695797681808471680e-01
3.233937263488769531e+00
8.392685890197753906e+00
-2.241891860961914062e+00
1.396555304527282715e+00
7.443728446960449219e+00
-4.853836822509765625e+01
-2.258018302917480469e+01
-2.607318115234375000e+01
-2.779260444641113281e+01
-3.547058105468750000e-01
-1.613985824584960938e+01
-3.472856521606445312e+01
-8.340989112854003906e+00
-6.276857852935791016e+00
-7.223790645599365234e+00
-1.404776215553283691e+00
-6.628880023956298828e+00
-7.268299579620361328e+00
-4.515663146972656250e+00
-4.970988750457763672e+00
-2.384031534194946289e+00
-5.587361812591552734e+00
-4.842671871185302734e+00
1.839842987060546875e+01
1.380016994476318359e+01
2.108573913574218750e+00
3.301827621459960938e+01
2.938558769226074219e+01
2.044057655334472656e+01
3.477035903930664062e+01
3.070900917053222656e+01
2.784326553344726562e+01
2.285743713378906250e+00
1.146495580673217773e+00
9.151862263679504395e-01
9.457098960876464844e+00
8.603575706481933594e+00
8.656252861022949219e+00
2.550083160400390625e+01
2.169863891601562500e+01
2.279194068908691406e+01
8.500106811523437500e+00
6.651065826416015625e+00
2.628217697143554688e+00
1.273993110656738281e+01
1.115860843658447266e+01
8.723426818847656250e+00
2.187641716003417969e+01
2.061115264892578125e+01
1.946373367309570312e+01
-4.346939921379089355e-02
-1.079512715339660645e+00
3.126456737518310547e-01
2.325430488586425781e+01
2.463129425048828125e+01
2.390022659301757812e+01
9.398288726806640625e+00
9.293107032775878906e+00
7.459252357482910156e+00
6.964488029479980469e-01
-4.722108840942382812e+00
-7.151324272155761719e+00
4.751464462280273438e+01
4.073333358764648438e+01
3.548572921752929688e+01
4.032053375244140625e+01
4.097951126098632812e+01
3.511379241943359375e+01
-9.523664414882659912e-02
-7.380959391593933105e-02
-1.464489400386810303e-01
4.340718686580657959e-01
1.361212134361267090e-01
3.450143039226531982e-01
4.223450645804405212e-02
9.198500216007232666e-02
-1.038690954446792603e-01
5.827828407287597656e+00
3.612124443054199219e+00
9.744825959205627441e-01
1.851138472557067871e+00
3.085053682327270508e+00
-1.912485808134078979e-01
-1.188265204429626465e+00
1.804171442985534668e+00
2.214348167181015015e-01
-7.879382371902465820e-01
-2.895153999328613281e+00
-1.145084762573242188e+01
1.161760864257812500e+02
1.130536270141601562e+02
1.041806182861328125e+02
9.424920654296875000e+01
8.480166625976562500e+01
8.086827087402343750e+01
5.220348834991455078e-01
7.576575279235839844e-01
2.462613880634307861e-01
1.486733913421630859e+00
1.543889284133911133e+00
1.185746312141418457e+00
4.511739015579223633e-01
3.052512109279632568e-01
-1.057971566915512085e-01
6.214617490768432617e-01
5.779167413711547852e-01
8.578065037727355957e-01
8.490625619888305664e-01
1.503978133201599121e+00
4.212318658828735352e-01
5.114336013793945312e+00
5.464418888092041016e+00
3.547259092330932617e+00
7.961149692535400391e+00
9.530152678489685059e-01
-2.153666019439697266e+00
2.337973022460937500e+01
1.737966728210449219e+01
1.353803348541259766e+01
3.808936309814453125e+01
3.440163803100585938e+01
3.163001251220703125e+01
1.343485355377197266e+01
9.347676277160644531e+00
-3.533692359924316406e+00
3.600370788574218750e+01
3.278820800781250000e+01
2.057364654541015625e+01
4.706730270385742188e+01
4.709907531738281250e+01
3.526120758056640625e+01
2.440976619720458984e+00
2.232194900512695312e+00
2.242514610290527344e+00
5.885159015655517578e+00
4.558301925659179688e+00
3.638591527938842773e+00
1.245287418365478516e+01
1.208761215209960938e+01
1.100842380523681641e+01
1.399083614349365234e+01
1.037195587158203125e+01
1.263374447822570801e+00
1.478677082061767578e+01
8.033908843994140625e+00
3.869214951992034912e-01
1.850156402587890625e+01
1.280957317352294922e+01
6.072876930236816406e+00
1.948372840881347656e+01
1.001592445373535156e+01
5.440919399261474609e+00
4.442498779296875000e+01
3.478364181518554688e+01
2.371145248413085938e+01
6.018270874023437500e+01
4.930529403686523438e+01
4.020864105224609375e+01
1.010758495330810547e+01
9.063045501708984375e+00
4.184681475162506104e-01
3.388863754272460938e+01
3.249636459350585938e+01
2.810067939758300781e+01
6.187552261352539062e+01
5.769319915771484375e+01
5.679801940917968750e+01
4.608950042724609375e+01
3.086872100830078125e+01
3.679711914062500000e+01
5.130405426025390625e+01
4.149225616455078125e+01
4.635246276855468750e+01
4.041435623168945312e+01
3.435761642456054688e+01
2.244460296630859375e+01
6.554665374755859375e+01
5.977572250366210938e+01
5.458280944824218750e+01
8.224494171142578125e+01
6.588874053955078125e+01
6.153601074218750000e+01
1.727370834350585938e+01
5.107751846313476562e+00
7.212193012237548828e+00
6.650315856933593750e+01
5.948611831665039062e+01
5.310644149780273438e+01
3.824805831909179688e+01
3.768736267089843750e+01
3.568284606933593750e+01
2.355736351013183594e+01
1.591101646423339844e+01
1.304005813598632812e+01
3.041812181472778320e+00
-1.838506102561950684e+00
-7.080830574035644531e+00
9.443711280822753906e+00
9.357577323913574219e+00
2.855596303939819336e+00
1.284897518157958984e+01
1.380846977233886719e+01
1.249698162078857422e+01
1.451361656188964844e+01
1.780231285095214844e+01
-7.491331100463867188e-01
2.259694099426269531e+01
1.346288299560546875e+01
8.357725143432617188e+00
2.490275955200195312e+01
1.339505767822265625e+01
8.647803306579589844e+00
-1.343950480222702026e-01
9.026257395744323730e-01
1.287129640579223633e+00
3.284803032875061035e-01
1.026905059814453125e+00
2.014938354492187500e+00
-1.263167142868041992e+00
-6.082061529159545898e-01
5.790008902549743652e-01
4.658834457397460938e+00
-4.051620483398437500e+00
-4.841401100158691406e+00
1.141868495941162109e+01
4.066955089569091797e+00
-3.366757869720458984e+00
5.105840206146240234e+00
1.193172216415405273e+00
7.079714775085449219e+00
2.564546465873718262e-01
4.640141010284423828e+00
8.219057083129882812e+00
-1.645927906036376953e+00
1.417066192626953125e+01
6.548897743225097656e+00
1.643600273132324219e+01
2.706022453308105469e+01
7.365303039550781250e+00
6.490058898925781250e-01
2.796754837036132812e-01
6.801228523254394531e-01
-1.326056599617004395e+00
-1.703444838523864746e+00
-2.495325565338134766e+00
8.156901597976684570e-01
6.825822591781616211e-01
-1.435580492019653320e+00
3.639637947082519531e+00
4.967419624328613281e+00
2.860003709793090820e+00
-8.372611045837402344e+00
-2.968209266662597656e+00
-8.389955520629882812e+00
1.696434974670410156e+00
1.520952224731445312e+00
3.439553022384643555e+00
3.199867057800292969e+01
1.973054122924804688e+01
9.379517555236816406e+00
1.996506690979003906e+01
1.492636394500732422e+01
2.742904663085937500e+00
2.506116104125976562e+01
1.813718795776367188e+01
1.506309032440185547e+00
3.980601787567138672e+00
7.409294605255126953e+00
1.734469604492187500e+01
1.333043289184570312e+01
1.435887813568115234e+01
2.421638870239257812e+01
-5.088921546936035156e+00
1.263303995132446289e+00
1.758113098144531250e+01
4.719969558715820312e+01
4.254643249511718750e+01
4.257167434692382812e+01
3.057587051391601562e+01
2.625625610351562500e+01
2.282624816894531250e+01
1.155315399169921875e+01
8.202072143554687500e+00
1.001880741119384766e+01
2.085564041137695312e+01
7.350511550903320312e-01
1.956919479370117188e+01
1.793139839172363281e+01
1.589336395263671875e+01
2.344535446166992188e+01
8.333724021911621094e+00
6.805443286895751953e+00
2.626856422424316406e+01
9.675965118408203125e+01
9.944239044189453125e+01
7.519622802734375000e+01
4.000141906738281250e+01
4.546531677246093750e+01
9.451017379760742188e+00
6.528433990478515625e+01
7.484700012207031250e+01
3.819414138793945312e+01
1.860170745849609375e+01
3.556047821044921875e+01
2.039662170410156250e+01
2.622673225402832031e+01
4.550441741943359375e+01
1.175436019897460938e+01
4.507542419433593750e+01
5.708623504638671875e+01
1.454412651062011719e+01
-4.958032531738281250e+02
-5.336564941406250000e+02
-7.944069824218750000e+02
-5.975627441406250000e+02
-6.418369140625000000e+02
-8.975349121093750000e+02
-6.712921752929687500e+02
-7.092454223632812500e+02
-9.186630859375000000e+02
-5.468656005859375000e+02
-6.516496582031250000e+02
-6.442226562500000000e+02
-6.885955200195312500e+02
-7.705063476562500000e+02
-6.907847290039062500e+02
-6.980487670898437500e+02
-7.697210083007812500e+02
-6.965667114257812500e+02
-4.255590209960937500e+02
-5.445504150390625000e+02
-5.706014404296875000e+02
-4.508128967285156250e+02
-5.783535156250000000e+02
-6.031381225585937500e+02
-4.430597534179687500e+02
-5.880343627929687500e+02
-6.125062255859375000e+02
9.666180419921875000e+01
1.990095520019531250e+01
3.864734649658203125e+01
1.353285369873046875e+02
4.228310394287109375e+01
7.687277984619140625e+01
1.532796020507812500e+02
7.333685302734375000e+01
1.106765213012695312e+02
-5.172315673828125000e+02
-7.164533081054687500e+02
-6.862280883789062500e+02
-5.234417114257812500e+02
-7.298018188476562500e+02
-6.842346191406250000e+02
-5.073029174804687500e+02
-6.847634887695312500e+02
-6.752403564453125000e+02
-4.845293998718261719e+00
-2.213232994079589844e+00
-3.212233781814575195e+00
1.391842365264892578e+00
4.588757753372192383e-01
-7.061498641967773438e+00
-2.238886833190917969e+00
-2.602765798568725586e+00
3.953692913055419922e-01
2.203235321044921875e+02
2.254880371093750000e+02
1.501251373291015625e+02
2.983804016113281250e+02
2.851109924316406250e+02
2.052625732421875000e+02
2.653433532714843750e+02
2.643629150390625000e+02
1.799121093750000000e+02
-1.174113403320312500e+03
-1.439808593750000000e+03
-1.619408081054687500e+03
-1.515869140625000000e+03
-1.706826782226562500e+03
-1.764568603515625000e+03
-1.464851440429687500e+03
-1.562212890625000000e+03
-1.565559326171875000e+03
1.551345062255859375e+01
1.779483604431152344e+01
1.922618293762207031e+01
2.276454925537109375e+01
2.122563934326171875e+01
1.778524398803710938e+01
3.775774383544921875e+01
3.772637557983398438e+01
3.040205574035644531e+01
-7.644409942626953125e+01
-1.098558731079101562e+02
-8.671660614013671875e+01
-7.861550140380859375e+01
-1.210204620361328125e+02
-9.639777374267578125e+01
-7.814026641845703125e+01
-1.348865966796875000e+02
-1.161516342163085938e+02
-6.288135375976562500e+02
-7.806249389648437500e+02
-9.168211669921875000e+02
-7.616157836914062500e+02
-9.245338745117187500e+02
-1.020821350097656250e+03
-7.794214477539062500e+02
-9.432730712890625000e+02
-1.030498168945312500e+03
-3.541772460937500000e+02
-4.382990417480468750e+02
-5.751898193359375000e+02
-4.168038330078125000e+02
-5.296135253906250000e+02
-6.566753540039062500e+02
-4.147220764160156250e+02
-5.777459106445312500e+02
-6.766838989257812500e+02
-8.139730834960937500e+01
-1.105969772338867188e+02
-7.157896423339843750e+01
-7.567506408691406250e+01
-1.002389373779296875e+02
-6.157184600830078125e+01
-5.466156387329101562e+01
-1.105551605224609375e+02
-6.289295959472656250e+01
-2.666191406250000000e+02
-3.100909423828125000e+02
-4.703094482421875000e+02
-4.789208984375000000e+02
-5.338575439453125000e+02
-6.596575927734375000e+02
-5.623668212890625000e+02
-6.053008422851562500e+02
-7.314011840820312500e+02
-7.246428222656250000e+02
-9.445488891601562500e+02
-9.520974121093750000e+02
-9.408204956054687500e+02
-1.115674560546875000e+03
-1.146312255859375000e+03
-9.541908569335937500e+02
-1.177290527343750000e+03
-1.236415039062500000e+03
-6.372545166015625000e+02
-9.059118041992187500e+02
-8.987448120117187500e+02
-8.335676269531250000e+02
-1.076413696289062500e+03
-1.042752807617187500e+03
-7.840811767578125000e+02
-9.876956176757812500e+02
-9.291087036132812500e+02
7.307891845703125000e+01
7.708338165283203125e+01
7.581536865234375000e+01
7.788525390625000000e+01
8.130686950683593750e+01
7.469369506835937500e+01
7.351319122314453125e+01
7.298713684082031250e+01
6.265406799316406250e+01
1.251397228240966797e+01
1.666645050048828125e+01
2.015300178527832031e+01
1.121478843688964844e+01
1.746979141235351562e+01
2.246402740478515625e+01
1.718939208984375000e+01
2.019085502624511719e+01
3.163332557678222656e+01
3.582971954345703125e+01
3.185309219360351562e+01
2.777351379394531250e+01
3.365676879882812500e+01
3.257852554321289062e+01
3.107326889038085938e+01
3.329946517944335938e+01
3.489947128295898438e+01
3.755078887939453125e+01
4.613518142700195312e+01
5.526784133911132812e+01
5.788805770874023438e+01
4.377998352050781250e+01
5.351951599121093750e+01
5.660786056518554688e+01
3.716008758544921875e+01
3.904002380371093750e+01
4.553264236450195312e+01
5.104490661621093750e+01
4.582641601562500000e+01
3.992483901977539062e+01
5.158281707763671875e+01
4.239609909057617188e+01
4.525415420532226562e+01
4.160124969482421875e+01
4.205155181884765625e+01
4.967409896850585938e+01
1.010170459747314453e+00
1.455960988998413086e+00
2.050895452499389648e+00
1.587532639503479004e+00
1.025884866714477539e+00
1.733724117279052734e+00
2.185992240905761719e+00
3.083365917205810547e+00
2.939829349517822266e+00
5.165869140625000000e+01
6.284010314941406250e+01
6.504857635498046875e+01
4.891826629638671875e+01
5.810755538940429688e+01
6.101044082641601562e+01
4.830070495605468750e+01
5.248355102539062500e+01
5.965398025512695312e+01
3.595075607299804688e+01
3.685760879516601562e+01
4.406002044677734375e+01
4.490524291992187500e+01
4.364442825317382812e+01
4.366850280761718750e+01
4.385787582397460938e+01
3.574284744262695312e+01
3.768614578247070312e+01
1.434037399291992188e+01
1.564926242828369141e+01
1.631641578674316406e+01
1.437687301635742188e+01
1.516597366333007812e+01
1.588340377807617188e+01
1.388403701782226562e+01
1.528484630584716797e+01
1.650513458251953125e+01
3.233744144439697266e+00
5.899721622467041016e+00
5.849967002868652344e+00
4.409634113311767578e+00
7.674246788024902344e+00
8.318135261535644531e+00
6.577883720397949219e+00
6.579944133758544922e+00
6.858582973480224609e+00
5.218946456909179688e+01
5.145302200317382812e+01
4.190565490722656250e+01
5.312038803100585938e+01
5.189536666870117188e+01
4.362945175170898438e+01
5.512115478515625000e+01
5.329144287109375000e+01
5.102856445312500000e+01
3.602474212646484375e+01
3.064040565490722656e+01
1.930041694641113281e+01
5.462430191040039062e+01
4.174147796630859375e+01
2.782921409606933594e+01
6.024406051635742188e+01
3.999874496459960938e+01
3.459335327148437500e+01
6.553228378295898438e+00
8.204907417297363281e+00
1.404673194885253906e+01
8.396785736083984375e+00
1.102888011932373047e+01
1.627022552490234375e+01
1.130307674407958984e+01
1.348314666748046875e+01
1.934830856323242188e+01
2.303191375732421875e+01
2.023573303222656250e+01
1.323610019683837891e+01
1.841646575927734375e+01
1.435016632080078125e+01
9.401840209960937500e+00
2.185775756835937500e+01
1.612622261047363281e+01
1.039123725891113281e+01
1.158168182373046875e+02
1.452470397949218750e+02
1.445151367187500000e+02
1.122471313476562500e+02
1.276125717163085938e+02
1.278220138549804688e+02
1.113173751831054688e+02
1.182651977539062500e+02
1.216563949584960938e+02
2.419504547119140625e+01
2.798783874511718750e+01
3.245405960083007812e+01
2.600226402282714844e+01
3.314574813842773438e+01
3.604973220825195312e+01
2.863242530822753906e+01
3.779964447021484375e+01
3.281287384033203125e+01
7.530115356445312500e+02
9.231141967773437500e+02
8.827032470703125000e+02
7.087143554687500000e+02
8.475649414062500000e+02
7.635598754882812500e+02
6.478668823242187500e+02
7.369844360351562500e+02
6.589338989257812500e+02
3.954261474609375000e+02
3.808547668457031250e+02
3.251813964843750000e+02
3.872796936035156250e+02
3.303198547363281250e+02
2.759562683105468750e+02
3.215937805175781250e+02
2.808918762207031250e+02
2.753065490722656250e+02
3.807964477539062500e+02
4.093204345703125000e+02
3.718417663574218750e+02
4.125552978515625000e+02
4.374491882324218750e+02
4.158857116699218750e+02
4.066745910644531250e+02
4.191685485839843750e+02
4.044000549316406250e+02
5.315302124023437500e+02
5.215126342773437500e+02
5.213425292968750000e+02
5.113574523925781250e+02
5.140491333007812500e+02
5.201411132812500000e+02
4.882257080078125000e+02
5.065791625976562500e+02
4.927494201660156250e+02
4.379205627441406250e+02
3.886973266601562500e+02
3.435466308593750000e+02
3.231367187500000000e+02
2.783558959960937500e+02
2.521807403564453125e+02
3.260936584472656250e+02
3.076568603515625000e+02
2.918652038574218750e+02
1.838752937316894531e+01
2.059907722473144531e+01
1.268086814880371094e+01
1.070748138427734375e+01
1.179461669921875000e+01
1.159545707702636719e+01
1.168768215179443359e+01
1.724541473388671875e+01
1.652911949157714844e+01
5.984793701171875000e+02
6.475578613281250000e+02
6.116057739257812500e+02
6.458258056640625000e+02
7.025778808593750000e+02
6.532587890625000000e+02
6.349624023437500000e+02
6.472532958984375000e+02
5.568762817382812500e+02
2.955711669921875000e+02
3.311047058105468750e+02
3.448871154785156250e+02
1.852014160156250000e+02
1.848525543212890625e+02
1.733670196533203125e+02
1.752248229980468750e+02
1.409113769531250000e+02
9.360997772216796875e+01
1.689963226318359375e+02
1.736234283447265625e+02
1.780366363525390625e+02
1.431662902832031250e+02
1.517202606201171875e+02
1.615808410644531250e+02
1.520842590332031250e+02
1.635538330078125000e+02
1.699057617187500000e+02
4.759981536865234375e+01
4.134099197387695312e+01
3.621358489990234375e+01
4.219247817993164062e+01
4.479652786254882812e+01
6.432575225830078125e+01
4.051728439331054688e+01
4.819866943359375000e+01
6.477762603759765625e+01
5.323217773437500000e+02
5.702322998046875000e+02
5.104014282226562500e+02
5.506172485351562500e+02
5.583563232421875000e+02
4.865321960449218750e+02
5.070809631347656250e+02
4.882922973632812500e+02
4.276993103027343750e+02
1.605781555175781250e+02
1.750903167724609375e+02
1.479412841796875000e+02
1.662944030761718750e+02
1.640292510986328125e+02
1.498660583496093750e+02
1.095613708496093750e+02
1.159230728149414062e+02
1.039961471557617188e+02
2.501868896484375000e+02
2.182289123535156250e+02
2.131218872070312500e+02
2.588577880859375000e+02
2.344032440185546875e+02
2.425823822021484375e+02
2.533355407714843750e+02
2.519561614990234375e+02
2.731539306640625000e+02
5.633133316040039062e+01
9.761854553222656250e+01
6.585877990722656250e+01
8.195785522460937500e+01
1.083462677001953125e+02
6.499926757812500000e+01
7.024565124511718750e+01
1.009533157348632812e+02
4.575092315673828125e+01
1.545337158203125000e+03
1.547957885742187500e+03
1.479831420898437500e+03
1.373375976562500000e+03
1.398482910156250000e+03
1.320312133789062500e+03
1.338963500976562500e+03
1.393794433593750000e+03
1.348907348632812500e+03
4.000993652343750000e+02
4.975915832519531250e+02
5.184093017578125000e+02
2.679126281738281250e+02
3.508568725585937500e+02
3.796453247070312500e+02
2.131150207519531250e+02
2.505880889892578125e+02
2.539812927246093750e+02
2.878823242187500000e+02
3.938903198242187500e+02
3.645398254394531250e+02
5.433541870117187500e+02
5.749180908203125000e+02
6.425316162109375000e+02
4.334570922851562500e+02
4.913887939453125000e+02
5.247528686523437500e+02
-9.579821014404296875e+01
-6.875288391113281250e+01
-5.419432067871093750e+01
5.135873031616210938e+01
1.288764190673828125e+02
9.591071319580078125e+01
4.297292327880859375e+01
1.773274993896484375e+02
2.092275543212890625e+02
-8.937017822265625000e+01
9.976646423339843750e+00
-3.058716201782226562e+01
3.834589004516601562e+00
1.313459472656250000e+02
8.630691528320312500e+01
1.478683013916015625e+02
2.840259399414062500e+02
2.491242218017578125e+02
4.666049194335937500e+02
5.527491455078125000e+02
5.169372558593750000e+02
5.609579467773437500e+02
6.288656005859375000e+02
6.183917236328125000e+02
5.048840942382812500e+02
5.469586791992187500e+02
5.282037353515625000e+02
2.259362335205078125e+02
2.268247222900390625e+02
5.128741836547851562e+01
1.968995819091796875e+02
3.312148742675781250e+02
2.570022888183593750e+02
-9.918581390380859375e+01
7.023625946044921875e+01
1.246644878387451172e+01
9.260066032409667969e+00
1.136618518829345703e+01
1.200267124176025391e+01
6.464380264282226562e+00
8.018660545349121094e+00
1.504479408264160156e+01
5.548324108123779297e+00
6.286326885223388672e+00
1.272674655914306641e+01
4.489383544921875000e+02
5.583499145507812500e+02
4.923484191894531250e+02
6.916146240234375000e+02
7.287990112304687500e+02
7.100017089843750000e+02
6.415142211914062500e+02
6.190332641601562500e+02
5.873458251953125000e+02
2.691848754882812500e+02
3.582234191894531250e+02
9.945958137512207031e+00
5.705837402343750000e+02
5.789924926757812500e+02
1.848718261718750000e+02
3.906029129028320312e+01
1.147577819824218750e+02
-1.197334213256835938e+02
9.938037109375000000e+01
1.046767196655273438e+02
1.136472778320312500e+02
1.197649993896484375e+02
1.360468597412109375e+02
1.416559906005859375e+02
1.206461563110351562e+02
1.230618591308593750e+02
1.250434341430664062e+02
-4.283552932739257812e+01
-5.207530212402343750e+01
1.459261417388916016e+00
-2.836466979980468750e+01
-2.878344726562500000e+01
1.763637161254882812e+01
2.630345153808593750e+01
2.131600379943847656e+01
3.807031631469726562e+01
1.231596832275390625e+02
5.493331146240234375e+01
-3.914942169189453125e+01
2.463958587646484375e+02
1.562506408691406250e+02
8.433985137939453125e+01
1.689307708740234375e+02
8.289576721191406250e+01
6.382507324218750000e+01
-2.711265182495117188e+01
4.903807830810546875e+01
1.913035011291503906e+01
2.748950500488281250e+02
3.402375488281250000e+02
2.334978485107421875e+02
1.461687011718750000e+02
1.979255218505859375e+02
9.773030853271484375e+01
4.936169433593750000e+01
1.418161468505859375e+02
1.446574096679687500e+02
1.681894226074218750e+02
2.996456604003906250e+02
3.078969421386718750e+02
2.703076171875000000e+02
4.004784545898437500e+02
4.110211486816406250e+02
1.186207122802734375e+02
7.768315887451171875e+01
5.589877700805664062e+01
1.214350738525390625e+02
9.206452178955078125e+01
1.172293949127197266e+01
8.966413116455078125e+01
-5.013430786132812500e+01
-8.026056671142578125e+01
6.999237060546875000e+02
7.985228881835937500e+02
4.903135986328125000e+02
1.144173828125000000e+03
1.268456054687500000e+03
1.084494384765625000e+03
1.075902709960937500e+03
1.276758911132812500e+03
1.228196166992187500e+03
-1.404047393798828125e+02
8.192683410644531250e+01
2.550131225585937500e+01
1.554141540527343750e+02
3.451908874511718750e+02
2.716755371093750000e+02
-7.847091674804687500e+01
1.430619049072265625e+02
1.556017150878906250e+02
4.438690917968750000e+03
4.374775390625000000e+03
4.598098144531250000e+03
4.067648193359375000e+03
4.050215576171875000e+03
4.328742675781250000e+03
3.857106201171875000e+03
3.912501953125000000e+03
4.203018066406250000e+03
2.265749267578125000e+03
2.412604248046875000e+03
2.576424316406250000e+03
2.216436523437500000e+03
2.368234863281250000e+03
2.549788085937500000e+03
2.290558837890625000e+03
2.433345458984375000e+03
2.571308105468750000e+03
2.241322265625000000e+03
2.317896240234375000e+03
2.417733642578125000e+03
2.263396484375000000e+03
2.361702636718750000e+03
2.463358642578125000e+03
2.284035156250000000e+03
2.416305908203125000e+03
2.533468994140625000e+03
2.747943603515625000e+03
2.714215820312500000e+03
2.633768066406250000e+03
2.619514160156250000e+03
2.582671142578125000e+03
2.488696777343750000e+03
2.457525390625000000e+03
2.388747070312500000e+03
2.376365478515625000e+03
2.594354492187500000e+03
2.570169921875000000e+03
2.761733886718750000e+03
2.515403320312500000e+03
2.478747314453125000e+03
2.675226318359375000e+03
2.440206298828125000e+03
2.264753173828125000e+03
2.490256103515625000e+03
1.004811859130859375e+02
1.000793609619140625e+02
9.567601776123046875e+01
1.124318618774414062e+02
1.022508316040039062e+02
9.716466522216796875e+01
1.057453231811523438e+02
9.958789825439453125e+01
8.573428344726562500e+01
3.316081787109375000e+03
3.204805175781250000e+03
3.223574218750000000e+03
3.348125244140625000e+03
3.270279541015625000e+03
3.261817626953125000e+03
2.945236816406250000e+03
2.963151367187500000e+03
3.028815673828125000e+03
2.512246582031250000e+03
2.750881103515625000e+03
3.299029052734375000e+03
2.001246337890625000e+03
2.264044189453125000e+03
2.840102294921875000e+03
2.335031250000000000e+03
2.508513916015625000e+03
2.876874267578125000e+03
8.635387573242187500e+02
8.803925781250000000e+02
8.628728637695312500e+02
8.537835693359375000e+02
8.608082885742187500e+02
8.401510620117187500e+02
8.356925659179687500e+02
8.506270751953125000e+02
8.350545043945312500e+02
4.200952148437500000e+02
4.380961303710937500e+02
3.828131103515625000e+02
4.336381835937500000e+02
4.272094421386718750e+02
3.706590270996093750e+02
4.604355163574218750e+02
4.421301879882812500e+02
3.678053894042968750e+02
3.347138427734375000e+03
3.479070312500000000e+03
3.566797363281250000e+03
3.245329345703125000e+03
3.455847412109375000e+03
3.569292480468750000e+03
3.300762939453125000e+03
3.515837890625000000e+03
3.578122802734375000e+03
1.048506958007812500e+03
1.328375610351562500e+03
1.211638549804687500e+03
1.041425170898437500e+03
1.264073486328125000e+03
1.177991821289062500e+03
1.116833740234375000e+03
1.251037109375000000e+03
1.154157714843750000e+03
1.180092285156250000e+03
1.232097778320312500e+03
1.294656005859375000e+03
1.184049194335937500e+03
1.227398071289062500e+03
1.260182128906250000e+03
1.193215332031250000e+03
1.215621826171875000e+03
1.206921630859375000e+03
6.811516723632812500e+02
7.682202758789062500e+02
9.139898681640625000e+02
5.616266479492187500e+02
5.470847778320312500e+02
6.679102783203125000e+02
5.870253295898437500e+02
6.426464233398437500e+02
7.738742065429687500e+02
8.137195800781250000e+03
8.427397460937500000e+03
8.782349609375000000e+03
7.670926269531250000e+03
7.990323730468750000e+03
8.342223632812500000e+03
7.375335937500000000e+03
7.730176757812500000e+03
7.917177734375000000e+03
2.544538330078125000e+03
2.622735839843750000e+03
2.802432128906250000e+03
2.453595703125000000e+03
2.480563232421875000e+03
2.680559326171875000e+03
2.478300292968750000e+03
2.511082519531250000e+03
2.625323242187500000e+03
