6.040162963867187500e+02
5.648941040039062500e+02
4.918765258789062500e+02
6.697623901367187500e+02
5.973354492187500000e+02
5.023226928710937500e+02
6.965775756835937500e+02
6.298970947265625000e+02
5.458650512695312500e+02
5.185517501831054688e+01
7.953397369384765625e+01
6.038095474243164062e+01
4.699202346801757812e+01
6.157283782958984375e+01
4.109008407592773438e+01
6.214782714843750000e+01
6.450046539306640625e+01
4.972603988647460938e+01
1.575078392028808594e+01
1.350288581848144531e+01
1.121864414215087891e+01
1.348503303527832031e+01
1.030269336700439453e+01
1.019751930236816406e+01
8.647060394287109375e+00
6.466943264007568359e+00
8.180898666381835938e+00
4.740477085113525391e+00
4.328557968139648438e+00
4.093349456787109375e+00
5.494705200195312500e+00
3.841186046600341797e+00
3.655750513076782227e+00
5.104878425598144531e+00
2.939636945724487305e+00
2.919633865356445312e+00
1.477311401367187500e+02
1.439348297119140625e+02
1.444523162841796875e+02
1.495194549560546875e+02
1.461623382568359375e+02
1.469171600341796875e+02
1.534897613525390625e+02
1.479671783447265625e+02
1.424058990478515625e+02
7.985585784912109375e+01
7.554595947265625000e+01
5.855851745605468750e+01
4.001332855224609375e+01
4.073239517211914062e+01
3.216257095336914062e+01
1.705699539184570312e+01
3.790652084350585938e+01
5.705378341674804688e+01
2.451554679870605469e+01
2.556009864807128906e+01
2.876694679260253906e+01
2.371022415161132812e+01
2.470793533325195312e+01
3.000479507446289062e+01
3.245709228515625000e+01
2.969036293029785156e+01
2.887800216674804688e+01
7.526936645507812500e+02
7.567435913085937500e+02
7.012022094726562500e+02
7.296262817382812500e+02
7.121130981445312500e+02
6.341157836914062500e+02
7.330658569335937500e+02
7.048398437500000000e+02
6.795250244140625000e+02
9.787703514099121094e+00
9.304804801940917969e+00
6.963061809539794922e+00
7.553494453430175781e+00
5.081696033477783203e+00
1.723429441452026367e+00
1.232539367675781250e+01
1.594114208221435547e+01
6.860385894775390625e+00
1.078098058700561523e+00
3.343587636947631836e+00
2.510938882827758789e+00
3.224216938018798828e+00
3.786821842193603516e+00
1.935436606407165527e+00
1.577271938323974609e+00
2.429424524307250977e+00
1.162802934646606445e+00
4.129833602905273438e+01
3.965007019042968750e+01
4.820705795288085938e+01
6.103588104248046875e+01
5.886170196533203125e+01
6.642186737060546875e+01
5.827970504760742188e+01
5.509480285644531250e+01
6.692296600341796875e+01
2.414474487304687500e+02
2.518579559326171875e+02
2.423193054199218750e+02
2.711206054687500000e+02
2.843887939453125000e+02
2.550297088623046875e+02
3.558245849609375000e+02
3.503611755371093750e+02
3.084801330566406250e+02
1.860651397705078125e+01
6.385470390319824219e+00
6.296436786651611328e+00
2.041018676757812500e+01
1.896466445922851562e+01
1.274970340728759766e+01
3.272025680541992188e+01
2.604552459716796875e+01
1.138223266601562500e+01
5.499830722808837891e+00
5.207285881042480469e-01
6.318236351013183594e+00
7.401226520538330078e+00
6.223590373992919922e+00
1.264264488220214844e+01
1.146393680572509766e+01
1.842087745666503906e+01
2.318143081665039062e+01
1.865892944335937500e+02
1.301800231933593750e+02
1.612925872802734375e+02
1.776148071289062500e+02
1.723539428710937500e+02
2.200788574218750000e+02
2.434917602539062500e+02
2.627600402832031250e+02
3.096114501953125000e+02
1.185656738281250000e+02
1.672139434814453125e+02
2.277822570800781250e+02
1.895252838134765625e+02
2.695191040039062500e+02
3.360287780761718750e+02
2.278761901855468750e+02
2.722975463867187500e+02
2.601497497558593750e+02
-4.719285583496093750e+02
-4.586471862792968750e+02
-4.075446166992187500e+02
-4.751496276855468750e+02
-4.708558654785156250e+02
-4.631021423339843750e+02
-5.108251647949218750e+02
-5.154628295898437500e+02
-5.349215087890625000e+02
-5.074491119384765625e+01
-6.837075805664062500e+01
-3.791967391967773438e+01
-5.208075332641601562e+01
-7.063294982910156250e+01
-5.369482040405273438e+01
-3.027018547058105469e+01
-6.143374633789062500e+01
-4.424725723266601562e+01
-1.801744461059570312e+00
-4.360219001770019531e+00
-5.589685916900634766e+00
-1.016295146942138672e+01
-1.148350811004638672e+01
-1.338253021240234375e+01
-1.142371368408203125e+01
-1.203057193756103516e+01
-1.072104549407958984e+01
-6.003583431243896484e+00
-5.710673332214355469e+00
-3.866734504699707031e+00
-4.641004085540771484e+00
-5.848320007324218750e+00
-3.054879903793334961e+00
-4.170605659484863281e+00
-5.749903202056884766e+00
-3.696262359619140625e+00
7.747315883636474609e+00
2.502535247802734375e+01
1.517786598205566406e+01
7.636592864990234375e+00
2.347860908508300781e+01
1.142281532287597656e+01
1.770424270629882812e+01
3.290586090087890625e+01
1.763570213317871094e+01
-2.109938240051269531e+01
-1.458097457885742188e+01
-2.518989372253417969e+01
-3.803055191040039062e+01
-4.128510665893554688e+01
-6.661293792724609375e+01
-6.616026306152343750e+01
-7.123313903808593750e+01
-8.219650268554687500e+01
-1.909865379333496094e+01
-2.131508636474609375e+01
-2.027793693542480469e+01
-1.635482215881347656e+01
-1.892592239379882812e+01
-1.745897674560546875e+01
-1.094848918914794922e+01
-1.484239864349365234e+01
-1.500932216644287109e+01
-3.262572631835937500e+02
-2.946916198730468750e+02
-2.222048797607421875e+02
-3.570307922363281250e+02
-3.603382568359375000e+02
-2.976448364257812500e+02
-3.597816772460937500e+02
-4.145023193359375000e+02
-3.435114746093750000e+02
-4.074923706054687500e+01
-4.503619766235351562e+01
-9.914698600769042969e+00
-5.238452911376953125e+01
-5.965407180786132812e+01
-2.285429573059082031e+01
-5.617833709716796875e+01
-6.145167541503906250e+01
-3.700910568237304688e+01
-2.606532275676727295e-01
-1.239797949790954590e+00
-2.207618951797485352e+00
-2.178241729736328125e+00
-1.037958264350891113e+00
-1.319758176803588867e+00
-1.982970714569091797e+00
-6.277588605880737305e-01
-1.348834514617919922e+00
-6.641615295410156250e+01
-6.595565032958984375e+01
-6.189181137084960938e+01
-6.309417724609375000e+01
-6.201180648803710938e+01
-5.125225830078125000e+01
-6.047497177124023438e+01
-6.120380020141601562e+01
-4.431829833984375000e+01
-2.858468017578125000e+02
-2.399645080566406250e+02
-2.130278015136718750e+02
-2.853271789550781250e+02
-2.439229888916015625e+02
-2.062505187988281250e+02
-2.621157836914062500e+02
-2.401090850830078125e+02
-2.032699127197265625e+02
-3.458563613891601562e+01
9.905961990356445312e+00
-6.721126556396484375e+00
-3.462012863159179688e+01
1.032580852508544922e+01
-1.496801137924194336e+00
-3.105192375183105469e+01
1.421345043182373047e+01
4.263068437576293945e-01
-2.696271324157714844e+01
-2.298579025268554688e+01
-2.482600212097167969e+01
-3.943737411499023438e+01
-3.123462486267089844e+01
-3.051479339599609375e+01
-3.407828140258789062e+01
-3.042175865173339844e+01
-3.110944175720214844e+01
-3.249086303710937500e+02
-3.486409301757812500e+02
-3.258999633789062500e+02
-3.613265991210937500e+02
-3.687815856933593750e+02
-3.357642822265625000e+02
-3.495213928222656250e+02
-3.169888916015625000e+02
-2.809660644531250000e+02
-2.015144958496093750e+02
-1.717970428466796875e+02
-1.657214050292968750e+02
-1.997850799560546875e+02
-1.575876312255859375e+02
-1.416326293945312500e+02
-1.379170837402343750e+02
-9.611831665039062500e+01
-1.125005493164062500e+02
9.176535034179687500e+02
9.077690429687500000e+02
8.141115722656250000e+02
9.294542236328125000e+02
9.113222045898437500e+02
8.120625000000000000e+02
8.593463134765625000e+02
8.428962402343750000e+02
7.643696289062500000e+02
9.715998840332031250e+01
1.119407501220703125e+02
9.837122344970703125e+01
8.725767517089843750e+01
1.058082275390625000e+02
9.078172302246093750e+01
7.959942626953125000e+01
9.109598541259765625e+01
8.899194335937500000e+01
1.293770503997802734e+01
1.205925083160400391e+01
8.043938636779785156e+00
3.374253988265991211e+00
2.696404695510864258e+00
1.105636119842529297e+00
5.596660137176513672e+00
5.485940933227539062e+00
3.043528795242309570e+00
8.453309059143066406e+00
8.082474708557128906e+00
8.473861694335937500e+00
8.956933021545410156e+00
8.730538368225097656e+00
8.603043556213378906e+00
8.406930923461914062e+00
8.645869255065917969e+00
8.543414115905761719e+00
1.027208566665649414e+00
6.560246944427490234e+00
3.401858806610107422e+00
1.756009101867675781e+01
2.301743507385253906e+01
1.721970367431640625e+01
2.983297348022460938e+01
3.409579086303710938e+01
2.746696090698242188e+01
2.769581604003906250e+01
5.044048786163330078e+00
-7.031447410583496094e+00
-3.538669049739837646e-01
4.713969230651855469e+00
4.641412258148193359e+00
5.534864044189453125e+01
6.930521392822265625e+01
5.908523559570312500e+01
2.702884483337402344e+01
3.370593261718750000e+01
3.769646453857421875e+01
3.022873687744140625e+01
3.602136993408203125e+01
4.017921447753906250e+01
3.124116897583007812e+01
3.409793472290039062e+01
3.762510299682617188e+01
6.261629638671875000e+02
5.477616577148437500e+02
5.308749389648437500e+02
6.416619262695312500e+02
5.702498779296875000e+02
5.533322143554687500e+02
6.835493164062500000e+02
6.305074462890625000e+02
6.205534667968750000e+02
1.846574783325195312e+01
1.045471382141113281e+01
1.245799255371093750e+01
3.434477615356445312e+01
2.478146553039550781e+01
3.029387092590332031e+01
4.785131454467773438e+01
4.286883544921875000e+01
5.335219192504882812e+01
2.205036640167236328e+00
3.448168277740478516e+00
1.581851243972778320e+00
3.149133920669555664e+00
4.981938362121582031e+00
3.670178890228271484e+00
1.946630239486694336e+00
4.949658870697021484e+00
4.405330181121826172e+00
4.406031036376953125e+01
4.446322631835937500e+01
4.962749099731445312e+01
4.542791366577148438e+01
4.631970596313476562e+01
4.850916290283203125e+01
4.026215362548828125e+01
3.689404296875000000e+01
4.092940139770507812e+01
2.975534973144531250e+02
2.970883483886718750e+02
2.652441101074218750e+02
3.589506225585937500e+02
3.573981933593750000e+02
3.193897705078125000e+02
3.679413146972656250e+02
3.667688903808593750e+02
3.320279541015625000e+02
9.285325050354003906e+00
1.172375011444091797e+01
1.491705799102783203e+01
1.931502723693847656e+01
2.254719352722167969e+01
2.246228599548339844e+01
2.007553482055664062e+01
2.261435317993164062e+01
1.363134002685546875e+01
1.033998870849609375e+01
1.138628292083740234e+01
8.858845710754394531e+00
1.930258560180664062e+01
1.971079254150390625e+01
1.715579795837402344e+01
3.145339393615722656e+01
3.783957672119140625e+01
3.829565048217773438e+01
2.009494476318359375e+02
2.108183898925781250e+02
2.039155426025390625e+02
2.573999328613281250e+02
2.695439147949218750e+02
2.672652587890625000e+02
3.140938110351562500e+02
3.153610229492187500e+02
2.960040283203125000e+02
1.620215759277343750e+02
1.682251434326171875e+02
1.928334655761718750e+02
2.148629913330078125e+02
2.226079711914062500e+02
2.331902008056640625e+02
1.744443511962890625e+02
1.603598937988281250e+02
1.622875823974609375e+02
7.942726135253906250e+01
5.047544479370117188e+01
5.863933563232421875e+00
2.214803695678710938e+01
-8.950595855712890625e+00
-3.644527435302734375e+01
-3.604607391357421875e+01
-4.221567153930664062e+01
-3.036845016479492188e+01
2.021159362792968750e+01
1.649419784545898438e+01
1.828872680664062500e+01
-3.789134025573730469e+00
-5.504800081253051758e-01
-7.227785587310791016e+00
5.209279656410217285e-01
2.023408412933349609e+00
-3.600782632827758789e+00
7.624281883239746094e+00
6.367891788482666016e+00
5.978715896606445312e+00
-5.479757785797119141e-01
1.494801759719848633e+00
9.912407994270324707e-01
-2.289278268814086914e+00
2.266185045242309570e+00
5.057051181793212891e+00
7.959854602813720703e-01
9.152508378028869629e-01
7.143393158912658691e-02
1.593710064888000488e+00
7.715358734130859375e-01
5.470514297485351562e-02
1.005467891693115234e+00
-5.947517156600952148e-01
-8.794133067131042480e-01
2.533950614929199219e+01
2.246463966369628906e+01
2.570870590209960938e+01
2.888445663452148438e+01
2.407228088378906250e+01
2.802542686462402344e+01
2.823160743713378906e+01
2.355258750915527344e+01
2.973722839355468750e+01
2.573125839233398438e+01
1.327485466003417969e+01
2.213951683044433594e+01
-1.168955039978027344e+01
-2.693024635314941406e+01
-6.454650878906250000e+00
-1.377540230751037598e+00
-4.960772991180419922e+00
3.058593940734863281e+01
1.141458129882812500e+01
1.198080539703369141e+01
7.913458824157714844e+00
1.568407535552978516e+01
1.093204879760742188e+01
5.520871639251708984e+00
1.415825366973876953e+01
7.345292091369628906e+00
2.765739917755126953e+00
1.276876296997070312e+02
8.982471466064453125e+01
1.113888626098632812e+02
5.614411163330078125e+01
8.872074127197265625e+00
5.217560577392578125e+01
8.043284606933593750e+01
5.801498794555664062e+01
9.938282012939453125e+01
1.333001899719238281e+01
8.528505325317382812e+00
1.995911598205566406e+01
1.694608688354492188e+01
1.334141445159912109e+01
1.451759815216064453e+01
2.003553009033203125e+01
2.109430313110351562e+01
2.365109252929687500e+01
5.355717658996582031e+00
1.654025435447692871e+00
1.042612433433532715e+00
6.196422576904296875e+00
1.625502467155456543e+00
1.596553564071655273e+00
6.575435638427734375e+00
2.908401489257812500e+00
1.369850158691406250e+00
4.885021972656250000e+01
7.138758850097656250e+01
7.862945556640625000e+01
6.397161865234375000e+01
8.118667602539062500e+01
9.012212371826171875e+01
5.751563262939453125e+01
7.593290710449218750e+01
8.364676666259765625e+01
1.104123611450195312e+02
1.382855529785156250e+02
1.328242492675781250e+02
1.343129425048828125e+02
1.588960266113281250e+02
1.373266601562500000e+02
1.576368713378906250e+02
1.760917358398437500e+02
1.443534851074218750e+02
5.221317768096923828e+00
9.584916114807128906e+00
8.569875717163085938e+00
2.150710487365722656e+01
2.473922348022460938e+01
2.009275054931640625e+01
1.419417285919189453e+01
1.549782752990722656e+01
3.461466312408447266e+00
5.863029003143310547e+00
8.417678833007812500e+00
1.357873439788818359e+01
1.106681919097900391e+01
7.386425018310546875e+00
1.862418556213378906e+01
1.523503875732421875e+01
1.688644790649414062e+01
2.491792106628417969e+01
1.526038055419921875e+02
1.804796905517578125e+02
2.028399353027343750e+02
1.445360565185546875e+02
2.236405487060546875e+02
2.710830078125000000e+02
1.625562896728515625e+02
2.767735595703125000e+02
3.171516723632812500e+02
1.330883178710937500e+02
2.418298797607421875e+02
2.779640808105468750e+02
1.968923187255859375e+02
3.081809997558593750e+02
2.892187500000000000e+02
2.135016479492187500e+02
2.136947631835937500e+02
1.630849151611328125e+02
7.618866577148437500e+02
8.628676147460937500e+02
8.156299438476562500e+02
8.399367065429687500e+02
9.781740112304687500e+02
9.578609619140625000e+02
8.723646850585937500e+02
1.025901733398437500e+03
1.036078247070312500e+03
5.090259170532226562e+01
1.180569458007812500e+02
9.876880645751953125e+01
6.306185531616210938e+01
1.169680404663085938e+02
1.108017120361328125e+02
5.025424575805664062e+01
9.322119903564453125e+01
1.043852996826171875e+02
2.765373229980468750e+01
2.965578651428222656e+01
2.533634567260742188e+01
3.119535827636718750e+01
3.343322372436523438e+01
3.047020912170410156e+01
2.072367668151855469e+01
2.529720306396484375e+01
2.345429420471191406e+01
9.740918159484863281e+00
8.703293800354003906e+00
8.078836441040039062e+00
9.932341575622558594e+00
9.791589736938476562e+00
8.653043746948242188e+00
1.063419914245605469e+01
1.066339874267578125e+01
1.077387905120849609e+01
1.792904853820800781e+01
2.456412315368652344e+01
1.273370265960693359e+01
1.745430946350097656e+01
2.641844940185546875e+01
1.198848724365234375e+01
1.969314193725585938e+01
2.693206405639648438e+01
1.531855201721191406e+01
4.121834564208984375e+01
6.051052093505859375e+01
6.336475372314453125e+01
6.003660583496093750e+01
7.651766967773437500e+01
9.561075592041015625e+01
4.171189117431640625e+01
6.191481399536132812e+01
7.686484527587890625e+01
2.543790626525878906e+01
3.369059753417968750e+01
3.368372344970703125e+01
2.150015068054199219e+01
2.476491546630859375e+01
3.257231521606445312e+01
2.212350463867187500e+01
2.689849853515625000e+01
3.650823593139648438e+01
5.510512084960937500e+02
5.368330078125000000e+02
6.101480102539062500e+02
6.370358886718750000e+02
6.195671386718750000e+02
7.070111083984375000e+02
6.901676635742187500e+02
6.576749877929687500e+02
7.401484985351562500e+02
6.612905120849609375e+01
6.481864166259765625e+01
8.384526824951171875e+01
9.371326446533203125e+01
8.771814727783203125e+01
1.024710617065429688e+02
1.201498031616210938e+02
1.125854415893554688e+02
1.258405914306640625e+02
2.011327981948852539e+00
6.440677642822265625e+00
3.561596632003784180e+00
2.914614677429199219e+00
2.690436124801635742e+00
5.199217796325683594e+00
2.252043724060058594e+00
9.761160016059875488e-01
3.265657663345336914e+00
1.080268173217773438e+02
1.079217300415039062e+02
1.140415954589843750e+02
1.224072723388671875e+02
1.224684066772460938e+02
1.240253448486328125e+02
1.264617462158203125e+02
1.266551818847656250e+02
1.240001068115234375e+02
3.923288574218750000e+02
4.200144042968750000e+02
4.043090820312500000e+02
4.551284484863281250e+02
4.828887634277343750e+02
4.483592834472656250e+02
4.951117553710937500e+02
5.342538452148437500e+02
4.978118896484375000e+02
2.557465934753417969e+01
3.836722946166992188e+01
2.173077392578125000e+01
2.043111419677734375e+01
4.768564987182617188e+01
2.526183509826660156e+01
1.520951175689697266e+01
5.436584854125976562e+01
2.919388008117675781e+01
4.353609085083007812e+01
4.038360214233398438e+01
4.480007171630859375e+01
5.328628158569335938e+01
5.236348724365234375e+01
5.505804443359375000e+01
5.891594696044921875e+01
6.812123870849609375e+01
6.910410308837890625e+01
5.709780273437500000e+02
6.105043945312500000e+02
5.662374267578125000e+02
6.244110107421875000e+02
6.643849487304687500e+02
6.295585327148437500e+02
6.845131225585937500e+02
7.280595092773437500e+02
6.800870971679687500e+02
2.240662078857421875e+02
2.447494964599609375e+02
3.157877807617187500e+02
2.195707092285156250e+02
2.362164916992187500e+02
3.399770812988281250e+02
2.543564453125000000e+02
2.314539031982421875e+02
3.511296691894531250e+02
1.595417358398437500e+03
1.462207641601562500e+03
1.516639404296875000e+03
1.140746459960937500e+03
1.344911132812500000e+03
1.233481689453125000e+03
9.782156982421875000e+02
1.435710449218750000e+03
1.311556762695312500e+03
4.309240722656250000e+02
2.089505462646484375e+02
1.307633514404296875e+02
2.543738861083984375e+02
1.515438690185546875e+02
1.152111892700195312e+02
7.483826446533203125e+01
2.799187316894531250e+02
1.142334442138671875e+02
1.046747512817382812e+02
8.427751922607421875e+01
9.132921600341796875e+01
8.180445098876953125e+01
7.424617004394531250e+01
8.656626892089843750e+01
7.286043548583984375e+01
7.066518402099609375e+01
7.605513763427734375e+01
1.830672836303710938e+01
2.519624900817871094e+01
3.275062561035156250e+01
1.553447818756103516e+01
2.003113555908203125e+01
4.075994491577148438e+01
1.121056175231933594e+01
1.378971767425537109e+01
3.129600143432617188e+01
3.828081893920898438e+01
2.634477233886718750e+01
2.106834220886230469e+01
1.651607704162597656e+01
3.250249385833740234e+00
1.270754909515380859e+01
3.624307632446289062e+00
2.183893680572509766e+00
1.338943958282470703e+01
7.163437652587890625e+01
6.561282348632812500e+01
9.295893859863281250e+01
2.147426605224609375e+02
3.672609252929687500e+02
2.098047180175781250e+02
1.982347259521484375e+02
3.110662536621093750e+02
7.749602508544921875e+01
3.782572555541992188e+01
5.263085556030273438e+01
7.146777343750000000e+01
4.091816711425781250e+01
3.831320953369140625e+01
6.387332534790039062e+01
3.083953666687011719e+01
4.844608306884765625e+01
8.087289428710937500e+01
5.278547363281250000e+02
1.026846435546875000e+03
1.063008422851562500e+03
5.607068481445312500e+02
9.796262817382812500e+02
9.922875366210937500e+02
7.534494628906250000e+02
1.209338623046875000e+03
1.227064453125000000e+03
2.956906127929687500e+02
3.184987182617187500e+02
3.631971740722656250e+02
4.858132934570312500e+02
4.769581298828125000e+02
5.005912780761718750e+02
7.269490966796875000e+02
6.499586181640625000e+02
6.565383911132812500e+02
-3.837014138698577881e-01
4.004589915275573730e-01
1.337937235832214355e+00
6.617815017700195312e+00
1.444821238517761230e+00
6.154389858245849609e+00
2.050906944274902344e+01
8.765521049499511719e+00
4.177138805389404297e+00
4.424933166503906250e+02
4.967775878906250000e+02
4.796145629882812500e+02
5.432528686523437500e+02
5.866293334960937500e+02
5.761834716796875000e+02
5.609322509765625000e+02
5.859627685546875000e+02
6.054942016601562500e+02
1.434349853515625000e+03
1.369781494140625000e+03
1.406401977539062500e+03
1.397013549804687500e+03
1.388028198242187500e+03
1.590076293945312500e+03
1.439509887695312500e+03
1.485265625000000000e+03
1.668888305664062500e+03
1.237640533447265625e+02
2.852020072937011719e+01
1.895194435119628906e+01
9.576844787597656250e+01
3.465484619140625000e+01
-1.581659913063049316e+00
9.168141174316406250e+01
6.699038696289062500e+01
-1.129633903503417969e+00
2.856860351562500000e+02
2.479034118652343750e+02
3.194093627929687500e+02
4.726241455078125000e+02
4.269598083496093750e+02
4.855974121093750000e+02
4.455191650390625000e+02
3.609846801757812500e+02
4.143540954589843750e+02
3.445051269531250000e+03
3.100984619140625000e+03
3.099812744140625000e+03
3.478035400390625000e+03
3.094061767578125000e+03
3.019289306640625000e+03
3.223212158203125000e+03
3.101286376953125000e+03
2.892843261718750000e+03
6.250590209960937500e+02
6.574470825195312500e+02
5.062537536621093750e+02
4.998267822265625000e+02
6.203417968750000000e+02
5.240352783203125000e+02
7.849109497070312500e+02
8.973480224609375000e+02
9.858980102539062500e+02
8.217954254150390625e+01
4.318796920776367188e+01
5.097233772277832031e+00
3.566439819335937500e+01
1.314885997772216797e+01
-4.690256118774414062e+00
2.341413879394531250e+01
2.309058761596679688e+01
2.447298812866210938e+01
3.545130157470703125e+01
3.435945129394531250e+01
1.490388774871826172e+01
1.915198326110839844e+01
1.452977275848388672e+01
-5.691802978515625000e+00
8.325466156005859375e+00
1.084791660308837891e+01
-7.774286270141601562e-01
-2.053721427917480469e+00
-3.149780273437500000e+00
-6.172559738159179688e+00
-1.845938324928283691e+00
-3.539154231548309326e-01
-1.759089827537536621e+00
-3.366242885589599609e+00
-1.559284925460815430e+00
-3.195723533630371094e+00
1.017367720603942871e+00
2.163776308298110962e-01
1.759991198778152466e-01
1.050347685813903809e+00
4.963454976677894592e-02
-3.810790181159973145e-02
9.122670888900756836e-01
-5.370185375213623047e-01
-3.096919357776641846e-01
-6.005838513374328613e-01
-2.285268545150756836e+00
-6.015442013740539551e-01
-6.713932752609252930e-01
-1.739370346069335938e+00
-1.357919812202453613e+00
2.489367723464965820e-01
4.526416063308715820e-01
8.944101333618164062e-01
9.640340805053710938e-01
9.760239601135253906e+00
3.657469749450683594e+00
-5.629941225051879883e-01
1.042564868927001953e+01
7.292309761047363281e+00
1.319676399230957031e+00
8.507959365844726562e+00
8.037658691406250000e+00
1.461163139343261719e+01
1.340494155883789062e+01
5.422657012939453125e+00
1.538112926483154297e+01
1.056745147705078125e+01
1.836689710617065430e+00
1.259089374542236328e+01
5.765074253082275391e+00
-2.635468721389770508e+00
2.596759033203125000e+01
1.597894430160522461e+00
2.815954208374023438e+00
8.169898986816406250e-01
-2.196775817871093750e+01
3.135806083679199219e+00
3.544800567626953125e+01
2.361284255981445312e+01
3.861329269409179688e+01
-9.460543632507324219e+00
-9.952191352844238281e+00
-6.003322601318359375e+00
-1.032644939422607422e+01
-1.017073917388916016e+01
-1.481777381896972656e+01
1.229004263877868652e+00
1.249582767486572266e-01
-5.848958015441894531e+00
1.423130512237548828e+00
7.013007998466491699e-01
-1.055523395538330078e+00
1.711264371871948242e+00
-9.312970638275146484e-01
6.109848022460937500e-01
1.488137125968933105e+00
-9.771683216094970703e-01
-1.513541579246520996e+00
1.736182785034179688e+01
2.607016944885253906e+01
2.629344749450683594e+01
2.851185607910156250e+01
2.987106132507324219e+01
2.750973701477050781e+01
3.434127426147460938e+01
3.439249038696289062e+01
3.102411842346191406e+01
5.597307205200195312e+01
5.333125305175781250e+01
4.437593841552734375e+01
7.446899414062500000e+01
7.097200775146484375e+01
4.971489334106445312e+01
9.235878753662109375e+01
9.237804412841796875e+01
5.517246246337890625e+01
5.807763099670410156e+00
2.088607072830200195e+00
2.880904912948608398e+00
1.080930519104003906e+01
7.698662877082824707e-01
1.821502447128295898e+00
5.521188735961914062e+00
-4.002772569656372070e-01
-6.820088624954223633e-01
1.202956199645996094e+00
8.252416253089904785e-01
-3.923634290695190430e+00
1.091828346252441406e+01
4.716692447662353516e+00
4.592774868011474609e+00
1.733791732788085938e+01
1.597032070159912109e+01
9.099105834960937500e+00
4.233523559570312500e+01
5.342557144165039062e+01
3.473004150390625000e+01
8.496218872070312500e+01
1.079674377441406250e+02
9.990737152099609375e+01
1.097831878662109375e+02
1.298954162597656250e+02
1.139783859252929688e+02
1.187095489501953125e+02
1.341342010498046875e+02
1.282241668701171875e+02
1.633402404785156250e+02
1.656151428222656250e+02
1.412490844726562500e+02
1.210811920166015625e+02
9.550209045410156250e+01
6.285605239868164062e+01
5.967518234252929688e+01
9.246065616607666016e-01
-1.682349967956542969e+01
1.440038909912109375e+02
9.405416870117187500e+01
7.199136352539062500e+01
1.675021972656250000e+02
1.408590240478515625e+02
1.309893035888671875e+02
2.611140060424804688e+01
-6.937204360961914062e+00
1.188394427299499512e+00
3.571348953247070312e+01
1.142968177795410156e+01
4.671517372131347656e+00
9.593587875366210938e+00
1.290508985519409180e+00
-3.199382781982421875e+00
8.756762504577636719e+00
6.638436794281005859e+00
7.150857448577880859e+00
9.845201492309570312e+00
8.441945075988769531e+00
8.706995010375976562e+00
2.587008237838745117e+00
2.556911230087280273e+00
2.342151880264282227e+00
-2.696820199489593506e-01
-4.778860509395599365e-01
1.961348950862884521e-01
8.180278539657592773e-02
-3.105474412441253662e-01
9.558926224708557129e-01
6.114677786827087402e-01
6.466094851493835449e-01
2.027017831802368164e+00
-7.730811595916748047e+00
-4.326167583465576172e+00
-2.978360891342163086e+00
2.461877822875976562e+00
7.686848640441894531e+00
7.777018547058105469e+00
5.076621532440185547e+00
1.116480541229248047e+01
1.313954639434814453e+01
3.347960662841796875e+01
2.083395195007324219e+01
7.819422245025634766e+00
-6.402908325195312500e+00
-1.465504455566406250e+01
-1.544199752807617188e+01
-1.116598033905029297e+01
1.470997333526611328e+00
-2.064023256301879883e+00
8.080791473388671875e+00
1.013613891601562500e+01
9.035929679870605469e+00
6.770545005798339844e+00
8.441155433654785156e+00
7.384113788604736328e+00
1.036306190490722656e+01
8.911166191101074219e+00
7.633755683898925781e+00
1.298127937316894531e+01
-1.217159938812255859e+01
-5.218832015991210938e+00
9.929787445068359375e+01
4.903984069824218750e+01
4.735438919067382812e+01
8.419042968750000000e+01
5.844921112060546875e+01
7.867021179199218750e+01
-8.748139381408691406e+00
-9.091027259826660156e+00
2.960096895694732666e-01
-9.573236465454101562e+00
-1.010413074493408203e+01
-1.695655584335327148e+00
-1.593059778213500977e+00
-2.194661378860473633e+00
2.908616781234741211e+00
4.861735701560974121e-01
8.594882488250732422e-01
5.050892829895019531e-01
1.212592244148254395e+00
1.378244400024414062e+00
1.344595193862915039e+00
2.988699197769165039e+00
6.404770612716674805e-01
-9.278258681297302246e-01
6.021419048309326172e+00
1.383372402191162109e+01
1.500944232940673828e+01
1.343378734588623047e+01
1.701962661743164062e+01
1.760047149658203125e+01
1.611049461364746094e+01
1.797632408142089844e+01
2.142737197875976562e+01
-4.725829124450683594e+00
-1.972466278076171875e+01
-1.484334564208984375e+01
5.888602828979492188e+01
3.313595581054687500e+01
3.176329421997070312e+01
9.829495239257812500e+01
7.033776092529296875e+01
5.558846282958984375e+01
-5.243775367736816406e+00
-3.887116432189941406e+00
-2.454790115356445312e+00
-1.598557233810424805e+00
1.809715032577514648e-01
3.699680328369140625e+00
6.236294269561767578e+00
5.493110179901123047e+00
1.300650596618652344e+00
1.684695243835449219e+00
1.419463157653808594e-01
3.986865282058715820e-01
-1.408711314201354980e+00
-2.119925260543823242e+00
8.920806050300598145e-01
5.608295440673828125e+00
6.108152389526367188e+00
7.811069488525390625e+00
5.110079050064086914e-01
-2.358193016052246094e+01
-9.094995498657226562e+00
2.579771423339843750e+01
2.894241333007812500e+01
4.439585876464843750e+01
7.477666473388671875e+01
1.018173751831054688e+02
9.956092834472656250e+01
2.252476692199707031e+01
6.146327590942382812e+01
4.151572036743164062e+01
7.535633850097656250e+01
1.174497375488281250e+02
6.422500610351562500e+01
8.955459594726562500e+01
9.840451812744140625e+01
3.511503601074218750e+01
8.773231811523437500e+02
8.496367797851562500e+02
1.075906982421875000e+03
8.829086914062500000e+02
9.523824462890625000e+02
1.245437255859375000e+03
1.003457946777343750e+03
1.180250122070312500e+03
1.472706420898437500e+03
1.792637786865234375e+02
1.546509857177734375e+02
2.132192382812500000e+02
1.705426177978515625e+02
1.399214935302734375e+02
2.350240783691406250e+02
1.020732421875000000e+02
7.303913116455078125e+01
2.147498168945312500e+02
4.077598571777343750e+01
4.703687286376953125e+01
6.056409072875976562e+01
4.021837997436523438e+01
5.159276580810546875e+01
6.012215423583984375e+01
4.860682678222656250e+01
5.928924560546875000e+01
6.024542236328125000e+01
1.184696865081787109e+01
1.374418735504150391e+01
1.358955478668212891e+01
1.041769027709960938e+01
1.147875595092773438e+01
1.319836235046386719e+01
8.608346939086914062e+00
9.638072967529296875e+00
1.315119075775146484e+01
2.333708953857421875e+01
2.553237533569335938e+01
2.695135307312011719e+01
3.562840270996093750e+01
4.191136550903320312e+01
3.989397048950195312e+01
3.845088195800781250e+01
4.400901031494140625e+01
5.473628234863281250e+01
5.150904464721679688e+01
6.753685760498046875e+01
6.046379470825195312e+01
5.937318801879882812e+01
1.267855911254882812e+02
1.348918914794921875e+02
1.974660644531250000e+02
2.464381256103515625e+02
2.554652099609375000e+02
7.180578613281250000e+01
6.126754760742187500e+01
4.743517684936523438e+01
6.414606475830078125e+01
5.062512969970703125e+01
4.487776565551757812e+01
5.530206680297851562e+01
3.960091781616210938e+01
3.971394729614257812e+01
6.001879882812500000e+02
6.824694824218750000e+02
8.299045410156250000e+02
8.241282958984375000e+02
9.578961181640625000e+02
1.124551879882812500e+03
1.117377075195312500e+03
1.245123291015625000e+03
1.420465698242187500e+03
2.079109802246093750e+02
2.067734069824218750e+02
2.024483947753906250e+02
2.537138061523437500e+02
2.621290893554687500e+02
2.596168518066406250e+02
3.292289123535156250e+02
3.524391784667968750e+02
3.551523132324218750e+02
7.640004158020019531e+00
6.831060886383056641e+00
1.063321590423583984e+00
7.213222503662109375e+00
1.079569149017333984e+01
4.821176052093505859e+00
1.286078071594238281e+01
1.324363231658935547e+01
1.018130302429199219e+01
3.699948730468750000e+02
4.019432373046875000e+02
4.187813415527343750e+02
3.970403442382812500e+02
4.238407897949218750e+02
4.319360656738281250e+02
3.788147583007812500e+02
3.913987121582031250e+02
3.878844604492187500e+02
1.002919921875000000e+03
1.001541687011718750e+03
9.884490966796875000e+02
1.073083129882812500e+03
1.060748779296875000e+03
1.068102783203125000e+03
1.033899658203125000e+03
1.059928344726562500e+03
1.107734130859375000e+03
8.530770874023437500e+01
8.135688018798828125e+01
3.599931335449218750e+01
8.655221557617187500e+01
7.546617126464843750e+01
4.774151992797851562e+01
7.871094512939453125e+01
6.719198608398437500e+01
5.967398834228515625e+01
1.398641204833984375e+02
1.689844512939453125e+02
1.670811920166015625e+02
1.562777404785156250e+02
1.860199432373046875e+02
1.754610443115234375e+02
1.690781402587890625e+02
1.924580688476562500e+02
1.759139099121093750e+02
1.659932983398437500e+03
1.810642700195312500e+03
1.951724975585937500e+03
1.695521118164062500e+03
1.844379760742187500e+03
1.908970336914062500e+03
1.677641967773437500e+03
1.784458496093750000e+03
1.760175537109375000e+03
1.048867797851562500e+03
1.075968017578125000e+03
8.705023193359375000e+02
1.078089233398437500e+03
1.002686767578125000e+03
8.116213989257812500e+02
9.895751342773437500e+02
8.768921508789062500e+02
8.275925292968750000e+02
-4.474746398925781250e+02
-4.269054565429687500e+02
-3.793169555664062500e+02
-4.007656555175781250e+02
-3.980618591308593750e+02
-3.835817565917968750e+02
-3.739983825683593750e+02
-3.896115722656250000e+02
-4.059481506347656250e+02
-3.750355148315429688e+01
-4.970637130737304688e+01
-3.651586532592773438e+01
-2.874670791625976562e+01
-3.878194427490234375e+01
-3.232840347290039062e+01
-3.220903396606445312e+01
-3.356063842773437500e+01
-3.641193771362304688e+01
-2.716028928756713867e+00
-3.670874357223510742e+00
-5.135411739349365234e+00
-3.405755519866943359e+00
-3.508192777633666992e+00
-5.450205802917480469e+00
-3.943131685256958008e+00
-4.108932495117187500e+00
-7.126603603363037109e+00
-4.977955818176269531e+00
-4.143473625183105469e+00
-3.789016008377075195e+00
-4.831366062164306641e+00
-3.759741306304931641e+00
-3.081989049911499023e+00
-4.443013191223144531e+00
-3.921965122222900391e+00
-3.612084150314331055e+00
-1.223025894165039062e+01
-1.513729286193847656e+01
-1.263835811614990234e+01
-1.210589408874511719e+01
-1.360249233245849609e+01
-1.250339889526367188e+01
-1.232030105590820312e+01
-1.325382709503173828e+01
-1.035595703125000000e+01
-7.758445739746093750e+00
-2.471535491943359375e+01
-2.268298149108886719e+01
-1.358128261566162109e+01
-3.952999496459960938e+01
-4.495962524414062500e+01
-3.823983764648437500e+01
-5.352243423461914062e+01
-6.400063323974609375e+01
-2.728763008117675781e+01
-2.324457550048828125e+01
-1.984882164001464844e+01
-2.630784034729003906e+01
-2.027251434326171875e+01
-1.645508384704589844e+01
-2.362324714660644531e+01
-1.799947357177734375e+01
-1.689886665344238281e+01
-2.798945922851562500e+02
-2.821140747070312500e+02
-2.619892272949218750e+02
-2.809099731445312500e+02
-3.156205139160156250e+02
-2.949653930664062500e+02
-3.368204956054687500e+02
-3.563236083984375000e+02
-3.263928222656250000e+02
-2.219796371459960938e+01
-2.680761718750000000e+01
-1.827616691589355469e+01
-2.833759117126464844e+01
-3.720869064331054688e+01
-2.525817298889160156e+01
-3.249285888671875000e+01
-4.570189285278320312e+01
-4.225480651855468750e+01
-3.174015998840332031e+00
-2.191390752792358398e+00
-2.288006782531738281e+00
-2.115042924880981445e+00
-3.281161308288574219e+00
-1.631146311759948730e+00
-1.306578159332275391e+00
-3.400743246078491211e+00
-2.449720859527587891e+00
-4.136341476440429688e+01
-4.208977127075195312e+01
-4.706357955932617188e+01
-4.668691253662109375e+01
-4.388928985595703125e+01
-4.703358078002929688e+01
-4.969975280761718750e+01
-5.047854232788085938e+01
-4.951819992065429688e+01
-2.184774932861328125e+02
-2.132541503906250000e+02
-1.906380462646484375e+02
-2.206067657470703125e+02
-2.166896057128906250e+02
-1.883396148681640625e+02
-1.967930145263671875e+02
-2.036952667236328125e+02
-1.812933807373046875e+02
-1.923024368286132812e+01
-2.090859031677246094e+01
-1.192236995697021484e+01
-1.365205574035644531e+01
-1.630730438232421875e+01
-1.032796478271484375e+01
-8.619625091552734375e+00
-1.162792873382568359e+01
-6.711666584014892578e+00
-1.592857837677001953e+01
-1.093183231353759766e+01
-1.433158397674560547e+01
-2.240674400329589844e+01
-1.575933456420898438e+01
-1.448123741149902344e+01
-2.235204887390136719e+01
-2.624986457824707031e+01
-2.006171989440917969e+01
-1.867042694091796875e+02
-2.352963256835937500e+02
-2.447186584472656250e+02
-2.359519348144531250e+02
-2.809579772949218750e+02
-2.911352539062500000e+02
-2.294864501953125000e+02
-2.477601623535156250e+02
-2.568288269042968750e+02
-1.780708312988281250e+02
-1.832048187255859375e+02
-1.821483612060546875e+02
-1.880049896240234375e+02
-1.515583190917968750e+02
-1.416712799072265625e+02
-1.539836883544921875e+02
-9.671851348876953125e+01
-1.249379425048828125e+02
3.842533935546875000e+03
4.872363281250000000e+03
4.572045410156250000e+03
4.303549804687500000e+03
4.866543457031250000e+03
4.177443359375000000e+03
4.351965820312500000e+03
4.281028808593750000e+03
3.303763671875000000e+03
1.483462982177734375e+02
4.959503479003906250e+02
5.008298339843750000e+02
1.502522735595703125e+02
4.247862548828125000e+02
3.825876464843750000e+02
4.248795776367187500e+02
4.672566223144531250e+02
3.347040100097656250e+02
6.413513183593750000e+01
4.186059570312500000e+01
-1.364523220062255859e+01
3.446817779541015625e+01
-2.936487579345703125e+01
-7.536769104003906250e+01
3.032797431945800781e+01
-3.913226318359375000e+01
-6.175641250610351562e+01
1.978478622436523438e+01
2.786673164367675781e+01
3.740785598754882812e+01
3.261082077026367188e+01
4.453491973876953125e+01
3.748798370361328125e+01
4.569836807250976562e+01
4.643550491333007812e+01
4.080875396728515625e+01
2.261920547485351562e+01
-2.169072628021240234e-01
-3.663787841796875000e+01
7.723171234130859375e+01
4.562480163574218750e+01
2.493116855621337891e+00
7.896363830566406250e+01
3.056805992126464844e+01
-2.974144554138183594e+01
3.192766418457031250e+02
3.835535278320312500e+02
1.188283157348632812e+02
2.160284118652343750e+02
6.936298370361328125e+01
-1.081105957031250000e+02
2.206269683837890625e+02
9.369587707519531250e+01
-6.931462860107421875e+01
-6.672637939453125000e+01
6.785886287689208984e+00
1.169423446655273438e+02
-2.219110107421875000e+01
7.575227355957031250e+01
1.768462219238281250e+02
2.827540969848632812e+01
1.432907714843750000e+02
2.160533599853515625e+02
3.041227539062500000e+03
3.614221191406250000e+03
3.227602294921875000e+03
3.232611083984375000e+03
3.462866943359375000e+03
2.680538330078125000e+03
2.908519531250000000e+03
2.795253173828125000e+03
1.907808105468750000e+03
1.163662414550781250e+02
2.011753082275390625e+02
9.281896972656250000e+01
7.680938720703125000e+01
1.522275390625000000e+02
9.673043823242187500e+01
-6.484072113037109375e+01
3.049147987365722656e+01
-5.847909545898437500e+01
-4.092437267303466797e+00
-3.994504928588867188e+00
-5.258337020874023438e+00
6.680057048797607422e+00
5.704241275787353516e+00
3.073401069641113281e+01
-5.599275112152099609e+00
2.221318054199218750e+01
4.356147766113281250e+01
-9.140705108642578125e+01
-2.097374420166015625e+02
-2.032644958496093750e+02
-1.187100982666015625e+02
-2.530896911621093750e+02
-2.592716369628906250e+02
-1.840975799560546875e+02
-2.885144042968750000e+02
-2.439775085449218750e+02
7.731031494140625000e+02
1.006475646972656250e+03
1.017987487792968750e+03
7.074428100585937500e+02
1.041150634765625000e+03
1.027721801757812500e+03
7.766494140625000000e+02
8.989259643554687500e+02
8.768341674804687500e+02
5.027449798583984375e+01
5.265713500976562500e+01
5.066919708251953125e+01
3.051798057556152344e+01
9.594239807128906250e+01
8.997015380859375000e+01
5.269311141967773438e+01
1.463193817138671875e+02
4.959219360351562500e+01
5.947716903686523438e+01
-1.389316558837890625e+01
-5.088873672485351562e+01
-6.323614883422851562e+01
-9.349602508544921875e+01
-1.381720123291015625e+02
-1.827910156250000000e+02
-1.249162597656250000e+02
-1.056136474609375000e+02
4.890687179565429688e+01
-3.369270019531250000e+02
-7.132910156250000000e+02
-2.950851440429687500e+02
-9.901934204101562500e+02
-9.036322021484375000e+02
-6.809448852539062500e+02
-1.174113281250000000e+03
-8.342910156250000000e+02
-1.034325561523437500e+03
-8.698338623046875000e+02
2.572976379394531250e+02
-9.584949340820312500e+02
-2.788950805664062500e+02
8.643566284179687500e+02
-5.716113891601562500e+02
1.428653259277343750e+02
8.005180053710937500e+02
7.788072509765625000e+02
7.490775756835937500e+02
7.083316040039062500e+02
8.071821899414062500e+02
7.720048828125000000e+02
7.529606933593750000e+02
7.467332763671875000e+02
7.306354370117187500e+02
7.343316040039062500e+02
4.632549285888671875e+01
6.812312316894531250e+01
6.071415710449218750e+01
5.175026321411132812e+01
4.877269744873046875e+01
5.780558395385742188e+01
4.668477249145507812e+01
3.509127426147460938e+01
5.348038482666015625e+01
8.966956138610839844e+00
8.471099853515625000e+00
9.014652252197265625e+00
6.644911766052246094e+00
8.100097656250000000e+00
9.443684577941894531e+00
4.672730445861816406e+00
6.690731525421142578e+00
1.060229969024658203e+01
8.584918975830078125e+00
6.935454845428466797e+00
5.858113765716552734e+00
9.935380935668945312e+00
7.110106468200683594e+00
6.605032444000244141e+00
9.610540390014648438e+00
7.073876857757568359e+00
6.870238304138183594e+00
3.980196380615234375e+01
4.751493453979492188e+01
4.961592102050781250e+01
4.311082077026367188e+01
5.202006149291992188e+01
5.394830703735351562e+01
5.465982818603515625e+01
6.449140930175781250e+01
6.543099212646484375e+01
3.469217681884765625e+01
3.681485748291015625e+01
1.811266708374023438e+01
2.615232086181640625e+01
3.782767486572265625e+01
2.658333969116210938e+01
2.386022567749023438e+01
3.050156021118164062e+01
5.521171188354492188e+01
3.152830505371093750e+01
2.747771263122558594e+01
2.267572975158691406e+01
2.939144325256347656e+01
2.814222335815429688e+01
2.118022537231445312e+01
3.075254249572753906e+01
2.338346481323242188e+01
1.964994621276855469e+01
6.330538940429687500e+02
5.635534667968750000e+02
6.127985839843750000e+02
6.244076538085937500e+02
5.485258789062500000e+02
6.339465942382812500e+02
6.597954101562500000e+02
5.872967529296875000e+02
7.003214111328125000e+02
2.961557388305664062e+01
1.786939620971679688e+01
3.122254943847656250e+01
3.968241500854492188e+01
2.756620216369628906e+01
4.554037094116210938e+01
5.030468750000000000e+01
3.278571319580078125e+01
5.288191604614257812e+01
4.727501869201660156e+00
6.050540924072265625e+00
4.254193782806396484e+00
2.995902538299560547e+00
7.371428489685058594e+00
2.146212339401245117e+00
2.774437904357910156e+00
3.894784212112426758e+00
1.807821631431579590e+00
2.501704406738281250e+01
4.067472076416015625e+01
5.220554351806640625e+01
2.819159889221191406e+01
4.022676086425781250e+01
5.328227615356445312e+01
2.839089393615722656e+01
4.230567169189453125e+01
5.360433578491210938e+01
2.677528076171875000e+02
3.271351013183593750e+02
2.961086730957031250e+02
3.087181396484375000e+02
3.610343933105468750e+02
3.310923461914062500e+02
3.174135437011718750e+02
3.587057189941406250e+02
3.381723632812500000e+02
6.531103134155273438e+00
3.428748703002929688e+01
1.172723197937011719e+01
7.768343448638916016e+00
3.502494049072265625e+01
1.905025291442871094e+01
4.099246501922607422e+00
2.822034835815429688e+01
1.539801120758056641e+01
1.008478546142578125e+01
9.059079170227050781e+00
7.137993335723876953e+00
1.527073860168457031e+01
2.266908073425292969e+01
2.292942810058593750e+01
1.783338737487792969e+01
2.546025657653808594e+01
2.873132324218750000e+01
1.288293304443359375e+02
1.985505371093750000e+02
2.382455139160156250e+02
1.760984802246093750e+02
2.631413879394531250e+02
2.839573974609375000e+02
2.481251831054687500e+02
3.245838928222656250e+02
3.173540954589843750e+02
1.334565124511718750e+02
1.937200164794921875e+02
2.090287322998046875e+02
1.213301162719726562e+02
1.470427551269531250e+02
1.564945831298828125e+02
1.012204284667968750e+02
1.239542312622070312e+02
1.296393280029296875e+02
2.092852478027343750e+02
2.956637573242187500e+02
3.748209228515625000e+02
1.958500976562500000e+02
3.137176513671875000e+02
3.851199340820312500e+02
2.145149230957031250e+02
3.253022766113281250e+02
3.618585815429687500e+02
1.667633819580078125e+01
2.073796463012695312e+01
2.044681549072265625e+01
-5.785546779632568359e+00
8.031806945800781250e+00
5.434163808822631836e-01
-7.181247234344482422e+00
1.500899314880371094e+01
4.446929454803466797e+00
3.094088315963745117e+00
3.585791826248168945e+00
4.572443962097167969e+00
2.714770793914794922e+00
4.845221996307373047e+00
4.520653247833251953e+00
1.088645839691162109e+01
8.702839851379394531e+00
4.272601604461669922e+00
-7.413392513990402222e-02
2.353895604610443115e-01
4.636210203170776367e-01
1.863022595643997192e-01
6.936776638031005859e-01
1.438321590423583984e+00
2.449607849121093750e-01
1.625040173530578613e+00
2.423073530197143555e+00
8.108020019531250000e+01
9.016841888427734375e+01
8.214920806884765625e+01
8.908371734619140625e+01
9.604918670654296875e+01
8.839118957519531250e+01
8.427202606201171875e+01
9.122291564941406250e+01
8.454727172851562500e+01
-4.890775084495544434e-01
2.115538406372070312e+01
4.521818923950195312e+01
5.183810043334960938e+01
7.340737152099609375e+01
8.379163360595703125e+01
6.903034973144531250e+01
8.010495758056640625e+01
5.975407791137695312e+01
-3.441540718078613281e+00
-4.799302101135253906e+00
-6.840355873107910156e+00
-7.435582160949707031e+00
-8.750357627868652344e+00
-5.625777244567871094e+00
-1.107009124755859375e+01
-1.024097156524658203e+01
-4.082527160644531250e+00
3.313701782226562500e+02
4.008547363281250000e+02
4.492306518554687500e+02
4.112353515625000000e+02
4.959361267089843750e+02
5.408009033203125000e+02
4.915269470214843750e+02
5.643041992187500000e+02
5.762344970703125000e+02
1.324328231811523438e+01
2.492840576171875000e+01
2.234885978698730469e+01
2.898668289184570312e+01
3.684142303466796875e+01
3.948207855224609375e+01
3.731440734863281250e+01
3.890393447875976562e+01
3.801713562011718750e+01
1.846097469329833984e+00
-7.147843837738037109e-01
-8.149759769439697266e-01
1.522152423858642578e+00
-6.904575824737548828e-01
6.897093653678894043e-01
1.541853994131088257e-01
3.841829299926757812e-01
2.196236699819564819e-01
5.722724914550781250e+01
4.482419967651367188e+01
2.865026664733886719e+01
5.255674362182617188e+01
4.170809173583984375e+01
2.453706359863281250e+01
5.086671447753906250e+01
4.404314041137695312e+01
2.296260833740234375e+01
2.193790740966796875e+02
1.910837402343750000e+02
1.945976562500000000e+02
2.042378082275390625e+02
1.834578094482421875e+02
2.110791320800781250e+02
1.513182373046875000e+02
1.423292541503906250e+02
1.661734008789062500e+02
2.184013366699218750e+01
2.313210296630859375e+01
6.377767562866210938e+00
9.519235610961914062e+00
1.272887134552001953e+01
1.009042930603027344e+01
7.952682495117187500e+00
1.362289524078369141e+01
1.390747737884521484e+01
2.678016281127929688e+01
2.705729103088378906e+01
2.357785034179687500e+01
2.970007896423339844e+01
2.771907615661621094e+01
2.615625762939453125e+01
2.212311553955078125e+01
1.127625560760498047e+01
1.459018802642822266e+01
2.176020355224609375e+02
2.288946533203125000e+02
1.699738311767578125e+02
2.524083557128906250e+02
2.001261596679687500e+02
1.096557083129882812e+02
2.037484741210937500e+02
1.306341400146484375e+02
4.749725341796875000e+01
1.424120941162109375e+02
9.813123321533203125e+01
6.313196563720703125e+01
5.198556518554687500e+01
3.125658226013183594e+01
2.214712905883789062e+01
4.046476364135742188e+01
4.897905349731445312e+01
1.172405166625976562e+02
2.808652343750000000e+02
2.797170715332031250e+02
2.347145690917968750e+02
2.990139160156250000e+02
3.032477722167968750e+02
2.356199798583984375e+02
2.807585144042968750e+02
2.858101501464843750e+02
2.173521118164062500e+02
1.404803872108459473e+00
1.277635192871093750e+01
2.802301883697509766e+00
1.084994029998779297e+01
2.292111396789550781e+01
1.763278770446777344e+01
-9.975806474685668945e-01
5.942058563232421875e+00
1.194488430023193359e+01
6.055628776550292969e+00
5.656942844390869141e+00
8.149006366729736328e-01
-2.278474420309066772e-01
-1.779203861951828003e-01
-9.518264532089233398e-01
-1.104313880205154419e-02
4.851021766662597656e-01
-3.588318824768066406e-01
1.521519660949707031e+00
9.028816819190979004e-01
1.852910399436950684e+00
4.977822303771972656e+00
2.401855707168579102e+00
3.192411184310913086e+00
4.929195880889892578e+00
1.821228027343750000e+00
2.233020782470703125e+00
2.248116111755371094e+01
2.937530517578125000e+01
3.196218490600585938e+01
2.727832412719726562e+01
3.434953308105468750e+01
3.401831054687500000e+01
3.548268508911132812e+01
4.355306625366210938e+01
4.066629791259765625e+01
2.515240287780761719e+01
3.064478492736816406e+01
9.409986495971679688e+00
-1.078444385528564453e+01
2.810573101043701172e+00
-1.463322401046752930e+00
-2.471917152404785156e+00
1.032616615295410156e+01
1.102101230621337891e+01
1.549976348876953125e+00
5.915346145629882812e+00
7.116422653198242188e+00
5.316092491149902344e+00
7.316142082214355469e+00
1.430295276641845703e+01
6.029384136199951172e+00
7.684068679809570312e+00
9.781846046447753906e+00
2.441290893554687500e+02
2.452799377441406250e+02
2.225107116699218750e+02
2.368452606201171875e+02
2.226135101318359375e+02
1.885731658935546875e+02
2.342061920166015625e+02
2.105202941894531250e+02
2.040036010742187500e+02
-6.950984954833984375e+00
-6.227847099304199219e+00
-2.421890735626220703e+00
-1.953808665275573730e+00
-4.382020950317382812e+00
-8.187004327774047852e-01
7.475547313690185547e+00
-5.628077983856201172e+00
-2.191456794738769531e+00
9.303336739540100098e-01
8.212306499481201172e-01
2.750542163848876953e-01
3.550877571105957031e-01
1.427089691162109375e+00
9.678465723991394043e-01
9.839780330657958984e-01
2.730400800704956055e+00
1.011394619941711426e+00
-3.124231338500976562e+00
-3.028904914855957031e+00
-6.732850074768066406e+00
-6.050926446914672852e-01
-4.580764770507812500e+00
-6.551368236541748047e+00
-4.528224945068359375e+00
-7.268014907836914062e+00
-5.767543315887451172e+00
6.031452178955078125e+01
5.469178390502929688e+01
4.107195281982421875e+01
7.756594848632812500e+01
6.645038604736328125e+01
5.182994079589843750e+01
8.408134460449218750e+01
6.725329589843750000e+01
5.069984054565429688e+01
-2.384230136871337891e+00
3.380264759063720703e+00
1.487352490425109863e+00
-1.052742719650268555e+00
8.283247947692871094e+00
4.666418075561523438e+00
1.717193484306335449e+00
9.630552291870117188e+00
4.421272754669189453e+00
-1.021269083023071289e+00
-1.316482543945312500e+00
-8.280833363533020020e-01
-1.850149273872375488e+00
-1.653969049453735352e+00
-2.454524040222167969e+00
-1.754487276077270508e+00
-1.141839861869812012e+00
-1.495875597000122070e+00
1.182787895202636719e+01
-1.584653186798095703e+01
-5.057186126708984375e+01
1.841363525390625000e+01
-2.927623033523559570e+00
-4.244587326049804688e+01
3.131912612915039062e+01
2.064706611633300781e+01
-1.964461326599121094e+01
-2.581436347961425781e+01
-1.100440979003906250e+01
1.516980743408203125e+01
-3.578311157226562500e+01
-1.185329246520996094e+01
3.166105651855468750e+01
-3.618994140625000000e+01
3.234828472137451172e+00
3.379220962524414062e+01
3.324396667480468750e+02
4.124131164550781250e+02
4.555346069335937500e+02
1.972971954345703125e+02
3.143605957031250000e+02
3.980119934082031250e+02
7.689598083496093750e+01
2.081288146972656250e+02
3.260045776367187500e+02
3.087822532653808594e+01
2.859790420532226562e+01
3.949682998657226562e+01
1.998585319519042969e+01
3.045804595947265625e+01
2.813731956481933594e+01
3.466547250747680664e+00
2.166287040710449219e+01
1.368097019195556641e+01
1.641264915466308594e+01
1.744470596313476562e+01
1.425607013702392578e+01
8.502009391784667969e+00
1.256945896148681641e+01
7.560969829559326172e+00
1.040032863616943359e+01
1.486625480651855469e+01
1.452405071258544922e+01
3.796269655227661133e+00
2.987566709518432617e+00
3.760590314865112305e+00
4.240864276885986328e+00
3.188323259353637695e+00
4.262227058410644531e+00
4.336840152740478516e+00
3.618805170059204102e+00
3.882967233657836914e+00
1.005832099914550781e+01
8.773824691772460938e+00
1.558902263641357422e+01
1.327364349365234375e+01
1.115790462493896484e+01
1.889666175842285156e+01
1.148179340362548828e+01
9.680342674255371094e+00
1.756738471984863281e+01
9.712932586669921875e+00
-6.010549545288085938e+00
2.599470520019531250e+01
-5.609037876129150391e+00
-2.161436080932617188e-01
3.831941223144531250e+01
1.987757682800292969e+01
1.996077537536621094e+01
4.644051742553710938e+01
7.291075229644775391e+00
1.468364596366882324e+00
7.841492652893066406e+00
6.957393646240234375e+00
2.399182796478271484e+00
9.701230049133300781e+00
4.022938251495361328e+00
-2.965312898159027100e-01
3.727171421051025391e+00
1.981697387695312500e+02
2.775420837402343750e+02
3.574671325683593750e+02
1.786856994628906250e+02
2.839516601562500000e+02
3.759872131347656250e+02
1.457489776611328125e+02
2.589824218750000000e+02
3.451753845214843750e+02
6.070769500732421875e+01
6.657985687255859375e+01
6.333260345458984375e+01
7.860807800292968750e+01
8.496322631835937500e+01
7.012654876708984375e+01
7.931658935546875000e+01
8.322657775878906250e+01
6.768289947509765625e+01
6.470882892608642578e+00
9.975371360778808594e-01
-5.547280907630920410e-01
3.158940315246582031e+00
-2.706671655178070068e-01
-1.239275455474853516e+00
2.598404645919799805e+00
4.557795524597167969e+00
2.525374889373779297e-01
1.032741012573242188e+02
1.056197738647460938e+02
9.349078369140625000e+01
1.000909118652343750e+02
1.014458160400390625e+02
9.336066436767578125e+01
9.853597259521484375e+01
1.056962738037109375e+02
9.887808990478515625e+01
3.372595214843750000e+02
3.335401916503906250e+02
3.223838195800781250e+02
3.088538208007812500e+02
3.054611511230468750e+02
2.965861816406250000e+02
2.330741119384765625e+02
2.335230560302734375e+02
2.171713714599609375e+02
2.424962234497070312e+01
2.515699195861816406e+01
1.249303627014160156e+01
2.409394264221191406e+01
1.952688026428222656e+01
1.134488487243652344e+01
1.694574165344238281e+01
1.969615364074707031e+01
1.703043365478515625e+01
4.332501602172851562e+01
4.463907241821289062e+01
4.558059692382812500e+01
4.558654022216796875e+01
4.451210021972656250e+01
3.871780776977539062e+01
4.323946380615234375e+01
4.394554519653320312e+01
3.698664093017578125e+01
5.147695922851562500e+02
5.138629150390625000e+02
4.871573486328125000e+02
5.002531433105468750e+02
5.083500061035156250e+02
4.852820129394531250e+02
4.431387939453125000e+02
4.708673095703125000e+02
4.543359375000000000e+02
1.614965515136718750e+02
2.238515319824218750e+02
2.702587280273437500e+02
1.245886230468750000e+02
1.896390380859375000e+02
2.155399475097656250e+02
1.525880584716796875e+02
1.736305847167968750e+02
1.884093170166015625e+02
4.358960876464843750e+02
3.567502136230468750e+02
3.234260253906250000e+02
4.166250915527343750e+02
3.463228454589843750e+02
3.267449340820312500e+02
3.976042785644531250e+02
3.316515502929687500e+02
3.243756103515625000e+02
9.203090667724609375e+01
9.082186889648437500e+01
6.436595916748046875e+01
8.656510925292968750e+01
6.799356842041015625e+01
7.076224517822265625e+01
6.772418212890625000e+01
3.865562057495117188e+01
5.786733627319335938e+01
1.335461711883544922e+01
1.364664936065673828e+01
1.221361351013183594e+01
1.082025814056396484e+01
1.006666564941406250e+01
1.308744430541992188e+01
1.012296581268310547e+01
1.032653808593750000e+01
1.309170341491699219e+01
7.991297245025634766e+00
5.284259796142578125e+00
6.671025753021240234e+00
6.443313121795654297e+00
4.808172225952148438e+00
5.463864326477050781e+00
4.751861572265625000e+00
3.890160799026489258e+00
4.655659675598144531e+00
-8.858644104003906250e+01
-9.734786224365234375e+01
-9.752795410156250000e+01
-8.960437774658203125e+01
-1.009042739868164062e+02
-9.951206970214843750e+01
-8.926105499267578125e+01
-9.841960906982421875e+01
-9.756804656982421875e+01
-1.035455322265625000e+01
-5.031469821929931641e+00
-3.680249691009521484e+00
2.456267547607421875e+01
4.777906799316406250e+01
3.372875213623046875e+01
6.813026428222656250e+01
9.009593200683593750e+01
6.839341735839843750e+01
3.489740371704101562e+01
2.928931045532226562e+01
3.145141410827636719e+01
3.162342071533203125e+01
2.572583198547363281e+01
2.927398109436035156e+01
2.241134452819824219e+01
2.196806716918945312e+01
2.697785186767578125e+01
5.026832962036132812e+01
-1.941050338745117188e+01
-7.805603027343750000e+01
9.758305358886718750e+01
3.350417709350585938e+01
-1.962402725219726562e+01
1.687666625976562500e+02
1.199461517333984375e+02
8.158605957031250000e+01
4.909082412719726562e+01
2.943539047241210938e+01
3.439995574951171875e+01
8.192867279052734375e+01
5.861125564575195312e+01
5.697215652465820312e+01
9.651886749267578125e+01
6.872418212890625000e+01
7.032516479492187500e+01
4.412092685699462891e+00
3.867196559906005859e+00
3.357900619506835938e+00
4.415595531463623047e+00
4.035383224487304688e+00
1.089576482772827148e+00
4.525928974151611328e+00
3.697363138198852539e+00
1.249188110232353210e-01
1.081561431884765625e+02
1.117105407714843750e+02
1.165557785034179688e+02
1.064362182617187500e+02
1.055326919555664062e+02
1.118181076049804688e+02
1.055736465454101562e+02
1.050337448120117188e+02
1.119379119873046875e+02
2.845349731445312500e+02
2.583502197265625000e+02
2.139759979248046875e+02
3.263948364257812500e+02
2.851229858398437500e+02
2.423386993408203125e+02
2.975287780761718750e+02
2.561392211914062500e+02
2.307468566894531250e+02
1.384017086029052734e+01
8.369230270385742188e+00
1.174694442749023438e+01
1.730058097839355469e+01
9.341873168945312500e+00
7.405840396881103516e+00
1.493224048614501953e+01
4.878307819366455078e+00
1.190330410003662109e+01
3.956064605712890625e+01
4.020496749877929688e+01
4.237725067138671875e+01
5.191829681396484375e+01
5.468923950195312500e+01
5.399798965454101562e+01
5.234240722656250000e+01
5.274933242797851562e+01
4.714698410034179688e+01
5.000833740234375000e+02
5.144539794921875000e+02
5.105212097167968750e+02
5.546828002929687500e+02
5.630908813476562500e+02
5.438921508789062500e+02
5.507870483398437500e+02
5.388670654296875000e+02
5.136828613281250000e+02
2.889281005859375000e+02
3.224589538574218750e+02
3.042568969726562500e+02
2.680545349121093750e+02
3.022064208984375000e+02
2.883076782226562500e+02
2.381834411621093750e+02
3.040092468261718750e+02
2.835604248046875000e+02
