1.979188110351562500e+03
1.435593627929687500e+03
2.508398895263671875e+02
1.035430175781250000e+03
5.616079711914062500e+02
4.037854003906250000e+03
9.761445312500000000e+02
3.244902099609375000e+03
3.181373291015625000e+02
4.106477539062500000e+03
4.106544433593750000e+03
1.366619750976562500e+03
1.502119750976562500e+03
5.824342285156250000e+03
6.518667602539062500e+01
1.100266479492187500e+03
1.556871459960937500e+03
2.068762817382812500e+02
2.432140625000000000e+03
6.036123046875000000e+03
2.353950439453125000e+03
2.952688720703125000e+03
3.271806640625000000e+03
1.731258056640625000e+03
5.363205566406250000e+02
6.421275329589843750e+01
8.329017333984375000e+02
2.107904663085937500e+02
2.522329101562500000e+03
1.124926834106445312e+02
1.138036010742187500e+03
8.191260986328125000e+02
6.710807037353515625e+01
6.114981460571289062e+01
1.173493194580078125e+01
6.478659057617187500e+01
2.655853080749511719e+01
1.938432312011718750e+02
3.906594085693359375e+01
1.446759338378906250e+02
1.986090469360351562e+01
1.887026672363281250e+02
2.220900421142578125e+02
7.453135681152343750e+01
6.739324951171875000e+01
1.686972656250000000e+02
2.482350111007690430e+00
5.465285491943359375e+01
7.799620056152343750e+01
9.973838806152343750e+00
1.049560241699218750e+02
2.725197448730468750e+02
1.131255722045898438e+02
1.670238952636718750e+02
1.584427185058593750e+02
8.779817962646484375e+01
2.708749198913574219e+01
1.143370985984802246e+00
4.861683654785156250e+01
1.137606430053710938e+01
1.261459503173828125e+02
5.166840076446533203e+00
2.906893539428710938e+01
3.807009506225585938e+01
9.744844055175781250e+01
5.643284606933593750e+01
1.681286573410034180e+00
-2.827353286743164062e+01
2.112558555603027344e+01
2.557023620605468750e+02
3.126828002929687500e+01
5.336323547363281250e+01
1.061543560028076172e+01
1.049842834472656250e+02
1.174793548583984375e+02
5.618995666503906250e+01
5.456948852539062500e+01
4.017174072265625000e+02
3.199802398681640625e+00
3.020896911621093750e+01
8.123802185058593750e+01
-2.893091201782226562e+00
1.149224777221679688e+02
3.602280273437500000e+02
1.334776763916015625e+02
1.124678268432617188e+02
2.749447021484375000e+02
6.158388519287109375e+01
-3.289477825164794922e+00
-9.799814224243164062e-01
-1.667865180969238281e+01
8.654820919036865234e-01
9.872982788085937500e+01
-2.812859773635864258e+00
2.031663894653320312e+01
3.317498016357421875e+01
1.230742549896240234e+01
8.759581565856933594e+00
1.065637469291687012e+00
7.905388355255126953e+00
1.987335205078125000e+00
1.274985504150390625e+01
5.092630863189697266e+00
2.196220588684082031e+01
2.050331830978393555e+00
4.023443603515625000e+01
2.786557769775390625e+01
9.960741996765136719e+00
1.221064758300781250e+01
2.202060890197753906e+01
-5.010053142905235291e-02
6.273560523986816406e+00
1.723297309875488281e+01
1.693245649337768555e+00
1.001789474487304688e+01
5.145488357543945312e+01
7.741854190826416016e+00
1.275494670867919922e+01
2.728629684448242188e+01
6.730730056762695312e+00
3.042710065841674805e+00
3.491222262382507324e-01
4.781742095947265625e+00
3.827310502529144287e-01
1.603550529479980469e+01
5.711736679077148438e-01
4.786284446716308594e+00
5.541605949401855469e+00
3.182328641414642334e-01
5.341951847076416016e-01
6.585914641618728638e-02
1.586137264966964722e-01
1.330731064081192017e-01
6.662030518054962158e-02
2.160001397132873535e-01
7.993153333663940430e-01
1.487499028444290161e-01
1.318696975708007812e+00
1.135600805282592773e-01
2.557923793792724609e-01
4.238063395023345947e-01
1.784991264343261719e+00
5.114105879329144955e-04
1.319452375173568726e-01
2.064173519611358643e-01
2.411574125289916992e-01
9.580274820327758789e-01
2.026477754116058350e-01
1.363458037376403809e-01
2.228962071239948273e-02
7.089600563049316406e-01
1.058751270174980164e-01
1.089548990130424500e-01
6.302824020385742188e-01
1.803315579891204834e-01
1.357856299728155136e-02
4.094788730144500732e-01
9.094308316707611084e-02
1.040862560272216797e+00
8.474348485469818115e-02
1.287413406372070312e+01
6.096283435821533203e+00
9.056874513626098633e-01
7.660449504852294922e+00
3.325282573699951172e+00
2.398334884643554688e+01
6.283108234405517578e+00
1.199939250946044922e+01
3.819618463516235352e+00
3.389715194702148438e+01
2.808968544006347656e+01
1.041463851928710938e+01
1.130985641479492188e+01
3.313372802734375000e+01
1.372271478176116943e-01
8.287523269653320312e+00
1.777508926391601562e+01
-4.877595305442810059e-01
7.964586734771728516e+00
6.860115814208984375e+01
1.408018779754638672e+01
1.735336685180664062e+01
4.333919906616210938e+01
6.985427856445312500e+00
2.897856950759887695e+00
1.633792184293270111e-03
4.913344383239746094e+00
9.025149047374725342e-02
2.035565376281738281e+01
-5.106763839721679688e-01
1.865184307098388672e+00
7.342572212219238281e+00
1.523334217071533203e+01
1.458336162567138672e+01
1.363659620285034180e+00
8.070050239562988281e+00
2.051665306091308594e+00
5.807240295410156250e+01
2.178033256530761719e+01
1.718224716186523438e+01
2.445884704589843750e+00
3.516566085815429688e+01
4.255110168457031250e+01
6.478055953979492188e+00
7.553821086883544922e+00
3.455430221557617188e+01
1.146041631698608398e+00
8.129202842712402344e+00
9.620103836059570312e+00
-2.413828849792480469e+00
7.705481052398681641e+00
7.705281066894531250e+01
1.066476440429687500e+01
3.296333694458007812e+01
3.382742309570312500e+01
2.155137825012207031e+01
7.104415893554687500e+00
-1.234795451164245605e+00
1.489518642425537109e+01
2.779952049255371094e+00
1.734101295471191406e+01
-1.111173257231712341e-01
-2.214089965820312500e+01
1.098267364501953125e+01
1.569503936767578125e+02
1.068289031982421875e+02
1.777294540405273438e+01
8.855548095703125000e+01
4.126805114746093750e+01
3.852695312500000000e+02
9.115964508056640625e+01
2.334871673583984375e+02
3.490003967285156250e+01
3.832480468750000000e+02
3.964414672851562500e+02
1.359216918945312500e+02
1.322562561035156250e+02
4.463768005371093750e+02
4.966871738433837891e+00
9.596210479736328125e+01
1.659917297363281250e+02
1.037540626525878906e+01
1.895592193603515625e+02
6.253096923828125000e+02
1.887057952880859375e+02
2.684438171386718750e+02
3.658262939453125000e+02
1.466445617675781250e+02
4.398139572143554688e+01
2.267368793487548828e+00
6.420806884765625000e+01
1.266975975036621094e+01
2.339411621093750000e+02
5.760625839233398438e+00
5.513082122802734375e+01
7.670068359375000000e+01
2.650869369506835938e+01
1.873439979553222656e+01
5.204807281494140625e+00
1.513276481628417969e+01
9.693984031677246094e+00
1.470112037658691406e+01
2.777454376220703125e+01
8.348426055908203125e+01
6.280295372009277344e+00
8.298499298095703125e+01
2.369931221008300781e+01
2.030899429321289062e+01
3.431497192382812500e+01
1.491141510009765625e+02
9.173652157187461853e-03
1.335767364501953125e+01
2.715863037109375000e+01
9.421659469604492188e+00
3.600892639160156250e+01
5.650681304931640625e+01
1.958229064941406250e+01
1.305063533782958984e+01
3.918393325805664062e+01
1.522866153717041016e+01
9.253432273864746094e+00
6.942470073699951172e+00
1.120708274841308594e+01
4.656760215759277344e+00
6.195336151123046875e+01
9.068050384521484375e+00
9.782137298583984375e+01
8.704483032226562500e+00
1.263435134887695312e+02
1.022720642089843750e+02
2.048725128173828125e+01
1.120740814208984375e+02
4.221262359619140625e+01
3.071928405761718750e+02
8.806788635253906250e+01
2.451673126220703125e+02
3.897798919677734375e+01
3.901546020507812500e+02
3.826958923339843750e+02
1.290890655517578125e+02
1.344724884033203125e+02
3.212037353515625000e+02
3.399800062179565430e+00
9.678539276123046875e+01
1.584242248535156250e+02
1.863323020935058594e+01
1.737073211669921875e+02
5.394483642578125000e+02
1.668659515380859375e+02
2.422688140869140625e+02
2.870502014160156250e+02
1.416616821289062500e+02
4.989348602294921875e+01
4.126260280609130859e+00
8.021558380126953125e+01
1.685332298278808594e+01
2.194081115722656250e+02
1.063549041748046875e+01
7.378312683105468750e+01
7.358039855957031250e+01
-2.774750709533691406e+00
-2.071275472640991211e+00
-3.180682063102722168e-01
-1.476287722587585449e+00
-1.588996648788452148e+00
-1.291581344604492188e+01
-2.419411659240722656e+00
-1.112783432006835938e+00
-8.307442069053649902e-01
-9.114485740661621094e+00
-1.238061523437500000e+01
-4.255681991577148438e+00
-3.429039955139160156e+00
-3.548743486404418945e+00
-7.776661962270736694e-02
-3.435451984405517578e+00
-7.428397178649902344e+00
1.747830808162689209e-01
-2.170782327651977539e+00
-2.078177833557128906e+01
-3.980193138122558594e+00
-9.346852302551269531e+00
-8.969772338867187500e+00
-2.937242984771728516e+00
-2.231508970260620117e+00
3.481413722038269043e-01
-1.211017489433288574e+00
-2.354240268468856812e-01
-5.827207565307617188e+00
2.417048513889312744e-01
4.772183418273925781e+00
-2.705493927001953125e+00
8.924982452392578125e+01
3.251280212402343750e+01
1.057967758178710938e+01
6.975523376464843750e+01
3.212623214721679688e+01
2.324811248779296875e+02
6.701576232910156250e+01
1.657777862548828125e+02
2.708081817626953125e+01
2.188412628173828125e+02
2.078780364990234375e+02
7.656018066406250000e+01
8.448627471923828125e+01
2.262892761230468750e+02
2.828061103820800781e+00
5.192522811889648438e+01
1.039949722290039062e+02
7.221206665039062500e+00
9.948631286621093750e+01
3.935438537597656250e+02
7.747801971435546875e+01
1.388872528076171875e+02
1.614445953369140625e+02
5.557444000244140625e+01
2.067463111877441406e+01
1.942053318023681641e+00
3.420473861694335938e+01
5.190816879272460938e+00
1.803872222900390625e+02
7.290416717529296875e+00
7.558760070800781250e+01
4.188929367065429688e+01
-5.859730720520019531e+00
-5.407615184783935547e+00
-1.938045144081115723e+00
-1.489645290374755859e+01
-3.409158229827880859e+00
-3.257979965209960938e+01
-2.524815177917480469e+01
-1.897381019592285156e+01
-4.008981704711914062e+00
-8.211374664306640625e+01
-4.833044052124023438e+01
-1.992309951782226562e+01
-2.352505874633789062e+01
-4.460174560546875000e+01
7.608263492584228516e-01
-1.341446113586425781e+01
-3.465723419189453125e+01
9.419180452823638916e-02
-6.563041210174560547e+00
-1.090699386596679688e+02
-1.421849155426025391e+01
-2.070015335083007812e+01
-4.952452850341796875e+01
-2.014443016052246094e+01
-5.695608139038085938e+00
6.681669950485229492e-01
-7.926758766174316406e+00
3.758423328399658203e-01
-4.228026199340820312e+01
1.880605220794677734e-01
-1.254141521453857422e+01
-1.255718898773193359e+01
1.838243865966796875e+01
-5.138017654418945312e+00
-2.122877359390258789e+00
-2.592814445495605469e+01
-2.037431716918945312e+01
1.012840347290039062e+02
1.628617858886718750e+01
-5.316540908813476562e+01
-7.605125904083251953e+00
-5.417830276489257812e+01
-4.907060241699218750e+01
-8.923813819885253906e+00
-2.588380813598632812e+00
7.586292266845703125e+01
2.017022371292114258e+00
7.970361709594726562e+00
-1.126334667205810547e+01
-1.354672241210937500e+01
-2.718031311035156250e+01
8.867454528808593750e+01
4.555891990661621094e+00
-1.047062516212463379e+00
6.123099136352539062e+01
7.344643115997314453e+00
-3.090558528900146484e+00
-2.484456062316894531e+00
-1.107435894012451172e+01
2.054094314575195312e+00
1.417291927337646484e+01
-9.684910774230957031e+00
-4.631047439575195312e+01
7.223531723022460938e+00
-1.369496107101440430e+00
-3.471727848052978516e+00
-1.432115077972412109e+00
-8.959181785583496094e+00
-2.847264528274536133e+00
-4.825068473815917969e+00
-2.213945388793945312e+00
-1.755657386779785156e+01
-2.167143344879150391e+00
-1.419966506958007812e+01
-1.639852142333984375e+01
-4.934402465820312500e+00
-6.480006694793701172e+00
-6.193025112152099609e+00
-2.229296267032623291e-01
-4.049785614013671875e+00
-4.021628379821777344e+00
-1.837267041206359863e+00
-9.011116981506347656e+00
-9.235318183898925781e+00
-7.464601039886474609e+00
-9.153515815734863281e+00
-6.839018821716308594e+00
-7.124739646911621094e+00
-3.594948291778564453e+00
-5.848855376243591309e-01
-4.275415420532226562e+00
-1.256545543670654297e+00
-1.047047805786132812e+01
-1.956646442413330078e+00
-6.655411243438720703e+00
-1.973037838935852051e+00
5.434889602661132812e+01
3.570257949829101562e+01
5.679408550262451172e+00
2.928586769104003906e+01
9.778282165527343750e+00
1.433297119140625000e+02
7.260155487060546875e+01
1.138223571777343750e+02
6.985143184661865234e+00
1.694895782470703125e+02
9.675492858886718750e+01
3.576176071166992188e+01
5.367348861694335938e+01
2.038294067382812500e+02
1.604859471321105957e+00
2.524031829833984375e+01
5.826716995239257812e+01
2.937418222427368164e+00
6.278135299682617188e+01
2.500267028808593750e+02
3.750149154663085938e+01
5.151916122436523438e+01
1.104677429199218750e+02
4.187365722656250000e+01
1.881481361389160156e+01
1.556012153625488281e+00
1.957110977172851562e+01
3.728449344635009766e+00
9.448777770996093750e+01
3.021403789520263672e+00
3.334694671630859375e+01
1.998561286926269531e+01
-2.215164899826049805e-01
-1.436669111251831055e+00
-4.070038795471191406e-01
-2.472384929656982422e+00
-2.514718770980834961e-01
-6.420401930809020996e-01
-7.885523438453674316e-01
-4.838816165924072266e+00
-4.656181633472442627e-01
-6.140024185180664062e+00
-1.984194278717041016e+00
-1.419353365898132324e+00
-2.244211912155151367e+00
-9.324082732200622559e-01
2.235324308276176453e-02
-1.230835914611816406e+00
-1.061113238334655762e+00
-7.604041695594787598e-01
-3.041992187500000000e+00
-4.595443725585937500e+00
-2.011612415313720703e+00
9.042135477066040039e-01
-4.491274833679199219e+00
-3.499795794486999512e-01
-1.609243154525756836e+00
-2.907143831253051758e-01
-3.795238733291625977e-01
-6.147066950798034668e-01
-3.540099620819091797e+00
-2.605035603046417236e-01
-3.617774009704589844e+00
-8.408495187759399414e-01
-6.078287887573242188e+01
-2.816160774230957031e+01
-8.287150382995605469e+00
-3.383847427368164062e+01
-1.195844650268554688e+01
-1.511736907958984375e+02
-5.764178466796875000e+01
-7.881343841552734375e+01
-1.522412204742431641e+01
-1.885365295410156250e+02
-1.460732116699218750e+02
-4.297687149047851562e+01
-5.302092361450195312e+01
-1.316953277587890625e+02
-3.088577687740325928e-01
-4.594261169433593750e+01
-5.718442535400390625e+01
-4.553304195404052734e+00
-5.803983688354492188e+01
-2.526587219238281250e+02
-6.344256973266601562e+01
-1.122312850952148438e+02
-1.542759399414062500e+02
-6.555809783935546875e+01
-1.867392921447753906e+01
-4.060730338096618652e-01
-3.604598999023437500e+01
-1.107959270477294922e+01
-1.108762588500976562e+02
-4.460037231445312500e+00
-1.547580432891845703e+01
-3.273324966430664062e+01
1.359504394531250000e+02
9.880831718444824219e+00
-1.214341735839843750e+01
-1.561003723144531250e+02
-4.376623153686523438e+01
5.615586547851562500e+02
4.740809249877929688e+01
-1.584977569580078125e+02
-4.388392639160156250e+01
-1.819048767089843750e+02
-1.935227355957031250e+02
-4.089742660522460938e+01
-6.872237682342529297e+00
6.870757446289062500e+02
8.981058120727539062e+00
-1.353404998779296875e+01
-2.339526557922363281e+01
-5.146163177490234375e+01
1.963061523437500000e+01
4.663466796875000000e+02
-2.581059265136718750e+01
-3.297795867919921875e+01
2.466401824951171875e+02
3.471438884735107422e-01
-1.824410820007324219e+01
-6.095728874206542969e+00
-6.632193756103515625e+01
-2.394110679626464844e+01
4.656601715087890625e+01
-2.255088615417480469e+01
-1.002906341552734375e+02
2.328838920593261719e+01
2.071629905700683594e+01
1.451059818267822266e+01
6.144144535064697266e+00
4.182233810424804688e+01
1.475718498229980469e+01
5.987767791748046875e+01
8.851264953613281250e+00
7.444917297363281250e+01
1.323050594329833984e+01
8.741390991210937500e+01
1.129276885986328125e+02
3.574954605102539062e+01
3.367804336547851562e+01
4.556464385986328125e+01
5.880071520805358887e-01
2.561376380920410156e+01
3.873199462890625000e+01
8.949300765991210938e+00
5.229977416992187500e+01
1.023184127807617188e+02
5.771997070312500000e+01
8.391224670410156250e+01
6.537373352050781250e+01
2.953355789184570312e+01
1.203939723968505859e+01
1.726353168487548828e+00
1.784615898132324219e+01
5.484138488769531250e+00
7.252895355224609375e+01
4.362295150756835938e+00
2.995752906799316406e+01
1.449981212615966797e+01
6.713214874267578125e+01
3.984224700927734375e+01
7.025417804718017578e+00
4.318761062622070312e+01
2.887941360473632812e+01
1.292651062011718750e+02
2.857906150817871094e+01
1.015216674804687500e+02
2.313446807861328125e+01
1.626618041992187500e+02
1.865305938720703125e+02
6.312061309814453125e+01
6.009668350219726562e+01
1.671412963867187500e+02
8.962522745132446289e-01
3.947349929809570312e+01
8.490318298339843750e+01
7.020554542541503906e+00
9.673995971679687500e+01
2.416484832763671875e+02
9.468847656250000000e+01
1.298138732910156250e+02
1.877672424316406250e+02
5.171886444091796875e+01
1.358940410614013672e+01
8.859671950340270996e-01
2.801158142089843750e+01
5.523501396179199219e+00
1.077431335449218750e+02
1.983178853988647461e+00
4.825749588012695312e+01
2.853972053527832031e+01
9.153902053833007812e+00
5.861483097076416016e+00
1.900663971900939941e-01
-1.972557544708251953e+00
1.598605275154113770e+00
4.317590332031250000e+01
5.310791015625000000e+00
-5.552257537841796875e+00
-3.330322206020355225e-01
1.568722820281982422e+01
2.506382560729980469e+01
7.146680831909179688e+00
3.406246662139892578e+00
3.656735229492187500e+01
5.391932129859924316e-01
4.105510711669921875e+00
4.852400779724121094e+00
-1.867184877395629883e+00
1.332217788696289062e+01
3.205884552001953125e+01
1.554675674438476562e+01
3.102776336669921875e+01
1.732800102233886719e+01
1.406247234344482422e+01
-7.652854323387145996e-01
-3.550015985965728760e-01
3.536918640136718750e+00
-8.516725301742553711e-01
2.813268423080444336e+00
-9.826902151107788086e-01
-8.629832267761230469e+00
3.588127374649047852e+00
6.670061111450195312e+00
1.187070465087890625e+01
5.589182853698730469e+00
1.963270378112792969e+01
7.009029865264892578e+00
3.045669937133789062e+01
3.231940269470214844e+00
6.482961273193359375e+01
9.009883880615234375e+00
4.205263137817382812e+01
4.910498809814453125e+01
1.760072898864746094e+01
2.741426849365234375e+01
4.273889160156250000e+01
2.551200240850448608e-02
1.476686763763427734e+01
2.523512840270996094e+01
7.680103302001953125e+00
3.250033950805664062e+01
4.899200439453125000e+01
2.346708106994628906e+01
3.118482589721679688e+01
3.827435302734375000e+01
1.432921791076660156e+01
9.891298294067382812e+00
1.970560193061828613e+00
7.667232036590576172e+00
5.760951519012451172e+00
5.572529983520507812e+01
5.189192295074462891e+00
3.470959091186523438e+01
8.579541206359863281e+00
7.326376953125000000e+02
4.344588623046875000e+02
5.849101257324218750e+01
3.918236694335937500e+02
6.474999237060546875e+01
1.170364379882812500e+03
5.543590087890625000e+02
1.086425292968750000e+03
1.171542587280273438e+02
1.340092651367187500e+03
1.194843994140625000e+03
4.185357360839843750e+02
5.381960449218750000e+02
2.090603515625000000e+03
1.498165702819824219e+01
3.529066162109375000e+02
5.201592407226562500e+02
2.504536247253417969e+01
6.895158691406250000e+02
2.635577636718750000e+03
5.764043579101562500e+02
6.746279296875000000e+02
1.504835327148437500e+03
4.775293579101562500e+02
1.504785766601562500e+02
2.169731521606445312e+01
1.816675720214843750e+02
2.955497360229492188e+01
9.704180908203125000e+02
2.203531646728515625e+01
3.861509399414062500e+02
2.592784729003906250e+02
3.316832351684570312e+01
2.977947425842285156e+01
7.495460987091064453e+00
2.745768737792968750e+01
1.020091152191162109e+01
7.325401306152343750e+01
2.646627998352050781e+01
1.142045059204101562e+02
7.496254444122314453e+00
6.650438690185546875e+01
8.373983001708984375e+01
3.040265083312988281e+01
3.826176452636718750e+01
1.241436004638671875e+02
7.638634443283081055e-01
2.659485054016113281e+01
2.994659996032714844e+01
8.540433883666992188e+00
5.966991424560546875e+01
1.109152755737304688e+02
5.487421035766601562e+01
5.663306427001953125e+01
5.695531845092773438e+01
3.830486297607421875e+01
1.879359436035156250e+01
2.511889457702636719e+00
1.987850189208984375e+01
6.494470596313476562e+00
6.406916809082031250e+01
5.532217502593994141e+00
4.321147918701171875e+01
1.537901592254638672e+01
5.148110961914062500e+01
2.562075996398925781e+01
6.484685897827148438e+00
3.039035606384277344e+01
1.106281089782714844e+01
1.401788330078125000e+02
2.393735504150390625e+01
9.212784576416015625e+01
1.503938770294189453e+01
1.389010162353515625e+02
1.291909027099609375e+02
5.158901596069335938e+01
5.235238647460937500e+01
1.731613769531250000e+02
1.442113280296325684e+00
3.562068557739257812e+01
6.269703674316406250e+01
5.657886505126953125e+00
6.681109619140625000e+01
2.114944458007812500e+02
6.305610275268554688e+01
1.045865097045898438e+02
1.258161315917968750e+02
4.780730056762695312e+01
1.374834728240966797e+01
2.591528892517089844e+00
2.186133384704589844e+01
5.178569793701171875e+00
9.840580749511718750e+01
3.086457014083862305e+00
4.825891876220703125e+01
2.628019142150878906e+01
7.998013496398925781e+00
7.738827228546142578e+00
1.817198514938354492e+00
9.801181793212890625e+00
4.687491416931152344e+00
2.309112167358398438e+01
7.006706237792968750e+00
3.019156455993652344e+01
3.835580587387084961e+00
3.264226531982421875e+01
2.857729911804199219e+01
1.141457366943359375e+01
1.370109844207763672e+01
2.911745071411132812e+01
1.222808212041854858e-01
7.548527240753173828e+00
1.439009380340576172e+01
3.570317745208740234e+00
2.153981971740722656e+01
3.775904083251953125e+01
1.665980339050292969e+01
1.813574218750000000e+01
2.303917503356933594e+01
7.040302276611328125e+00
5.076861381530761719e+00
1.309054851531982422e+00
6.273065567016601562e+00
2.276343584060668945e+00
1.569857883453369141e+01
1.881151795387268066e+00
1.448174285888671875e+01
5.295128345489501953e+00
2.507652587890625000e+02
2.541334686279296875e+02
8.666802978515625000e+01
5.964169311523437500e+02
2.159168243408203125e+02
7.999852905273437500e+02
1.585255279541015625e+02
4.072132873535156250e+02
1.356830749511718750e+02
7.285236816406250000e+02
1.620349121093750000e+03
3.358283996582031250e+02
2.057667846679687500e+02
-5.989083862304687500e+02
9.691390991210937500e+00
3.120690612792968750e+02
2.262203063964843750e+02
5.581824111938476562e+01
4.102062072753906250e+02
8.674896240234375000e+02
7.115844726562500000e+02
1.007850585937500000e+03
5.929083251953125000e+02
4.712933044433593750e+02
1.729250488281250000e+02
-2.295889472961425781e+01
3.849498596191406250e+02
5.937404251098632812e+01
3.609763793945312500e+02
1.610984992980957031e+01
-2.912339172363281250e+02
2.028238525390625000e+02
-4.710262775421142578e+00
-1.826828122138977051e+00
-2.532004415988922119e-01
-1.081534504890441895e+00
-8.131394982337951660e-01
-1.249879455566406250e+01
-2.705649137496948242e+00
-2.939352273941040039e+00
-4.403447508811950684e-01
-7.641132354736328125e+00
-6.689811229705810547e+00
-2.750103950500488281e+00
-3.847951412200927734e+00
-2.081232643127441406e+01
-1.162401214241981506e-01
-2.140525102615356445e+00
-3.529445409774780273e+00
-6.509377062320709229e-02
-5.638080120086669922e+00
-1.543564128875732422e+01
-3.524337768554687500e+00
-5.904869556427001953e+00
-8.043521881103515625e+00
-2.400832414627075195e+00
-8.090543150901794434e-01
-1.074031740427017212e-01
-1.010245203971862793e+00
-3.823039829730987549e-01
-5.636160850524902344e+00
1.757669262588024139e-02
-3.542650938034057617e+00
-1.726120591163635254e+00
4.430598449707031250e+01
4.670442962646484375e+01
6.250913143157958984e+00
4.732627487182617188e+01
1.606665039062500000e+01
6.669344329833984375e+01
3.284988784790039062e+01
8.289622497558593750e+01
1.068458747863769531e+01
1.497131042480468750e+02
1.268245315551757812e+02
4.609520339965820312e+01
4.429795455932617188e+01
9.889739990234375000e+01
1.132923960685729980e+00
3.167042160034179688e+01
5.522113800048828125e+01
7.597199916839599609e+00
5.656427001953125000e+01
1.602043762207031250e+02
4.736571884155273438e+01
7.025605773925781250e+01
6.756422424316406250e+01
4.496472167968750000e+01
2.195025444030761719e+01
4.235100269317626953e+00
4.405566024780273438e+01
4.397798061370849609e+00
5.320375823974609375e+01
4.518832683563232422e+00
3.238532638549804688e+01
2.351724052429199219e+01
9.196780323982238770e-01
-8.993649482727050781e-01
-2.478908598423004150e-01
-2.245773553848266602e+00
-5.022074580192565918e-01
-3.039899826049804688e+00
1.207202672958374023e+00
1.899447739124298096e-01
-5.159721970558166504e-01
1.152407407760620117e+00
-7.968445777893066406e+00
-1.067486047744750977e+00
-9.811407327651977539e-02
9.720482826232910156e+00
-6.560786161571741104e-03
-9.058716297149658203e-01
-1.882579624652862549e-01
-4.296376705169677734e-01
-2.987517118453979492e+00
-1.522190928459167480e+00
-4.459295272827148438e+00
-3.106391429901123047e+00
-1.831248402595520020e+00
-3.645206987857818604e-01
-1.159440398216247559e+00
1.131832785904407501e-02
-3.553593754768371582e-01
-4.832286834716796875e-01
-1.539153456687927246e-01
-2.579806447029113770e-01
6.218585491180419922e+00
-4.062400162220001221e-01
2.892199516296386719e+01
5.008249282836914062e+00
2.720633983612060547e+00
1.515219306945800781e+01
7.811818122863769531e+00
6.858349609375000000e+01
1.927394104003906250e+01
3.575537872314453125e+01
6.577240467071533203e+00
7.249491882324218750e+01
6.748578643798828125e+01
2.291341972351074219e+01
2.712562942504882812e+01
9.737734222412109375e+01
6.754885911941528320e-01
1.824347877502441406e+01
3.198647880554199219e+01
1.559474706649780273e+00
3.677674102783203125e+01
1.063003387451171875e+02
2.686919784545898438e+01
4.184340667724609375e+01
6.201673126220703125e+01
2.222308731079101562e+01
6.662838935852050781e+00
4.162096083164215088e-01
8.870822906494140625e+00
1.993695139884948730e+00
5.152796554565429688e+01
-4.934549033641815186e-01
2.653934097290039062e+01
1.179780197143554688e+01
7.148818206787109375e+01
4.602454757690429688e+01
6.653983116149902344e+00
1.497289848327636719e+01
1.391697025299072266e+01
1.265121154785156250e+02
3.156773757934570312e+01
8.814016723632812500e+01
1.142395210266113281e+01
1.258076171875000000e+02
1.084320602416992188e+02
4.269309234619140625e+01
4.394856643676757812e+01
2.305872497558593750e+02
1.715465188026428223e+00
3.329415893554687500e+01
5.332471084594726562e+01
4.058986663818359375e+00
7.555152130126953125e+01
2.215806121826171875e+02
8.059187316894531250e+01
8.904058074951171875e+01
1.360592346191406250e+02
4.555682754516601562e+01
1.082508659362792969e+01
1.710246682167053223e+00
2.299263191223144531e+01
4.993831634521484375e+00
7.365080261230468750e+01
3.044193983078002930e+00
4.319151687622070312e+01
2.741463851928710938e+01
7.508473205566406250e+01
4.876321029663085938e+01
1.029654502868652344e+01
5.295825576782226562e+01
1.828075790405273438e+01
1.609373321533203125e+02
5.034656906127929688e+01
1.419077911376953125e+02
1.636853599548339844e+01
1.944566802978515625e+02
1.720180511474609375e+02
6.514376831054687500e+01
7.230047607421875000e+01
2.175312500000000000e+02
2.165487051010131836e+00
4.754802703857421875e+01
7.445069885253906250e+01
1.006773948669433594e+01
1.012213897705078125e+02
2.715410766601562500e+02
8.699923706054687500e+01
1.141156768798828125e+02
1.411442413330078125e+02
7.087274932861328125e+01
2.588689994812011719e+01
2.956396579742431641e+00
3.585646057128906250e+01
9.125851631164550781e+00
1.177870941162109375e+02
5.430108070373535156e+00
5.990352630615234375e+01
3.384533309936523438e+01
1.307074737548828125e+02
9.014366149902343750e+01
1.359932136535644531e+01
8.279914093017578125e+01
3.153195571899414062e+01
2.958597717285156250e+02
7.715045928955078125e+01
1.778543853759765625e+02
2.686288833618164062e+01
3.128993835449218750e+02
3.260422363281250000e+02
1.074138259887695312e+02
9.765267181396484375e+01
2.863239746093750000e+02
3.342291116714477539e+00
7.686126708984375000e+01
1.200179748535156250e+02
6.624639511108398438e+00
1.296655578613281250e+02
4.888279724121093750e+02
1.404387817382812500e+02
2.236377716064453125e+02
2.820568847656250000e+02
1.210322875976562500e+02
3.799836349487304688e+01
-7.683350890874862671e-02
6.977276611328125000e+01
1.021342182159423828e+01
1.609586639404296875e+02
2.952278614044189453e+00
1.706086730957031250e+01
6.269474411010742188e+01
-5.967358398437500000e+01
-1.561406040191650391e+01
-7.679718017578125000e+00
-6.425258636474609375e+01
-1.623158073425292969e+01
-1.288887481689453125e+02
-5.573188781738281250e+01
-6.755809020996093750e+01
-1.127154827117919922e+01
-1.838445739746093750e+02
-1.588668060302734375e+02
-4.893451309204101562e+01
-4.928400421142578125e+01
-1.030459289550781250e+02
-6.552273035049438477e-01
-4.092431640625000000e+01
-5.323303604125976562e+01
-4.315210342407226562e+00
-5.758510208129882812e+01
-2.061566925048828125e+02
-6.768193817138671875e+01
-9.676174163818359375e+01
-6.777716827392578125e+01
-4.716756820678710938e+01
-2.434585189819335938e+01
-1.261837363243103027e+00
-4.353233718872070312e+01
-3.651588678359985352e+00
-6.525164794921875000e+01
-2.843453645706176758e+00
-1.241871833801269531e+01
-2.475580024719238281e+01
2.407097015380859375e+02
1.585521545410156250e+02
2.771778678894042969e+01
1.747353820800781250e+02
5.262732696533203125e+01
5.450927124023437500e+02
1.575429382324218750e+02
3.978559265136718750e+02
4.623097610473632812e+01
5.568404541015625000e+02
6.056204833984375000e+02
2.018534851074218750e+02
1.979068603515625000e+02
6.924342651367187500e+02
6.862393379211425781e+00
1.532961730957031250e+02
2.022025451660156250e+02
1.653647041320800781e+01
3.000610961914062500e+02
8.869923706054687500e+02
2.811723327636718750e+02
4.085361022949218750e+02
4.537020874023437500e+02
2.243455657958984375e+02
7.418210601806640625e+01
3.953887462615966797e+00
1.102590789794921875e+02
2.372624778747558594e+01
3.287966918945312500e+02
8.018980979919433594e+00
8.701096343994140625e+01
1.142210845947265625e+02
7.777680397033691406e+00
6.864983081817626953e+00
-1.022672295570373535e+00
-1.292565059661865234e+01
-3.909548521041870117e+00
1.865404129028320312e+01
3.219322204589843750e+00
2.162032318115234375e+01
-4.703694820404052734e+00
2.576177597045898438e+01
-6.064480209350585938e+01
-7.825064659118652344e+00
9.254466056823730469e+00
1.188220901489257812e+02
1.508171319961547852e+00
-5.474086284637451172e+00
2.083236694335937500e+00
2.153570652008056641e-01
1.224037265777587891e+01
7.226547241210937500e+00
-4.460014724731445312e+01
-4.658797454833984375e+01
-2.375426864624023438e+01
9.536697864532470703e-01
5.307460784912109375e+00
1.004481673240661621e+00
6.046711206436157227e-01
2.535915374755859375e+00
7.686756134033203125e+00
4.125354290008544922e-01
3.517248535156250000e+01
-1.537289023399353027e+00
8.379247665405273438e+00
1.621993064880371094e+01
1.364173293113708496e+00
1.235585308074951172e+01
9.042955040931701660e-01
1.345506381988525391e+01
2.616098642349243164e+00
8.259057998657226562e+00
1.555573225021362305e+00
2.503149795532226562e+01
3.014902305603027344e+01
1.425125026702880859e+01
1.138243293762207031e+01
2.961285018920898438e+01
1.688604354858398438e-01
9.853690147399902344e+00
3.411427497863769531e+00
4.755781888961791992e-01
1.173157691955566406e+01
3.669435501098632812e+01
1.616813468933105469e+01
2.350415229797363281e+01
1.755548477172851562e+01
1.900934028625488281e+01
4.768240928649902344e+00
0.000000000000000000e+00
9.219085693359375000e+00
1.016912937164306641e+00
4.673213481903076172e+00
0.000000000000000000e+00
1.503561258316040039e+00
7.026576995849609375e+00
7.383703613281250000e+01
5.574777603149414062e+01
1.071940135955810547e+01
4.365565872192382812e+01
2.629313278198242188e+01
1.773249511718750000e+02
4.470923995971679688e+01
1.301806793212890625e+02
1.579456329345703125e+01
1.731104125976562500e+02
1.826644439697265625e+02
6.141334915161132812e+01
6.689343261718750000e+01
2.550823974609375000e+02
2.449884176254272461e+00
4.657093429565429688e+01
6.380096054077148438e+01
8.941351890563964844e+00
1.175029678344726562e+02
2.424617156982421875e+02
1.203208007812500000e+02
1.389429931640625000e+02
1.673510131835937500e+02
8.063811492919921875e+01
2.270022392272949219e+01
2.527708530426025391e+00
4.105979537963867188e+01
8.670057296752929688e+00
9.109587097167968750e+01
4.110616683959960938e+00
5.430556488037109375e+01
3.186079216003417969e+01
9.231112670898437500e+01
7.171842193603515625e+01
1.299123382568359375e+01
4.995415878295898438e+01
2.579682350158691406e+01
2.165621795654296875e+02
4.644724655151367188e+01
1.586585388183593750e+02
2.346702194213867188e+01
2.259038696289062500e+02
2.544463195800781250e+02
8.504743957519531250e+01
8.635481262207031250e+01
2.956560974121093750e+02
3.353224754333496094e+00
6.038023376464843750e+01
9.516197204589843750e+01
1.251339530944824219e+01
1.437235107421875000e+02
3.439915161132812500e+02
1.392464141845703125e+02
1.791460571289062500e+02
2.341553039550781250e+02
8.854179382324218750e+01
2.498245429992675781e+01
3.238314390182495117e+00
3.937975692749023438e+01
1.029505252838134766e+01
1.477248687744140625e+02
5.339444160461425781e+00
6.778577423095703125e+01
4.371437835693359375e+01
-4.797386229038238525e-01
-9.722088575363159180e-01
-7.970362901687622070e-01
-2.648094654083251953e+00
-1.089319705963134766e+00
1.251428842544555664e+00
-1.340440273284912109e+00
-8.412339210510253906e+00
-1.174975395202636719e+00
-5.724498271942138672e+00
-1.341437816619873047e+00
-1.410862684249877930e+00
-3.292779922485351562e+00
-6.364997863769531250e+00
1.689755171537399292e-02
-7.880074381828308105e-01
-1.282452225685119629e+00
-1.752190947532653809e+00
-5.067891120910644531e+00
1.012368679046630859e+00
-2.064278841018676758e+00
7.665714621543884277e-02
-1.815666556358337402e+00
-6.653278470039367676e-01
-9.693093299865722656e-01
-1.528990268707275391e+00
-2.188063859939575195e+00
-6.125488281250000000e-01
-3.288729429244995117e+00
-1.841846823692321777e+00
-1.215325641632080078e+01
-2.478820681571960449e-01
5.798225097656250000e+02
4.041139221191406250e+02
6.021414947509765625e+01
2.711895446777343750e+02
1.593261108398437500e+02
1.379577880859375000e+03
4.243084106445312500e+02
8.022174072265625000e+02
1.379002532958984375e+02
1.525690429687500000e+03
1.383771362304687500e+03
4.761614685058593750e+02
4.985980834960937500e+02
1.549989501953125000e+03
1.362293910980224609e+01
3.275309448242187500e+02
6.812001342773437500e+02
5.200044250488281250e+01
6.510252685546875000e+02
2.340270507812500000e+03
7.395395507812500000e+02
8.542831420898437500e+02
1.515864990234375000e+03
5.475893554687500000e+02
1.612069396972656250e+02
4.601413726806640625e+00
2.009482574462890625e+02
4.990609741210937500e+01
7.964121093750000000e+02
1.682014083862304688e+01
2.720074157714843750e+02
2.847267150878906250e+02
-3.631093263626098633e+00
-4.407900810241699219e+00
-2.926748991012573242e-01
-1.943646788597106934e+00
-1.894029617309570312e+00
-4.529596328735351562e+00
-3.000601828098297119e-01
2.238319516181945801e-01
-2.783887088298797607e-02
-5.348651885986328125e+00
-1.129629802703857422e+01
-3.402472496032714844e+00
-7.815581560134887695e-01
-1.039667797088623047e+01
-2.498429268598556519e-03
-2.987109422683715820e+00
-1.618988513946533203e+00
2.797071337699890137e-01
-2.609626054763793945e+00
-4.867296218872070312e+00
-7.623297691345214844e+00
-1.354089450836181641e+01
-3.911006927490234375e+00
-6.572973728179931641e+00
9.463727474212646484e-04
-1.684609055519104004e-02
-6.428476810455322266e+00
-4.796211421489715576e-01
3.647815585136413574e-01
-1.658109761774539948e-02
1.449250221252441406e+00
-1.446453809738159180e+00
3.907824707031250000e+01
2.171115303039550781e+01
4.248762607574462891e+00
1.699943733215332031e+01
9.539704322814941406e+00
1.176510696411132812e+02
1.824740600585937500e+01
7.116053009033203125e+01
7.765571594238281250e+00
7.568926239013671875e+01
8.055448150634765625e+01
2.722186279296875000e+01
3.027452278137207031e+01
1.221672134399414062e+02
1.195641279220581055e+00
2.068500518798828125e+01
3.271171188354492188e+01
2.668662548065185547e+00
6.395655059814453125e+01
1.473097839355468750e+02
3.536922836303710938e+01
6.261681365966796875e+01
9.410192871093750000e+01
2.847574615478515625e+01
9.030564308166503906e+00
7.697915434837341309e-01
5.789598464965820312e+00
4.111680030822753906e+00
6.209934616088867188e+01
1.455087184906005859e+00
1.650871467590332031e+01
1.229858779907226562e+01
5.836456298828125000e+01
3.615966796875000000e+01
1.128044891357421875e+01
6.955010986328125000e+01
2.231023406982421875e+01
1.145421752929687500e+02
4.246040725708007812e+01
1.675022430419921875e+02
1.843716430664062500e+01
1.958564605712890625e+02
1.837560272216796875e+02
6.571309661865234375e+01
7.456635284423828125e+01
1.711133422851562500e+02
8.671751022338867188e-01
4.693959045410156250e+01
7.210407257080078125e+01
1.301285266876220703e+01
9.295900726318359375e+01
2.295361175537109375e+02
8.556893920898437500e+01
1.238272476196289062e+02
1.195465850830078125e+02
5.034847640991210938e+01
2.932810401916503906e+01
3.799442052841186523e+00
3.740757369995117188e+01
8.659654617309570312e+00
1.236927795410156250e+02
7.578077793121337891e+00
6.845162963867187500e+01
2.947189903259277344e+01
-2.465755119919776917e-02
1.148868352174758911e-01
-1.045607728883624077e-03
5.719676241278648376e-02
-9.131757169961929321e-02
8.960165828466415405e-02
-4.121955018490552902e-03
1.052508503198623657e-01
2.439753524959087372e-02
-5.205190740525722504e-03
-8.072321116924285889e-02
-1.328538730740547180e-02
3.475423902273178101e-02
1.130935177206993103e-02
1.347955688834190369e-02
1.954691857099533081e-02
6.946721114218235016e-03
1.073831226676702499e-04
2.745310775935649872e-02
2.421230971813201904e-01
1.980544999241828918e-02
-4.877727478742599487e-02
1.318844854831695557e-01
3.326509892940521240e-02
4.975714720785617828e-03
0.000000000000000000e+00
2.614517288748174906e-04
7.301040459424257278e-04
-1.651512831449508667e-02
1.437300629913806915e-02
2.335930615663528442e-02
2.497399970889091492e-02
1.687612915039062500e+02
1.039653015136718750e+02
1.357869243621826172e+01
6.856041717529296875e+01
4.175879669189453125e+01
4.117512207031250000e+02
7.434298706054687500e+01
1.828526153564453125e+02
3.483930969238281250e+01
3.499014282226562500e+02
3.914283447265625000e+02
1.262509460449218750e+02
1.153417892456054688e+02
3.920711669921875000e+02
5.505746841430664062e+00
8.737567138671875000e+01
1.620866851806640625e+02
6.991610050201416016e+00
1.843438568115234375e+02
5.991824951171875000e+02
1.886463317871093750e+02
2.586219482421875000e+02
3.596091918945312500e+02
1.433155975341796875e+02
3.558878707885742188e+01
4.626997113227844238e-01
5.967362976074218750e+01
1.253934860229492188e+01
2.072349548339843750e+02
7.607381343841552734e-01
2.025042343139648438e+01
7.178336334228515625e+01
3.057230224609375000e+02
2.114214324951171875e+02
3.663341903686523438e+01
2.082558898925781250e+02
8.391010284423828125e+01
6.657460937500000000e+02
1.896895446777343750e+02
4.415863952636718750e+02
6.884497833251953125e+01
8.211170654296875000e+02
8.237750244140625000e+02
2.735879516601562500e+02
2.610799560546875000e+02
7.475336914062500000e+02
7.138797283172607422e+00
1.986524047851562500e+02
3.142234497070312500e+02
2.419906044006347656e+01
3.691235961914062500e+02
1.144905395507812500e+03
3.705608520507812500e+02
5.201265869140625000e+02
6.335427246093750000e+02
2.998839721679687500e+02
9.116260528564453125e+01
6.096940517425537109e+00
1.535807952880859375e+02
2.809779357910156250e+01
4.295481872558593750e+02
1.011709690093994141e+01
1.155809326171875000e+02
1.481600341796875000e+02
2.021877441406250000e+02
1.233176422119140625e+02
2.412202262878417969e+01
8.799678039550781250e+01
4.993524932861328125e+01
4.171298217773437500e+02
8.919498443603515625e+01
2.895890197753906250e+02
4.960103988647460938e+01
4.048897094726562500e+02
5.213902587890625000e+02
2.004869537353515625e+02
1.682912139892578125e+02
6.358098144531250000e+02
4.165426731109619141e+00
1.320729370117187500e+02
2.201420440673828125e+02
1.917045021057128906e+01
1.976302947998046875e+02
7.665484619140625000e+02
2.960317687988281250e+02
4.195729980468750000e+02
4.338769836425781250e+02
1.888156738281250000e+02
5.427596664428710938e+01
4.307626724243164062e+00
8.702104187011718750e+01
1.487448787689208984e+01
2.524000701904296875e+02
1.118907451629638672e+01
1.054630889892578125e+02
1.063341293334960938e+02
-2.831421852111816406e+01
-3.672476196289062500e+01
-2.519285917282104492e+00
-2.725771713256835938e+01
-7.648291587829589844e+00
-6.641394042968750000e+01
-1.240754222869873047e+01
-4.770054244995117188e+01
-5.376663684844970703e+00
-9.413314819335937500e+01
-8.558044433593750000e+01
-2.731743431091308594e+01
-2.198677444458007812e+01
-5.161948394775390625e+01
-1.286346793174743652e+00
-1.526120281219482422e+01
-2.550227928161621094e+01
-2.202666521072387695e+00
-3.645516967773437500e+01
-8.587618255615234375e+01
-3.785854339599609375e+01
-5.014967346191406250e+01
-6.055111312866210938e+01
-4.375101470947265625e+01
-1.063994503021240234e+01
-2.815183103084564209e-01
-2.124730300903320312e+01
-3.459066629409790039e+00
-3.095105361938476562e+01
-1.444016098976135254e+00
-5.214266300201416016e+00
-1.274857044219970703e+01
1.534540176391601562e+01
1.143286705017089844e+01
1.543744325637817383e+00
5.277620315551757812e+00
3.662011861801147461e+00
4.474444198608398438e+01
4.776988029479980469e+00
1.625592994689941406e+01
4.559052944183349609e+00
3.160128974914550781e+01
3.994688034057617188e+01
1.203594970703125000e+01
1.059848594665527344e+01
2.899724388122558594e+01
5.466693043708801270e-01
9.334321975708007812e+00
1.772501373291015625e+01
1.188235998153686523e+00
1.885721969604492188e+01
5.652291107177734375e+01
2.094121551513671875e+01
2.797599601745605469e+01
3.871690750122070312e+01
1.620365333557128906e+01
2.779754877090454102e+00
2.457935661077499390e-01
7.548107624053955078e+00
1.750271439552307129e+00
2.152131271362304688e+01
2.875181436538696289e-01
2.087683677673339844e+00
8.295226097106933594e+00
1.044521617889404297e+01
2.853544235229492188e+01
9.615766525268554688e+00
5.008018493652343750e+01
1.250328063964843750e+01
2.445313072204589844e+01
7.329634666442871094e+00
1.315093536376953125e+02
1.359852409362792969e+01
8.505471038818359375e+01
8.890599822998046875e+01
3.497995376586914062e+01
4.856796646118164062e+01
4.914658355712890625e+01
-1.834224313497543335e-01
2.557342910766601562e+01
2.929462242126464844e+01
1.685883140563964844e+01
6.386336898803710938e+01
5.587277221679687500e+01
5.202633285522460938e+01
4.931017303466796875e+01
5.484130477905273438e+01
2.075848579406738281e+01
2.185776519775390625e+01
3.965221405029296875e+00
1.619562530517578125e+01
1.189384937286376953e+01
7.001161956787109375e+01
1.040201568603515625e+01
6.980558013916015625e+01
1.411633872985839844e+01
5.228266525268554688e+01
3.125822067260742188e+01
5.941217899322509766e+00
3.285723495483398438e+01
1.961157226562500000e+01
1.422447509765625000e+02
3.381623077392578125e+01
7.926442718505859375e+01
1.773882293701171875e+01
1.617061767578125000e+02
1.485930938720703125e+02
5.474829101562500000e+01
5.278057861328125000e+01
1.586901855468750000e+02
7.478452324867248535e-01
3.629569625854492188e+01
8.182533264160156250e+01
3.992188930511474609e+00
5.186265182495117188e+01
2.502152252197265625e+02
8.098697662353515625e+01
9.314311981201171875e+01
1.565751037597656250e+02
5.139337158203125000e+01
1.457066154479980469e+01
7.707148194313049316e-01
2.210311698913574219e+01
2.468610763549804688e+00
1.044098968505859375e+02
9.426029324531555176e-01
2.849878311157226562e+01
3.150263977050781250e+01
4.170982971191406250e+02
2.045810852050781250e+02
1.394058227539062500e+02
6.048373413085937500e+02
1.557043457031250000e+02
-8.241914367675781250e+01
4.189316101074218750e+02
1.062394409179687500e+03
1.588349761962890625e+02
2.373160400390625000e+03
1.305555175781250000e+03
4.535680236816406250e+02
6.903027343750000000e+02
1.884366821289062500e+03
5.954566478729248047e+00
4.373811645507812500e+02
7.468338623046875000e+02
2.132337188720703125e+02
4.821205444335937500e+02
1.240354370117187500e+03
1.162717819213867188e+02
7.306500244140625000e+02
-5.469235992431640625e+01
1.251773834228515625e+02
1.994876708984375000e+02
2.028818511962890625e+02
8.370587158203125000e+02
-2.267475128173828125e+00
6.921078491210937500e+02
9.577197265625000000e+01
1.548729614257812500e+03
3.255398254394531250e+02
5.775683212280273438e+01
2.650180816650390625e+01
3.261089801788330078e+00
9.150721549987792969e+00
1.130866622924804688e+01
1.292965240478515625e+02
2.759041595458984375e+01
5.401097106933593750e+01
7.769999504089355469e+00
1.019066543579101562e+02
9.248674011230468750e+01
3.351200103759765625e+01
3.457453155517578125e+01
1.742133483886718750e+02
2.311112403869628906e+00
2.313923263549804688e+01
4.648101043701171875e+01
1.606249451637268066e+00
5.904901123046875000e+01
1.871928710937500000e+02
4.993640518188476562e+01
7.137964630126953125e+01
1.103388595581054688e+02
3.552336883544921875e+01
8.068440437316894531e+00
7.792484760284423828e-01
1.358062744140625000e+01
3.407324314117431641e+00
6.483201599121093750e+01
6.239017471671104431e-03
1.970286750793457031e+01
1.929490661621093750e+01
2.090794754028320312e+01
2.995736122131347656e+01
1.098356151580810547e+01
4.704585647583007812e+01
1.723140907287597656e+01
9.645478057861328125e+01
1.972546768188476562e+01
1.142890625000000000e+02
1.392423820495605469e+01
1.050624237060546875e+02
1.194565429687500000e+02
4.521675872802734375e+01
5.771658706665039062e+01
1.014170684814453125e+02
1.501711487770080566e+00
3.084887886047363281e+01
4.664016723632812500e+01
1.292236709594726562e+01
7.940061950683593750e+01
1.258082275390625000e+02
7.182788848876953125e+01
8.149539947509765625e+01
7.926100158691406250e+01
5.050229644775390625e+01
2.457260894775390625e+01
3.302701950073242188e+00
2.793593215942382812e+01
9.921336174011230469e+00
9.064453887939453125e+01
6.784642696380615234e+00
6.081336212158203125e+01
2.246849822998046875e+01
2.068085670471191406e+01
1.437477684020996094e+01
2.238824367523193359e+00
1.111063385009765625e+01
2.346956729888916016e+00
3.856254577636718750e+01
1.953984260559082031e+01
2.466795730590820312e+01
1.778224945068359375e+00
5.249973297119140625e+01
3.650329971313476562e+01
7.807326793670654297e+00
1.097413349151611328e+01
4.083427047729492188e+01
2.673719525337219238e-01
1.040367794036865234e+01
1.113209724426269531e+01
5.417072772979736328e-01
1.674603462219238281e+01
5.981217956542968750e+01
1.216572093963623047e+01
2.289706420898437500e+01
2.898786735534667969e+01
1.927466583251953125e+01
5.544003963470458984e+00
9.116565436124801636e-02
1.304764556884765625e+01
1.275721073150634766e+00
1.773133850097656250e+01
5.300998091697692871e-01
2.322974443435668945e+00
8.235439300537109375e+00
1.036038208007812500e+03
9.462181396484375000e+02
2.102582855224609375e+02
1.129611816406250000e+03
4.005757751464843750e+02
2.887612792968750000e+03
7.890639038085937500e+02
2.687454589843750000e+03
3.357947082519531250e+02
3.517341064453125000e+03
3.610567382812500000e+03
1.261984008789062500e+03
1.304640869140625000e+03
3.071853271484375000e+03
3.218810653686523438e+01
8.919554443359375000e+02
1.374436645507812500e+03
1.834757843017578125e+02
1.739581298828125000e+03
4.864656250000000000e+03
1.739589111328125000e+03
2.350801513671875000e+03
2.636855712890625000e+03
1.343602172851562500e+03
5.282506713867187500e+02
1.961267662048339844e+01
7.231055908203125000e+02
1.641684875488281250e+02
2.161656250000000000e+03
1.336127624511718750e+02
7.304754638671875000e+02
6.514365234375000000e+02
-7.347987651824951172e+00
-1.029997348785400391e+01
3.338956534862518311e-01
-5.355933904647827148e-01
5.394192934036254883e-01
-1.328746414184570312e+01
-5.486584663391113281e+00
-6.353417873382568359e+00
4.503009319305419922e-01
-1.806186485290527344e+01
-1.163790416717529297e+01
-4.958987712860107422e+00
-4.039336681365966797e+00
-1.706555557250976562e+01
-4.382768273353576660e-02
-2.414562225341796875e+00
-3.507552385330200195e+00
9.254350066184997559e-01
-1.071206474304199219e+01
-2.702721786499023438e+01
-5.257587432861328125e+00
-8.102931976318359375e+00
-1.295008182525634766e+01
-1.046424579620361328e+01
-3.596812486648559570e-01
3.381188809871673584e-01
-4.280217647552490234e+00
-5.864866971969604492e-01
-5.027107715606689453e+00
9.121268391609191895e-01
6.612643718719482422e+00
-2.302753210067749023e+00
1.004604110717773438e+02
5.648769378662109375e+01
1.240003395080566406e+01
6.296651840209960938e+01
1.901853561401367188e+01
2.096201782226562500e+02
7.645846557617187500e+01
1.928211669921875000e+02
2.155933189392089844e+01
2.461284942626953125e+02
1.924620208740234375e+02
7.182984924316406250e+01
9.301796722412109375e+01
2.391711578369140625e+02
3.494791030883789062e+00
5.750617980957031250e+01
8.246749877929687500e+01
1.726497268676757812e+01
1.365902252197265625e+02
3.150694580078125000e+02
8.979109954833984375e+01
1.104013366699218750e+02
1.751470794677734375e+02
8.041370391845703125e+01
3.196186637878417969e+01
4.583195686340332031e+00
4.837812423706054688e+01
1.529611492156982422e+01
1.490207672119140625e+02
7.184068679809570312e+00
7.997616577148437500e+01
3.895489120483398438e+01
1.635818023681640625e+02
1.144784317016601562e+02
2.135753440856933594e+01
1.245276947021484375e+02
4.966096496582031250e+01
3.423482971191406250e+02
9.959233093261718750e+01
2.956347656250000000e+02
4.258741378784179688e+01
4.630140380859375000e+02
4.469716491699218750e+02
1.581027832031250000e+02
1.588304290771484375e+02
4.484812316894531250e+02
3.471305847167968750e+00
1.088701782226562500e+02
1.862798919677734375e+02
2.212687301635742188e+01
2.161115264892578125e+02
6.093873901367187500e+02
2.063177490234375000e+02
2.799541931152343750e+02
3.359681091308593750e+02
1.568112030029296875e+02
5.490563964843750000e+01
6.184921741485595703e+00
7.958377838134765625e+01
1.787423706054687500e+01
2.476118621826171875e+02
1.033086681365966797e+01
1.140471267700195312e+02
7.957521820068359375e+01
3.998268890380859375e+01
1.308345031738281250e+01
2.271162748336791992e+00
1.423278141021728516e+01
1.027906703948974609e+01
7.261763000488281250e+01
1.301781558990478516e+01
2.111040306091308594e+01
7.530093193054199219e+00
6.154590606689453125e+01
8.801393890380859375e+01
2.569879531860351562e+01
1.879178237915039062e+01
6.154264068603515625e+01
8.839060068130493164e-01
1.970818328857421875e+01
3.037655258178710938e+01
6.169435977935791016e-01
3.840626144409179688e+01
1.162719650268554688e+02
5.440161514282226562e+01
6.982497406005859375e+01
8.012417602539062500e+01
2.392811584472656250e+01
2.365728378295898438e+00
5.975666269659996033e-02
1.147623634338378906e+01
1.229114174842834473e+00
3.164183998107910156e+01
-1.201491475105285645e+00
-5.247972011566162109e+00
1.359440135955810547e+01
2.836012458801269531e+01
1.469361495971679688e+01
2.066703319549560547e+00
4.820336341857910156e+00
3.375534057617187500e+00
5.314625167846679688e+01
1.427799701690673828e+01
4.183215713500976562e+01
3.270636558532714844e+00
5.767774200439453125e+01
2.767268180847167969e+01
1.569536209106445312e+01
2.235310554504394531e+01
1.242602996826171875e+02
1.170889616012573242e+00
1.062899208068847656e+01
2.061051559448242188e+01
2.492838621139526367e+00
3.361330795288085938e+01
9.049961090087890625e+01
2.082724761962890625e+01
1.640569877624511719e+01
6.090132522583007812e+01
1.827267265319824219e+01
5.342286109924316406e+00
1.917941451072692871e+00
5.173623561859130859e+00
2.675307512283325195e+00
3.366628265380859375e+01
1.047218680381774902e+00
3.092158317565917969e+01
9.633107185363769531e+00
