-7.069615936279296875e+01
-6.771203613281250000e+01
-8.262508392333984375e+01
-1.309303894042968750e+02
-1.175773162841796875e+02
-1.325427551269531250e+02
-1.861054382324218750e+02
-2.245934295654296875e+02
-2.288492126464843750e+02
7.597820281982421875e+01
8.264453887939453125e+01
7.229711914062500000e+01
9.047926330566406250e+01
9.149201965332031250e+01
7.943762969970703125e+01
9.965644073486328125e+01
9.060664367675781250e+01
7.508883666992187500e+01
6.338874816894531250e+01
1.506065063476562500e+02
1.644357757568359375e+02
9.115151977539062500e+01
1.867266387939453125e+02
1.457747955322265625e+02
1.043365402221679688e+02
2.089234466552734375e+02
1.535524291992187500e+02
-3.515681457519531250e+01
-1.011164093017578125e+01
9.313033103942871094e+00
-4.067548751831054688e+01
-1.415197563171386719e+01
-7.423701286315917969e-01
-3.811990737915039062e+01
-9.569737434387207031e+00
-2.235496282577514648e+00
-7.560616016387939453e+00
-3.481152057647705078e+00
3.437795042991638184e-01
-1.894544029235839844e+01
-1.379750728607177734e+01
-1.404604911804199219e+01
-3.880450057983398438e+01
-3.027678298950195312e+01
-2.250268745422363281e+01
1.019238739013671875e+02
1.079232788085937500e+02
7.030761718750000000e+01
7.853717803955078125e+01
1.175024871826171875e+02
9.391273498535156250e+01
7.638080596923828125e+01
1.341717529296875000e+02
1.408907623291015625e+02
9.199705505371093750e+01
9.288291931152343750e+01
7.684030151367187500e+01
1.176347885131835938e+02
1.067431945800781250e+02
8.313410186767578125e+01
1.208590850830078125e+02
1.120256118774414062e+02
8.603577423095703125e+01
-4.132983703613281250e+02
-3.742016296386718750e+02
-2.709974060058593750e+02
-6.522185058593750000e+02
-6.405222778320312500e+02
-5.225625610351562500e+02
-7.766386108398437500e+02
-7.520906982421875000e+02
-6.352519531250000000e+02
1.105977554321289062e+02
1.336342773437500000e+02
1.206337127685546875e+02
1.922321624755859375e+02
2.317262878417968750e+02
2.310632781982421875e+02
2.094981689453125000e+02
2.905889282226562500e+02
2.790018310546875000e+02
1.046135864257812500e+02
1.104300689697265625e+02
1.054070587158203125e+02
1.604412994384765625e+02
1.737425231933593750e+02
1.321541595458984375e+02
1.724320678710937500e+02
1.654538116455078125e+02
1.061648101806640625e+02
1.354613780975341797e+01
1.989516258239746094e+01
2.197013473510742188e+01
2.280346870422363281e+01
1.993750762939453125e+01
1.094836139678955078e+01
3.522780227661132812e+01
2.808838081359863281e+01
1.598287582397460938e+01
-8.843620300292968750e+01
-1.191470108032226562e+02
-1.117718963623046875e+02
-1.489031066894531250e+02
-2.024245910644531250e+02
-1.942311401367187500e+02
-1.250460205078125000e+02
-2.153604583740234375e+02
-2.493267364501953125e+02
3.863691101074218750e+02
3.573061828613281250e+02
3.110580749511718750e+02
4.133234252929687500e+02
3.676962280273437500e+02
3.273298950195312500e+02
4.498285217285156250e+02
4.069269104003906250e+02
3.541645812988281250e+02
-8.899461364746093750e+01
-9.719129180908203125e+01
-9.134710693359375000e+01
-1.512957611083984375e+02
-1.702710418701171875e+02
-1.510092773437500000e+02
-1.695840148925781250e+02
-1.941022491455078125e+02
-1.791381225585937500e+02
4.575389709472656250e+02
3.817813720703125000e+02
3.702896728515625000e+02
5.956810302734375000e+02
5.113152160644531250e+02
4.861782836914062500e+02
7.213390502929687500e+02
6.117880249023437500e+02
5.281841430664062500e+02
-2.591744422912597656e+01
5.030783843994140625e+01
8.085316467285156250e+01
-5.381379318237304688e+01
7.879747772216796875e+01
1.154414596557617188e+02
-1.257725372314453125e+02
7.047663879394531250e+01
1.033840942382812500e+02
2.127732276916503906e+00
-1.516232013702392578e+00
-1.042243862152099609e+01
4.477558612823486328e+00
-7.580246925354003906e-01
-2.729893445968627930e+00
-3.387670278549194336e+00
-4.404222011566162109e+00
-2.880527496337890625e+00
2.279706895351409912e-01
1.974386930465698242e+00
1.774330615997314453e+00
4.433920085430145264e-01
3.357312440872192383e+00
5.256512641906738281e+00
9.767515063285827637e-01
2.819428920745849609e+00
5.028334617614746094e+00
-7.062132835388183594e+00
-7.681105613708496094e+00
-1.722181797027587891e+00
-5.841995239257812500e+00
-1.231224918365478516e+01
-1.449492549896240234e+01
-6.506118774414062500e-01
-1.433413028717041016e+01
-2.056744766235351562e+01
2.417796850204467773e-02
-1.462610244750976562e+00
-1.393713712692260742e+00
1.632024884223937988e+00
-2.339422225952148438e+00
-2.808680772781372070e+00
4.155773162841796875e+00
4.548065066337585449e-01
-2.332215070724487305e+00
4.726645350456237793e-02
-4.838267564773559570e-01
-4.762370586395263672e-01
4.099318385124206543e-01
6.189927458763122559e-01
-8.417454957962036133e-01
-1.013565659523010254e+00
-1.122044682502746582e+00
-2.574648380279541016e+00
-5.740276336669921875e+00
-8.462150573730468750e+00
-7.922893524169921875e+00
2.750887393951416016e+00
-7.489603996276855469e+00
-8.055130958557128906e+00
2.943285107612609863e-01
-8.825397491455078125e+00
-9.915338516235351562e+00
1.117028951644897461e+00
4.296661853790283203e+00
4.652126789093017578e+00
4.712774753570556641e-01
2.918903589248657227e+00
4.470485210418701172e+00
1.900991320610046387e+00
1.404420137405395508e+00
3.714676141738891602e+00
-1.679935455322265625e+01
-1.943244934082031250e+01
-2.072173881530761719e+01
-1.825609588623046875e+01
-2.130573654174804688e+01
-2.160975456237792969e+01
-6.201289653778076172e+00
-7.385297775268554688e+00
-1.150191116333007812e+01
-1.734516143798828125e+01
-1.886069869995117188e+01
-4.487376689910888672e+00
-1.267471122741699219e+01
-1.651076889038085938e+01
2.228430986404418945e+00
-1.605948257446289062e+01
-1.392225074768066406e+01
-1.287828826904296875e+01
-8.300756454467773438e+00
-8.097229152917861938e-02
5.759906291961669922e+00
-8.037085533142089844e+00
-4.772325158119201660e-01
4.181404113769531250e+00
-4.513028144836425781e+00
-5.949669361114501953e+00
-4.636836051940917969e+00
-2.909877300262451172e+00
6.622089445590972900e-02
-1.456450074911117554e-01
-3.150186061859130859e+00
-2.330287456512451172e+00
-7.211079597473144531e-01
-2.706504344940185547e+00
-4.098477840423583984e+00
-1.780325531959533691e+00
-5.051261782646179199e-01
-1.650806546211242676e+00
-5.733151435852050781e+00
-1.740491092205047607e-01
-3.713393926620483398e+00
-2.925363302230834961e+00
-1.371671080589294434e+00
-2.269834041595458984e+00
-1.364688396453857422e+00
-1.132849335670471191e+00
3.479859828948974609e+00
1.095095634460449219e+01
-1.237871646881103516e+00
6.137158393859863281e+00
1.942533874511718750e+01
-9.588789939880371094e-01
3.349841833114624023e+00
1.440945243835449219e+01
-2.015301704406738281e+00
-2.811538457870483398e+00
-5.111137866973876953e+00
-2.341365575790405273e+00
-3.868134260177612305e+00
-4.078184127807617188e+00
8.235183358192443848e-01
-2.792049050331115723e-01
-4.190513491630554199e-02
-2.223668670654296875e+01
-1.031171703338623047e+01
2.009759426116943359e+00
-2.282537269592285156e+01
-7.890342235565185547e+00
1.412387967109680176e+00
-3.196782684326171875e+01
-1.536089611053466797e+01
-5.472813606262207031e+00
-1.218329620361328125e+01
-2.231059646606445312e+01
-5.094996929168701172e+00
-2.295733928680419922e+00
-1.750451278686523438e+01
-1.295476436614990234e+01
1.949471712112426758e+00
-8.923668861389160156e+00
-2.536955451965332031e+01
2.226875871419906616e-01
3.312559723854064941e-01
1.449364274740219116e-01
-3.157969117164611816e-01
-8.163097500801086426e-01
-2.816566228866577148e-01
1.886128902435302734e+00
6.126047372817993164e-01
-5.000612735748291016e-01
-3.000226914882659912e-01
-3.929715454578399658e-01
-5.516402721405029297e-01
1.007199287414550781e-02
3.990100324153900146e-02
-4.984726756811141968e-02
-1.648276150226593018e-01
1.111534386873245239e-01
1.275270134210586548e-01
-1.528263092041015625e-01
-3.147323131561279297e-01
-4.312209784984588623e-01
-1.429717898368835449e+00
-1.310224056243896484e+00
-1.736901998519897461e-01
-4.730555117130279541e-01
-3.748402595520019531e-01
4.924092069268226624e-02
-1.622827649116516113e-01
-8.832298219203948975e-03
7.718338817358016968e-02
3.968763351440429688e-02
-1.568454205989837646e-01
3.572400212287902832e-01
-6.836348026990890503e-02
-2.219138145446777344e-01
6.857619434595108032e-02
-9.429500997066497803e-02
7.293768227100372314e-02
1.895788908004760742e-01
-6.965200901031494141e-01
-5.149629116058349609e-01
-3.677045106887817383e-01
2.356866300106048584e-01
2.095345407724380493e-01
7.312498986721038818e-02
3.316380381584167480e-01
1.670344471931457520e-01
2.608268558979034424e-01
-7.286727428436279297e-01
-1.305533796548843384e-01
3.611320257186889648e-01
-1.566351532936096191e+00
-1.061624288558959961e+00
-1.349036931991577148e+00
-1.090153083205223083e-01
2.570483684539794922e-01
-1.702220737934112549e-02
-5.978608131408691406e-01
-7.905894517898559570e-02
-2.390597462654113770e-01
-5.310275554656982422e-01
-2.936351001262664795e-01
-4.229058325290679932e-01
1.054568886756896973e+00
1.058851242065429688e+00
-6.032407283782958984e-03
2.431959629058837891e+00
2.236247062683105469e+00
1.894696235656738281e+00
-1.362910032272338867e+00
-1.462602853775024414e+00
-3.640051186084747314e-01
-4.319810569286346436e-01
-5.663469433784484863e-02
8.679502606391906738e-01
-8.266908526420593262e-01
-1.211829662322998047e+00
5.512624382972717285e-01
-3.613595008850097656e+00
-4.591859817504882812e+00
-2.052131175994873047e+00
5.836548749357461929e-03
4.829320609569549561e-01
-5.386330485343933105e-01
-4.038679599761962891e-01
8.370304107666015625e-01
-3.201517760753631592e-01
-1.248872041702270508e+00
7.119566202163696289e-02
-7.100427746772766113e-01
1.768745929002761841e-01
4.526056647300720215e-01
-2.829149663448333740e-01
-2.202114015817642212e-01
1.907024681568145752e-01
-2.583408355712890625e-01
-1.757279485464096069e-01
4.298909753561019897e-02
9.489183127880096436e-02
2.555096745491027832e-01
1.139776706695556641e+00
8.926014900207519531e-01
5.572445392608642578e-01
1.313972592353820801e+00
3.716272711753845215e-01
7.233376502990722656e-01
8.814703822135925293e-01
2.408184111118316650e-02
-3.219957947731018066e-01
-5.398209095001220703e-01
-5.137222409248352051e-01
-2.703149244189262390e-02
-4.776107147336006165e-02
2.531557977199554443e-01
-2.093909740447998047e+00
-6.358727216720581055e-01
-4.789427518844604492e-01
2.943569421768188477e-01
1.507958471775054932e-01
1.324760466814041138e-01
5.286011695861816406e-01
3.628557920455932617e-01
2.988075017929077148e-01
-2.309850752353668213e-01
-2.677530050277709961e-01
-1.180845424532890320e-01
-5.511848926544189453e-01
1.323620229959487915e-01
-7.462812215089797974e-02
-9.236076474189758301e-01
-8.004666566848754883e-01
-1.034723877906799316e+00
-1.722655177116394043e+00
-3.702287673950195312e+00
-4.199607372283935547e+00
1.317457705736160278e-01
2.045586407184600830e-01
3.998449444770812988e-01
-6.319531202316284180e-01
-8.947765827178955078e-01
1.674680829048156738e+00
-1.833790302276611328e+00
-1.984711170196533203e+00
1.377778410911560059e+00
-2.408806915283203125e+02
-2.053455047607421875e+02
-1.875152435302734375e+02
-3.262402954101562500e+02
-2.553679046630859375e+02
-1.633752899169921875e+02
-4.092636108398437500e+02
-3.459606628417968750e+02
-2.803222656250000000e+02
-1.359946899414062500e+02
-1.355699920654296875e+02
-7.766163635253906250e+01
-1.259151153564453125e+02
-1.134925384521484375e+02
-8.026585388183593750e+01
-1.186345901489257812e+02
-1.267696609497070312e+02
-1.213976745605468750e+02
-1.372798767089843750e+02
-2.007569427490234375e+02
-4.972536468505859375e+01
-1.537193298339843750e+02
-1.459004364013671875e+02
-4.513547515869140625e+01
-1.112823867797851562e+02
-3.424045181274414062e+01
2.734292411804199219e+01
-4.425081634521484375e+01
-3.946166229248046875e+01
5.769562721252441406e-01
-3.894429779052734375e+01
-3.454373550415039062e+01
3.031315612792968750e+01
-2.261370468139648438e+01
-2.302680969238281250e+00
6.512000274658203125e+01
-3.331845474243164062e+01
-4.538657379150390625e+01
-4.950683975219726562e+01
-3.101123428344726562e+01
-2.254993057250976562e+01
-1.754094123840332031e+01
-6.712411499023437500e+01
-6.511863708496093750e+01
-5.075292587280273438e+01
-1.654217529296875000e+01
6.251784133911132812e+01
5.741208648681640625e+01
1.478841094970703125e+02
2.126059112548828125e+02
1.289243164062500000e+02
1.466590728759765625e+02
1.764323120117187500e+02
9.546201324462890625e+01
-1.713271942138671875e+02
-1.586371917724609375e+02
-1.210798263549804688e+02
-1.830480499267578125e+02
-1.747852325439453125e+02
-1.586004180908203125e+02
-1.552190704345703125e+02
-1.654372406005859375e+02
-1.756300506591796875e+02
-6.078503417968750000e+02
-4.758787231445312500e+02
-4.032395324707031250e+02
-6.856191406250000000e+02
-5.367011718750000000e+02
-3.196015930175781250e+02
-6.103317871093750000e+02
-4.542560729980468750e+02
-2.499912643432617188e+01
9.289671020507812500e+02
8.185836181640625000e+02
7.021047363281250000e+02
1.242325805664062500e+03
1.049689453125000000e+03
9.879955444335937500e+02
1.201665039062500000e+03
1.013659057617187500e+03
1.025804199218750000e+03
-1.831448364257812500e+02
-2.516320648193359375e+02
-1.632810668945312500e+02
-1.872274017333984375e+02
-2.429281768798828125e+02
-2.341986236572265625e+02
-1.804590454101562500e+02
-2.161598510742187500e+02
-2.841483764648437500e+02
1.039902782440185547e+01
1.195390129089355469e+01
1.476964092254638672e+01
5.153322219848632812e+00
3.036245155334472656e+01
8.527957916259765625e+00
1.975201416015625000e+01
4.927520751953125000e+01
1.141967964172363281e+01
-1.704917907714843750e+02
-8.662605285644531250e+01
-4.214378356933593750e+01
-2.338849334716796875e+02
-1.544270477294921875e+02
-1.478772277832031250e+02
-2.201745300292968750e+02
-6.430473327636718750e+01
-8.928823852539062500e+01
-5.529631958007812500e+02
-4.892235107421875000e+02
-3.482547912597656250e+02
-4.920558166503906250e+02
-4.880310974121093750e+02
-4.298551330566406250e+02
-5.053284606933593750e+02
-5.965515747070312500e+02
-5.943098754882812500e+02
-1.695820922851562500e+02
-1.346421813964843750e+02
-8.626055908203125000e+01
-1.843381042480468750e+02
-1.704557495117187500e+02
-1.235033493041992188e+02
-1.472923126220703125e+02
-1.256158142089843750e+02
-8.007866668701171875e+01
4.614785156250000000e+02
5.107673645019531250e+02
4.105493774414062500e+02
5.625362548828125000e+02
4.473066406250000000e+02
3.508109436035156250e+02
5.526144409179687500e+02
3.963290100097656250e+02
2.770237731933593750e+02
-1.225440444946289062e+02
-1.643383026123046875e+02
-1.490614929199218750e+02
-6.298500442504882812e+01
-7.014202117919921875e+01
2.082159233093261719e+01
-6.888716888427734375e+01
-1.434919166564941406e+01
2.083588867187500000e+02
2.998359375000000000e+02
2.609360656738281250e+02
3.740233459472656250e+02
4.667104187011718750e+02
2.728182373046875000e+02
1.944098968505859375e+02
4.639816284179687500e+02
1.072583007812500000e+02
-6.239778137207031250e+01
2.474137306213378906e+01
8.497711181640625000e+00
2.399117660522460938e+01
4.410570907592773438e+01
4.836734771728515625e+01
7.055778503417968750e+01
6.690161895751953125e+01
9.371425628662109375e+01
1.191096725463867188e+02
2.533964843750000000e+02
1.192481765747070312e+02
8.691278076171875000e+01
6.831991577148437500e+01
3.273934936523437500e+01
1.160186614990234375e+02
5.786707878112792969e+00
8.440540313720703125e+01
2.594391784667968750e+02
5.110678863525390625e+01
5.066253280639648438e+01
5.763030052185058594e+00
7.725758552551269531e-01
-1.954475402832031250e+00
-2.356757640838623047e+00
-1.316974925994873047e+01
8.798775076866149902e-01
4.127206420898437500e+01
8.804553222656250000e+01
7.626371002197265625e+01
4.506158447265625000e+01
4.151695632934570312e+01
2.049634742736816406e+01
1.885952949523925781e+01
5.226327419281005859e+00
8.678183555603027344e-01
1.775814247131347656e+01
9.989942550659179688e+00
4.309844970703125000e+01
1.622943725585937500e+02
6.458795928955078125e+01
1.253373184204101562e+02
2.169030303955078125e+02
1.319351501464843750e+02
1.960926361083984375e+02
1.801039733886718750e+02
5.598616409301757812e+01
4.041649627685546875e+01
4.736424255371093750e+01
5.531185150146484375e+01
6.422528076171875000e+01
8.538198089599609375e+01
4.799621200561523438e+01
8.893132781982421875e+01
1.109068832397460938e+02
9.871166381835937500e+02
7.828771362304687500e+02
4.096323242187500000e+02
6.523311157226562500e+02
3.999350280761718750e+02
2.959620666503906250e+02
3.700078430175781250e+02
2.837239685058593750e+02
5.395054321289062500e+02
4.139660263061523438e+01
2.889979248046875000e+02
2.429693603515625000e+02
3.068949279785156250e+02
3.794529418945312500e+02
3.082907104492187500e+02
3.006674194335937500e+02
2.323994903564453125e+02
2.073336029052734375e+02
1.603467559814453125e+02
1.052627029418945312e+02
1.022202453613281250e+02
2.026684722900390625e+02
1.231600799560546875e+02
9.945426940917968750e+01
1.257621841430664062e+02
6.719492340087890625e+01
7.676156616210937500e+01
7.595339202880859375e+01
2.468245315551757812e+01
1.509853363037109375e+01
4.568550872802734375e+01
5.745331287384033203e+00
9.998795509338378906e+00
2.828144073486328125e+01
2.959355545043945312e+01
4.130611038208007812e+01
5.200236816406250000e+02
2.640812072753906250e+02
2.429353332519531250e+02
6.270875244140625000e+02
2.954063415527343750e+02
6.499932861328125000e+01
6.288842773437500000e+02
1.515009613037109375e+02
-1.223139572143554688e+01
1.927749176025390625e+02
2.911358947753906250e+02
3.801299438476562500e+02
2.982720947265625000e+02
4.375377807617187500e+02
4.942044982910156250e+02
3.899547424316406250e+02
5.135137329101562500e+02
5.151189575195312500e+02
1.905453033447265625e+02
1.160454635620117188e+02
1.362784729003906250e+02
1.899782257080078125e+02
1.151954345703125000e+02
1.099095001220703125e+02
1.809768676757812500e+02
1.101221618652343750e+02
9.885372924804687500e+01
8.263724975585937500e+02
9.380162963867187500e+02
8.857551879882812500e+02
1.194943725585937500e+03
1.109128540039062500e+03
8.290844726562500000e+02
1.228691894531250000e+03
9.448188476562500000e+02
6.110571899414062500e+02
7.617974090576171875e+01
1.423873748779296875e+02
-2.704017639160156250e+01
1.024731140136718750e+02
1.284892883300781250e+02
8.912808990478515625e+01
-9.991401672363281250e+00
5.238106536865234375e+01
2.134339294433593750e+02
4.912200012207031250e+02
5.949732666015625000e+02
7.098562011718750000e+02
5.110736083984375000e+02
7.199321289062500000e+02
9.028914184570312500e+02
6.066659545898437500e+02
9.113558349609375000e+02
1.137700073242187500e+03
1.975806121826171875e+02
1.729387512207031250e+02
1.431992797851562500e+02
1.423681793212890625e+02
9.657850646972656250e+01
9.901651763916015625e+01
1.032801361083984375e+02
5.940126419067382812e+01
6.962977600097656250e+01
5.011263427734375000e+02
3.602425842285156250e+02
2.031037292480468750e+02
6.574609375000000000e+02
3.378250122070312500e+02
1.158026199340820312e+02
6.058665771484375000e+02
2.007027435302734375e+02
4.986074447631835938e+01
2.253224639892578125e+02
2.176226196289062500e+02
1.839975128173828125e+02
3.007411499023437500e+02
2.604956359863281250e+02
1.838350067138671875e+02
2.759248352050781250e+02
2.021103057861328125e+02
1.198994979858398438e+02
1.087210769653320312e+02
1.212516860961914062e+02
1.182611007690429688e+02
1.617864532470703125e+02
1.651542205810546875e+02
1.386833801269531250e+02
1.927597351074218750e+02
1.994401550292968750e+02
1.820954284667968750e+02
2.867146606445312500e+02
7.668029785156250000e+01
2.922084999084472656e+01
1.908423919677734375e+02
2.589463806152343750e+01
-1.540931344032287598e+00
1.332940521240234375e+02
6.949280548095703125e+01
7.422761535644531250e+01
1.653877105712890625e+02
1.226195831298828125e+02
1.192671203613281250e+02
1.547787322998046875e+02
1.099049072265625000e+02
1.134027709960937500e+02
1.163265914916992188e+02
7.794500732421875000e+01
9.532257080078125000e+01
2.291739990234375000e+03
2.628792236328125000e+03
2.732517333984375000e+03
2.827672607421875000e+03
3.088054931640625000e+03
2.893639404296875000e+03
2.958170410156250000e+03
2.970864990234375000e+03
2.601699462890625000e+03
3.175408325195312500e+02
2.566544799804687500e+02
3.164653320312500000e+02
2.262210540771484375e+02
1.811416473388671875e+02
1.952998809814453125e+02
3.115961914062500000e+02
3.236146850585937500e+02
2.941322021484375000e+02
1.669162292480468750e+02
1.157706985473632812e+02
1.430248565673828125e+02
1.609995269775390625e+02
1.051387481689453125e+02
1.208398742675781250e+02
2.224946136474609375e+02
1.239132690429687500e+02
1.182041168212890625e+02
4.369127655029296875e+01
3.184376525878906250e+01
4.035597610473632812e+01
5.915630722045898438e+01
3.230741119384765625e+01
3.044915962219238281e+01
6.173683929443359375e+01
2.056668281555175781e+01
1.412086391448974609e+01
3.794251098632812500e+02
5.240657958984375000e+02
7.064375610351562500e+02
3.979788208007812500e+02
5.903471679687500000e+02
8.851958007812500000e+02
4.494990234375000000e+02
6.203867187500000000e+02
8.626035156250000000e+02
5.003627929687500000e+02
3.889287414550781250e+02
3.840356750488281250e+02
3.030664367675781250e+02
2.287294311523437500e+02
2.890783386230468750e+02
2.407713470458984375e+02
2.000731048583984375e+02
2.472641143798828125e+02
4.703177795410156250e+02
5.793560791015625000e+02
6.194528808593750000e+02
5.075327148437500000e+02
6.384385375976562500e+02
7.078950195312500000e+02
5.044983215332031250e+02
6.152363281250000000e+02
6.733601684570312500e+02
1.590911712646484375e+02
1.414392089843750000e+02
3.204499816894531250e+02
8.153976440429687500e+01
1.367146759033203125e+02
3.272525939941406250e+02
6.897668457031250000e+01
1.602741699218750000e+02
3.162934875488281250e+02
8.885117187500000000e+02
6.978192138671875000e+02
5.550658569335937500e+02
9.627558593750000000e+02
6.846325073242187500e+02
3.970696716308593750e+02
1.069192749023437500e+03
6.762167968750000000e+02
3.510858459472656250e+02
6.433897705078125000e+02
6.897063598632812500e+02
8.651211547851562500e+02
5.955852050781250000e+02
6.270094604492187500e+02
7.488765869140625000e+02
6.820960693359375000e+02
6.669071655273437500e+02
6.619146118164062500e+02
3.705256042480468750e+02
3.311047668457031250e+02
2.976553649902343750e+02
4.109588623046875000e+02
3.843639221191406250e+02
3.395678100585937500e+02
4.361095581054687500e+02
4.326078186035156250e+02
4.024499206542968750e+02
8.024285888671875000e+02
7.930909423828125000e+02
6.289978637695312500e+02
7.450704956054687500e+02
8.040079345703125000e+02
7.209931030273437500e+02
6.893577880859375000e+02
7.395323486328125000e+02
7.685405273437500000e+02
1.549559326171875000e+02
1.692287597656250000e+02
1.337982788085937500e+02
1.463647003173828125e+02
1.396148681640625000e+02
1.137498855590820312e+02
1.175351104736328125e+02
9.872875213623046875e+01
8.765372467041015625e+01
1.609757232666015625e+02
1.827581329345703125e+02
1.680212554931640625e+02
1.225892028808593750e+02
1.265435485839843750e+02
1.165146331787109375e+02
1.328223266601562500e+02
1.161273727416992188e+02
9.828755187988281250e+01
6.811389160156250000e+02
7.213652343750000000e+02
6.842414550781250000e+02
5.041741638183593750e+02
5.980015869140625000e+02
6.785360107421875000e+02
4.203619384765625000e+02
5.342255249023437500e+02
6.558298950195312500e+02
3.962315368652343750e+02
3.730240478515625000e+02
3.334696960449218750e+02
4.467357788085937500e+02
4.404805603027343750e+02
4.068772583007812500e+02
4.646616210937500000e+02
4.741235656738281250e+02
4.491719970703125000e+02
1.922019653320312500e+03
1.900625610351562500e+03
1.687731201171875000e+03
1.844019775390625000e+03
1.627025024414062500e+03
1.324705810546875000e+03
1.653138183593750000e+03
1.328936401367187500e+03
1.032391357421875000e+03
2.510061767578125000e+03
2.736852539062500000e+03
2.791614746093750000e+03
2.394480957031250000e+03
2.730754882812500000e+03
2.861563476562500000e+03
2.273890625000000000e+03
2.514952148437500000e+03
2.721290771484375000e+03
7.230678710937500000e+02
6.425333251953125000e+02
5.134086914062500000e+02
7.234927368164062500e+02
7.362980346679687500e+02
6.034370727539062500e+02
6.561833496093750000e+02
7.344760131835937500e+02
6.495134277343750000e+02
2.141461334228515625e+02
1.938820190429687500e+02
1.578138885498046875e+02
2.205051269531250000e+02
2.176253509521484375e+02
1.841318511962890625e+02
2.179069213867187500e+02
2.358468475341796875e+02
2.128875427246093750e+02
6.997205810546875000e+02
6.683857421875000000e+02
7.681967163085937500e+02
7.827675170898437500e+02
7.366476440429687500e+02
7.587709960937500000e+02
8.812622680664062500e+02
8.242673339843750000e+02
7.375120239257812500e+02
1.651475463867187500e+03
1.556441040039062500e+03
1.491095336914062500e+03
1.809935791015625000e+03
1.767723144531250000e+03
1.685513549804687500e+03
1.907284790039062500e+03
1.981133789062500000e+03
1.951698852539062500e+03
4.180408020019531250e+02
4.009525451660156250e+02
4.109335937500000000e+02
4.293560180664062500e+02
3.806232299804687500e+02
3.541348876953125000e+02
4.210140991210937500e+02
3.535188598632812500e+02
2.995108642578125000e+02
3.488850830078125000e+03
3.494061035156250000e+03
3.703482910156250000e+03
3.970839599609375000e+03
4.067999023437500000e+03
4.171356445312500000e+03
4.261151855468750000e+03
4.439255371093750000e+03
4.408881347656250000e+03
7.598106079101562500e+02
9.260820922851562500e+02
7.584727172851562500e+02
5.986761474609375000e+02
7.562921142578125000e+02
7.248855590820312500e+02
4.052559814453125000e+02
4.820298767089843750e+02
5.998187255859375000e+02
7.905055999755859375e+01
7.249432373046875000e+01
7.919250488281250000e+00
6.944575500488281250e+01
6.136729812622070312e+01
6.217874050140380859e+00
7.710770416259765625e+01
5.753921890258789062e+01
3.288747024536132812e+01
6.873648834228515625e+01
6.491233825683593750e+01
5.134545135498046875e+01
7.418161773681640625e+01
8.869344329833984375e+01
7.861163330078125000e+01
6.714879608154296875e+01
6.871479034423828125e+01
4.697721862792968750e+01
5.338021850585937500e+01
8.668654632568359375e+01
1.025851745605468750e+02
9.403477478027343750e+01
1.680394744873046875e+02
2.081126251220703125e+02
1.249136276245117188e+02
2.207382812500000000e+02
2.387162017822265625e+02
9.391157150268554688e+00
1.214849090576171875e+01
2.028723716735839844e+01
3.898534011840820312e+01
5.285533905029296875e+01
6.842943572998046875e+01
4.853283691406250000e+01
6.576171875000000000e+01
8.555210876464843750e+01
7.809572219848632812e+00
4.026178359985351562e+00
4.365186214447021484e+00
2.068183135986328125e+01
1.664877891540527344e+01
1.751237869262695312e+01
1.556262207031250000e+01
2.098268318176269531e+01
3.154293251037597656e+01
1.478577880859375000e+02
2.168012084960937500e+02
2.390078582763671875e+02
9.759939575195312500e+01
1.230149612426757812e+02
8.727029418945312500e+01
8.203986358642578125e+01
7.867640686035156250e+01
2.567321395874023438e+01
3.929200363159179688e+01
4.804363250732421875e+01
3.143937301635742188e+01
6.060852813720703125e+01
6.220005035400390625e+01
4.177434921264648438e+01
6.205510330200195312e+01
6.036067199707031250e+01
3.621696472167968750e+01
1.632307243347167969e+01
-2.438308715820312500e+01
-4.903466033935546875e+01
1.601786804199218750e+02
1.773858489990234375e+02
2.350835113525390625e+02
2.629900207519531250e+02
3.165919799804687500e+02
4.917781677246093750e+02
6.215818481445312500e+02
5.705332031250000000e+02
5.910960693359375000e+02
3.502632446289062500e+02
2.481769866943359375e+02
2.975113830566406250e+02
2.502549285888671875e+02
1.828644256591796875e+02
2.310757751464843750e+02
1.061417999267578125e+02
1.109934844970703125e+02
7.385559844970703125e+01
4.972232437133789062e+01
7.101116943359375000e+01
4.579761123657226562e+01
5.204537963867187500e+01
6.547089385986328125e+01
3.945889282226562500e+01
1.865589332580566406e+01
3.370106506347656250e+01
1.920280075073242188e+01
2.702314567565917969e+01
4.697328186035156250e+01
3.890606307983398438e+01
3.267808151245117188e+01
4.905781173706054688e+01
4.696522140502929688e+01
9.960182952880859375e+01
1.165158538818359375e+02
1.829655408859252930e+00
1.491157226562500000e+02
1.465969390869140625e+02
3.299772262573242188e+01
1.687205963134765625e+02
1.455936431884765625e+02
7.326578521728515625e+01
3.067291870117187500e+02
3.034673767089843750e+02
2.399788513183593750e+02
2.647709960937500000e+02
2.520469970703125000e+02
1.869588317871093750e+02
2.007320861816406250e+02
1.645758514404296875e+02
1.143109664916992188e+02
1.265010643005371094e+01
5.257800102233886719e+00
-1.139736270904541016e+01
4.249560165405273438e+01
4.060030746459960938e+01
3.688856124877929688e+01
7.495130157470703125e+01
8.120188140869140625e+01
6.973029327392578125e+01
6.684248046875000000e+02
6.623399047851562500e+02
4.414527282714843750e+02
6.155933227539062500e+02
5.201076049804687500e+02
3.073778686523437500e+02
4.318068542480468750e+02
3.453502502441406250e+02
2.444606781005859375e+02
8.916786193847656250e+01
9.000961303710937500e+01
1.384436187744140625e+02
4.372422027587890625e+01
5.120130920410156250e+01
1.234130935668945312e+02
8.640303039550781250e+01
9.914169311523437500e+01
1.594248046875000000e+02
4.132494354248046875e+01
1.491926116943359375e+02
4.356194458007812500e+02
-8.127108764648437500e+01
2.945684051513671875e+01
3.270440979003906250e+02
-1.084340057373046875e+02
-5.440931701660156250e+01
1.539991455078125000e+02
4.797229003906250000e+02
4.587011108398437500e+02
3.698426818847656250e+02
4.472715454101562500e+02
4.454353332519531250e+02
3.827053527832031250e+02
4.138863220214843750e+02
4.632220764160156250e+02
4.298283691406250000e+02
8.468555908203125000e+02
9.861629638671875000e+02
6.292790527343750000e+02
7.954319458007812500e+02
7.963840942382812500e+02
5.000653686523437500e+02
6.531753540039062500e+02
6.798742675781250000e+02
4.876876831054687500e+02
1.507980194091796875e+02
2.642659606933593750e+02
2.225522003173828125e+02
1.379879302978515625e+02
2.156742858886718750e+02
1.633993072509765625e+02
7.861944580078125000e+01
1.320078582763671875e+02
9.418371582031250000e+01
2.015413856506347656e+01
8.629483032226562500e+01
1.160803604125976562e+02
5.676753616333007812e+01
9.539846038818359375e+01
1.018279953002929688e+02
4.364052581787109375e+01
9.228475952148437500e+01
1.062240219116210938e+02
3.386406860351562500e+02
3.486096496582031250e+02
2.816819763183593750e+02
3.765114440917968750e+02
4.406004943847656250e+02
4.958887634277343750e+02
4.686879882812500000e+02
6.090268554687500000e+02
7.616563110351562500e+02
6.347935180664062500e+02
6.296459350585937500e+02
5.100257263183593750e+02
6.145113525390625000e+02
6.316467285156250000e+02
5.382633056640625000e+02
6.244769897460937500e+02
6.399628295898437500e+02
5.860183105468750000e+02
2.878111572265625000e+02
1.173037963867187500e+03
1.699863525390625000e+03
-2.911119995117187500e+02
5.586350097656250000e+02
9.748731079101562500e+02
-8.532940673828125000e+02
-1.964566345214843750e+02
2.593836364746093750e+02
9.335593261718750000e+02
1.310320190429687500e+03
1.183055297851562500e+03
1.513756347656250000e+03
1.903752685546875000e+03
1.772876220703125000e+03
1.975134521484375000e+03
2.361272216796875000e+03
2.251769775390625000e+03
6.169437866210937500e+02
7.427318115234375000e+02
5.834703979492187500e+02
7.504069213867187500e+02
8.669527587890625000e+02
7.196101074218750000e+02
8.453953857421875000e+02
9.744483032226562500e+02
8.089303588867187500e+02
1.440382843017578125e+02
1.548569030761718750e+02
1.015924987792968750e+02
1.173794021606445312e+02
1.424567260742187500e+02
7.479418945312500000e+01
1.125194854736328125e+02
1.355643463134765625e+02
9.102600860595703125e+01
-5.549438476562500000e+01
-2.634775924682617188e+01
1.849659881591796875e+02
-3.149829101562500000e+02
-1.635226593017578125e+02
-1.395586242675781250e+02
-3.935130310058593750e+02
-1.352630462646484375e+02
-2.972635192871093750e+02
1.557805908203125000e+03
1.550822998046875000e+03
1.270265136718750000e+03
1.585426147460937500e+03
1.710740966796875000e+03
1.560543334960937500e+03
1.674888549804687500e+03
1.904112670898437500e+03
1.829807617187500000e+03
-3.249197769165039062e+01
8.790622711181640625e+01
3.151557922363281250e+02
-1.816179656982421875e+02
-8.469664764404296875e+01
1.464226531982421875e+02
-2.908380126953125000e+02
-2.055261230468750000e+02
-4.086884307861328125e+01
1.376003906250000000e+03
1.505526611328125000e+03
1.433902954101562500e+03
1.871039550781250000e+03
2.361518066406250000e+03
2.252864013671875000e+03
2.755079589843750000e+03
3.320875000000000000e+03
2.921087402343750000e+03
6.814639892578125000e+02
1.227643676757812500e+03
9.142197875976562500e+02
5.908937988281250000e+02
1.097287841796875000e+03
7.516667480468750000e+02
5.849324340820312500e+02
9.291092529296875000e+02
6.346627197265625000e+02
1.127625781250000000e+05
1.178614375000000000e+05
1.392048906250000000e+05
1.344426250000000000e+05
1.535855000000000000e+05
1.867881093750000000e+05
1.670922812500000000e+05
1.961611875000000000e+05
2.047225781250000000e+05
6.988084472656250000e+03
7.197632812500000000e+03
1.467162475585937500e+03
-5.396978027343750000e+03
-6.713200683593750000e+03
-9.239332031250000000e+03
-1.447289843750000000e+04
-1.251641601562500000e+04
-8.468256835937500000e+03
5.363931640625000000e+04
4.698111328125000000e+04
2.039855273437500000e+04
6.709752343750000000e+04
2.316631640625000000e+04
-5.728198242187500000e+02
5.667330859375000000e+04
-1.112818261718750000e+04
-1.805685351562500000e+04
3.931626171875000000e+04
4.014087500000000000e+04
3.535887890625000000e+04
4.224391406250000000e+04
3.173953906250000000e+04
2.179434960937500000e+04
3.082157421875000000e+04
1.414087792968750000e+04
6.236190429687500000e+03
2.434882812500000000e+04
2.768063281250000000e+04
2.897441015625000000e+04
3.058199609375000000e+04
3.299414062500000000e+04
3.027041406250000000e+04
3.738318359375000000e+04
3.447179296875000000e+04
2.913764843750000000e+04
1.648435351562500000e+04
-1.490864257812500000e+04
-2.475589257812500000e+04
-1.010535156250000000e+04
-3.754005859375000000e+04
-2.456438867187500000e+04
2.213928906250000000e+04
8.605471679687500000e+03
3.561563671875000000e+04
2.392330078125000000e+03
4.610158691406250000e+03
1.943178833007812500e+03
1.280302612304687500e+03
3.976752441406250000e+03
3.680699218750000000e+03
-2.417087646484375000e+03
-8.483975219726562500e+01
3.640681396484375000e+03
4.605617187500000000e+05
5.048058437500000000e+05
4.909951875000000000e+05
5.207513125000000000e+05
5.187629687500000000e+05
4.384024687500000000e+05
4.513776562500000000e+05
4.011944062500000000e+05
3.024814687500000000e+05
-7.882603125000000000e+04
-1.000648203125000000e+05
-5.094987109375000000e+04
-5.873933593750000000e+04
-6.606496093750000000e+04
-1.582635253906250000e+04
8.221000781250000000e+04
8.687715625000000000e+04
1.133581250000000000e+05
-1.469758300781250000e+04
3.301492187500000000e+03
-1.090599121093750000e+03
-5.780012817382812500e+02
2.355846875000000000e+04
2.438137500000000000e+04
3.432374218750000000e+04
4.668144531250000000e+04
4.587227343750000000e+04
1.063222412109375000e+03
6.218917968750000000e+03
1.788513305664062500e+03
1.593878326416015625e+02
2.818326904296875000e+03
-1.888687133789062500e+03
-3.886662597656250000e+03
-4.698739746093750000e+03
-6.404492675781250000e+03
1.127697265625000000e+05
1.275858593750000000e+05
1.344727187500000000e+05
1.167340859375000000e+05
1.449134375000000000e+05
1.530753750000000000e+05
9.884748437500000000e+04
1.416974218750000000e+05
1.362955781250000000e+05
-1.778083007812500000e+04
-1.760831250000000000e+04
-2.097561718750000000e+04
-5.655558593750000000e+04
-4.664644531250000000e+04
-3.156109375000000000e+04
-4.206822265625000000e+04
-1.879837109375000000e+04
1.261794335937500000e+04
1.033720625000000000e+05
1.084602890625000000e+05
1.106218984375000000e+05
1.077872187500000000e+05
1.126545703125000000e+05
1.073560000000000000e+05
8.538190625000000000e+04
9.334128906250000000e+04
8.314771875000000000e+04
-1.630047031250000000e+05
-1.518318750000000000e+05
-1.114483359375000000e+05
-1.771370156250000000e+05
-1.131494843750000000e+05
-4.031977343750000000e+04
-7.605403125000000000e+04
3.221159765625000000e+04
9.302032031250000000e+04
1.015406796875000000e+05
8.171977343750000000e+04
8.007780468750000000e+04
1.415250781250000000e+05
7.649246093750000000e+04
6.006384375000000000e+04
1.634764375000000000e+05
7.117685937500000000e+04
5.005705859375000000e+04
4.353229370117187500e+02
4.614646606445312500e+02
5.753156738281250000e+02
4.831578369140625000e+02
5.462462158203125000e+02
7.012590942382812500e+02
6.031196289062500000e+02
7.391600952148437500e+02
8.675516357421875000e+02
5.471682357788085938e+01
3.842136383056640625e+01
1.782250022888183594e+01
5.819992828369140625e+01
4.754532241821289062e+01
2.058885002136230469e+01
4.428646850585937500e+01
3.607241058349609375e+01
1.961898231506347656e+01
2.335816802978515625e+02
2.269676666259765625e+02
1.734596405029296875e+02
2.205080108642578125e+02
2.024217681884765625e+02
1.440649566650390625e+02
2.372223968505859375e+02
1.798421936035156250e+02
1.013560791015625000e+02
1.420567321777343750e+02
1.454834747314453125e+02
1.443864746093750000e+02
1.645974731445312500e+02
1.563629455566406250e+02
1.500153350830078125e+02
1.638054504394531250e+02
1.435044860839843750e+02
1.354501037597656250e+02
9.574452209472656250e+01
1.039469985961914062e+02
1.124726181030273438e+02
1.035986709594726562e+02
1.121068572998046875e+02
1.185183639526367188e+02
1.474587249755859375e+02
1.509893646240234375e+02
1.392788085937500000e+02
9.853279876708984375e+01
1.073994674682617188e+02
6.028047943115234375e+01
8.518806457519531250e+01
2.969059944152832031e+01
-6.234510421752929688e+00
2.046330833435058594e+01
-3.399048995971679688e+01
-1.571674537658691406e+01
4.396898651123046875e+01
3.566996002197265625e+01
1.288358402252197266e+01
4.339616012573242188e+01
3.607627868652343750e+01
1.650352668762207031e+01
4.939918899536132812e+01
4.038664627075195312e+01
2.467804145812988281e+01
1.903079467773437500e+03
2.040559570312500000e+03
2.076492675781250000e+03
2.297450195312500000e+03
2.418011718750000000e+03
2.350764160156250000e+03
2.484378662109375000e+03
2.488857666015625000e+03
2.305024658203125000e+03
1.456277008056640625e+02
8.979268646240234375e+01
2.078009948730468750e+02
2.616583824157714844e+01
-2.839056015014648438e+01
1.581964721679687500e+02
3.461788940429687500e+01
-1.414508247375488281e+01
1.457687988281250000e+02
7.905378723144531250e+01
6.495046234130859375e+01
2.051573944091796875e+01
4.302786636352539062e+01
5.438848876953125000e+01
3.040737915039062500e+01
4.080738830566406250e+01
7.195909118652343750e+01
5.960357666015625000e+01
3.796598434448242188e+01
3.343371963500976562e+01
1.596954822540283203e+01
2.746352958679199219e+01
2.980688095092773438e+01
1.547483921051025391e+01
2.589297866821289062e+01
2.417813682556152344e+01
1.146586513519287109e+01
4.217338867187500000e+02
4.528529663085937500e+02
5.487160644531250000e+02
4.862714538574218750e+02
5.633677368164062500e+02
6.664127807617187500e+02
4.734055786132812500e+02
6.186879272460937500e+02
7.098048706054687500e+02
1.423542327880859375e+02
7.567145538330078125e+01
1.020207500457763672e+01
1.629459686279296875e+02
9.965073394775390625e+01
4.323328018188476562e+01
8.718882751464843750e+01
4.702027893066406250e+01
4.377782440185546875e+01
4.198619079589843750e+02
4.562817077636718750e+02
4.843959045410156250e+02
5.070375061035156250e+02
5.508442993164062500e+02
5.509017944335937500e+02
5.135989990234375000e+02
5.593598022460937500e+02
5.454304199218750000e+02
1.310681610107421875e+02
-2.264871788024902344e+01
-4.246661365032196045e-01
-1.160627365112304688e+01
-1.006522903442382812e+02
1.822599983215332031e+01
-1.549198150634765625e+02
-1.065478668212890625e+02
6.869504547119140625e+01
4.258504638671875000e+02
4.230868835449218750e+02
4.561240539550781250e+02
5.017842712402343750e+02
4.265445251464843750e+02
4.441315917968750000e+02
5.515693969726562500e+02
3.726871337890625000e+02
3.772348632812500000e+02
2.434303283691406250e+01
3.935275673866271973e-01
1.838453173637390137e+00
8.789773941040039062e+00
-1.144086074829101562e+01
-8.668981552124023438e+00
5.048065185546875000e-01
-1.536065292358398438e+01
1.096593379974365234e+00
-1.587851285934448242e+00
2.254956960678100586e-01
-6.907093524932861328e+00
5.609599113464355469e+00
1.704290628433227539e+00
-1.086446666717529297e+01
1.950540351867675781e+01
1.502786540985107422e+01
5.162635803222656250e+00
-4.178195953369140625e+00
2.291422271728515625e+01
1.964371109008789062e+01
1.346552181243896484e+01
2.962535285949707031e+01
6.383599281311035156e+00
3.227741622924804688e+01
1.888737297058105469e+01
-1.340368080139160156e+01
5.384414196014404297e+00
8.867978096008300781e+00
1.967215156555175781e+01
1.001012134552001953e+01
1.192487430572509766e+01
1.743881797790527344e+01
1.788618278503417969e+01
1.417636489868164062e+01
1.072150230407714844e+01
1.351646542549133301e+00
3.420135736465454102e+00
5.795368194580078125e+00
-1.967520475387573242e+00
-3.564926981925964355e-02
1.721965909004211426e+00
-7.617903351783752441e-01
1.209421753883361816e+00
2.621462345123291016e+00
2.390070343017578125e+01
1.671357727050781250e+01
-3.964096069335937500e+00
2.586601829528808594e+01
1.110882568359375000e+01
-4.921573162078857422e+00
-4.316165924072265625e+00
-2.237508773803710938e+01
-2.917361831665039062e+01
1.242825794219970703e+01
1.250618076324462891e+01
2.297828435897827148e+00
2.027046203613281250e+01
1.867672538757324219e+01
8.464344978332519531e+00
2.632123184204101562e+01
2.011811828613281250e+01
1.397786331176757812e+01
-1.738883018493652344e+01
-1.624947357177734375e+01
2.307185554504394531e+01
-7.678442001342773438e-01
1.535789585113525391e+01
5.126966476440429688e+01
2.095422363281250000e+01
3.928186798095703125e+01
4.402545166015625000e+01
-2.924849700927734375e+01
-6.229131317138671875e+01
-4.286497879028320312e+01
-3.233569717407226562e+01
-4.295544815063476562e+01
-2.872384452819824219e+01
-6.497457122802734375e+01
-7.985396575927734375e+01
-7.782071685791015625e+01
4.691648483276367188e+00
1.895422935485839844e+01
-8.005278110504150391e-01
1.082114601135253906e+01
3.010985565185546875e+01
1.667979049682617188e+01
4.519843578338623047e+00
1.718211364746093750e+01
7.469351291656494141e+00
-7.016252994537353516e+00
-4.343350887298583984e+00
-7.829051017761230469e+00
-7.101526737213134766e+00
-3.613972902297973633e+00
-9.241213798522949219e+00
-3.014425992965698242e+00
-4.257669448852539062e+00
-7.775512695312500000e+00
8.566590309143066406e+00
-2.300423622131347656e+01
-1.238788032531738281e+01
-8.596551418304443359e-02
-4.087413024902343750e+01
-1.507029914855957031e+01
-3.963321685791015625e+00
-3.459499359130859375e+01
-3.148758411407470703e+00
-7.705444097518920898e-01
-3.378554534912109375e+01
-6.713196563720703125e+01
3.635653686523437500e+01
-4.160408496856689453e+00
-3.085428047180175781e+01
4.373122406005859375e+01
1.486675739288330078e+01
4.789483547210693359e+00
1.311452984809875488e+00
-1.610356926918029785e+00
-3.864027738571166992e+00
9.350502490997314453e-01
1.254145979881286621e+00
2.053304910659790039e+00
1.445845127105712891e+00
3.142755031585693359e+00
6.522712230682373047e+00
-8.970858001708984375e+01
-2.136588287353515625e+02
-1.926189422607421875e+02
-5.731167602539062500e+01
-1.697107391357421875e+02
-1.295141296386718750e+02
-8.926312255859375000e+01
-1.784368591308593750e+02
-1.288135070800781250e+02
3.821897029876708984e+00
1.259159278869628906e+01
6.334836578369140625e+01
2.559323501586914062e+01
2.243784141540527344e+01
5.917173004150390625e+01
3.004928207397460938e+01
1.391742992401123047e+01
2.091960144042968750e+01
4.525040054321289062e+01
5.109640502929687500e+01
7.149024200439453125e+01
4.580859756469726562e+01
4.585913467407226562e+01
6.476035308837890625e+01
4.866632080078125000e+01
3.113223648071289062e+01
3.167243766784667969e+01
1.581318092346191406e+01
9.496709823608398438e+00
6.107794761657714844e+00
3.572134971618652344e+00
-1.251283526420593262e+00
-4.716707229614257812e+00
6.117931365966796875e+00
7.503454208374023438e+00
1.034035444259643555e+00
6.887269592285156250e+01
4.286712265014648438e+01
6.661254882812500000e+00
2.674139595031738281e+01
2.945706939697265625e+01
2.486545753479003906e+01
-6.628650188446044922e+00
1.267064952850341797e+01
3.668262481689453125e+01
3.105195617675781250e+01
3.044019317626953125e+01
2.102534866333007812e+01
2.103490257263183594e+01
1.390592193603515625e+01
1.110477733612060547e+01
1.597048759460449219e+01
6.368150711059570312e+00
7.776041984558105469e+00
1.653011703491210938e+01
1.807337570190429688e+01
1.311086082458496094e+01
1.431683635711669922e+01
1.388127517700195312e+01
1.207578182220458984e+01
7.397262096405029297e+00
6.965184211730957031e+00
7.753624916076660156e+00
-1.729171752929687500e+01
-5.033323287963867188e+00
-6.563829421997070312e+00
-4.459096431732177734e+00
2.133866500854492188e+01
4.382531738281250000e+01
1.585376548767089844e+01
4.116430282592773438e+01
6.369256973266601562e+01
2.346085357666015625e+01
1.444024562835693359e+01
1.029510688781738281e+01
1.075055408477783203e+01
1.059409809112548828e+01
3.705749511718750000e+00
-1.132223606109619141e+00
7.029436111450195312e+00
7.755680084228515625e+00
9.732876586914062500e+01
9.658135986328125000e+01
7.484819030761718750e+01
7.126030731201171875e+01
5.295730590820312500e+01
2.246187591552734375e+01
4.110778427124023438e+01
1.172966003417968750e+01
-4.850474357604980469e+00
-2.119902992248535156e+01
8.323432922363281250e+00
9.133189201354980469e+00
6.083436584472656250e+01
1.034811172485351562e+02
1.168110198974609375e+02
1.055190505981445312e+02
1.362862548828125000e+02
1.421667480468750000e+02
4.992604827880859375e+01
3.631152725219726562e+01
9.007029533386230469e+00
5.770361709594726562e+01
5.455030822753906250e+01
1.670526695251464844e+01
3.992764282226562500e+01
4.977605056762695312e+01
3.228866958618164062e+01
1.141948986053466797e+01
2.291508436203002930e+00
-3.242621421813964844e+00
1.365375518798828125e+01
7.107366085052490234e+00
-3.629557788372039795e-01
5.451635360717773438e+00
1.024463653564453125e+01
5.778046607971191406e+00
4.516122436523437500e+01
1.618817329406738281e+01
3.387430953979492188e+01
6.268180084228515625e+01
2.170903015136718750e+01
2.554093742370605469e+01
9.557871246337890625e+01
4.235692214965820312e+01
2.904141998291015625e+01
1.872941255569458008e+00
-7.145171165466308594e+00
-1.002681541442871094e+01
-2.216996002197265625e+01
-8.820031166076660156e+00
-1.054417228698730469e+01
-1.743128657341003418e+00
2.902748489379882812e+01
1.608179473876953125e+01
1.164460372924804688e+01
1.363864421844482422e+01
1.725514221191406250e+01
1.053086090087890625e+01
6.932528972625732422e+00
7.273823261260986328e+00
1.448476886749267578e+01
5.774984359741210938e+00
4.401886940002441406e+00
3.714647769927978516e+00
-3.536496353149414062e+01
1.994089508056640625e+01
7.677036285400390625e+01
3.473778533935546875e+01
4.760352706909179688e+01
1.230421447753906250e+02
9.338113403320312500e+01
5.905363464355468750e+01
5.457648849487304688e+01
5.995180892944335938e+01
1.476629352569580078e+01
5.267142868041992188e+01
5.796763229370117188e+01
4.728335189819335938e+01
2.927079963684082031e+01
3.975398635864257812e+01
6.695182800292968750e+01
1.302037963867187500e+02
1.125566558837890625e+02
1.413669738769531250e+02
1.551562805175781250e+02
1.197637939453125000e+02
1.273857498168945312e+02
1.481322784423828125e+02
1.003620223999023438e+02
9.495108795166015625e+01
3.362188339233398438e+01
2.845669364929199219e+01
3.213912582397460938e+01
3.154917526245117188e+01
2.766312980651855469e+01
3.635779190063476562e+01
3.261944198608398438e+01
2.957312202453613281e+01
3.810064315795898438e+01
6.612129974365234375e+01
4.983843231201171875e+01
1.816229248046875000e+01
5.709698486328125000e+01
3.676776123046875000e+01
3.146578788757324219e+01
2.181023406982421875e+01
1.394180488586425781e+01
3.895046615600585938e+01
3.034920310974121094e+01
2.890216445922851562e+01
1.940158271789550781e+01
3.003644943237304688e+01
3.153390693664550781e+01
2.549523735046386719e+01
2.998692703247070312e+01
3.085970115661621094e+01
2.677460098266601562e+01
2.630546760559082031e+01
2.403585052490234375e+01
1.734980773925781250e+01
2.313459396362304688e+01
2.057937431335449219e+01
1.742579078674316406e+01
1.531357288360595703e+01
1.435170936584472656e+01
1.581530666351318359e+01
-8.212058067321777344e+00
-7.590301513671875000e+00
6.987010955810546875e+00
-9.090442657470703125e-01
1.200240421295166016e+01
2.342629241943359375e+01
9.064730644226074219e+00
1.266543865203857422e+01
3.111038398742675781e+01
4.882276916503906250e+01
4.047440338134765625e+01
4.686414718627929688e+01
4.213651275634765625e+01
3.628982162475585938e+01
4.660379409790039062e+01
3.219214248657226562e+01
2.607515335083007812e+01
3.871629333496093750e+01
2.560658874511718750e+02
2.565714721679687500e+02
2.234194488525390625e+02
2.205509185791015625e+02
2.216561126708984375e+02
2.205186767578125000e+02
1.950604248046875000e+02
2.023147125244140625e+02
2.206914367675781250e+02
-7.349073028564453125e+01
-5.567532348632812500e+01
-2.256253623962402344e+01
-9.645892143249511719e+00
-2.230515098571777344e+01
-1.519661426544189453e+01
-1.030464553833007812e+01
-1.046871185302734375e+01
-3.344293594360351562e+00
4.865665817260742188e+01
3.759922027587890625e+01
4.465072250366210938e+01
5.317782211303710938e+01
3.576990890502929688e+01
3.833262252807617188e+01
4.171496963500976562e+01
2.683510017395019531e+01
3.643798446655273438e+01
5.509348392486572266e+00
2.126541376113891602e+00
4.565743923187255859e+00
6.793532848358154297e+00
1.202819824218750000e+00
4.037261486053466797e+00
2.617564916610717773e+00
-2.075091123580932617e+00
5.249714851379394531e+00
1.009072799682617188e+02
8.494921112060546875e+01
7.537263488769531250e+01
1.089713058471679688e+02
8.375243377685546875e+01
5.446585083007812500e+01
1.143556671142578125e+02
6.213074493408203125e+01
4.484899139404296875e+01
1.001288299560546875e+02
9.995858764648437500e+01
1.198866195678710938e+02
7.776723480224609375e+01
8.301193237304687500e+01
1.080007781982421875e+02
6.806449127197265625e+01
7.304422760009765625e+01
8.601379394531250000e+01
6.424468994140625000e+01
5.172346496582031250e+01
5.489408874511718750e+01
6.420169830322265625e+01
4.697692871093750000e+01
5.052853393554687500e+01
6.760032653808593750e+01
4.706450653076171875e+01
4.677472305297851562e+01
4.958003997802734375e+01
1.104925308227539062e+02
1.104931106567382812e+02
4.472220993041992188e+01
9.365095520019531250e+01
8.707628631591796875e+01
4.122207164764404297e+00
2.352414512634277344e+01
1.026270484924316406e+01
5.463701629638671875e+01
9.714199066162109375e+01
4.505228042602539062e+01
6.243419647216796875e+01
9.853553009033203125e+01
4.528562927246093750e+01
6.387913894653320312e+01
9.220958709716796875e+01
6.830711364746093750e+01
3.328880786895751953e+00
2.473418998718261719e+01
1.288215351104736328e+01
1.930887031555175781e+01
3.185336112976074219e+01
1.537477684020996094e+01
3.076546669006347656e+01
3.994274139404296875e+01
1.460267829895019531e+01
1.036007785797119141e+01
1.340392684936523438e+01
1.652160644531250000e+01
6.055546760559082031e+00
1.066416168212890625e+01
1.330386161804199219e+01
3.065760850906372070e+00
6.532062530517578125e+00
1.582584381103515625e+01
5.653848171234130859e+00
4.164916038513183594e+00
9.015225410461425781e+00
1.213212585449218750e+01
1.123091602325439453e+01
1.683035087585449219e+01
1.895780944824218750e+01
1.271128368377685547e+01
2.164403915405273438e+01
6.377091884613037109e+00
5.758378028869628906e+00
5.749560832977294922e+00
5.573838710784912109e+00
4.377702236175537109e+00
4.358736991882324219e+00
8.848804473876953125e+00
5.695262432098388672e+00
4.636803627014160156e+00
4.765335559844970703e+00
4.275831222534179688e+00
2.761477708816528320e+00
6.398330211639404297e+00
6.829046726226806641e+00
6.507709980010986328e+00
4.627566337585449219e+00
4.231803417205810547e+00
3.846366643905639648e+00
7.022149085998535156e+00
4.826256752014160156e+00
1.270165920257568359e+01
1.360103225708007812e+01
1.562213325500488281e+01
2.448205757141113281e+01
1.616686439514160156e+01
2.423211097717285156e+01
2.865736961364746094e+01
5.213588237762451172e+00
1.391862010955810547e+01
1.710179901123046875e+01
4.106170654296875000e+00
1.078989982604980469e+01
2.017744636535644531e+01
4.070156097412109375e+00
1.124505615234375000e+01
2.108192634582519531e+01
3.085099792480468750e+01
2.264538383483886719e+01
2.202903366088867188e+01
2.184337234497070312e+01
1.516075038909912109e+01
1.147285652160644531e+01
4.154434585571289062e+01
2.049213600158691406e+01
9.845597267150878906e+00
7.704627990722656250e+01
5.995704650878906250e+01
5.050820159912109375e+01
1.014090805053710938e+02
8.626082611083984375e+01
7.779144287109375000e+01
9.881507110595703125e+01
1.109747238159179688e+02
1.167959671020507812e+02
1.236411809921264648e+00
9.892385482788085938e+00
1.298281002044677734e+01
8.351042747497558594e+00
1.493304634094238281e+01
1.935086059570312500e+01
1.191621589660644531e+01
1.923610305786132812e+01
3.013269615173339844e+01
4.398149013519287109e+00
1.071199703216552734e+01
7.790139198303222656e+00
3.419988393783569336e+00
1.052878761291503906e+01
1.173570156097412109e+01
4.803842544555664062e+00
7.559573650360107422e+00
1.109173202514648438e+01
1.419494152069091797e+01
5.613132858276367188e+01
3.192124557495117188e+01
2.793117523193359375e+01
7.736305999755859375e+01
3.500673294067382812e+01
4.010478973388671875e+01
7.698548889160156250e+01
3.817778015136718750e+01
2.723509597778320312e+01
4.649488067626953125e+01
6.820142364501953125e+01
1.610794258117675781e+01
3.916324996948242188e+01
6.405418395996093750e+01
1.932341957092285156e+01
4.890771484375000000e+01
8.185594940185546875e+01
7.800313472747802734e+00
6.830374717712402344e+00
5.542152404785156250e+00
1.120202732086181641e+01
7.758957862854003906e+00
5.197813987731933594e+00
1.427399635314941406e+01
1.271745872497558594e+01
4.879352092742919922e+00
3.531863403320312500e+01
1.566365966796875000e+02
1.662014007568359375e+02
5.329836654663085938e+01
1.817489318847656250e+02
1.871640472412109375e+02
1.064556884765625000e+02
2.240018157958984375e+02
2.342893218994140625e+02
8.660596847534179688e+00
7.859912395477294922e+00
2.272155523300170898e+00
1.656221008300781250e+01
1.444580745697021484e+01
9.145039558410644531e+00
2.234003829956054688e+01
1.973369789123535156e+01
1.861413002014160156e+01
-1.101656532287597656e+01
-6.123820781707763672e+00
-1.743765258789062500e+01
-1.254687309265136719e+00
-2.656116485595703125e+00
-1.722416496276855469e+01
1.964668631553649902e+00
-2.294929504394531250e+01
2.754889965057373047e+00
-8.817873001098632812e+00
-9.047633171081542969e+00
-5.234704971313476562e+00
-3.066088104248046875e+01
-4.253920364379882812e+01
-3.820281982421875000e+01
-4.984405136108398438e+01
-6.613424682617187500e+01
-5.785070800781250000e+01
-1.836303710937500000e+00
-2.824460268020629883e+00
4.099337005615234375e+01
2.002685928344726562e+01
1.020285701751708984e+01
3.110649681091308594e+01
2.650198554992675781e+01
-1.798144531250000000e+01
-4.213316345214843750e+01
-1.039922809600830078e+01
1.195070862770080566e+00
5.472858905792236328e+00
-1.008884906768798828e+01
5.640987873077392578e+00
9.513630867004394531e+00
-6.651751518249511719e+00
-9.273197174072265625e+00
-1.335023689270019531e+01
-2.445165395736694336e+00
-9.813011169433593750e+00
-1.115417385101318359e+01
9.103679656982421875e+00
3.181907176971435547e+00
4.151309967041015625e+00
3.103507041931152344e+00
5.336159229278564453e+00
6.902010917663574219e+00
1.008230056762695312e+02
9.948378753662109375e+01
8.503257751464843750e+01
-5.207324600219726562e+01
-9.821128845214843750e+01
-1.082245483398437500e+02
1.464626216888427734e+01
2.975819349288940430e+00
6.648906707763671875e+00
-2.277106285095214844e+01
-1.381850433349609375e+01
-4.210595130920410156e+00
-3.236292266845703125e+01
-2.778429412841796875e+01
-1.673993301391601562e+01
-6.994356536865234375e+01
-7.458573150634765625e+01
-6.470740509033203125e+01
-2.079466819763183594e+00
2.226092147827148438e+01
6.236860656738281250e+01
-2.623240661621093750e+01
3.933786010742187500e+01
9.541110992431640625e+01
6.394238281250000000e+01
6.945790100097656250e+01
8.421053314208984375e+01
1.210742919921875000e+03
1.243645996093750000e+03
1.101809570312500000e+03
9.115931396484375000e+02
9.853402709960937500e+02
8.081298828125000000e+02
8.665316772460937500e+02
9.402173461914062500e+02
8.320415039062500000e+02
-8.624810218811035156e+00
-2.848752021789550781e+01
-1.558812427520751953e+01
-7.852087402343750000e+01
-1.020116119384765625e+02
-6.604348754882812500e+01
-6.238692092895507812e+01
-8.715364837646484375e+01
-6.441172790527343750e+01
3.769068145751953125e+01
3.102280235290527344e+01
4.575171279907226562e+01
5.310879135131835938e+01
5.119209671020507812e+01
6.259985733032226562e+01
7.246681976318359375e+01
5.769568634033203125e+01
6.765944671630859375e+01
4.843416595458984375e+01
6.284434890747070312e+01
9.160352325439453125e+01
5.854123687744140625e+01
3.310661315917968750e+01
1.219450225830078125e+02
1.039930419921875000e+02
1.042121047973632812e+02
1.838830413818359375e+02
-1.138475036621093750e+01
-2.940151929855346680e+00
-1.026943445205688477e+00
-1.994901885986328125e+02
-2.173095245361328125e+02
-1.917593078613281250e+02
-2.138804473876953125e+02
-2.270200195312500000e+02
-1.896347351074218750e+02
1.280002880096435547e+01
6.005216121673583984e+00
1.805867958068847656e+01
1.126917934417724609e+01
4.898706912994384766e+00
2.048560523986816406e+01
3.215432739257812500e+01
2.961863327026367188e+01
2.681437492370605469e+01
1.101147338867187500e+03
1.195431640625000000e+03
1.258502929687500000e+03
8.619114379882812500e+02
9.647622070312500000e+02
1.066799804687500000e+03
6.776122436523437500e+02
7.349993896484375000e+02
8.869069824218750000e+02
6.270128250122070312e+00
3.603393554687500000e+00
1.069922447204589844e+01
-4.735473251342773438e+01
-6.295775222778320312e+01
-1.101868438720703125e+02
1.314809608459472656e+01
-7.787594795227050781e-01
-3.019090080261230469e+01
