2.412033691406250000e+02
3.508241271972656250e+02
4.516457519531250000e+02
2.295066833496093750e+02
3.596523742675781250e+02
4.668171997070312500e+02
2.424613647460937500e+02
3.563450012207031250e+02
4.268405761718750000e+02
3.694057464599609375e+01
3.325292968750000000e+01
1.213211059570312500e+02
1.598900909423828125e+02
1.136683654785156250e+02
1.616245574951171875e+02
1.686406250000000000e+02
8.226338958740234375e+01
1.211400451660156250e+02
9.135023498535156250e+01
1.641848449707031250e+02
1.734796295166015625e+02
1.337144622802734375e+02
1.795036773681640625e+02
1.689510498046875000e+02
1.510583343505859375e+02
1.436292266845703125e+02
8.670447540283203125e+01
1.167077102661132812e+02
2.005915985107421875e+02
2.771834106445312500e+02
1.564080352783203125e+02
2.620021667480468750e+02
3.365672607421875000e+02
2.393886718750000000e+02
3.376684570312500000e+02
3.658240661621093750e+02
1.061557998657226562e+02
1.338723449707031250e+02
1.530950317382812500e+02
2.623576927185058594e+01
9.157315826416015625e+01
1.580704193115234375e+02
2.192787742614746094e+01
4.653662109375000000e+01
1.206940002441406250e+02
1.525810599327087402e+00
2.094217300415039062e+00
1.304894328117370605e+00
1.430328488349914551e+00
8.000994324684143066e-01
1.506591141223907471e-01
5.757903456687927246e-01
-7.924029231071472168e-01
-1.223221063613891602e+00
-6.587563323974609375e+01
-2.804597473144531250e+01
-7.359100341796875000e+01
-6.382946014404296875e+01
-1.750455474853515625e+01
-5.969058227539062500e+01
-7.461199188232421875e+01
-3.092590522766113281e+01
-6.988895416259765625e+01
7.545506591796875000e+02
1.075079956054687500e+03
1.309431274414062500e+03
9.305374755859375000e+02
1.233694702148437500e+03
1.447035400390625000e+03
1.153232421875000000e+03
1.365866821289062500e+03
1.488958862304687500e+03
8.518884277343750000e+01
5.734514999389648438e+01
3.222445678710937500e+01
2.553568649291992188e+01
-1.712639427185058594e+01
-1.891134262084960938e+01
-4.848390960693359375e+01
-8.847485351562500000e+01
-8.622214508056640625e+01
3.909323120117187500e+01
3.266378402709960938e+01
1.953326797485351562e+01
6.689115524291992188e+00
1.757009315490722656e+01
2.452220153808593750e+01
-3.145943450927734375e+01
-1.600458526611328125e+01
-2.025381922721862793e-01
4.708161163330078125e+01
7.528587341308593750e+01
8.475495147705078125e+01
6.044027709960937500e+01
9.744515228271484375e+01
1.005614776611328125e+02
6.382038497924804688e+01
9.345956420898437500e+01
9.036563873291015625e+01
1.005461120605468750e+02
1.916551818847656250e+02
2.926276855468750000e+02
1.046551513671875000e+02
2.713580627441406250e+02
3.566649780273437500e+02
7.666318511962890625e+01
2.909294128417968750e+02
3.875299072265625000e+02
9.835414123535156250e+01
1.189138641357421875e+02
9.554329681396484375e+01
1.295437164306640625e+02
1.813861541748046875e+02
1.506186370849609375e+02
2.057569313049316406e+01
9.274459838867187500e+01
1.300294647216796875e+02
3.560614929199218750e+02
4.588064270019531250e+02
4.839446411132812500e+02
4.443620605468750000e+02
6.143367919921875000e+02
5.910483398437500000e+02
5.308640136718750000e+02
7.196020507812500000e+02
6.869483032226562500e+02
1.276257095336914062e+02
4.714210128784179688e+01
-1.179739856719970703e+01
9.083048820495605469e+00
-3.631401062011718750e+01
-7.089472961425781250e+01
-1.453727874755859375e+02
-1.278570480346679688e+02
-1.246647644042968750e+02
2.985808715820312500e+02
3.651643676757812500e+02
4.686670532226562500e+02
3.861666564941406250e+02
3.789810180664062500e+02
4.902054748535156250e+02
4.077621154785156250e+02
3.140713195800781250e+02
3.793492736816406250e+02
2.129665222167968750e+02
2.378176116943359375e+02
2.372003326416015625e+02
2.507199096679687500e+02
2.792993469238281250e+02
2.708555603027343750e+02
2.742142333984375000e+02
2.928323364257812500e+02
2.770272827148437500e+02
1.338385162353515625e+02
1.715389556884765625e+02
1.905457153320312500e+02
1.544223937988281250e+02
1.771539611816406250e+02
1.959084472656250000e+02
1.800861816406250000e+02
1.684147796630859375e+02
1.730261993408203125e+02
5.969636917114257812e+01
8.161516571044921875e+01
6.663558959960937500e+01
5.634877777099609375e+01
1.162803039550781250e+02
7.734840393066406250e+01
5.099164581298828125e+01
1.112660446166992188e+02
7.573316955566406250e+01
1.029562377929687500e+02
1.118544616699218750e+02
1.032687225341796875e+02
1.114498062133789062e+02
1.148678665161132812e+02
1.103747863769531250e+02
1.122524337768554688e+02
1.056529541015625000e+02
1.114302673339843750e+02
1.245729370117187500e+02
1.207527618408203125e+02
1.112740173339843750e+02
1.618972015380859375e+02
1.720892181396484375e+02
1.457470855712890625e+02
1.643581237792968750e+02
1.843600006103515625e+02
1.506242218017578125e+02
6.213129162788391113e-01
9.975647330284118652e-01
4.853345155715942383e-01
5.697516798973083496e-01
7.501332759857177734e-01
5.651242733001708984e-01
4.457550048828125000e-01
6.354120969772338867e-01
7.560943961143493652e-01
2.817888259887695312e+01
2.505588150024414062e+01
9.284854888916015625e+00
4.358292007446289062e+01
4.124790954589843750e+01
7.472520351409912109e+00
5.634278488159179688e+01
5.057675552368164062e+01
8.718932151794433594e+00
5.052486877441406250e+02
5.733991699218750000e+02
5.423113403320312500e+02
5.714020996093750000e+02
6.362587890625000000e+02
6.141635742187500000e+02
5.321648559570312500e+02
5.778282470703125000e+02
5.580822143554687500e+02
4.532028961181640625e+01
3.284452819824218750e+01
2.901744461059570312e+01
5.185704803466796875e+01
4.192943954467773438e+01
4.291253280639648438e+01
5.305739593505859375e+01
5.605452346801757812e+01
6.957833862304687500e+01
1.838912773132324219e+01
5.679231166839599609e+00
6.420068740844726562e+00
2.003167915344238281e+01
1.119450473785400391e+01
1.397994518280029297e+01
2.915730476379394531e+01
3.698339080810546875e+01
1.925628471374511719e+01
3.101208496093750000e+01
3.058744049072265625e+01
2.796664428710937500e+01
3.747620773315429688e+01
3.502893066406250000e+01
2.709747505187988281e+01
4.332350158691406250e+01
4.141621780395507812e+01
2.763827896118164062e+01
9.590280151367187500e+01
9.679506683349609375e+01
1.328997650146484375e+02
1.376547241210937500e+02
1.356754608154296875e+02
1.422781219482421875e+02
1.609738769531250000e+02
1.413323059082031250e+02
1.255766830444335938e+02
1.712047576904296875e+02
1.690830688476562500e+02
1.137283325195312500e+02
1.942224121093750000e+02
1.781966247558593750e+02
1.168132629394531250e+02
2.236471099853515625e+02
2.143952636718750000e+02
1.292082824707031250e+02
1.903827667236328125e+02
1.530316619873046875e+02
1.704453125000000000e+02
2.059906616210937500e+02
1.502603454589843750e+02
1.496893310546875000e+02
2.174943389892578125e+02
1.402047576904296875e+02
1.172032165527343750e+02
4.316665267944335938e+01
1.545441722869873047e+01
2.528255653381347656e+01
5.948561859130859375e+01
2.556311607360839844e+01
3.537296676635742188e+01
7.778688049316406250e+01
4.656080627441406250e+01
3.869932937622070312e+01
2.232249145507812500e+02
2.819572448730468750e+02
3.029813842773437500e+02
2.516491851806640625e+02
3.255141906738281250e+02
3.730947570800781250e+02
2.543294982910156250e+02
3.288234863281250000e+02
3.923118286132812500e+02
1.465398712158203125e+02
1.442522888183593750e+02
1.801131134033203125e+02
8.060468292236328125e+01
4.271649932861328125e+01
9.665274810791015625e+01
8.003172302246093750e+01
7.115560913085937500e+01
8.219712829589843750e+01
1.043737487792968750e+02
8.053459930419921875e+01
1.131867752075195312e+02
6.601423645019531250e+01
7.601645660400390625e+01
1.121253967285156250e+02
6.117679595947265625e+01
3.267638015747070312e+01
1.110853652954101562e+02
2.259833908081054688e+01
-1.350689888000488281e+01
9.388157653808593750e+01
2.194547271728515625e+01
-7.156445503234863281e+00
1.158929138183593750e+02
1.767357444763183594e+01
1.871978569030761719e+01
8.174578094482421875e+01
3.482418823242187500e+01
1.037049293518066406e+01
3.209836959838867188e+01
9.281731605529785156e+00
-1.798646545410156250e+01
9.780920028686523438e+00
1.470699310302734375e+00
-2.168377876281738281e+01
8.609020233154296875e+00
1.509745788574218750e+02
1.460753784179687500e+02
1.379432830810546875e+02
7.156687927246093750e+01
7.773046875000000000e+01
1.161867218017578125e+02
1.253031539916992188e+02
1.021402587890625000e+02
1.456991424560546875e+02
2.693221271038055420e-01
9.820694327354431152e-01
2.117921352386474609e+00
6.210483312606811523e-01
1.079355955123901367e+00
3.923361897468566895e-01
5.808241367340087891e-01
4.245407581329345703e-01
3.160575032234191895e-01
4.622533798217773438e+01
5.357167434692382812e+01
5.052803802490234375e+01
2.933318138122558594e+01
7.291184997558593750e+01
6.871969604492187500e+01
-4.608032703399658203e+00
5.022382354736328125e+01
3.435857009887695312e+01
2.085494384765625000e+02
1.801338806152343750e+02
2.298802490234375000e+02
4.045185470581054688e+01
-2.793813705444335938e+00
1.170460357666015625e+02
8.283840179443359375e+01
5.875868988037109375e+01
1.779736938476562500e+02
8.304745483398437500e+01
1.080664825439453125e+02
1.165026626586914062e+02
7.525352478027343750e+01
7.530262756347656250e+01
7.522736358642578125e+01
1.094139556884765625e+02
8.079547882080078125e+01
5.697811889648437500e+01
3.235426712036132812e+01
6.527974700927734375e+01
4.143473052978515625e+01
1.677709960937500000e+01
3.193514823913574219e+01
3.991096496582031250e+01
1.836542892456054688e+01
1.385270786285400391e+01
2.595590400695800781e+01
1.856904411315917969e+01
2.201030349731445312e+01
2.364531326293945312e+01
6.682028770446777344e+00
1.803927612304687500e+01
2.258343124389648438e+01
5.017168045043945312e+00
1.546307468414306641e+01
1.670240020751953125e+01
1.477026519775390625e+02
1.103231735229492188e+02
6.642150878906250000e+01
1.095861587524414062e+02
9.886121368408203125e+01
2.188226509094238281e+01
1.566926860809326172e+01
5.196057128906250000e+01
1.352852439880371094e+01
1.260284271240234375e+02
1.259065399169921875e+02
1.375254058837890625e+02
1.093113327026367188e+02
1.262974090576171875e+02
1.397030334472656250e+02
1.090322208404541016e+01
7.072231292724609375e+00
8.101952362060546875e+01
1.027220458984375000e+02
9.814144134521484375e+01
3.337213516235351562e+01
3.749871063232421875e+01
7.232347106933593750e+01
2.032122611999511719e+01
3.184465789794921875e+01
8.247181701660156250e+01
3.505319213867187500e+01
1.430018310546875000e+02
1.862182922363281250e+02
1.150190963745117188e+02
9.536951446533203125e+01
1.397858276367187500e+02
7.895393371582031250e+01
7.447716522216796875e+01
1.315371398925781250e+02
9.178498077392578125e+01
1.362194671630859375e+02
1.002002868652343750e+02
2.052545166015625000e+02
8.689495086669921875e+01
3.006265640258789062e+01
1.567185974121093750e+02
6.150365829467773438e+01
-1.691895008087158203e+00
9.864877319335937500e+01
-3.984493652343750000e+03
-3.796360595703125000e+03
-3.511884521484375000e+03
-4.262918945312500000e+03
-4.136416015625000000e+03
-3.832080566406250000e+03
-3.998697021484375000e+03
-3.998101074218750000e+03
-3.586122558593750000e+03
-2.395119873046875000e+03
-2.283630859375000000e+03
-2.220071777343750000e+03
-2.334494384765625000e+03
-2.169875732421875000e+03
-1.942926513671875000e+03
-2.095924804687500000e+03
-2.124514404296875000e+03
-1.963215820312500000e+03
-4.870330810546875000e+02
-1.689750213623046875e+02
-1.598061370849609375e+02
-6.049129028320312500e+02
-2.193766479492187500e+02
-3.223529968261718750e+02
-6.415963745117187500e+02
-3.063588562011718750e+02
-3.533273620605468750e+02
-2.070672607421875000e+03
-1.936532592773437500e+03
-1.574970825195312500e+03
-2.044305908203125000e+03
-1.871298339843750000e+03
-1.490502563476562500e+03
-1.993166992187500000e+03
-1.745163208007812500e+03
-1.510131835937500000e+03
-6.268710937500000000e+02
-1.573394927978515625e+02
-3.032436523437500000e+02
-1.244332397460937500e+03
-6.656962280273437500e+02
-9.466812133789062500e+02
-8.481088867187500000e+02
-3.911179809570312500e+02
-7.204000854492187500e+02
-4.053052425384521484e+00
-5.313305377960205078e+00
-2.954681396484375000e+00
2.399472892284393311e-02
-2.775894165039062500e+00
-1.735074281692504883e+00
-1.734606742858886719e+00
-2.016427993774414062e+00
-7.723336815834045410e-01
-1.134558944702148438e+02
1.258416175842285156e-01
-3.933842849731445312e+01
-5.020249557495117188e+01
1.000806655883789062e+02
2.544085311889648438e+01
-2.770682144165039062e+01
8.613821411132812500e+01
1.355143890380859375e+02
-1.010133496093750000e+04
-9.141250000000000000e+03
-7.628482421875000000e+03
-1.000890625000000000e+04
-9.254469726562500000e+03
-8.002491699218750000e+03
-9.294895507812500000e+03
-8.590687500000000000e+03
-7.625332031250000000e+03
2.357424163818359375e+02
2.174177551269531250e+02
2.119820709228515625e+02
2.238436889648437500e+02
3.386723022460937500e+02
3.280652770996093750e+02
1.423319854736328125e+02
3.900593566894531250e+02
3.122180786132812500e+02
-3.700306701660156250e+01
-4.230059432983398438e+01
-2.653399848937988281e+01
-1.328090667724609375e+02
-6.160446166992187500e+01
-3.030452537536621094e+01
-5.965451049804687500e+01
9.072377014160156250e+01
1.291959075927734375e+02
-5.303869628906250000e+02
-4.520876464843750000e+02
-4.035144958496093750e+02
-5.084708251953125000e+02
-4.682791442871093750e+02
-4.429228515625000000e+02
-4.283715209960937500e+02
-4.191310729980468750e+02
-3.965735168457031250e+02
-1.795080688476562500e+03
-2.172745361328125000e+03
-2.266760498046875000e+03
-1.800416870117187500e+03
-2.182500488281250000e+03
-2.276034423828125000e+03
-1.538100341796875000e+03
-2.050220947265625000e+03
-2.023312622070312500e+03
-2.667569335937500000e+03
-2.433472167968750000e+03
-2.524351562500000000e+03
-2.770592529296875000e+03
-2.526163330078125000e+03
-2.483563476562500000e+03
-2.550092285156250000e+03
-2.393877929687500000e+03
-2.354307373046875000e+03
-4.521506835937500000e+03
-4.148398437500000000e+03
-3.881788085937500000e+03
-4.656213378906250000e+03
-4.190051269531250000e+03
-3.894484863281250000e+03
-4.538482910156250000e+03
-4.200285644531250000e+03
-3.731542724609375000e+03
4.006325531005859375e+01
-1.058080139160156250e+02
-2.045807266235351562e+01
8.615261840820312500e+01
1.068074035644531250e+02
1.767266540527343750e+02
1.656183776855468750e+02
2.000187988281250000e+02
1.404450378417968750e+02
-3.795700195312500000e+03
-2.751901123046875000e+03
-2.113002441406250000e+03
-3.724121826171875000e+03
-2.649565429687500000e+03
-2.111584472656250000e+03
-3.759574218750000000e+03
-2.545760986328125000e+03
-2.297845947265625000e+03
4.891906738281250000e+02
5.057504882812500000e+02
5.503634033203125000e+02
5.007312622070312500e+02
4.991079101562500000e+02
5.541885986328125000e+02
4.736744079589843750e+02
4.738912658691406250e+02
5.451907958984375000e+02
6.793397827148437500e+02
7.058388671875000000e+02
7.496906738281250000e+02
6.784827270507812500e+02
7.239612426757812500e+02
7.686464233398437500e+02
7.484842529296875000e+02
8.058200683593750000e+02
8.671806030273437500e+02
4.286906433105468750e+01
4.894984436035156250e+01
4.011017990112304688e+01
4.278650665283203125e+01
4.099881744384765625e+01
5.145865249633789062e+01
3.493048858642578125e+01
1.532250213623046875e+01
4.299110031127929688e+01
7.695802307128906250e+01
8.733827209472656250e+01
7.872798919677734375e+01
6.704152679443359375e+01
8.061659240722656250e+01
6.976461029052734375e+01
7.585753631591796875e+01
9.238229370117187500e+01
8.279157257080078125e+01
9.752292633056640625e+01
1.367150878906250000e+02
1.136060256958007812e+02
1.286462249755859375e+02
1.892523803710937500e+02
1.693551177978515625e+02
7.869972229003906250e+01
1.315437164306640625e+02
9.680525207519531250e+01
-2.702364027500152588e-01
-4.977565109729766846e-01
-1.608042269945144653e-01
4.077055454254150391e-01
3.903315365314483643e-01
1.564453244209289551e-01
1.683459997177124023e+00
1.480735182762145996e+00
1.308522820472717285e+00
4.749851684570312500e+02
4.972471618652343750e+02
5.123973999023437500e+02
4.996488647460937500e+02
5.265260620117187500e+02
5.414114990234375000e+02
4.678826904296875000e+02
4.950350646972656250e+02
5.122108764648437500e+02
3.649649047851562500e+02
4.171064453125000000e+02
4.358493041992187500e+02
2.990723266601562500e+02
3.677004699707031250e+02
3.934408874511718750e+02
3.390380249023437500e+02
3.873255004882812500e+02
4.028987426757812500e+02
-1.429806327819824219e+01
1.307676410675048828e+01
3.021109771728515625e+01
2.648445606231689453e+00
3.134983634948730469e+01
4.409155273437500000e+01
9.839628219604492188e+00
3.301558303833007812e+01
4.057344055175781250e+01
-3.498019933700561523e+00
1.200827217102050781e+01
2.430212783813476562e+01
5.155406475067138672e+00
-1.666835069656372070e+00
1.778503990173339844e+01
-5.995928287506103516e+00
6.069520473480224609e+00
7.821287155151367188e+00
2.475115776062011719e+01
2.407777404785156250e+01
2.674001502990722656e+01
2.007396316528320312e+01
1.945318984985351562e+01
2.166829872131347656e+01
1.517646121978759766e+01
1.330672359466552734e+01
1.700880622863769531e+01
5.974532318115234375e+01
3.190771293640136719e+01
3.145663452148437500e+01
5.885737991333007812e+01
4.290042877197265625e+01
3.647681427001953125e+01
5.480530548095703125e+01
5.131703186035156250e+01
4.832710647583007812e+01
9.509738159179687500e+02
1.019985656738281250e+03
1.056734497070312500e+03
9.745516357421875000e+02
1.061067382812500000e+03
1.115048339843750000e+03
9.536265258789062500e+02
1.056242431640625000e+03
1.105047119140625000e+03
3.228847656250000000e+02
3.480364379882812500e+02
3.526018676757812500e+02
3.303743896484375000e+02
3.691865234375000000e+02
3.792286376953125000e+02
3.585442199707031250e+02
3.846677246093750000e+02
4.011041259765625000e+02
7.663247680664062500e+01
8.280847930908203125e+01
1.068175506591796875e+02
6.774324035644531250e+01
9.381036376953125000e+01
1.138365097045898438e+02
8.301555633544921875e+01
9.713439178466796875e+01
1.025385437011718750e+02
4.801628112792968750e+02
6.023474731445312500e+02
6.020670776367187500e+02
4.472250671386718750e+02
5.800380249023437500e+02
5.620222167968750000e+02
4.420983276367187500e+02
5.780817260742187500e+02
5.599143676757812500e+02
3.135018110275268555e+00
-1.211464691162109375e+01
-1.093376636505126953e+01
-9.350687980651855469e+00
-2.375108528137207031e+01
-2.554771995544433594e+01
-2.646377563476562500e+01
-4.072632217407226562e+01
-3.932458114624023438e+01
-3.931533050537109375e+01
-5.336827468872070312e+01
-3.605366897583007812e+01
-5.146688461303710938e+01
-6.363719558715820312e+01
-4.198216247558593750e+01
-1.801575469970703125e+01
-2.191047096252441406e+01
-7.062571048736572266e+00
-1.071443367004394531e+01
-3.243856811523437500e+01
-1.689789009094238281e+01
-1.548732566833496094e+01
-3.581639099121093750e+01
-1.692265892028808594e+01
-2.430168914794921875e+01
-3.758845138549804688e+01
-5.823594570159912109e+00
1.462709188461303711e+00
-2.493562936782836914e+00
-8.939561843872070312e+00
-7.162159919738769531e+00
-1.755066680908203125e+01
-2.625148200988769531e+01
-1.162098121643066406e+01
-1.926908683776855469e+01
-2.454384231567382812e+01
3.977314472198486328e+00
1.674444556236267090e+00
-2.160618543624877930e+00
-3.563254356384277344e+00
-5.520366191864013672e+00
-1.522006988525390625e+01
-1.825614166259765625e+01
-2.195331382751464844e+01
-1.951477622985839844e+01
-4.313180744647979736e-01
-5.844622850418090820e-01
-1.458704024553298950e-01
5.859558284282684326e-02
3.053430020809173584e-01
5.409081578254699707e-01
3.905105218291282654e-02
8.184145390987396240e-02
1.998489350080490112e-01
-1.379723739624023438e+01
-1.362034225463867188e+01
-1.175135898590087891e+01
-7.762786388397216797e+00
-4.511291503906250000e+00
-4.197679519653320312e+00
-1.045386600494384766e+01
-5.722769260406494141e+00
-5.132554769515991211e-01
-1.255205535888671875e+01
-4.406426620483398438e+01
-6.041452407836914062e+01
-4.902762985229492188e+01
-8.534533691406250000e+01
-1.050661163330078125e+02
-6.367482376098632812e+01
-8.770598602294921875e+01
-9.330469512939453125e+01
-1.175726795196533203e+01
-1.072656154632568359e+01
-5.011109352111816406e+00
-9.414847373962402344e+00
-4.938369750976562500e+00
-3.689126729965209961e+00
-5.399980068206787109e+00
8.166457712650299072e-02
-2.114166975021362305e+00
-4.102290630340576172e+00
-2.605700969696044922e+00
-2.101096630096435547e+00
2.425645351409912109e+00
-1.505738139152526855e+00
-3.589628934860229492e+00
3.192208290100097656e+00
4.133563518524169922e+00
-6.501869559288024902e-01
-1.465808153152465820e+00
-4.847133159637451172e+00
-5.609542846679687500e+00
-3.933883428573608398e+00
-6.930128097534179688e+00
-6.897069931030273438e+00
-5.780475139617919922e+00
-6.474886894226074219e+00
-4.348998069763183594e+00
-7.013051509857177734e-01
1.989347696304321289e+00
-3.695347547531127930e+00
3.644279479980468750e+00
-1.445031642913818359e+00
-4.320932388305664062e+00
1.018420457839965820e-01
-1.382056331634521484e+01
-1.976984405517578125e+01
-6.222832870483398438e+01
-6.199670410156250000e+01
-4.760643386840820312e+01
-3.661731719970703125e+01
-3.610435867309570312e+01
-2.158132743835449219e+01
-1.409931087493896484e+01
-9.217343330383300781e+00
-3.846147060394287109e-01
-2.541584968566894531e+00
-3.230459213256835938e+00
-1.553076171875000000e+01
-1.568894958496093750e+01
-2.126442337036132812e+01
-3.115266036987304688e+01
-1.609282493591308594e+01
-2.036963844299316406e+01
-2.517954254150390625e+01
-4.634024810791015625e+01
-2.618136787414550781e+01
-2.058799171447753906e+01
-8.639986991882324219e+00
-1.436879634857177734e-01
-2.580013513565063477e+00
2.546561956405639648e+00
-1.373926877975463867e+00
-1.253681659698486328e+00
-6.794675827026367188e+00
-3.094426727294921875e+01
-3.583248901367187500e+01
-1.178398704528808594e+01
-3.703961181640625000e+01
-3.992549896240234375e+01
-2.838568115234375000e+01
-5.417818450927734375e+01
-4.498431015014648438e+01
4.365070495605468750e+02
3.884577026367187500e+02
3.391916809082031250e+02
3.234486694335937500e+02
2.784488525390625000e+02
2.537238769531250000e+02
1.681470031738281250e+02
1.496685791015625000e+02
1.667344360351562500e+02
1.895906829833984375e+02
9.981521606445312500e+01
1.460498199462890625e+02
1.531353454589843750e+02
8.977669525146484375e+01
8.619821929931640625e+01
1.085544357299804688e+02
1.134663085937500000e+02
1.238758697509765625e+02
9.516712188720703125e+01
4.055823135375976562e+01
3.988375091552734375e+01
5.557169723510742188e+01
-5.618936538696289062e+00
4.318819427490234375e+01
5.410594558715820312e+01
2.960683250427246094e+01
7.107539367675781250e+01
1.939069213867187500e+02
1.670122528076171875e+02
1.371397857666015625e+02
1.846752624511718750e+02
1.659643707275390625e+02
1.159660568237304688e+02
1.315093383789062500e+02
1.270783157348632812e+02
9.272619628906250000e+01
1.650427703857421875e+02
1.041222991943359375e+02
9.709038543701171875e+01
7.053905487060546875e+01
-5.074550247192382812e+01
-2.958234977722167969e+01
-2.540314025878906250e+02
-2.407061920166015625e+02
-1.471277618408203125e+02
-2.505230426788330078e+00
-9.675450325012207031e-01
-3.926316797733306885e-01
4.588536918163299561e-01
1.413215756416320801e+00
1.558210611343383789e+00
1.479405522346496582e+00
2.685056686401367188e+00
1.243879675865173340e+00
-1.401260471343994141e+01
2.350333404541015625e+01
-4.184043407440185547e-01
-2.122611284255981445e+00
8.841652870178222656e+00
-2.216254043579101562e+01
-2.554215049743652344e+01
-5.893063068389892578e+00
-1.842075920104980469e+01
1.036205932617187500e+03
8.803935546875000000e+02
6.741599731445312500e+02
5.227846069335937500e+02
4.387381591796875000e+02
3.600552673339843750e+02
4.266169738769531250e+02
4.611284179687500000e+02
4.395476684570312500e+02
8.469157409667968750e+01
8.106986999511718750e+01
7.447448730468750000e+01
1.022752609252929688e+02
1.092420806884765625e+02
9.264420318603515625e+01
2.483297348022460938e+01
-1.208967804908752441e+00
-5.047894287109375000e+01
1.175028800964355469e+01
1.760232353210449219e+01
2.194526290893554688e+01
6.789584350585937500e+01
6.812921142578125000e+01
6.280587005615234375e+01
6.239340591430664062e+01
1.443124485015869141e+01
2.676624107360839844e+01
5.025890731811523438e+01
4.384078216552734375e+01
2.614200019836425781e+01
1.388282585144042969e+01
1.579604244232177734e+01
1.354214859008789062e+01
-4.897736549377441406e+00
9.969185829162597656e+00
1.713650321960449219e+01
2.861307983398437500e+02
3.218913879394531250e+02
2.914418945312500000e+02
1.410369415283203125e+02
1.722092895507812500e+02
1.164773178100585938e+02
1.330987701416015625e+02
1.727009735107421875e+02
1.984374847412109375e+02
1.593311462402343750e+02
1.700987701416015625e+02
1.862309570312500000e+02
2.325660705566406250e+02
2.412144927978515625e+02
1.925368194580078125e+02
2.080075073242187500e+02
1.950404663085937500e+02
1.422874145507812500e+02
3.325733642578125000e+02
3.170496215820312500e+02
2.222282409667968750e+02
1.814405517578125000e+02
1.866529693603515625e+02
1.770124969482421875e+02
1.915092163085937500e+02
2.379685211181640625e+02
2.545847930908203125e+02
1.459085750579833984e+01
4.409531402587890625e+01
7.099673748016357422e+00
1.745095672607421875e+02
1.776316070556640625e+02
6.890280151367187500e+01
1.188837966918945312e+02
5.238899612426757812e+01
-5.947646331787109375e+01
5.369276733398437500e+02
3.443530578613281250e+02
2.907581481933593750e+02
4.074609985351562500e+02
1.667535400390625000e+02
1.357257690429687500e+02
2.607894592285156250e+02
1.149440536499023438e+02
1.126232986450195312e+02
1.863544769287109375e+02
2.206015625000000000e+02
1.886565856933593750e+02
1.799983062744140625e+02
2.254176635742187500e+02
1.652713775634765625e+02
1.792886810302734375e+02
1.993691864013671875e+02
1.485172882080078125e+02
1.277943649291992188e+02
1.966085052490234375e+02
1.792831420898437500e+02
1.190940246582031250e+02
1.871517181396484375e+02
1.415664672851562500e+02
9.180030822753906250e+01
1.474772644042968750e+02
9.945748138427734375e+01
-8.810352325439453125e+00
6.125519180297851562e+01
7.029824066162109375e+01
1.484770774841308594e+01
8.098544311523437500e+01
4.537725067138671875e+01
4.809196853637695312e+01
8.729072570800781250e+01
2.604110908508300781e+01
9.826628875732421875e+01
9.145943450927734375e+01
9.479791259765625000e+01
8.263353729248046875e+01
8.199993133544921875e+01
9.373719787597656250e+01
7.991683197021484375e+01
7.915673828125000000e+01
8.780018615722656250e+01
1.787962341308593750e+01
-4.398367404937744141e+00
1.565455245971679688e+01
8.090232086181640625e+01
6.300350189208984375e+01
6.939207458496093750e+01
2.318513298034667969e+01
-1.321801948547363281e+01
4.797516822814941406e+00
2.757499814033508301e-01
-2.570810541510581970e-02
-5.906901359558105469e-01
-1.716067194938659668e-01
-3.427563309669494629e-01
-4.501342177391052246e-01
3.941682577133178711e-01
2.973324060440063477e-01
-7.233731448650360107e-02
2.916556930541992188e+01
4.859534835815429688e+01
3.545748901367187500e+01
4.897090148925781250e+01
6.010301208496093750e+01
3.163332176208496094e+01
5.265562820434570312e+01
4.056670761108398438e+01
7.642301559448242188e+00
4.788240356445312500e+02
4.469092407226562500e+02
4.372273559570312500e+02
4.054150085449218750e+02
4.027837219238281250e+02
4.060705261230468750e+02
3.784424438476562500e+02
3.605460815429687500e+02
3.431827392578125000e+02
-2.471835136413574219e+01
-3.619809722900390625e+01
-3.946928024291992188e+01
-2.365991020202636719e+01
-3.407346725463867188e+01
-4.241635894775390625e+01
-6.619161605834960938e+00
-1.513387489318847656e+01
-2.228353691101074219e+01
-5.480855941772460938e+00
-1.026091766357421875e+01
-6.553248882293701172e+00
-8.663990974426269531e+00
-1.248720169067382812e+01
-6.755520820617675781e+00
-3.243067026138305664e+00
6.871515512466430664e-02
-6.607406139373779297e+00
2.038928413391113281e+01
2.256977272033691406e+01
2.738255882263183594e+01
2.180469703674316406e+01
2.525303840637207031e+01
2.515585136413574219e+01
1.208322715759277344e+01
1.358942985534667969e+01
1.187722492218017578e+01
1.075020904541015625e+02
1.172254562377929688e+02
9.255386352539062500e+01
8.636292266845703125e+01
9.072574615478515625e+01
7.420747375488281250e+01
9.075440979003906250e+01
1.002424392700195312e+02
9.122395324707031250e+01
2.000809020996093750e+02
2.086832427978515625e+02
1.658202209472656250e+02
1.826457977294921875e+02
1.774450531005859375e+02
1.377379150390625000e+02
1.557752075195312500e+02
1.499195251464843750e+02
1.130114822387695312e+02
2.272675323486328125e+02
2.211340332031250000e+02
1.892044067382812500e+02
2.219619140625000000e+02
1.986958618164062500e+02
1.634100646972656250e+02
2.177349395751953125e+02
1.925004577636718750e+02
1.512315368652343750e+02
-7.178254127502441406e+00
-3.604024124145507812e+01
-4.577280807495117188e+01
-2.368762207031250000e+01
-5.659938049316406250e+01
-4.817266464233398438e+01
-1.544736289978027344e+01
-3.866992568969726562e+01
-2.891890716552734375e+01
1.976226348876953125e+02
1.652134246826171875e+02
2.114382934570312500e+02
1.632363739013671875e+02
1.522507324218750000e+02
1.738269958496093750e+02
1.659601745605468750e+02
1.711641998291015625e+02
1.707400817871093750e+02
-3.236953735351562500e+02
-3.645552673339843750e+02
-4.013917236328125000e+02
-2.938697204589843750e+02
-3.130585021972656250e+02
-3.574160461425781250e+02
-2.485726928710937500e+02
-2.540831146240234375e+02
-3.014971923828125000e+02
-9.534282684326171875e+01
-8.476061248779296875e+01
-1.006932373046875000e+02
-1.002934036254882812e+02
-7.902220153808593750e+01
-8.647767639160156250e+01
-1.242952117919921875e+02
-1.154603958129882812e+02
-1.153915863037109375e+02
-6.330393981933593750e+01
-6.843860626220703125e+01
-5.838634872436523438e+01
-6.745626831054687500e+01
-6.682893371582031250e+01
-7.612693023681640625e+01
-7.254890441894531250e+01
-5.838823318481445312e+01
-8.075334930419921875e+01
-3.862308502197265625e+01
-5.872669982910156250e+01
-7.386923980712890625e+01
-3.395781707763671875e+01
-5.452739334106445312e+01
-6.691767120361328125e+01
-3.663540649414062500e+01
-6.169339370727539062e+01
-7.206317901611328125e+01
-3.530041198730468750e+02
-3.543707885742187500e+02
-3.125751342773437500e+02
-3.208074340820312500e+02
-3.323807067871093750e+02
-3.076918029785156250e+02
-2.700103149414062500e+02
-2.833793334960937500e+02
-2.554301300048828125e+02
-7.295280098915100098e-01
-1.161850810050964355e+00
-1.572162389755249023e+00
-8.532354831695556641e-01
-1.335619091987609863e+00
-1.593097329139709473e+00
-1.328515172004699707e+00
-1.250466704368591309e+00
-9.742073416709899902e-01
-5.857818222045898438e+01
-5.675593185424804688e+01
-5.982531738281250000e+01
-5.809144973754882812e+01
-6.148364257812500000e+01
-5.085450363159179688e+01
-7.090954589843750000e+01
-6.952009582519531250e+01
-5.823353958129882812e+01
-3.023732910156250000e+02
-4.141282653808593750e+02
-4.609079589843750000e+02
-2.406375427246093750e+02
-3.472985534667968750e+02
-3.955389404296875000e+02
-2.742184753417968750e+02
-3.541321105957031250e+02
-3.992092285156250000e+02
-3.511755065917968750e+02
-3.553683166503906250e+02
-3.433340148925781250e+02
-3.083686218261718750e+02
-3.110251159667968750e+02
-3.118420715332031250e+02
-2.582856445312500000e+02
-2.603247070312500000e+02
-2.612445373535156250e+02
-9.200333404541015625e+01
-8.483433532714843750e+01
-7.769913482666015625e+01
-7.496006011962890625e+01
-9.275749206542968750e+01
-9.114329528808593750e+01
-5.951836395263671875e+01
-6.263663101196289062e+01
-7.494501495361328125e+01
-4.638656997680664062e+01
-4.959598922729492188e+01
-5.245722961425781250e+01
-4.177829360961914062e+01
-4.710149002075195312e+01
-5.056016921997070312e+01
-4.386472702026367188e+01
-4.691395950317382812e+01
-5.079784393310546875e+01
-6.701141357421875000e+01
-7.743608093261718750e+01
-1.161290588378906250e+02
-1.053462371826171875e+02
-1.181741867065429688e+02
-1.358256225585937500e+02
-1.363997955322265625e+02
-1.596794128417968750e+02
-1.754503479003906250e+02
-1.513688354492187500e+02
-1.382770080566406250e+02
-1.400708160400390625e+02
-1.793756256103515625e+02
-1.769264068603515625e+02
-1.669773254394531250e+02
-1.801594085693359375e+02
-2.022798156738281250e+02
-1.969857482910156250e+02
-4.888898086547851562e+01
-8.336431121826171875e+01
-1.200391311645507812e+02
-4.603343582153320312e+01
-7.919968414306640625e+01
-1.108598175048828125e+02
-7.361996459960937500e+01
-1.101938247680664062e+02
-1.386322021484375000e+02
-4.047846069335937500e+02
-3.944898681640625000e+02
-3.734614562988281250e+02
-4.343476562500000000e+02
-4.212604675292968750e+02
-3.961476745605468750e+02
-4.006994018554687500e+02
-4.005625000000000000e+02
-3.784357299804687500e+02
-3.979562988281250000e+02
-4.686662292480468750e+02
-4.297325134277343750e+02
-3.457526245117187500e+02
-3.956490783691406250e+02
-3.787581481933593750e+02
-3.008901062011718750e+02
-3.291462402343750000e+02
-3.087041625976562500e+02
-2.222355079650878906e+01
-1.813363838195800781e+01
-1.523426246643066406e+01
-2.253508567810058594e+01
-1.338438892364501953e+01
-1.022824668884277344e+01
-1.581043910980224609e+01
-8.005376815795898438e+00
-9.052051544189453125e+00
-5.090871334075927734e+00
-1.551602363586425781e+00
-8.962101936340332031e+00
-7.626003742218017578e+00
-1.293111681938171387e+00
-1.080038547515869141e+01
-1.248599052429199219e+01
-9.482771873474121094e+00
-1.728990745544433594e+01
1.824565976858139038e-01
-1.593042254447937012e+00
-2.208815813064575195e+00
-1.554217576980590820e+00
-1.347495436668395996e+00
-4.952462196350097656e+00
-2.141265392303466797e+00
-2.102365344762802124e-01
-2.611156225204467773e+00
-1.979173421859741211e+00
-5.588291883468627930e-01
-2.936503648757934570e+00
-6.420298814773559570e-01
1.314948081970214844e+00
6.193454265594482422e-01
-5.622242689132690430e-01
-7.263720035552978516e-01
4.824404716491699219e-01
-2.381803131103515625e+01
-2.604858779907226562e+01
-2.165658950805664062e+01
-1.895866012573242188e+01
-2.911625671386718750e+01
-2.424767684936523438e+01
-1.121602630615234375e+01
-2.199257469177246094e+01
-2.458482170104980469e+01
-2.591965906322002411e-02
-2.506083808839321136e-02
-8.055171370506286621e-02
-6.491059064865112305e-02
-3.579776361584663391e-02
4.816746339201927185e-03
-1.181256771087646484e-02
-1.887451671063899994e-02
-7.632532715797424316e-02
-4.730305671691894531e+00
-6.888585090637207031e+00
-1.352159118652343750e+01
-2.654349565505981445e+00
-5.963673591613769531e+00
-1.200513267517089844e+01
-2.342729091644287109e+00
-4.995632171630859375e+00
-1.032608795166015625e+01
-1.472084045410156250e+01
-5.004688739776611328e+00
-1.983103752136230469e+01
-6.777071952819824219e+00
-2.439014434814453125e+00
-1.361988639831542969e+01
-1.311550235748291016e+01
-4.570893287658691406e+00
-7.100757598876953125e+00
-1.179986667633056641e+01
-1.766936874389648438e+01
-1.720999717712402344e+01
-5.115830421447753906e+00
-9.328376770019531250e+00
-1.218318080902099609e+01
-1.560999155044555664e+00
-2.754554271697998047e+00
-4.760529041290283203e+00
-1.136757373809814453e+00
-5.201997756958007812e+00
-6.967306137084960938e+00
-8.370870351791381836e-01
-4.717761039733886719e+00
-1.002483177185058594e+01
-7.317662239074707031e-01
-1.906482338905334473e+00
-4.405174255371093750e+00
-3.243270874023437500e+00
-3.323566675186157227e+00
-2.404911994934082031e+00
-2.708999156951904297e+00
-3.210015773773193359e+00
-2.181622028350830078e+00
-2.689758300781250000e+00
-3.416095495223999023e+00
-2.295903444290161133e+00
-1.405802726745605469e+01
-2.305415153503417969e+01
-6.899778366088867188e+00
-2.588224411010742188e+01
-2.355211830139160156e+01
-1.015531444549560547e+01
-3.210412979125976562e+01
-2.813390350341796875e+01
-1.553424930572509766e+01
-9.636439323425292969e+00
-1.131842422485351562e+01
-2.542055320739746094e+01
-1.350273132324218750e+01
-1.466133308410644531e+01
-3.050382041931152344e+01
-1.393293094635009766e+01
-1.738395118713378906e+01
-3.365267944335937500e+01
-4.018644809722900391e+00
-5.815083026885986328e+00
2.588189601898193359e+00
-4.224464893341064453e+00
-6.515861988067626953e+00
9.486795663833618164e-01
-1.123765850067138672e+01
-1.248369503021240234e+01
-3.819984912872314453e+00
-1.758681488037109375e+01
-3.134038925170898438e+01
-3.369342041015625000e+01
-1.911053848266601562e+01
-3.105702972412109375e+01
-3.881817626953125000e+01
-9.950671195983886719e+00
-2.284970092773437500e+01
-3.145936393737792969e+01
-1.008093070983886719e+01
-1.782429885864257812e+01
-2.558736801147460938e+01
-5.434917926788330078e+00
-1.192876338958740234e+01
-1.736326980590820312e+01
-4.400645732879638672e+00
-1.158162879943847656e+01
-1.108834266662597656e+01
-5.955914916992187500e+02
-6.669587402343750000e+02
-5.683189697265625000e+02
-5.168605346679687500e+02
-5.617561035156250000e+02
-4.724015502929687500e+02
-4.388575439453125000e+02
-4.602430114746093750e+02
-3.989143676757812500e+02
-1.792651672363281250e+02
-1.830814208984375000e+02
-1.672077484130859375e+02
-1.088214645385742188e+02
-1.228520507812500000e+02
-9.777336120605468750e+01
-1.773702087402343750e+02
-2.101484222412109375e+02
-2.224695892333984375e+02
-1.189349517822265625e+02
-3.980945205688476562e+01
-8.815393447875976562e+00
-1.170117721557617188e+02
-3.715175247192382812e+01
1.378949642181396484e+00
-5.879467010498046875e+01
-2.239177131652832031e+01
2.118182563781738281e+01
-5.866687011718750000e+01
-5.474020767211914062e+01
-4.731917953491210938e+01
-3.398014068603515625e+01
-2.107947731018066406e+01
-1.643978500366210938e+01
-2.871138572692871094e+01
-1.639416503906250000e+01
-8.180696487426757812e+00
-7.069033203125000000e+02
-5.713882446289062500e+02
-5.675240478515625000e+02
-6.914518432617187500e+02
-5.379601440429687500e+02
-5.492778930664062500e+02
-5.884970703125000000e+02
-4.455433349609375000e+02
-4.145206604003906250e+02
-1.068905472755432129e+00
-6.873584985733032227e-01
1.969083547592163086e-01
-3.975564241409301758e-01
-2.248748391866683960e-01
-1.296875476837158203e+00
-1.166978955268859863e+00
-1.450694203376770020e+00
-1.899919033050537109e+00
-1.561953735351562500e+02
-1.170486755371093750e+02
-8.098720550537109375e+01
-2.355974731445312500e+02
-1.485942382812500000e+02
-1.165226135253906250e+02
-1.957765808105468750e+02
-8.735987854003906250e+01
-9.373677062988281250e+01
-6.367721557617187500e+02
-6.693306274414062500e+02
-6.247352905273437500e+02
-4.309647216796875000e+02
-4.171773681640625000e+02
-3.613230895996093750e+02
-2.724971923828125000e+02
-2.627725219726562500e+02
-2.082212066650390625e+02
-5.495125732421875000e+02
-5.452551879882812500e+02
-5.289332885742187500e+02
-5.755024414062500000e+02
-6.117084960937500000e+02
-5.981065673828125000e+02
-5.421226196289062500e+02
-5.910117797851562500e+02
-5.698751220703125000e+02
-7.086586761474609375e+01
-1.097551803588867188e+02
-9.195708465576171875e+01
-1.407551727294921875e+02
-1.798850708007812500e+02
-1.537808837890625000e+02
-1.398418731689453125e+02
-1.779989471435546875e+02
-1.389608154296875000e+02
-8.338998413085937500e+01
-7.432830810546875000e+01
-6.903092193603515625e+01
-8.306871032714843750e+01
-6.321407318115234375e+01
-5.521786117553710938e+01
-7.736247253417968750e+01
-5.330064010620117188e+01
-4.877378082275390625e+01
-6.643721008300781250e+01
-1.620030517578125000e+02
-1.619786224365234375e+02
-1.034929504394531250e+02
-1.507234497070312500e+02
-1.113974990844726562e+02
-1.575086822509765625e+02
-1.478224945068359375e+02
-1.370891418457031250e+02
-2.326616210937500000e+02
-1.769712829589843750e+02
-2.425024414062500000e+02
-3.606048583984375000e+02
-3.092703552246093750e+02
-3.763347778320312500e+02
-4.782606811523437500e+02
-4.333573303222656250e+02
-4.953528442382812500e+02
-8.753228759765625000e+01
-8.934441375732421875e+01
-1.257747421264648438e+02
-3.452693939208984375e+01
-1.315851211547851562e+01
-1.920755004882812500e+01
-4.472262573242187500e+01
1.425165462493896484e+01
2.433948898315429688e+01
-5.778294677734375000e+02
-6.869661865234375000e+02
-7.087691040039062500e+02
-7.481903686523437500e+02
-8.482380981445312500e+02
-8.833854370117187500e+02
-8.592818603515625000e+02
-9.162382812500000000e+02
-8.983511962890625000e+02
-7.223241577148437500e+02
-6.299146118164062500e+02
-6.210839233398437500e+02
-6.368298339843750000e+02
-6.028068237304687500e+02
-5.188625488281250000e+02
-4.492885742187500000e+02
-4.905760498046875000e+02
-3.914405517578125000e+02
-1.689645004272460938e+01
4.340892791748046875e+01
4.958109664916992188e+01
-4.153018951416015625e+01
-1.000442886352539062e+01
-8.832544326782226562e+00
-1.032931518554687500e+02
-1.151615219116210938e+02
-9.422033691406250000e+01
2.134302062988281250e+02
1.405735778808593750e+02
2.147758178710937500e+02
1.462773742675781250e+02
4.789881134033203125e+01
1.340332641601562500e+02
1.218597030639648438e+02
-9.211688041687011719e-01
5.609288024902343750e+01
5.575817489624023438e+01
7.731861114501953125e+01
-5.324517822265625000e+01
7.393167114257812500e+01
2.281040573120117188e+01
-1.259041137695312500e+02
6.632669067382812500e+01
-2.413917160034179688e+01
-1.637615051269531250e+02
-5.970083236694335938e+01
3.120878601074218750e+01
8.305667877197265625e+01
-9.334004211425781250e+01
-2.784218597412109375e+01
9.771364212036132812e+00
-7.921118164062500000e+01
-2.384212684631347656e+01
-4.061919784545898438e+01
-1.937481384277343750e+02
-4.506017303466796875e+01
-4.994037628173828125e+01
-2.437914733886718750e+02
-6.059260559082031250e+01
-9.195164489746093750e+01
-2.270998229980468750e+02
-5.262341308593750000e+01
-5.854244232177734375e+01
-3.954765200614929199e-01
-6.425785422325134277e-01
-1.813277602195739746e+00
-2.205644398927688599e-01
-1.472779393196105957e+00
-1.558959722518920898e+00
-3.930660486221313477e-01
-1.950375914573669434e+00
-7.742195725440979004e-01
2.344536590576171875e+02
2.510223693847656250e+02
2.246470336914062500e+02
2.198439941406250000e+02
2.147339477539062500e+02
2.022619323730468750e+02
2.267539978027343750e+02
2.202540435791015625e+02
2.435793304443359375e+02
-4.828959960937500000e+02
-2.496310119628906250e+02
1.564383029937744141e+00
-6.319902954101562500e+02
-4.926578674316406250e+02
-2.556340484619140625e+02
-6.032316894531250000e+02
-5.701359252929687500e+02
-4.529079589843750000e+02
-1.633937377929687500e+02
-1.953853149414062500e+02
-1.426797637939453125e+02
-2.582652893066406250e+02
-2.409594726562500000e+02
-1.987711791992187500e+02
-2.811175231933593750e+02
-2.348568267822265625e+02
-2.030259246826171875e+02
-5.727690887451171875e+01
-5.659981155395507812e+01
-6.374260711669921875e+01
-6.821957397460937500e+01
-4.666287994384765625e+01
-4.090643310546875000e+01
-5.981907653808593750e+01
-2.813278579711914062e+01
-2.205859184265136719e+01
-3.077686309814453125e+01
-1.197619199752807617e+00
-2.488689041137695312e+01
-4.464706039428710938e+01
-2.705810928344726562e+01
-4.918355560302734375e+01
-4.593649291992187500e+01
-3.732119369506835938e+01
-5.358027648925781250e+01
-2.555716857910156250e+02
-1.446045532226562500e+02
-2.297098999023437500e+02
-2.107143249511718750e+02
-1.306773223876953125e+02
-2.198984069824218750e+02
-1.951339263916015625e+02
-1.150100784301757812e+02
-1.839464416503906250e+02
2.624122009277343750e+02
3.241603393554687500e+02
3.632134399414062500e+02
2.528398895263671875e+02
3.239588928222656250e+02
4.040791320800781250e+02
2.159130554199218750e+02
2.813888854980468750e+02
3.786641235351562500e+02
-3.497993850708007812e+01
6.946439361572265625e+01
2.307390594482421875e+01
-8.593417358398437500e+01
2.278930282592773438e+01
-3.561452484130859375e+01
-2.516911315917968750e+01
3.979171371459960938e+01
-3.943215560913085938e+01
-2.883519897460937500e+02
-2.809339904785156250e+02
-1.808009796142578125e+02
-3.600850219726562500e+02
-2.749434814453125000e+02
-1.597848815917968750e+02
-3.286909179687500000e+02
-1.897979736328125000e+02
-7.220655059814453125e+01
9.937287139892578125e+01
1.173703079223632812e+02
2.628511657714843750e+02
-3.961948776245117188e+01
1.829130554199218750e+01
1.020379562377929688e+02
-1.400293426513671875e+02
-6.034523010253906250e+01
-7.385104370117187500e+01
-4.747298812866210938e+01
-4.925214385986328125e+01
-7.340608978271484375e+01
-5.137620544433593750e+01
-4.810988235473632812e+01
-7.545865631103515625e+01
-4.420520782470703125e+01
-4.155529785156250000e+01
-6.932861328125000000e+01
-1.984060096740722656e+01
-1.080866622924804688e+01
-2.477260971069335938e+01
-1.602030372619628906e+01
-5.480226516723632812e+00
-1.899322700500488281e+01
-1.946087646484375000e+01
-1.083625221252441406e+01
-3.473128890991210938e+01
-1.145946979522705078e+01
-1.602122688293457031e+01
-1.080149364471435547e+01
-5.518529891967773438e+00
-1.282447338104248047e+01
-1.452569389343261719e+01
-3.862040042877197266e-01
-1.399892234802246094e+01
-2.265055847167968750e+01
-2.185204029083251953e+00
-1.684375762939453125e+01
-1.511228656768798828e+01
-2.901002407073974609e+00
-1.595924568176269531e+01
-1.683039093017578125e+01
-2.441829681396484375e+00
-1.395531272888183594e+01
-1.610763740539550781e+01
-6.123100280761718750e+01
-8.966369628906250000e+01
-4.556159973144531250e+01
-7.355312347412109375e+01
-9.863027954101562500e+01
-4.717061614990234375e+01
-5.400828552246093750e+01
-8.327998352050781250e+01
-4.351865005493164062e+01
-7.930789142847061157e-03
-1.141111478209495544e-01
-1.798694729804992676e-01
8.841780945658683777e-03
-1.096163913607597351e-01
-3.868545889854431152e-01
-1.322256624698638916e-01
-3.455187082290649414e-01
-6.251160502433776855e-01
-5.786983489990234375e+00
-2.495432853698730469e+00
-8.378500938415527344e+00
-5.144301414489746094e+00
-6.652802944183349609e+00
-8.560582160949707031e+00
-2.187398672103881836e+00
-4.397526741027832031e+00
-7.023764610290527344e+00
-3.785277938842773438e+01
-1.031222076416015625e+02
-1.228738861083984375e+02
-3.426572418212890625e+01
-9.021125030517578125e+01
-1.152352066040039062e+02
-3.119459342956542969e+01
-7.266930389404296875e+01
-1.024177017211914062e+02
-3.389569091796875000e+01
-4.804507446289062500e+01
-4.113388824462890625e+01
-3.820455551147460938e+01
-5.648348236083984375e+01
-5.467709732055664062e+01
-3.434361267089843750e+01
-5.306750869750976562e+01
-5.320868682861328125e+01
-1.241709041595458984e+01
-1.320469474792480469e+01
-1.194073677062988281e+01
-1.861656379699707031e+01
-2.440841293334960938e+01
-1.978076171875000000e+01
-2.014000129699707031e+01
-2.631928253173828125e+01
-2.217149925231933594e+01
-9.089544296264648438e+00
-8.475305557250976562e+00
-8.964017868041992188e+00
-9.180861473083496094e+00
-7.566930770874023438e+00
-7.360732078552246094e+00
-5.648946762084960938e+00
-5.864198207855224609e+00
-6.368499279022216797e+00
-1.159760570526123047e+01
-9.803440093994140625e+00
-3.137485122680664062e+01
-2.343282127380371094e+01
-1.609333419799804688e+01
-2.491039466857910156e+01
-4.883356475830078125e+01
-2.589297485351562500e+01
-2.468551254272460938e+01
-9.540451049804687500e+00
-1.030333423614501953e+01
-2.063420486450195312e+01
-2.129809379577636719e+01
-2.873928833007812500e+01
-3.330746078491210938e+01
-4.336477279663085938e+01
-5.502947998046875000e+01
-5.856598281860351562e+01
1.039010047912597656e+01
-7.642479419708251953e+00
-3.667732620239257812e+01
5.550401210784912109e+00
-9.680992126464843750e+00
-2.942986869812011719e+01
-9.978243827819824219e+00
-2.307346343994140625e+01
-2.943831253051757812e+01
-4.961625289916992188e+01
-5.710768508911132812e+01
-5.742295455932617188e+01
-8.220744323730468750e+01
-9.215943908691406250e+01
-7.656084442138671875e+01
-9.422013854980468750e+01
-1.088362808227539062e+02
-8.326445770263671875e+01
-5.167474746704101562e+01
-1.171734085083007812e+02
-7.055197906494140625e+01
-4.912848663330078125e+01
-1.147145538330078125e+02
-7.699051666259765625e+01
-3.576861190795898438e+01
-9.904558563232421875e+01
-6.974518585205078125e+01
9.303751220703125000e+02
8.583154907226562500e+02
7.960430908203125000e+02
8.188463745117187500e+02
7.420397338867187500e+02
7.140510253906250000e+02
6.165937500000000000e+02
5.681148071289062500e+02
5.723159790039062500e+02
2.285257873535156250e+02
2.257292785644531250e+02
3.279621887207031250e+02
1.839264373779296875e+02
1.929890747070312500e+02
2.856154785156250000e+02
1.855039215087890625e+02
2.269724731445312500e+02
3.207865295410156250e+02
7.824823760986328125e+01
1.001946487426757812e+02
1.267062454223632812e+02
6.078461074829101562e+01
9.581063079833984375e+01
1.481143951416015625e+02
8.144908905029296875e+01
1.103347320556640625e+02
1.701093444824218750e+02
1.271418991088867188e+02
1.029911651611328125e+02
1.123249816894531250e+02
7.702548217773437500e+01
6.710998535156250000e+01
6.618656921386718750e+01
3.969747161865234375e+01
4.702284240722656250e+01
5.185339736938476562e+01
7.974301757812500000e+02
7.763543090820312500e+02
7.047299194335937500e+02
6.664503173828125000e+02
6.419542846679687500e+02
6.210655517578125000e+02
5.955285644531250000e+02
5.749104614257812500e+02
5.749816894531250000e+02
1.921985745429992676e+00
1.683477401733398438e+00
2.672774553298950195e+00
2.108941555023193359e+00
2.565099477767944336e+00
3.537377595901489258e+00
2.029919862747192383e+00
2.818037033081054688e+00
2.589616775512695312e+00
1.107488021850585938e+02
9.671567535400390625e+01
1.252032623291015625e+02
1.216183395385742188e+02
1.413041992187500000e+02
1.680198669433593750e+02
1.609675598144531250e+02
1.818149719238281250e+02
2.026812896728515625e+02
9.880447998046875000e+02
9.912305908203125000e+02
1.052236572265625000e+03
6.028530273437500000e+02
6.218710937500000000e+02
7.041058349609375000e+02
4.293843078613281250e+02
4.404935302734375000e+02
4.806838073730468750e+02
6.453400878906250000e+02
6.594635009765625000e+02
6.303779907226562500e+02
6.974805908203125000e+02
6.990740966796875000e+02
6.677327270507812500e+02
6.487532348632812500e+02
6.308274536132812500e+02
5.973094482421875000e+02
1.430568542480468750e+02
1.347686767578125000e+02
1.174462890625000000e+02
1.911094360351562500e+02
2.085053100585937500e+02
1.932230682373046875e+02
1.762304077148437500e+02
1.789695892333984375e+02
2.051127319335937500e+02
1.024999008178710938e+02
9.175764465332031250e+01
8.519058990478515625e+01
8.307399749755859375e+01
7.844505310058593750e+01
7.756256866455078125e+01
7.910108184814453125e+01
7.646872711181640625e+01
7.929037475585937500e+01
2.968942260742187500e+02
2.516702423095703125e+02
1.586098480224609375e+02
2.718721923828125000e+02
2.067455749511718750e+02
1.417032928466796875e+02
2.419855194091796875e+02
2.265065307617187500e+02
1.788984527587890625e+02
2.797098083496093750e+02
2.839567260742187500e+02
3.618369140625000000e+02
3.459532165527343750e+02
3.688782653808593750e+02
4.439851684570312500e+02
3.975393981933593750e+02
4.493467407226562500e+02
5.280963134765625000e+02
2.455298919677734375e+02
2.279947509765625000e+02
2.068412933349609375e+02
1.372919921875000000e+02
1.479230804443359375e+02
1.195256805419921875e+02
8.174504852294921875e+01
1.113526687622070312e+02
9.637105560302734375e+01
6.611353149414062500e+02
7.103316040039062500e+02
7.105429687500000000e+02
8.961373291015625000e+02
9.072097778320312500e+02
8.514026489257812500e+02
9.842412109375000000e+02
9.762751464843750000e+02
9.106494750976562500e+02
7.723422241210937500e+02
8.574306030273437500e+02
8.596994628906250000e+02
7.490872192382812500e+02
8.225738525390625000e+02
8.745230712890625000e+02
5.912993774414062500e+02
6.365119018554687500e+02
7.079262084960937500e+02
7.259220581054687500e+02
7.208693237304687500e+02
7.387009887695312500e+02
7.396783447265625000e+02
7.225048828125000000e+02
7.353937377929687500e+02
6.930327758789062500e+02
6.735484008789062500e+02
7.176380004882812500e+02
3.669277038574218750e+02
4.339758911132812500e+02
5.250946655273437500e+02
3.206614379882812500e+02
3.966578979492187500e+02
5.266839599609375000e+02
2.728194274902343750e+02
3.514533081054687500e+02
4.850231323242187500e+02
3.074745559692382812e+01
5.382257843017578125e+01
1.269515151977539062e+02
3.818303680419921875e+01
4.729412078857421875e+01
1.637466125488281250e+02
4.570114898681640625e+01
7.398543548583984375e+01
1.948821411132812500e+02
1.498289947509765625e+02
1.685747680664062500e+02
1.450143280029296875e+02
1.060941619873046875e+02
1.252278747558593750e+02
1.265681533813476562e+02
1.031837997436523438e+02
9.970478057861328125e+01
1.198239746093750000e+02
5.790232543945312500e+02
5.973303222656250000e+02
5.489428710937500000e+02
6.258259887695312500e+02
6.045254516601562500e+02
5.633313598632812500e+02
5.679353027343750000e+02
5.716109619140625000e+02
5.440681152343750000e+02
6.578337550163269043e-01
9.695849418640136719e-01
8.847451210021972656e-01
6.439952850341796875e-01
1.785175323486328125e+00
1.935155749320983887e+00
1.585411906242370605e+00
2.581690788269042969e+00
2.921832084655761719e+00
1.182390975952148438e+02
1.556565246582031250e+02
1.815381164550781250e+02
1.147560424804687500e+02
1.615906829833984375e+02
1.952926788330078125e+02
1.092022552490234375e+02
1.571066436767578125e+02
1.904442749023437500e+02
1.091784301757812500e+03
1.121218750000000000e+03
1.123549926757812500e+03
9.078651733398437500e+02
9.450291137695312500e+02
1.022955078125000000e+03
7.477774658203125000e+02
8.210507202148437500e+02
9.630219116210937500e+02
3.857784729003906250e+02
4.140461425781250000e+02
4.024242858886718750e+02
4.832802734375000000e+02
5.003356018066406250e+02
4.826365051269531250e+02
5.066782531738281250e+02
5.079226074218750000e+02
4.934154357910156250e+02
5.948916244506835938e+01
6.615086364746093750e+01
9.488726806640625000e+01
9.228216552734375000e+01
8.370664215087890625e+01
7.974964141845703125e+01
1.210152359008789062e+02
1.052203674316406250e+02
9.837680816650390625e+01
8.310541534423828125e+01
7.604466247558593750e+01
8.248867034912109375e+01
7.966390228271484375e+01
7.658148193359375000e+01
8.299599456787109375e+01
6.838820648193359375e+01
7.265322875976562500e+01
8.243944549560546875e+01
3.017512512207031250e+02
2.957926940917968750e+02
2.586411437988281250e+02
2.443652954101562500e+02
2.292354736328125000e+02
1.743751220703125000e+02
2.264696044921875000e+02
1.812065277099609375e+02
1.171569671630859375e+02
4.146692810058593750e+02
5.536134033203125000e+02
6.365297241210937500e+02
4.110113220214843750e+02
5.477822875976562500e+02
5.886840209960937500e+02
4.763406677246093750e+02
6.112759399414062500e+02
5.982434082031250000e+02
3.312395935058593750e+02
3.725749206542968750e+02
3.517192077636718750e+02
2.316224975585937500e+02
2.735160217285156250e+02
2.613062133789062500e+02
1.631421203613281250e+02
2.390175170898437500e+02
2.273419036865234375e+02
5.342576293945312500e+02
6.197418212890625000e+02
5.953585205078125000e+02
6.434174194335937500e+02
6.894371337890625000e+02
6.267629394531250000e+02
7.624248046875000000e+02
7.524260864257812500e+02
6.479986572265625000e+02
6.715692138671875000e+02
6.852462158203125000e+02
6.947019042968750000e+02
7.216562500000000000e+02
7.158799438476562500e+02
7.431695556640625000e+02
7.170799560546875000e+02
7.240433959960937500e+02
7.822545776367187500e+02
4.610004577636718750e+02
4.317226257324218750e+02
4.164500122070312500e+02
4.587783813476562500e+02
4.201662597656250000e+02
4.150291748046875000e+02
4.382671508789062500e+02
4.048325805664062500e+02
3.979260864257812500e+02
3.578621520996093750e+02
3.713510437011718750e+02
3.329642944335937500e+02
3.250959472656250000e+02
3.362908630371093750e+02
3.190042114257812500e+02
3.156742553710937500e+02
3.375349121093750000e+02
3.431189270019531250e+02
1.438555755615234375e+02
1.192611312866210938e+02
6.714315795898437500e+01
1.285500335693359375e+02
1.022352752685546875e+02
7.165144348144531250e+01
9.247427368164062500e+01
8.093299102783203125e+01
1.063306045532226562e+02
1.012738494873046875e+02
9.717687988281250000e+01
8.416174316406250000e+01
1.117412109375000000e+02
1.073236923217773438e+02
8.580319976806640625e+01
1.082317733764648438e+02
9.222674560546875000e+01
6.138618469238281250e+01
3.781335449218750000e+02
3.614328308105468750e+02
2.964483337402343750e+02
4.055946960449218750e+02
3.790149536132812500e+02
2.759612426757812500e+02
3.595228576660156250e+02
3.247431640625000000e+02
2.499294586181640625e+02
1.636955261230468750e+00
9.980468750000000000e-01
9.317107200622558594e-01
4.096532166004180908e-01
4.406898319721221924e-01
1.020456671714782715e+00
5.394181013107299805e-01
7.998208403587341309e-01
1.906618356704711914e+00
1.373962860107421875e+02
1.076418151855468750e+02
8.619297027587890625e+01
1.624935455322265625e+02
1.173784637451171875e+02
9.852018737792968750e+01
1.511790161132812500e+02
1.102975006103515625e+02
9.772657012939453125e+01
6.679619140625000000e+02
6.790424194335937500e+02
5.758984375000000000e+02
6.750761108398437500e+02
6.516755371093750000e+02
5.332415771484375000e+02
6.245544433593750000e+02
5.511392211914062500e+02
4.478354187011718750e+02
1.798728027343750000e+02
1.853647155761718750e+02
1.792340545654296875e+02
1.712103729248046875e+02
1.918407287597656250e+02
1.916144104003906250e+02
1.609303894042968750e+02
1.884331512451171875e+02
1.878297119140625000e+02
5.798434829711914062e+01
6.630356597900390625e+01
7.142498016357421875e+01
6.793590545654296875e+01
8.370604705810546875e+01
7.901203155517578125e+01
8.250583648681640625e+01
1.038798065185546875e+02
8.009529113769531250e+01
6.604521179199218750e+01
5.196907043457031250e+01
4.113050460815429688e+01
6.959645843505859375e+01
4.956174087524414062e+01
3.287858200073242188e+01
5.753592681884765625e+01
3.850369644165039062e+01
2.660531616210937500e+01
1.869278106689453125e+02
1.620915527343750000e+02
1.885308074951171875e+02
2.072991638183593750e+02
1.720233001708984375e+02
1.814338989257812500e+02
2.552812957763671875e+02
2.112164001464843750e+02
1.790300598144531250e+02
4.428538818359375000e+02
3.960489196777343750e+02
4.071346740722656250e+02
4.669024047851562500e+02
4.327915039062500000e+02
4.327985229492187500e+02
5.191780395507812500e+02
4.964711303710937500e+02
4.734659118652343750e+02
1.544678497314453125e+02
1.301529846191406250e+02
1.687983551025390625e+02
1.805937347412109375e+02
1.228235092163085938e+02
1.368648529052734375e+02
2.186078186035156250e+02
1.324506988525390625e+02
1.041311569213867188e+02
2.948547668457031250e+02
3.108805541992187500e+02
3.538772277832031250e+02
3.320817871093750000e+02
3.704701538085937500e+02
3.777457275390625000e+02
3.828580322265625000e+02
4.136102600097656250e+02
3.729006042480468750e+02
5.241393432617187500e+02
5.908638916015625000e+02
4.813712158203125000e+02
4.883092346191406250e+02
5.375086059570312500e+02
4.366655883789062500e+02
4.020551452636718750e+02
4.473724975585937500e+02
3.845776367187500000e+02
