-1.872900873422622681e-02
2.326991874724626541e-03
-5.830606073141098022e-02
-2.435200065374374390e-01
3.420728817582130432e-02
1.179499551653862000e-01
-2.618022449314594269e-02
1.402680873870849609e-01
-1.203735619783401489e-01
-1.076132506132125854e-01
4.918543994426727295e-02
5.182784050703048706e-02
-3.732112050056457520e-02
-1.689394265413284302e-01
-6.637450307607650757e-02
-1.246309429407119751e-01
1.139962151646614075e-01
4.970904812216758728e-02
-2.274429611861705780e-02
-4.686271026730537415e-02
7.832656055688858032e-02
7.014634460210800171e-02
-5.001242831349372864e-02
6.497327983379364014e-02
1.450899839401245117e-01
-1.447421163320541382e-01
4.493169486522674561e-02
-3.860266506671905518e-02
-5.081586167216300964e-02
-4.193814471364021301e-02
-1.250692009925842285e-01
1.031240914016962051e-02
2.639246582984924316e-01
-1.998275518417358398e-02
-9.726835787296295166e-02
-6.511715054512023926e-02
1.089347451925277710e-01
2.282580137252807617e-01
-2.366657555103302002e-01
7.641313225030899048e-02
2.763459980487823486e-01
-1.643255539238452911e-02
6.396907567977905273e-02
-1.637482792139053345e-01
-5.628044158220291138e-02
2.404796332120895386e-01
2.247544750571250916e-02
-3.027070872485637665e-02
-1.895146071910858154e-02
2.781742513179779053e-01
1.488162018358707428e-02
-3.636401146650314331e-02
7.697939872741699219e-02
-5.325342714786529541e-02
2.733379602432250977e-01
-1.056042537093162537e-01
2.452423274517059326e-01
1.442331671714782715e-01
-2.164282649755477905e-01
-4.471046924591064453e-01
9.133239090442657471e-02
2.383091114461421967e-02
-7.106037437915802002e-02
2.344060130417346954e-02
2.783753722906112671e-02
-1.134780272841453552e-01
2.234843373298645020e-01
7.944717258214950562e-02
-1.369448155164718628e-01
1.349239647388458252e-01
-9.342347271740436554e-03
1.170027852058410645e-01
5.411303415894508362e-02
3.495860099792480469e-01
-3.373703956604003906e-01
-1.128856986761093140e-01
-2.745313569903373718e-03
4.044578969478607178e-02
6.180969625711441040e-02
-2.824274823069572449e-02
-3.132165223360061646e-02
-4.410291463136672974e-02
-1.406261175870895386e-01
-1.194039881229400635e-01
-2.796818129718303680e-02
2.855775132775306702e-02
-3.781352192163467407e-02
1.875910349190235138e-02
6.596557796001434326e-02
-1.828745007514953613e-01
1.921840012073516846e-01
1.116498857736587524e-01
2.207758575677871704e-01
3.756133094429969788e-02
-1.575141847133636475e-01
1.456412672996520996e-02
2.235540598630905151e-01
-1.506268531084060669e-01
4.288357868790626526e-02
1.006676107645034790e-01
-3.580847010016441345e-02
-9.429281949996948242e-02
1.290518231689929962e-02
2.290458604693412781e-02
-1.719778776168823242e-02
-2.118225395679473877e-01
-1.779559627175331116e-02
7.003132998943328857e-02
-1.622445508837699890e-02
-1.012543402612209320e-02
1.025595739483833313e-01
-1.801283508539199829e-01
-5.803572759032249451e-02
-2.676296532154083252e-01
-1.345323920249938965e-01
-1.129448488354682922e-01
1.478231698274612427e-01
4.564920067787170410e-02
3.519464731216430664e-01
-5.038961023092269897e-02
6.031500548124313354e-02
-1.935627758502960205e-01
-1.897338032722473145e-01
1.714691966772079468e-01
3.149289190769195557e-01
3.926631063222885132e-02
-2.670842222869396210e-02
-1.425777822732925415e-01
4.792514815926551819e-02
-5.742072686553001404e-02
-1.367212682962417603e-01
-9.261952340602874756e-02
1.789646446704864502e-01
-1.829057633876800537e-01
8.753070235252380371e-02
1.444748695939779282e-02
-3.675204887986183167e-02
-1.706622075289487839e-03
2.339561283588409424e-02
-1.373955141752958298e-02
2.577533246949315071e-03
3.865239024162292480e-02
4.076166823506355286e-02
-5.581114441156387329e-02
-3.731307387351989746e-02
9.764151647686958313e-03
-1.358777657151222229e-02
1.615026220679283142e-02
-1.578066125512123108e-02
-2.792698564007878304e-03
2.219883166253566742e-02
3.957931697368621826e-02
-2.172084897756576538e-02
-3.660559281706809998e-02
1.949982903897762299e-02
-1.860857941210269928e-02
-3.684757044538855553e-03
1.443607453256845474e-02
4.817475005984306335e-02
-1.888108439743518829e-03
-4.250551108270883560e-03
-1.470892038196325302e-02
-1.139022484421730042e-01
7.662604004144668579e-02
3.294830024242401123e-02
-1.180887147784233093e-01
1.788135915994644165e-01
-1.967152059078216553e-01
-1.100964248180389404e-01
-6.805605441331863403e-02
6.493629515171051025e-02
2.000414021313190460e-02
1.778923124074935913e-01
-2.231742292642593384e-01
1.964099705219268799e-01
-2.375565022230148315e-01
-1.312506943941116333e-01
1.207982972264289856e-01
1.951687186956405640e-01
-7.252288609743118286e-02
1.964589506387710571e-01
1.521301642060279846e-02
2.472097128629684448e-01
-2.463216148316860199e-02
5.246188491582870483e-02
7.214801758527755737e-02
-3.029044903814792633e-02
3.061842322349548340e-01
-3.801923617720603943e-02
1.953105814754962921e-02
-4.020517691969871521e-02
-2.629611827433109283e-02
-2.027521654963493347e-02
-9.268726222217082977e-03
-3.833056986331939697e-02
3.115349914878606796e-03
5.576750263571739197e-03
-2.291822992265224457e-02
1.611582748591899872e-02
-3.671923652291297913e-02
-5.156944505870342255e-03
1.704883202910423279e-02
-2.011946402490139008e-02
7.648223545402288437e-03
-4.112335294485092163e-02
-4.126159846782684326e-02
1.834632083773612976e-02
3.855886310338973999e-02
2.885278873145580292e-02
1.397849153727293015e-02
-1.547689363360404968e-02
-2.189704962074756622e-02
-3.248339146375656128e-02
-2.895625121891498566e-02
-3.003386966884136200e-02
-2.330904640257358551e-02
-1.052985414862632751e-01
-1.380682140588760376e-01
1.104917749762535095e-01
1.643147468566894531e-01
5.243855528533458710e-03
7.862997800111770630e-02
5.510885268449783325e-03
5.829980224370956421e-02
1.175269335508346558e-01
4.057526215910911560e-02
2.053356356918811798e-02
-5.929234996438026428e-02
3.651931509375572205e-02
-5.512233823537826538e-03
-7.982601970434188843e-02
1.260480284690856934e-01
-2.877655625343322754e-02
4.369932040572166443e-02
-7.671363186091184616e-03
-4.647372663021087646e-02
-1.092440560460090637e-01
4.334734752774238586e-03
-1.382487565279006958e-01
6.848304718732833862e-02
-3.851684555411338806e-02
-5.108093470335006714e-02
-3.943446278572082520e-02
1.243231520056724548e-01
-2.394258081912994385e-01
-3.444737792015075684e-01
-1.951834857463836670e-01
1.571769118309020996e-01
1.012817677110433578e-02
-1.086391806602478027e-01
1.584732085466384888e-01
1.871593594551086426e-01
-6.083251163363456726e-02
3.489122390747070312e-01
-5.152634903788566589e-02
2.061043493449687958e-02
-2.227258402854204178e-03
-7.017367333173751831e-02
8.133769780397415161e-02
1.419619768857955933e-01
-3.692170977592468262e-02
1.444663703441619873e-01
4.873647913336753845e-02
-2.197977900505065918e-02
-9.080752730369567871e-03
-1.369948964565992355e-02
-7.377814501523971558e-02
5.852316692471504211e-02
5.248251184821128845e-02
-8.726742118597030640e-02
1.960864067077636719e-01
9.380660206079483032e-02
-1.224804762750864029e-02
-5.615573376417160034e-02
-2.479441463947296143e-02
3.239716216921806335e-02
-1.536505222320556641e-01
6.775968521833419800e-02
2.645372971892356873e-02
-1.994013600051403046e-02
-1.240253355354070663e-02
8.298917859792709351e-02
3.205545991659164429e-02
3.561263903975486755e-02
-2.862374782562255859e-01
6.627862900495529175e-02
1.896425187587738037e-01
-1.122515276074409485e-01
-4.541040956974029541e-02
-1.489319931715726852e-02
-1.040166318416595459e-01
8.255953900516033173e-03
6.981433182954788208e-02
5.944840610027313232e-02
-8.722202479839324951e-02
-3.454671008512377739e-03
6.192840635776519775e-02
1.869393438100814819e-01
2.341454476118087769e-01
-1.174008920788764954e-01
-2.388863712549209595e-01
2.992134392261505127e-01
-1.069135218858718872e-01
-1.049228757619857788e-01
-2.447935193777084351e-01
-9.193174540996551514e-02
-4.176007583737373352e-02
-2.328921258449554443e-01
-5.778639391064643860e-02
1.543528772890567780e-02
9.051614999771118164e-02
2.729010581970214844e-01
-1.908472478389739990e-01
4.279251396656036377e-02
2.459047138690948486e-01
-1.624100506305694580e-01
-1.875669658184051514e-01
2.552540898323059082e-01
-4.278897047042846680e-01
1.227336078882217407e-01
1.105265785008668900e-02
-2.234555780887603760e-01
2.575816512107849121e-01
-8.896736055612564087e-02
-3.607355058193206787e-02
-2.723267860710620880e-02
-7.338302582502365112e-02
6.396228075027465820e-02
4.565397277474403381e-02
3.320062905550003052e-02
6.343058496713638306e-02
2.222648821771144867e-02
-4.616509377956390381e-02
2.985770069062709808e-02
-3.391223773360252380e-02
3.271097689867019653e-02
-4.720873013138771057e-02
8.337425068020820618e-03
1.617557555437088013e-01
-1.006218488328158855e-03
3.065438941121101379e-02
1.368953660130500793e-02
1.094597280025482178e-01
1.024659499526023865e-01
-1.118037030100822449e-01
5.795691977255046368e-04
1.544809192419052124e-01
7.025394588708877563e-02
-3.284394275397062302e-03
7.507925480604171753e-02
-4.475213214755058289e-02
-2.062810957431793213e-01
-9.080915153026580811e-02
1.436240822076797485e-01
-4.201888665556907654e-02
1.404088437557220459e-01
-1.037688832730054855e-02
-2.908304519951343536e-02
-4.922012612223625183e-02
-1.459401845932006836e-01
8.883386850357055664e-03
2.218784242868423462e-01
-2.220904640853404999e-02
-7.893044501543045044e-02
-1.718018352985382080e-01
-8.646262809634208679e-03
-2.278545945882797241e-01
-1.693652123212814331e-01
-6.465907674282789230e-03
-6.070807110518217087e-03
-9.953590482473373413e-02
-1.169608235359191895e-01
1.393528771586716175e-03
1.364309489727020264e-01
1.200795099139213562e-01
-8.610579371452331543e-02
-5.476035550236701965e-02
3.034580685198307037e-02
-2.131136693060398102e-02
7.650725543498992920e-02
2.812708541750907898e-02
2.464923262596130371e-02
1.053091436624526978e-01
6.302209943532943726e-02
7.180935144424438477e-02
2.601459026336669922e-01
1.313184946775436401e-01
-6.978092342615127563e-02
2.963776886463165283e-02
4.267382994294166565e-02
-2.217482961714267731e-02
-6.803593784570693970e-02
1.592552848160266876e-02
-6.470590084791183472e-02
-4.639055579900741577e-02
6.372677534818649292e-02
3.044423833489418030e-02
-1.827611587941646576e-02
-3.984272852540016174e-02
-1.250702589750289917e-01
-5.809630826115608215e-02
8.700010180473327637e-02
-6.118054315447807312e-02
8.987595885992050171e-02
-1.699816435575485229e-02
1.172940209507942200e-01
-1.930346488952636719e-01
-1.888426095247268677e-01
5.727051571011543274e-02
-9.187929332256317139e-02
8.153117448091506958e-02
1.648018062114715576e-01
-6.990897655487060547e-02
-1.168420091271400452e-01
4.489402472972869873e-02
-1.738975755870342255e-02
-1.081242933869361877e-01
1.426899731159210205e-01
-4.500733688473701477e-02
-3.262036666274070740e-02
8.340845257043838501e-02
-1.215146109461784363e-01
7.792585343122482300e-02
4.410219937562942505e-02
-1.551656126976013184e-01
8.836514502763748169e-02
1.719125211238861084e-01
-6.817240267992019653e-02
-3.381589427590370178e-02
5.396752431988716125e-02
-1.667293533682823181e-02
-5.741306021809577942e-02
