1.066258624196052551e-01
-7.198090106248855591e-02
6.301572918891906738e-02
7.233421504497528076e-02
-2.549830451607704163e-02
2.201463794335722923e-03
-2.772016823291778564e-01
3.807172179222106934e-02
3.684456273913383484e-02
4.011160880327224731e-02
-1.889360696077346802e-01
-4.382518231868743896e-01
-5.043311789631843567e-02
-1.995859295129776001e-01
3.400790095329284668e-01
-6.299352645874023438e-02
7.403736561536788940e-02
2.927881181240081787e-01
-3.157983422279357910e-01
-1.134297102689743042e-01
4.342362284660339355e-02
2.906986176967620850e-01
8.533775061368942261e-02
3.366641998291015625e-01
-8.252549171447753906e-02
-2.131927013397216797e-01
-7.811670750379562378e-02
-9.379915893077850342e-03
-2.897272072732448578e-02
4.768119193613529205e-03
6.442070007324218750e-02
7.842349261045455933e-02
6.667761504650115967e-02
-5.998211354017257690e-02
1.871812157332897186e-02
6.247607246041297913e-02
6.511209998279809952e-03
1.090440899133682251e-02
-1.955080181360244751e-01
-1.214641518890857697e-02
-2.927209436893463135e-02
6.011125817894935608e-02
1.484075840562582016e-02
1.207637265324592590e-01
1.014888286590576172e-01
-5.155709385871887207e-02
-1.748290807008743286e-01
-8.616612851619720459e-02
-2.263576956465840340e-03
-5.927507299929857254e-03
-5.116272345185279846e-02
2.213968187570571899e-01
1.254947632551193237e-01
5.322601646184921265e-02
6.081581488251686096e-02
1.058285906910896301e-01
1.170530840754508972e-01
3.036953806877136230e-01
-2.852474153041839600e-01
9.667433053255081177e-02
-1.948918960988521576e-02
3.725167363882064819e-02
-2.914914861321449280e-02
-9.155098348855972290e-02
6.126540154218673706e-02
-1.397049874067306519e-01
2.648452222347259521e-01
-3.500707447528839111e-01
1.264761984348297119e-01
-1.207674145698547363e-01
-3.550791442394256592e-01
2.708113789558410645e-01
-1.733043193817138672e-01
-7.987155020236968994e-02
-8.300848305225372314e-02
-1.303638368844985962e-01
-1.860658451914787292e-02
-3.931124210357666016e-01
1.431823074817657471e-01
1.549946963787078857e-01
2.364860177040100098e-01
7.592190057039260864e-02
-7.060457468032836914e-01
2.924800217151641846e-01
-3.920935839414596558e-02
2.315519899129867554e-01
2.276277691125869751e-01
3.303869068622589111e-01
4.975930228829383850e-02
-3.322848081588745117e-01
2.722255587577819824e-01
-1.086498945951461792e-01
-5.208470821380615234e-01
3.020395040512084961e-01
-4.649995565414428711e-01
5.120875239372253418e-01
1.071042656898498535e+00
-1.130205988883972168e-01
2.958494424819946289e-01
1.351591646671295166e-01
-2.338674366474151611e-01
-1.445100456476211548e-01
2.396434992551803589e-01
-1.551922038197517395e-02
2.005273848772048950e-01
-6.523160636425018311e-02
1.039642542600631714e-01
-5.107588171958923340e-01
-1.649714820086956024e-02
-1.456198394298553467e-01
1.516022384166717529e-01
3.439275026321411133e-01
-9.333642572164535522e-02
-2.969891428947448730e-01
3.676675725728273392e-03
3.725667297840118408e-01
-2.986715361475944519e-02
2.962289810180664062e+00
-4.263782024383544922e+00
6.746657848358154297e+00
-5.805833339691162109e+00
1.464163589477539062e+01
-6.626399517059326172e+00
1.824143791198730469e+01
6.936592515558004379e-03
-1.507370114326477051e+00
6.745913028717041016e-01
7.965718746185302734e+00
-1.729358291625976562e+01
-7.421010971069335938e+00
-1.972199916839599609e+00
-7.806119918823242188e+00
2.984381675720214844e+00
8.295170068740844727e-01
-7.906681060791015625e+00
-1.384043842554092407e-01
-1.829602271318435669e-01
5.059955269098281860e-02
-1.688107401132583618e-01
-3.059453666210174561e-01
1.792953014373779297e-01
7.608491461724042892e-03
1.676390413194894791e-03
1.021881923079490662e-01
7.344677299261093140e-02
-3.016047645360231400e-03
-4.591777920722961426e-02
-1.204285398125648499e-01
6.263476610183715820e-02
9.523868560791015625e-02
1.352537274360656738e-01
-2.286211028695106506e-02
2.116023749113082886e-01
4.120138939470052719e-03
1.334038227796554565e-01
2.780534923076629639e-01
-1.597425043582916260e-01
6.090907752513885498e-02
1.406430453062057495e-01
-3.300817310810089111e-01
-1.979157142341136932e-02
4.342242777347564697e-01
-6.436450779438018799e-02
-1.408013105392456055e-01
-1.189292445778846741e-01
-1.114927977323532104e-01
9.023758769035339355e-02
1.521373838186264038e-01
-2.845877408981323242e-01
1.368295848369598389e-01
-3.220742801204323769e-03
-2.625427581369876862e-02
-1.509925071150064468e-02
-2.021077275276184082e-02
1.136638745665550232e-01
5.180161911994218826e-03
-1.057262718677520752e-01
-4.803625866770744324e-02
2.152036130428314209e-01
5.803016480058431625e-03
-2.794860601425170898e-01
1.963046751916408539e-02
1.202151253819465637e-01
-1.187027469277381897e-01
1.049355193972587585e-01
-1.454121470451354980e-01
6.725389510393142700e-02
-1.393791437149047852e-01
-4.094375669956207275e-02
1.190012767910957336e-01
-1.159597188234329224e-01
7.596447318792343140e-02
3.735430911183357239e-02
1.358357220888137817e-01
-1.297139674425125122e-01
2.022080421447753906e-01
-1.283382028341293335e-01
-2.866605520248413086e-01
-1.396966874599456787e-01
-4.176155105233192444e-02
-1.263925880193710327e-01
-7.854576408863067627e-02
-3.711614385247230530e-02
-6.133766844868659973e-02
-7.812058925628662109e-02
1.873064488172531128e-01
-1.163902357220649719e-01
1.181856542825698853e-01
1.370070874691009521e-01
-4.996224865317344666e-02
-8.759152144193649292e-02
-2.403598427772521973e-01
-5.875553563237190247e-02
-2.620050124824047089e-02
-5.510997399687767029e-02
7.970925420522689819e-02
-2.598116695880889893e-01
1.882606595754623413e-01
-1.513876859098672867e-02
4.321107566356658936e-01
6.133130192756652832e-02
-1.565848141908645630e-01
-4.007093310356140137e-01
-1.422319710254669189e-01
1.862040758132934570e-01
-3.465193808078765869e-01
-6.407687067985534668e-01
-2.020372152328491211e-01
1.767658442258834839e-02
-1.274378597736358643e-01
1.950786709785461426e-01
-4.532704502344131470e-02
-1.686727441847324371e-02
2.167657464742660522e-01
-6.105248332023620605e-01
-5.902773141860961914e-01
8.145903795957565308e-02
-3.229855895042419434e-01
-3.444453775882720947e-01
1.393169611692428589e-01
-1.617343127727508545e-01
-1.055313572287559509e-01
-6.829931735992431641e-01
3.139195740222930908e-01
4.195153415203094482e-01
4.038668274879455566e-01
1.590577811002731323e-01
-4.949552193284034729e-02
-9.314243495464324951e-02
-8.366569131612777710e-02
-1.653342545032501221e-01
-6.295130401849746704e-02
-8.245366215705871582e-01
2.080287039279937744e-01
-1.378602907061576843e-02
1.247053816914558411e-01
-1.075513660907745361e-01
5.614082142710685730e-02
4.749800264835357666e-01
-2.838347554206848145e-01
-3.883890807628631592e-01
-2.288731813430786133e+00
5.498441696166992188e+00
1.426782965660095215e+00
-5.354830741882324219e+00
1.149176406860351562e+01
9.641865730285644531e+00
7.648684978485107422e+00
2.066398143768310547e+00
6.189242839813232422e+00
-8.180514335632324219e+00
6.686954498291015625e-01
3.681820392608642578e+00
-7.900959491729736328e+00
1.241502285003662109e+01
6.419865608215332031e+00
-8.655856132507324219e+00
-1.008665370941162109e+01
2.808039903640747070e+00
-1.658283472061157227e-01
-4.636945948004722595e-02
-5.907319113612174988e-02
-5.724761486053466797e-01
-1.336897611618041992e-01
1.945506781339645386e-01
1.689139157533645630e-01
-3.602385222911834717e-01
-2.945352196693420410e-01
5.817123688757419586e-03
-1.104400381445884705e-01
-1.110571203753352165e-03
-2.751517482101917267e-02
-6.612917035818099976e-02
-2.017093636095523834e-02
-1.279065757989883423e-02
-7.667301595211029053e-02
-5.202904343605041504e-02
-9.148067235946655273e-02
1.169375181198120117e-01
-1.710002869367599487e-02
-4.968812316656112671e-02
6.643109023571014404e-02
1.300711464136838913e-02
-9.326745569705963135e-02
-3.488474711775779724e-02
-5.909604206681251526e-02
1.343166530132293701e-01
-4.100087285041809082e-02
-1.084045395255088806e-01
-1.145583298057317734e-02
-3.994539380073547363e-03
-2.502931654453277588e-02
1.010967232286930084e-02
3.986775875091552734e-02
-8.304668217897415161e-02
2.508135885000228882e-02
-5.313294380903244019e-02
1.192418020218610764e-02
2.877890691161155701e-02
-4.098095744848251343e-02
2.982059493660926819e-02
7.840924896299839020e-03
-1.524374540895223618e-02
-3.666676813736557961e-03
4.927982017397880554e-02
4.451698064804077148e-02
4.891006276011466980e-02
2.272975258529186249e-02
-3.047506511211395264e-02
5.667618010193109512e-03
1.639457046985626221e-02
-2.750636078417301178e-02
3.665826097130775452e-02
3.534222021698951721e-02
-8.145320229232311249e-03
-1.418252438306808472e-01
-6.047086045145988464e-02
1.530251652002334595e-02
-3.075331076979637146e-02
-4.414049535989761353e-02
-4.623982310295104980e-02
-3.679035231471061707e-02
6.331551074981689453e-02
6.577331572771072388e-02
-4.845228046178817749e-02
-3.167121112346649170e-02
2.893051318824291229e-02
7.646303623914718628e-02
3.464937210083007812e-02
-7.052981853485107422e-02
1.388361603021621704e-01
2.908974187448620796e-03
-4.656593780964612961e-03
-2.002266347408294678e-01
4.132714495062828064e-02
-1.578271538019180298e-01
1.525772269815206528e-02
9.474559873342514038e-02
-8.005646616220474243e-02
5.626362562179565430e-02
-1.440483145415782928e-02
-5.649984627962112427e-02
2.600655145943164825e-02
-5.872150138020515442e-02
4.711009751190431416e-05
-3.025889024138450623e-02
1.934762671589851379e-02
6.438162922859191895e-02
-1.882435195147991180e-02
-5.720772966742515564e-02
5.884465947747230530e-02
-7.693128287792205811e-02
-4.080499336123466492e-02
8.179147541522979736e-02
-1.459667272865772247e-02
4.279092326760292053e-02
6.630527973175048828e-02
1.100093405693769455e-02
1.305391043424606323e-01
-2.306824028491973877e-01
2.110203355550765991e-01
-1.939852386713027954e-01
1.136810481548309326e-01
-1.564279943704605103e-02
1.980996504426002502e-02
-2.077216207981109619e-01
1.653088033199310303e-01
-9.657381474971771240e-02
-2.275144681334495544e-02
-8.983275294303894043e-02
5.850272253155708313e-02
2.674341760575771332e-02
-6.998713593930006027e-03
-7.408545911312103271e-02
1.178470253944396973e-01
-8.014868013560771942e-03
-7.152781635522842407e-02
3.983660414814949036e-02
-9.552016109228134155e-02
2.153873257339000702e-02
-7.537161000072956085e-03
2.218501642346382141e-03
-7.544907182455062866e-02
1.642763614654541016e-02
-3.663710877299308777e-02
1.371921777725219727e+00
-2.085602045059204102e+00
6.542590856552124023e-01
-7.676478624343872070e-01
2.852787971496582031e-01
-2.188592106103897095e-01
-1.880506128072738647e-01
9.872969388961791992e-01
-4.415429532527923584e-01
1.691524624824523926e+00
-1.223935723304748535e+00
-2.588671445846557617e+00
-1.716832995414733887e+00
6.175138473510742188e+00
2.472393274307250977e+00
2.222047090530395508e+00
5.598304271697998047e-01
-3.019324064254760742e+00
-1.255591958761215210e-01
-8.279171586036682129e-02
-5.787816271185874939e-02
-1.907999515533447266e-01
-8.419373631477355957e-02
5.203087255358695984e-02
2.051085047423839569e-02
2.969894558191299438e-02
-1.434956490993499756e-01
-1.036649420857429504e-01
1.232810020446777344e-01
1.353666186332702637e-01
-5.613816902041435242e-02
3.214367330074310303e-01
1.739845797419548035e-02
3.913540765643119812e-02
-1.050713807344436646e-01
1.156511977314949036e-01
-1.383461952209472656e-01
3.660077750682830811e-01
-1.069700047373771667e-01
-1.575051993131637573e-01
9.322367608547210693e-02
5.173595622181892395e-02
-6.717211753129959106e-02
-1.335880160331726074e-01
-6.204341650009155273e-01
-4.675463214516639709e-02
2.118294686079025269e-01
1.108329743146896362e-01
1.626486778259277344e-01
-1.885699927806854248e-01
-6.079987287521362305e-01
-2.409369349479675293e-01
3.950904607772827148e-01
-2.082620710134506226e-01
-5.889952927827835083e-02
-7.928842306137084961e-02
-3.436586260795593262e-02
-3.439955413341522217e-02
-4.359300062060356140e-02
9.252052986994385719e-04
5.116033181548118591e-02
1.380285024642944336e-01
-7.532128691673278809e-02
-1.854759007692337036e-01
2.322233766317367554e-01
2.297976911067962646e-01
-3.907463327050209045e-02
1.526551246643066406e-01
-1.014480739831924438e-01
1.589854061603546143e-01
-9.500298649072647095e-02
1.404162645339965820e-01
1.194401085376739502e-01
1.041731461882591248e-01
1.700178086757659912e-01
2.092080563306808472e-01
2.156850695610046387e-02
2.660073526203632355e-02
-9.652286535128951073e-04
-1.750436052680015564e-02
-1.282180994749069214e-01
5.242107808589935303e-02
-1.612041145563125610e-01
1.810321211814880371e-01
-9.148867428302764893e-02
1.198476552963256836e-01
-2.958410084247589111e-01
-2.690134383738040924e-02
1.091897040605545044e-01
-6.256858259439468384e-02
1.437959969043731689e-01
2.852746546268463135e-01
1.390484124422073364e-01
2.987801432609558105e-01
5.489400625228881836e-01
-7.727438583970069885e-03
2.728935182094573975e-01
1.418130248785018921e-01
6.457986682653427124e-02
-2.781904041767120361e-01
5.417699366807937622e-02
1.719336807727813721e-01
-1.425915211439132690e-01
-4.450614564120769501e-03
1.930554956197738647e-01
7.038411498069763184e-02
-9.560403227806091309e-02
-4.789691865444183350e-01
5.399104952812194824e-01
3.112817406654357910e-01
1.910657137632369995e-01
-3.347199261188507080e-01
-2.291039563715457916e-02
1.452327966690063477e-01
2.324706017971038818e-01
-5.651090145111083984e-01
4.727163016796112061e-01
-3.890300095081329346e-01
-2.025178819894790649e-01
-6.866465210914611816e-01
1.246693655848503113e-01
5.968163013458251953e-01
-2.210761755704879761e-01
-9.012799859046936035e-01
7.198567390441894531e-01
-8.811993598937988281e-01
-1.093811020255088806e-01
-2.017596550285816193e-02
-1.714284718036651611e-01
2.106633335351943970e-01
3.685602247714996338e-01
-2.156291157007217407e-01
4.398685395717620850e-01
1.316921506077051163e-02
-1.442847847938537598e-01
4.591745734214782715e-01
2.953462898731231689e-01
-5.039005279541015625e-01
-1.439356803894042969e-01
-1.107847243547439575e-01
-5.206431150436401367e-01
8.325143158435821533e-02
-4.378772526979446411e-02
9.050799906253814697e-02
-5.537647724151611328e+00
4.394537925720214844e+00
-3.074590444564819336e+00
-2.702272653579711914e+00
8.315310478210449219e+00
-1.927839851379394531e+01
-1.780474185943603516e+00
-8.225838661193847656e+00
1.345390892028808594e+01
2.749465942382812500e+00
-6.447035074234008789e-01
-3.720940589904785156e+00
9.357795119285583496e-01
4.509493350982666016e+00
4.590381622314453125e+00
1.600955277681350708e-01
4.222884774208068848e-01
-1.579043984413146973e+00
4.853496253490447998e-01
1.309402473270893097e-02
-6.879869103431701660e-01
-3.859710395336151123e-01
-1.179159507155418396e-01
6.341596692800521851e-02
-2.852895557880401611e-01
1.206437349319458008e-01
1.701051443815231323e-01
7.349973078817129135e-03
-9.090729057788848877e-02
9.813120216131210327e-02
1.208215653896331787e-01
9.659272432327270508e-02
-3.152903541922569275e-02
3.526023030281066895e-02
-5.324581637978553772e-03
1.745818299241364002e-03
-6.110004708170890808e-02
-1.695314347743988037e-01
-8.181731402873992920e-02
1.145661156624555588e-02
6.693865358829498291e-02
-9.651049971580505371e-02
9.618928283452987671e-02
-2.968496084213256836e-02
6.870918720960617065e-02
-8.165590465068817139e-02
-1.059415265917778015e-01
9.649174660444259644e-02
-9.662014245986938477e-02
-5.441858991980552673e-02
-4.602741450071334839e-02
-1.650881022214889526e-03
-1.746172159910202026e-01
1.134079918265342712e-01
-1.684448309242725372e-02
-1.047946698963642120e-02
5.203836783766746521e-02
6.644950807094573975e-02
1.232430152595043182e-02
4.907609894871711731e-02
1.547595672309398651e-02
1.927578588947653770e-03
2.117820270359516144e-02
-1.266769468784332275e-01
1.194864884018898010e-02
-6.080804392695426941e-02
1.947378218173980713e-01
2.685787528753280640e-02
8.714526146650314331e-02
4.188352078199386597e-02
1.200535148382186890e-01
-7.025368511676788330e-02
9.681361913681030273e-02
1.022196374833583832e-02
-7.529460638761520386e-02
-5.021031200885772705e-02
1.099671572446823120e-01
4.748330637812614441e-02
-5.646616593003273010e-02
9.750305674970149994e-03
-2.073036134243011475e-01
-1.188790127635002136e-01
-3.311789035797119141e-02
9.938246570527553558e-03
4.052792489528656006e-02
-4.425718262791633606e-02
6.843032315373420715e-03
9.053641557693481445e-02
1.799882948398590088e-02
-1.047129929065704346e-01
-9.094560891389846802e-02
-4.998544976115226746e-02
5.223247036337852478e-02
8.357148617506027222e-02
6.419355515390634537e-03
1.527577638626098633e-01
6.095680966973304749e-02
-2.045859545469284058e-01
1.232881098985671997e-01
-5.988926067948341370e-02
-7.949381321668624878e-02
2.171688377857208252e-01
-1.661769449710845947e-01
3.430923447012901306e-02
1.418373882770538330e-01
-6.257643550634384155e-02
-2.882479317486286163e-02
-5.456075072288513184e-02
1.825996041297912598e-01
-5.485238879919052124e-02
7.839128375053405762e-02
3.680686466395854950e-03
-5.689978227019309998e-02
1.461627036333084106e-01
-3.163048066198825836e-03
2.242439687252044678e-01
1.426812708377838135e-01
-2.243497818708419800e-01
6.177654862403869629e-01
7.002888619899749756e-02
1.253202855587005615e-01
-7.038224339485168457e-01
1.754729747772216797e-01
-1.297286450862884521e-01
1.803640462458133698e-02
2.581563591957092285e-01
8.610686659812927246e-02
1.178088597953319550e-02
1.145228296518325806e-01
-4.687818139791488647e-02
5.058542639017105103e-02
-4.794959723949432373e-02
-1.850822865962982178e-01
1.735204607248306274e-01
-9.971971809864044189e-02
2.229717820882797241e-01
6.160259619355201721e-02
1.431403607130050659e-01
6.964005529880523682e-02
-1.035682335495948792e-01
-1.597988009452819824e-01
1.495882719755172729e-01
1.197092533111572266e-01
3.516666591167449951e-01
-1.249352768063545227e-01
3.020652770996093750e+00
1.282332062721252441e+00
2.903903484344482422e+00
1.129310369491577148e+00
-2.843144178390502930e+00
-2.430554181337356567e-01
5.764847278594970703e+00
4.172548294067382812e+00
-1.752024888992309570e+00
4.371696949005126953e+00
-1.341002464294433594e+00
-9.644193053245544434e-01
1.002873229980468750e+01
-2.127176523208618164e+00
-7.770034790039062500e+00
-3.183591127395629883e+00
5.372010707855224609e+00
7.095928490161895752e-02
-4.628853872418403625e-02
1.017204970121383667e-01
3.261357247829437256e-01
-1.900198906660079956e-01
1.541105359792709351e-01
-1.133362352848052979e-01
7.987130433320999146e-02
2.097202651202678680e-02
6.717595970258116722e-04
-6.158344913274049759e-03
-7.279234379529953003e-02
-2.835360355675220490e-02
3.891580179333686829e-02
-1.078996434807777405e-01
1.225789263844490051e-01
-3.699557855725288391e-02
-1.015404704958200455e-02
3.043155968189239502e-01
-2.310311887413263321e-03
-1.012625694274902344e-01
3.148936331272125244e-01
-2.488510012626647949e-01
3.223833441734313965e-01
9.691508859395980835e-02
-2.561873793601989746e-01
2.835753262042999268e-01
-2.017871662974357605e-02
2.782171592116355896e-02
4.375853016972541809e-02
-5.591334775090217590e-02
-3.286462649703025818e-02
9.774319827556610107e-02
-3.588032126426696777e-01
-8.402561396360397339e-02
-1.466529965400695801e-01
9.953216463327407837e-02
-6.529386341571807861e-02
7.134561240673065186e-02
5.290166661143302917e-02
8.028466254472732544e-02
1.586121320724487305e-02
-9.189797937870025635e-02
-6.888911128044128418e-03
-5.946762859821319580e-02
1.245818436145782471e-01
-3.951225057244300842e-02
-1.185806766152381897e-01
1.218190863728523254e-01
6.966888904571533203e-02
9.635751694440841675e-02
-9.467395953834056854e-03
7.893113046884536743e-02
-2.060785740613937378e-01
5.182010680437088013e-02
-7.986905984580516815e-03
6.147424131631851196e-02
-6.377488374710083008e-02
1.800374388694763184e-01
-3.383688330650329590e-01
-3.912359476089477539e-02
1.997945606708526611e-01
2.649189159274101257e-02
1.067363694310188293e-01
6.694369018077850342e-02
-6.559954583644866943e-02
-1.018041074275970459e-01
-1.045357063412666321e-01
1.907313764095306396e-01
1.754139661788940430e-01
-2.044187337160110474e-01
4.155207052826881409e-02
9.632808156311511993e-03
2.020034939050674438e-01
-5.525636672973632812e-02
1.978454589843750000e-01
3.464097678661346436e-01
1.649596393108367920e-01
-9.880616515874862671e-02
-4.569223895668983459e-02
-1.322848051786422729e-01
2.549637556076049805e-01
-1.503569036722183228e-01
1.405321359634399414e-01
-2.711834311485290527e-01
-4.577341675758361816e-02
1.086574792861938477e-01
-1.535396575927734375e-01
-9.931301325559616089e-02
-3.881808221340179443e-01
-3.779719471931457520e-01
-3.261733651161193848e-01
-2.874649763107299805e-01
-3.064572215080261230e-01
-2.912375032901763916e-01
-1.779573783278465271e-02
-7.215686440467834473e-01
1.302910596132278442e-01
6.607394218444824219e-01
9.422225356101989746e-01
7.207531929016113281e-01
2.752710282802581787e-01
-2.796275317668914795e-01
1.483811438083648682e-01
2.806403636932373047e-01
-1.180341765284538269e-01
-3.276590406894683838e-01
4.297449067234992981e-02
-2.947201430797576904e-01
-1.532706618309020996e-01
5.892490744590759277e-01
3.106505274772644043e-01
1.751878708600997925e-01
2.575309872627258301e-01
-2.815952301025390625e-01
1.488741934299468994e-01
4.867927730083465576e-01
6.852452754974365234e-01
1.551828980445861816e-01
-7.607064396142959595e-02
-4.414123296737670898e-01
-1.898261010646820068e-01
-3.403268456459045410e-01
4.287747442722320557e-01
7.552117705345153809e-01
-4.435279369354248047e-01
-1.128128242492675781e+01
3.324723958969116211e+00
-2.483681887388229370e-01
7.481883168220520020e-01
-5.502020359039306641e+00
-3.661628812551498413e-02
-5.403503417968750000e+00
-8.390433311462402344e+00
2.462648630142211914e+00
-5.288737297058105469e+00
-8.117288351058959961e-01
1.348476409912109375e+00
1.748567008972167969e+01
-1.252665710449218750e+01
2.730765581130981445e+00
1.733671665191650391e+00
9.778346061706542969e+00
-1.716227412223815918e+00
-5.869921296834945679e-03
-3.749464750289916992e-01
-3.022395968437194824e-01
2.350660227239131927e-02
-4.568755924701690674e-01
1.351789534091949463e-01
-1.631783545017242432e-01
-3.837627544999122620e-02
2.421187758445739746e-01
-7.167126238346099854e-02
4.029508307576179504e-02
6.158876419067382812e-02
-1.623104959726333618e-01
-5.281468480825424194e-02
2.267868369817733765e-01
9.822893887758255005e-02
5.689291656017303467e-02
6.271033734083175659e-02
4.995841532945632935e-02
2.277766764163970947e-01
-7.312779128551483154e-02
1.226197332143783569e-01
-3.266372680664062500e-01
-2.756519243121147156e-02
5.500682443380355835e-02
-1.675693988800048828e-01
-1.141178905963897705e-01
1.246260926127433777e-01
2.061041444540023804e-01
9.801787137985229492e-02
-2.384939789772033691e-01
-3.585936427116394043e-01
-2.229803204536437988e-01
5.730793625116348267e-02
1.420529186725616455e-01
-1.674093306064605713e-02
9.441872686147689819e-02
-5.655213072896003723e-02
-6.578521337360143661e-03
3.227962646633386612e-03
6.233217939734458923e-02
-7.529763877391815186e-02
7.260302454233169556e-02
-4.577672109007835388e-02
-1.072314232587814331e-01
-3.364645689725875854e-02
-3.724242746829986572e-02
5.123893916606903076e-02
1.255535781383514404e-01
5.687586963176727295e-02
5.600335448980331421e-02
-2.602700889110565186e-02
1.406064182519912720e-01
-1.788431257009506226e-01
1.059655696153640747e-01
-2.264673821628093719e-02
-8.948390930891036987e-02
-1.117225885391235352e-01
2.845856174826622009e-02
-6.743080914020538330e-02
1.926688849925994873e-01
2.267196215689182281e-02
1.176313962787389755e-02
1.871414110064506531e-02
1.409159898757934570e-01
-4.871946200728416443e-02
-3.867742046713829041e-02
-6.133929267525672913e-02
5.742533132433891296e-02
1.118991896510124207e-02
1.100483834743499756e-01
1.786442250013351440e-01
-5.784340575337409973e-02
-1.869202964007854462e-02
6.801932305097579956e-02
2.694822661578655243e-02
1.786421537399291992e-01
-1.271152049303054810e-01
1.446282714605331421e-01
-3.290189430117607117e-02
1.833858639001846313e-01
1.269509643316268921e-01
1.811991930007934570e-01
-2.501538209617137909e-02
-1.154183074831962585e-01
-1.520811468362808228e-01
-1.500351577997207642e-01
-1.638399958610534668e-01
4.305811971426010132e-02
1.207547336816787720e-01
3.910879194736480713e-01
-4.465178251266479492e-01
-1.137757450342178345e-01
2.032841742038726807e-01
-2.637831568717956543e-01
-3.387413546442985535e-02
4.799845516681671143e-01
-2.180406004190444946e-01
3.898586630821228027e-01
-2.175611406564712524e-01
-1.207368895411491394e-01
-2.433437407016754150e-01
7.340819835662841797e-01
-8.017341494560241699e-01
2.117493897676467896e-01
-2.166814804077148438e-01
3.225520253181457520e-01
-1.990117281675338745e-01
9.032613784074783325e-02
4.418467581272125244e-01
2.950671017169952393e-01
3.769927024841308594e-01
-6.849076598882675171e-02
1.392771899700164795e-01
5.870568379759788513e-02
1.475628316402435303e-01
1.388159990310668945e-01
3.265686035156250000e-01
-1.622071713209152222e-01
2.430430352687835693e-01
-1.291284710168838501e-01
-1.499884128570556641e-01
-2.673467695713043213e-01
1.449661403894424438e-01
1.859865486621856689e-01
-9.878608584403991699e-02
3.025182962417602539e+00
-3.993264675140380859e+00
-6.598628044128417969e+00
-2.055793762207031250e+00
5.747200012207031250e+00
-5.696547508239746094e+00
-5.805442333221435547e+00
3.673338174819946289e+00
-1.498745560646057129e+00
4.059518873691558838e-01
-2.166752576828002930e+00
-1.215426731109619141e+01
1.049430519342422485e-01
2.280958890914916992e+00
-1.196559047698974609e+01
1.952035784721374512e+00
4.707701683044433594e+00
5.513133406639099121e-01
3.558098971843719482e-01
-3.408082425594329834e-01
-1.459372490644454956e-01
-1.811491511762142181e-02
5.331504940986633301e-01
3.418715894222259521e-01
-2.150279879570007324e-01
-3.836852312088012695e-01
4.990051314234733582e-02
-1.113196089863777161e-02
3.562639653682708740e-02
-2.922196500003337860e-02
2.884143963456153870e-02
-3.057100251317024231e-02
1.985384710133075714e-02
-9.239219361916184425e-04
1.309763547033071518e-02
-2.920164493843913078e-03
-1.949862204492092133e-02
-4.510346800088882446e-02
-2.275185286998748779e-02
1.287106983363628387e-02
-2.591392025351524353e-03
-4.891821369528770447e-02
3.332084510475397110e-03
6.160232424736022949e-02
-3.800545632839202881e-02
-2.892448380589485168e-02
3.658873960375785828e-02
4.217408131808042526e-03
-3.974871709942817688e-02
-4.121036734431982040e-03
-3.090371377766132355e-03
-1.026322017423808575e-03
-2.159498259425163269e-02
3.934668004512786865e-02
1.344587188214063644e-02
1.840000040829181671e-02
-6.255171261727809906e-03
-3.262806916609406471e-03
-1.411050744354724884e-02
4.582611843943595886e-03
3.449326613917946815e-03
1.248498074710369110e-02
2.403482235968112946e-02
2.359401900321245193e-03
6.429469678550958633e-03
-2.609424758702516556e-03
-2.298255637288093567e-02
-1.863536611199378967e-02
-4.077636171132326126e-03
-1.746392063796520233e-02
-8.823935873806476593e-03
-2.625294402241706848e-02
-1.394363120198249817e-02
1.596898399293422699e-02
-7.667840458452701569e-03
-1.410019584000110626e-02
2.023090422153472900e-02
8.994430303573608398e-03
6.090186070650815964e-03
1.226737047545611858e-03
2.506340295076370239e-02
-2.996656257892027497e-05
1.028870604932308197e-02
-2.159290947020053864e-02
3.698694054037332535e-03
4.527061060070991516e-02
-1.456805877387523651e-02
-6.145045161247253418e-03
-3.641969989985227585e-03
2.880338206887245178e-02
2.907698415219783783e-02
-3.316829726099967957e-02
-1.353410445153713226e-02
1.002377644181251526e-02
1.208875793963670731e-02
1.729162037372589111e-02
9.259595535695552826e-04
1.722257025539875031e-02
1.510281488299369812e-02
2.073407731950283051e-02
9.935975074768066406e-03
4.883200861513614655e-03
-1.574189402163028717e-02
-1.015790272504091263e-03
1.133930124342441559e-02
-1.166958548128604889e-02
1.543466281145811081e-02
-5.916320253163576126e-03
1.488683186471462250e-02
-9.134740568697452545e-03
2.092621102929115295e-02
6.229437887668609619e-03
4.759921133518218994e-02
1.568720117211341858e-02
-2.187505178153514862e-02
-3.414063155651092529e-02
-5.694047361612319946e-02
2.940055541694164276e-02
3.249309211969375610e-02
1.572361588478088379e-01
-1.554559469223022461e-01
8.934877067804336548e-02
-8.879495412111282349e-02
4.007896780967712402e-02
1.009716093540191650e-01
8.507612161338329315e-03
-1.464668102562427521e-02
4.164986684918403625e-02
-6.115658953785896301e-02
-2.920706465374678373e-04
-4.638574644923210144e-02
3.157121315598487854e-02
-7.041116058826446533e-02
-7.621345575898885727e-03
1.803963631391525269e-02
5.983968731015920639e-03
2.276866883039474487e-02
-1.167542184703052044e-03
-8.257536217570304871e-03
-4.883970320224761963e-02
-3.469631075859069824e-02
3.964142873883247375e-02
1.783408038318157196e-02
-2.741287462413311005e-02
-6.836152672767639160e-01
-1.057398796081542969e+00
8.720075488090515137e-01
-9.244074225425720215e-01
9.966718554496765137e-01
6.532938480377197266e-01
-2.010062694549560547e+00
8.555997014045715332e-01
6.521231029182672501e-03
-9.194321185350418091e-02
7.684235572814941406e-01
-1.229694128036499023e+00
-1.795779943466186523e+00
-7.061005383729934692e-02
1.092916131019592285e+00
-7.693014740943908691e-01
-1.509066581726074219e+00
1.546316742897033691e+00
-1.099193189293146133e-02
-2.183336950838565826e-02
-4.566676914691925049e-02
4.115783423185348511e-02
5.138004664331674576e-03
-3.904893994331359863e-02
2.027973160147666931e-02
-1.412457437254488468e-03
-4.816185683012008667e-02
1.014673337340354919e-01
3.331016898155212402e-01
5.612820386886596680e-02
-1.557403896003961563e-02
2.627511024475097656e-01
2.464250624179840088e-01
-1.260530799627304077e-01
1.131204515695571899e-01
-1.762306839227676392e-01
-4.035370647907257080e-01
-4.489218294620513916e-01
1.307774335145950317e-01
1.318895965814590454e-01
1.847485899925231934e-01
-5.918340384960174561e-02
-1.506198793649673462e-01
-2.744720131158828735e-02
1.299508512020111084e-01
1.083199307322502136e-02
9.455548971891403198e-02
-5.924942716956138611e-02
5.007275938987731934e-01
2.926727533340454102e-01
-8.381477743387222290e-02
6.759428232908248901e-02
1.184109970927238464e-02
1.692616343498229980e-01
-1.642321050167083740e-02
8.944789320230484009e-02
6.470354646444320679e-02
1.741974949836730957e-01
7.576545327901840210e-02
-6.542603671550750732e-02
-1.415922194719314575e-01
-1.463529765605926514e-01
4.034773260354995728e-02
8.882433176040649414e-02
-3.736198320984840393e-02
-7.954736053943634033e-02
1.971365185454487801e-03
1.259366869926452637e-01
5.878444761037826538e-02
-7.450515031814575195e-02
3.496571630239486694e-02
1.200261637568473816e-01
7.623908668756484985e-02
-3.329785168170928955e-01
-3.258626163005828857e-02
8.127059042453765869e-02
2.349409647285938263e-02
-1.501968204975128174e-01
1.160044595599174500e-01
-4.530457779765129089e-02
6.919283419847488403e-02
7.021730300039052963e-03
-2.917902767658233643e-01
-2.927914559841156006e-01
-3.713950887322425842e-02
1.151041835546493530e-01
4.457026124000549316e-01
-3.656449913978576660e-02
-1.421560943126678467e-01
3.715814948081970215e-01
-2.063314616680145264e-02
-9.002403914928436279e-02
-3.802416920661926270e-01
-1.368351876735687256e-01
-3.013417124748229980e-01
-1.776145696640014648e-01
4.006454348564147949e-01
4.031265377998352051e-01
2.875322699546813965e-01
3.745237365365028381e-02
-2.785848639905452728e-02
-2.459941059350967407e-01
5.091097578406333923e-02
3.079342246055603027e-01
2.470506280660629272e-01
4.033799096941947937e-02
-4.659522175788879395e-01
1.490758955478668213e-01
-4.397363364696502686e-01
-5.798770189285278320e-01
-6.007501482963562012e-01
-8.528292179107666016e-02
-3.105134665966033936e-01
3.937530219554901123e-01
2.325721085071563721e-01
-4.145829677581787109e-01
-2.261681407690048218e-01
9.919263720512390137e-01
-4.651505034416913986e-03
7.661701440811157227e-01
-1.837236523628234863e+00
2.235721200704574585e-01
-1.036291241645812988e+00
7.546078562736511230e-01
-3.786722421646118164e-01
-8.228061199188232422e-01
-6.013756990432739258e-01
9.922299534082412720e-02
3.285146057605743408e-01
2.973789274692535400e-01
-8.365237116813659668e-01
-4.063647389411926270e-01
9.057356417179107666e-02
-2.427612990140914917e-01
3.943634033203125000e-01
6.203974485397338867e-01
-3.599851727485656738e-01
-3.667165292426943779e-04
-2.945326864719390869e-01
6.155908480286598206e-02
-2.148647457361221313e-01
-6.479515433311462402e-01
-1.033521667122840881e-01
4.133945703506469727e-01
9.854230880737304688e+00
1.176311612129211426e+00
2.752809822559356689e-01
-5.460527420043945312e+00
-1.821197700500488281e+01
-3.186833143234252930e+00
7.205719470977783203e+00
-3.683853149414062500e+00
1.692646789550781250e+01
4.027454853057861328e-01
1.854941010475158691e+00
2.172023582458496094e+01
9.048046112060546875e+00
6.188929677009582520e-01
-1.069258880615234375e+01
7.837717533111572266e+00
-3.686441421508789062e+00
3.252008199691772461e+00
-8.722197264432907104e-03
6.788453459739685059e-01
4.040468037128448486e-01
-2.240280658006668091e-01
2.380701154470443726e-01
1.663193404674530029e-01
1.237839311361312866e-01
4.559007585048675537e-01
4.268728196620941162e-02
9.574377909302711487e-03
8.792188018560409546e-02
-3.042482733726501465e-01
1.701656132936477661e-01
-1.120772026479244232e-02
-2.058804929256439209e-01
-2.616415917873382568e-02
7.506475597620010376e-02
-5.725664496421813965e-01
5.940707325935363770e-01
-2.898271977901458740e-01
2.434661835432052612e-01
-2.587257623672485352e-01
-6.300936341285705566e-01
1.384766995906829834e-01
-4.096200317144393921e-02
1.495225937105715275e-03
-2.191216349601745605e-01
-1.293583959341049194e-01
-5.288902521133422852e-01
4.915908724069595337e-02
1.231434568762779236e-01
-3.674147278070449829e-02
-1.474046241492033005e-02
3.261345922946929932e-01
-9.461329318583011627e-03
1.472843587398529053e-01
4.699343815445899963e-02
2.525435201823711395e-02
1.061657327227294445e-03
-1.950072944164276123e-01
-9.721469879150390625e-02
3.475010395050048828e-02
6.664759665727615356e-02
-1.047193929553031921e-01
4.379271343350410461e-02
2.496699690818786621e-01
2.935557663440704346e-01
-1.007495075464248657e-01
-2.570643723011016846e-01
2.055771797895431519e-01
-5.208934657275676727e-03
-3.413774967193603516e-01
1.238349229097366333e-01
2.806664705276489258e-01
-4.716290533542633057e-02
5.743943527340888977e-02
1.003134548664093018e-01
-1.682963594794273376e-02
1.755041778087615967e-01
-1.997190713882446289e-01
-4.868032038211822510e-02
3.354271501302719116e-02
6.089072674512863159e-02
-4.111084342002868652e-01
1.317265480756759644e-01
4.997129738330841064e-01
3.510872423648834229e-01
1.540485620498657227e-01
-2.347003668546676636e-02
1.323046535253524780e-01
-4.312672093510627747e-02
1.567859649658203125e-01
2.586865127086639404e-01
4.080067202448844910e-02
-1.507774293422698975e-01
4.409475028514862061e-01
-3.018153607845306396e-01
-3.311551362276077271e-02
4.268679320812225342e-01
-2.137835696339607239e-02
7.070595026016235352e-02
-2.337151020765304565e-01
-4.845457077026367188e-01
5.740705132484436035e-01
1.461392194032669067e-01
-1.826603896915912628e-02
4.411202669143676758e-01
-3.560859858989715576e-01
1.100968867540359497e-01
2.123986035585403442e-01
-2.306010946631431580e-02
-1.657533273100852966e-02
-8.586065173149108887e-01
-3.080079257488250732e-01
1.853757724165916443e-02
-8.663737177848815918e-01
2.391706854104995728e-01
-5.372066497802734375e-01
1.964096277952194214e-01
6.577605009078979492e-01
9.035230875015258789e-01
8.287189602851867676e-01
8.330597281455993652e-01
-1.465335041284561157e-01
9.860349893569946289e-01
1.392560601234436035e+00
-6.184237003326416016e-01
-1.335789799690246582e+00
1.925686001777648926e-01
5.912656188011169434e-01
-6.099983453750610352e-01
9.697863459587097168e-02
1.004953682422637939e-01
-7.335880398750305176e-01
3.000242114067077637e-01
3.560439348220825195e-01
3.616581559181213379e-01
2.989482879638671875e-01
-7.235603332519531250e-01
-3.171854317188262939e-01
-6.288672685623168945e-01
3.944904208183288574e-01
5.465973615646362305e-01
-4.102329313755035400e-01
2.726497948169708252e-01
7.654513716697692871e-01
-4.348245620727539062e+00
2.150256919860839844e+01
-1.802795600891113281e+01
-1.278791522979736328e+01
1.179952907562255859e+01
7.406969070434570312e+00
-1.040311813354492188e+01
1.882052183151245117e+00
1.371061706542968750e+01
8.960271835327148438e+00
4.449042797088623047e+00
1.349921989440917969e+01
1.294046974182128906e+01
9.113958358764648438e+00
1.562091255187988281e+01
-2.129754447937011719e+01
-7.383984565734863281e+00
-1.748021125793457031e+01
-4.552942216396331787e-01
-5.719985961914062500e-01
-6.652119159698486328e-01
-5.173731446266174316e-01
3.050057291984558105e-01
7.748796343803405762e-01
-6.763666272163391113e-01
-5.918077826499938965e-01
8.404684253036975861e-03
8.793385326862335205e-02
2.798355743288993835e-02
4.621755704283714294e-02
-7.117643021047115326e-03
1.836979761719703674e-02
1.070641204714775085e-01
-5.711363628506660461e-02
6.178054586052894592e-02
5.359268188476562500e-02
-2.055372148752212524e-01
-3.110175728797912598e-01
-2.261459380388259888e-01
-1.430863291025161743e-01
-2.524447999894618988e-02
-6.064337212592363358e-03
1.726356684230268002e-03
-2.385453730821609497e-01
3.219279693439602852e-03
-2.341201715171337128e-02
-2.070264369249343872e-01
2.002678513526916504e-01
-2.297173738479614258e-01
-4.670369438827037811e-03
-2.473668195307254791e-02
1.135218665003776550e-01
-3.537657856941223145e-02
-2.006492316722869873e-01
-5.167793948203325272e-03
1.312407571822404861e-02
3.617685288190841675e-02
4.851519316434860229e-02
-3.810641588643193245e-03
6.067363545298576355e-02
1.096783671528100967e-02
3.750578686594963074e-02
7.305079698562622070e-02
-8.001005649566650391e-02
-5.899471789598464966e-02
-2.389031834900379181e-02
-1.511392891407012939e-01
-5.414115265011787415e-02
-1.364112831652164459e-02
-1.828244701027870178e-02
-7.013419270515441895e-02
8.908288925886154175e-02
-4.406922310590744019e-02
-8.346259593963623047e-02
-1.793568022549152374e-02
1.186955869197845459e-01
9.487964957952499390e-02
-2.544993720948696136e-02
9.724721312522888184e-02
1.335966736078262329e-01
1.405048072338104248e-01
8.962827175855636597e-02
-6.488040089607238770e-02
4.920985549688339233e-02
-5.417592823505401611e-02
3.547966107726097107e-02
1.028058305382728577e-01
3.143745660781860352e-02
7.040644064545631409e-03
1.952786445617675781e-01
1.635710746049880981e-01
-2.159179449081420898e-01
1.844184994697570801e-01
-6.942632049322128296e-02
3.297876194119453430e-02
-2.757588028907775879e-01
8.798117190599441528e-02
1.621837466955184937e-01
-2.606127783656120300e-02
5.368774756789207458e-02
1.269623786211013794e-01
1.139487046748399734e-02
-4.043758288025856018e-02
1.573988944292068481e-01
-3.423012420535087585e-02
-1.558810025453567505e-01
-2.285541035234928131e-02
-1.360388398170471191e-01
-9.081879258155822754e-02
-2.381819486618041992e-01
1.361173391342163086e-01
-3.844013512134552002e-01
3.010608851909637451e-01
-7.110552489757537842e-02
-1.404459215700626373e-02
-1.358181387186050415e-01
3.364160954952239990e-01
-4.950176179409027100e-01
-2.313619256019592285e-01
4.594512581825256348e-01
1.519923508167266846e-01
2.312371134757995605e-01
-8.857019245624542236e-02
-4.338518083095550537e-01
5.793536454439163208e-02
-2.200474590063095093e-01
1.181638389825820923e-01
-3.700911402702331543e-01
3.454903960227966309e-01
1.346059590578079224e-01
-1.920454949140548706e-01
1.779169589281082153e-02
2.591901831328868866e-02
4.306773543357849121e-01
1.251334398984909058e-01
4.520763829350471497e-02
-1.311293989419937134e-01
-7.518154382705688477e-02
-1.044402867555618286e-01
1.579789519309997559e-01
-1.779880970716476440e-01
-2.323244661092758179e-01
-8.015730977058410645e-02
2.487080171704292297e-02
8.973838686943054199e-01
-4.809827327728271484e+00
-3.902250528335571289e+00
3.375029802322387695e+00
-5.462516784667968750e+00
9.887160301208496094e+00
-3.113705396652221680e+00
1.636733651161193848e+00
-1.329059004783630371e+00
-5.580768585205078125e+00
4.285517215728759766e+00
-7.202169895172119141e+00
-3.695052623748779297e+00
-8.327386856079101562e+00
-5.241239070892333984e+00
-8.720608711242675781e+00
-7.431300640106201172e+00
3.293597400188446045e-01
4.950898140668869019e-02
5.423800274729728699e-02
-1.467729806900024414e-01
-1.177892014384269714e-01
-1.307251602411270142e-01
1.327713131904602051e-01
1.986856311559677124e-01
2.291421294212341309e-01
-4.427647963166236877e-02
2.765817567706108093e-02
-4.310299456119537354e-02
-8.361755311489105225e-02
-5.532886460423469543e-02
9.197866916656494141e-02
2.776327356696128845e-02
3.804525732994079590e-02
-5.461626127362251282e-02
2.043991116806864738e-03
-4.879183322191238403e-02
-2.402478130534291267e-03
2.483863197267055511e-02
6.150130927562713623e-02
-6.652701646089553833e-02
-5.274713411927223206e-02
-3.936731442809104919e-02
4.318337142467498779e-02
-6.615760177373886108e-02
4.105009511113166809e-02
-2.487273886799812317e-02
8.648841641843318939e-03
2.630534209311008453e-02
-7.200201600790023804e-02
1.593716070055961609e-02
-1.103570125997066498e-02
-8.620637468993663788e-03
-7.493019104003906250e-02
-4.878872260451316833e-02
-1.944853365421295166e-02
1.560099335620179772e-04
2.933637797832489014e-02
-1.925283577293157578e-03
-9.303381666541099548e-03
-2.046839706599712372e-02
-6.832655635662376881e-04
1.036293711513280869e-02
7.133442163467407227e-02
6.910824030637741089e-02
-4.722341522574424744e-02
4.754807427525520325e-02
1.155459973961114883e-02
5.499976687133312225e-03
6.671558320522308350e-02
1.166500896215438843e-02
3.858793759718537331e-03
-6.811432540416717529e-02
-4.314247053116559982e-03
9.273927658796310425e-03
1.168245635926723480e-02
-8.912928402423858643e-02
-4.099248722195625305e-02
7.739527616649866104e-03
-1.155369579792022705e-01
3.103251941502094269e-02
2.345444634556770325e-02
-6.335544586181640625e-02
-6.657971441745758057e-02
8.814685791730880737e-02
2.910229004919528961e-02
-6.911045312881469727e-02
7.438826560974121094e-02
1.689145900309085846e-02
3.952454030513763428e-02
-6.331751495599746704e-02
2.398881502449512482e-02
1.383025795221328735e-01
-1.278315931558609009e-01
9.462327696382999420e-03
1.743692904710769653e-02
1.146205980330705643e-02
1.778820529580116272e-02
5.420810356736183167e-02
-2.111479453742504120e-02
1.346834003925323486e-01
-7.372443564236164093e-03
-1.061565801501274109e-02
-3.199103847146034241e-02
-6.184159591794013977e-02
3.445943444967269897e-02
-2.884348668158054352e-02
3.610668703913688660e-02
-8.313380926847457886e-02
4.840211570262908936e-02
9.323550760746002197e-02
-2.221931889653205872e-02
3.482459858059883118e-02
1.182556301355361938e-01
-6.794627755880355835e-02
-1.193451657891273499e-01
-5.668816715478897095e-02
1.951369345188140869e-01
2.010163515806198120e-01
2.950894832611083984e-02
1.465629879385232925e-02
3.207837343215942383e-01
7.805645000189542770e-03
-4.355496913194656372e-02
1.780674979090690613e-02
-3.035972416400909424e-01
1.333572119474411011e-01
7.101509720087051392e-02
-5.164514482021331787e-02
3.275949135422706604e-02
-3.029499650001525879e-01
4.858183488249778748e-02
1.467280834913253784e-01
8.229395747184753418e-02
3.050521574914455414e-02
-1.091326251626014709e-01
1.080880984663963318e-01
2.297979034483432770e-02
1.252670772373676300e-02
-1.041016653180122375e-01
3.583265095949172974e-02
-1.704792082309722900e-01
-3.708641976118087769e-02
1.146122515201568604e-01
-3.425154387950897217e-01
1.017561912536621094e+00
1.778068661689758301e+00
-3.382487595081329346e-01
-2.512597084045410156e+00
-3.164265871047973633e+00
3.210948705673217773e+00
2.460954427719116211e+00
-4.744738638401031494e-01
-1.965418934822082520e+00
4.024409770965576172e+00
-5.136883735656738281e+00
3.182210922241210938e+00
8.053359985351562500e+00
1.059119939804077148e+00
-1.321613073348999023e+00
-3.510388135910034180e+00
3.786414146423339844e+00
-3.583784680813550949e-03
-1.756413653492927551e-02
-9.726667404174804688e-02
-1.411406099796295166e-01
-3.821665421128273010e-02
-1.866201125085353851e-02
5.205859243869781494e-02
-5.543785914778709412e-02
-1.400317400693893433e-01
-1.186635568737983704e-01
-2.805916965007781982e-02
8.237732574343681335e-03
-3.210518136620521545e-02
-4.817364737391471863e-02
-2.213966399431228638e-01
-1.560022821649909019e-03
1.420684754848480225e-01
-3.748391568660736084e-02
-7.337435483932495117e-01
1.615172438323497772e-02
-5.003011822700500488e-01
-4.045840501785278320e-01
-1.320272684097290039e-01
2.863258309662342072e-02
-3.229926154017448425e-02
-2.859065532684326172e-01
-5.112643837928771973e-01
1.652777642011642456e-01
-6.344980597496032715e-01
2.748504281044006348e-01
-2.369487583637237549e-01
1.655395627021789551e-01
3.690339624881744385e-01
-2.097244709730148315e-01
-3.089502081274986267e-02
1.484712809324264526e-01
-2.512260526418685913e-02
4.252031072974205017e-02
3.390591219067573547e-02
-1.010323762893676758e-01
-2.486663497984409332e-02
8.188478648662567139e-02
2.965723574161529541e-01
-4.339212551712989807e-02
-1.927909441292285919e-02
-5.357947666198015213e-03
1.217162013053894043e-01
1.674009412527084351e-01
-8.753935992717742920e-02
-1.247011795639991760e-01
3.124860227108001709e-01
1.342323422431945801e-01
1.291201710700988770e-01
-2.351591438055038452e-01
-4.809870198369026184e-02
4.542212784290313721e-01
-1.462232619524002075e-01
1.189896166324615479e-01
-1.003040522336959839e-01
1.922114752233028412e-02
1.644607782363891602e-01
-9.348141402006149292e-02
3.906828463077545166e-01
-7.343284040689468384e-02
-4.257464408874511719e-02
1.463907212018966675e-01
1.104684248566627502e-01
-2.770276665687561035e-01
3.136035203933715820e-01
2.976754903793334961e-01
1.740059405565261841e-01
2.167667150497436523e-01
-8.078145980834960938e-02
8.261232078075408936e-02
6.614570319652557373e-02
6.191502213478088379e-01
-3.970164433121681213e-02
-7.041172683238983154e-02
-5.564178153872489929e-02
-1.802557259798049927e-01
4.712463319301605225e-01
-1.152839735150337219e-01
-1.014900431036949158e-01
5.109623074531555176e-02
-8.760349452495574951e-02
5.363428592681884766e-01
-4.155391454696655273e-01
-1.513744294643402100e-01
3.816905021667480469e-01
-1.850063949823379517e-01
-2.664065361022949219e-01
-1.524938195943832397e-01
1.111496537923812866e-01
2.525478303432464600e-01
6.832221746444702148e-01
1.443874537944793701e-01
2.145231366157531738e-01
3.040052950382232666e-01
3.247968256473541260e-01
-1.226785540580749512e+00
-2.553962767124176025e-01
-2.322664707899093628e-01
-8.028122782707214355e-01
1.642015457153320312e+00
-2.924633324146270752e-01
2.294283628463745117e+00
-7.145117521286010742e-01
3.880836665630340576e-01
-2.007567510008811951e-02
-1.567909598350524902e+00
6.941162943840026855e-01
7.518786191940307617e-01
7.206384539604187012e-01
1.930515915155410767e-01
9.582795500755310059e-01
-3.051080703735351562e-01
-5.461611747741699219e-01
9.289380908012390137e-01
7.968479394912719727e-01
-4.364223182201385498e-01
-2.006703615188598633e-01
2.656977176666259766e-01
1.684763580560684204e-01
-7.661753892898559570e-01
-3.760674893856048584e-01
-1.915155351161956787e-01
7.796177387237548828e+00
1.274968433380126953e+01
1.214079761505126953e+01
-5.896572589874267578e+00
3.362115621566772461e+00
4.627362251281738281e+00
-8.839762806892395020e-01
1.450408935546875000e+01
-1.238620948791503906e+01
-8.215967178344726562e+00
1.051690292358398438e+01
8.875524520874023438e+00
-4.139654636383056641e+00
2.220246887207031250e+01
-1.448317909240722656e+01
1.196421432495117188e+01
-1.992559814453125000e+01
-9.467397689819335938e+00
-6.969493031501770020e-01
2.339754402637481689e-01
-2.602780163288116455e-01
5.677931904792785645e-01
2.429600954055786133e-01
1.038707494735717773e-01
-6.693162322044372559e-01
-1.408309340476989746e-01
-1.958935856819152832e-01
-2.012087851762771606e-01
2.507854700088500977e-01
3.127334713935852051e-01
-2.396296113729476929e-01
1.751963198184967041e-01
-8.984270691871643066e-02
-3.427429795265197754e-01
-8.830743283033370972e-02
1.321700662374496460e-01
-2.506097555160522461e-01
2.918535768985748291e-01
-1.206822972744703293e-02
3.415682911872863770e-01
-2.371798269450664520e-02
-2.747721374034881592e-01
1.119836419820785522e-01
1.765894740819931030e-01
1.383090913295745850e-01
1.225705444812774658e-01
-1.261717379093170166e-01
2.439432144165039062e-01
-7.192865759134292603e-02
3.697364926338195801e-01
-2.371149323880672455e-02
-4.521577954292297363e-01
1.635113954544067383e-01
-1.227336376905441284e-01
-3.163131698966026306e-02
-3.053382225334644318e-02
1.741943508386611938e-01
7.732900232076644897e-02
-4.146668314933776855e-02
6.043352186679840088e-02
1.232894286513328552e-01
-2.702794596552848816e-02
-1.476248055696487427e-01
-4.322909116744995117e-01
1.737232655286788940e-01
7.071367651224136353e-02
4.339189082384109497e-02
-9.803286194801330566e-02
-4.155843853950500488e-01
-2.433164417743682861e-01
-1.545980572700500488e-01
-2.528973296284675598e-02
9.175973385572433472e-02
4.232722893357276917e-02
-1.296904403716325760e-03
2.482097595930099487e-01
-2.635442912578582764e-01
1.551751978695392609e-02
-1.010258197784423828e-01
-1.214281618595123291e-01
-1.752847880125045776e-01
-1.734612137079238892e-01
-2.277096807956695557e-01
-1.534347534179687500e-01
-8.469741046428680420e-02
4.624372124671936035e-01
-1.823537796735763550e-01
-4.467037916183471680e-01
-6.486340612173080444e-02
-1.295811831951141357e-01
-1.761649549007415771e-01
2.031941860914230347e-01
5.098886415362358093e-02
1.097767874598503113e-01
2.984642684459686279e-01
6.768484711647033691e-01
1.087859943509101868e-01
3.071998655796051025e-01
8.770782500505447388e-02
2.006869912147521973e-01
1.483189165592193604e-01
1.557964086532592773e-01
-2.965980470180511475e-01
2.781771719455718994e-01
5.712875723838806152e-01
-1.055375263094902039e-01
3.156955540180206299e-01
1.839388012886047363e-01
1.258985102176666260e-01
-5.100367069244384766e-01
-2.697722613811492920e-01
-2.976571023464202881e-01
1.610181778669357300e-01
5.000792443752288818e-04
-5.218386277556419373e-02
9.897328913211822510e-02
1.044288426637649536e-01
7.469148039817810059e-01
2.541091740131378174e-01
-4.850070774555206299e-01
-7.753118276596069336e-01
-1.290758997201919556e-01
7.535623013973236084e-02
-6.743820905685424805e-01
-3.301037847995758057e-01
2.905699908733367920e-01
1.286351084709167480e-01
-6.703289747238159180e-01
-2.025200277566909790e-01
-3.638971149921417236e-01
-7.043982744216918945e-01
-5.300347208976745605e-01
-4.814986884593963623e-01
-5.212705582380294800e-04
2.563019394874572754e-01
1.198235526680946350e-01
-1.552967131137847900e-01
7.719917595386505127e-02
1.550339907407760620e-01
4.372381865978240967e-01
7.927529513835906982e-02
3.659922480583190918e-01
-3.432683348655700684e-01
3.765469193458557129e-01
4.168459400534629822e-02
-6.755909919738769531e+00
-9.399275779724121094e+00
1.450630569458007812e+01
-3.451735734939575195e+00
2.225462913513183594e+00
4.244792461395263672e+00
-3.276668310165405273e+00
-1.724923610687255859e+00
-1.991549491882324219e+01
-1.610073685646057129e+00
1.449032306671142578e+01
-1.953457117080688477e+00
9.158135414123535156e+00
-1.258306694030761719e+01
1.553171348571777344e+01
-2.960258722305297852e+00
-3.332819461822509766e+00
3.688265681266784668e-01
-1.345109641551971436e-01
-5.056272745132446289e-01
-2.921731770038604736e-02
-3.744840621948242188e-01
-1.387497335672378540e-01
1.049867421388626099e-01
3.431544825434684753e-02
2.302665710449218750e-01
8.283383212983608246e-03
3.746146857738494873e-01
6.458348035812377930e-02
3.688804432749748230e-02
-5.257546156644821167e-02
1.826759614050388336e-02
1.686902940273284912e-01
-6.586181465536355972e-03
-1.019487828016281128e-01
-2.164386957883834839e-02
-2.101394832134246826e-01
1.415902227163314819e-01
7.735458761453628540e-02
-5.090600252151489258e-01
-5.693941712379455566e-01
-2.574059665203094482e-01
-4.165657758712768555e-01
-4.446061328053474426e-02
-1.417686939239501953e-01
-2.252366244792938232e-01
1.301652938127517700e-01
-1.027733832597732544e-01
1.791364848613739014e-01
-2.371520251035690308e-01
-1.946096271276473999e-01
-3.629163280129432678e-02
1.201771050691604614e-01
6.810590624809265137e-02
-9.873604029417037964e-02
1.256315223872661591e-02
1.104131042957305908e-01
3.155887126922607422e-03
-5.646912008523941040e-02
8.080457337200641632e-03
-1.655812710523605347e-01
-1.061357110738754272e-01
-1.291202157735824585e-01
-1.154571026563644409e-01
3.429504809901118279e-03
2.100306004285812378e-01
8.285159245133399963e-03
-2.729038149118423462e-02
9.556058794260025024e-02
-1.261644810438156128e-01
2.869691886007785797e-02
1.181408539414405823e-01
2.720923423767089844e-01
2.861995398998260498e-01
-6.102147698402404785e-02
1.177928149700164795e-01
-1.870966888964176178e-02
-4.974230378866195679e-02
-4.656175151467323303e-02
2.543202042579650879e-01
3.353979885578155518e-01
-1.751967221498489380e-01
-6.252435594797134399e-02
-2.956931889057159424e-01
1.225659996271133423e-01
3.289669379591941833e-02
-1.487464010715484619e-01
-1.154301464557647705e-01
-5.562467128038406372e-02
1.258801519870758057e-01
-4.819492697715759277e-01
-1.522076129913330078e-01
4.343784749507904053e-01
-1.674049161374568939e-02
-4.394077137112617493e-02
4.685884118080139160e-01
-2.346010059118270874e-01
-3.272203505039215088e-01
1.884449273347854614e-01
4.244941174983978271e-01
-1.573776006698608398e-01
-2.918963432312011719e-01
4.114328026771545410e-01
2.037236690521240234e-01
-2.163563668727874756e-02
-2.146020829677581787e-01
-2.680720090866088867e-01
-5.288037657737731934e-02
2.722835838794708252e-01
-2.001459747552871704e-01
3.830653149634599686e-03
-1.919296383857727051e-01
-3.310895711183547974e-02
1.544068306684494019e-01
-2.922269999980926514e-01
3.783120512962341309e-01
-8.991980552673339844e-01
4.856177568435668945e-01
3.645569980144500732e-01
-3.275977969169616699e-01
9.056957960128784180e-01
-6.365092992782592773e-01
-5.565460920333862305e-01
7.597088217735290527e-01
8.635802865028381348e-01
2.204312384128570557e-01
4.369038343429565430e-01
2.210810780525207520e-01
-4.223318099975585938e-01
4.094430804252624512e-01
-1.236418724060058594e+00
-4.757907986640930176e-01
-2.846574783325195312e-01
-4.103741049766540527e-01
5.205408930778503418e-01
2.033285498619079590e-01
3.264866173267364502e-01
-3.883192837238311768e-01
-1.249357014894485474e-01
1.179985180497169495e-01
-4.315000474452972412e-01
7.371465116739273071e-02
7.558811902999877930e-01
5.754080772399902344e+00
8.141060829162597656e+00
2.617585659027099609e-01
-1.763169097900390625e+01
6.817534446716308594e+00
7.282967567443847656e+00
1.588601320981979370e-01
1.599639129638671875e+01
-1.506314849853515625e+01
6.144969463348388672e-01
-1.264734077453613281e+01
8.396348953247070312e+00
5.737771391868591309e-01
-1.472028064727783203e+01
3.735790848731994629e-01
-1.291832327842712402e+00
-9.361025094985961914e-01
3.562017679214477539e-01
2.504404485225677490e-01
5.517268180847167969e-01
-3.316115736961364746e-01
-1.808315217494964600e-01
2.417628094553947449e-02
-2.176604717969894409e-01
1.368549168109893799e-01
-2.271452397108078003e-01
-2.987340390682220459e-01
-1.027004718780517578e-01
4.399108514189720154e-02
1.469388753175735474e-01
-1.170691326260566711e-01
-3.072555363178253174e-02
4.191955178976058960e-02
1.201100945472717285e-01
9.972216188907623291e-02
1.130906399339437485e-02
1.268186271190643311e-01
-5.311852693557739258e-02
1.164995357394218445e-01
-4.912914335727691650e-02
2.027685642242431641e-01
5.474114324897527695e-03
5.518042016774415970e-03
1.868103742599487305e-01
1.404472719877958298e-02
-5.312477424740791321e-02
-7.431899011135101318e-02
1.061163768172264099e-01
-1.164679825305938721e-01
2.869833074510097504e-02
1.101307794451713562e-01
-1.025971248745918274e-01
1.837946241721510887e-03
-1.860773414373397827e-01
-8.754109032452106476e-03
2.391526289284229279e-02
1.797110587358474731e-02
-5.462932959198951721e-02
6.583773065358400345e-03
2.812044229358434677e-03
-6.099427584558725357e-03
-2.741136588156223297e-02
-3.526781126856803894e-02
-2.209778130054473877e-02
-1.295185536146163940e-01
-8.759343624114990234e-02
2.373245544731616974e-02
2.593072317540645599e-02
3.498911857604980469e-02
-7.018981128931045532e-02
-7.140354253351688385e-03
8.284288924187421799e-04
3.709758818149566650e-02
2.126580663025379181e-02
2.284562960267066956e-02
-4.144800454378128052e-02
1.504656374454498291e-01
-4.114782437682151794e-02
2.565706381574273109e-04
-1.187004297971725464e-01
5.670753866434097290e-02
8.208239451050758362e-03
-8.552619069814682007e-02
-9.663335978984832764e-03
-4.914698377251625061e-02
1.185842156410217285e-01
2.646210044622421265e-02
7.645016163587570190e-02
1.305598113685846329e-02
-2.998577244579792023e-02
5.945434793829917908e-03
9.250625222921371460e-02
-6.123334914445877075e-02
1.003883257508277893e-01
-3.708098782226443291e-03
-3.372154384851455688e-02
5.078534781932830811e-02
-3.206827118992805481e-02
-7.611757516860961914e-02
1.254984438419342041e-01
6.506907194852828979e-02
-1.291296482086181641e-01
1.122519969940185547e-01
9.840749949216842651e-02
6.545468419790267944e-02
-8.858392387628555298e-02
2.483176290988922119e-01
1.769594848155975342e-01
-3.813101351261138916e-02
1.636582165956497192e-01
8.191397786140441895e-02
-8.993428200483322144e-02
-3.864279761910438538e-02
-9.712848067283630371e-02
-4.927780851721763611e-02
3.311112895607948303e-02
9.034956246614456177e-02
3.005724847316741943e-01
-2.001659572124481201e-01
-2.299628257751464844e-01
9.673391282558441162e-02
4.824108630418777466e-02
1.164886653423309326e-01
2.851923108100891113e-01
-2.233515530824661255e-01
-3.586834371089935303e-01
1.130308434367179871e-01
1.439061611890792847e-01
2.116258144378662109e-01
1.813522726297378540e-01
1.562916338443756104e-01
4.827031865715980530e-02
-1.106343348510563374e-03
2.315962687134742737e-02
-2.261637300252914429e-01
1.375819463282823563e-02
-1.632778160274028778e-02
-1.699882745742797852e-01
-2.636462077498435974e-02
3.326383421153877862e-06
2.107932418584823608e-01
1.104546040296554565e-01
-6.761779636144638062e-02
-2.276170253753662109e-01
3.922926902770996094e+00
-2.930093050003051758e+00
-6.697174161672592163e-02
1.509851098060607910e+00
-2.518157362937927246e-01
-2.029102802276611328e+00
-2.810338020324707031e+00
-2.083219051361083984e+00
-3.891308069229125977e+00
-6.052790641784667969e+00
6.289004325866699219e+00
-5.667161464691162109e+00
2.218356132507324219e+00
-1.101241302490234375e+01
-4.379302024841308594e+00
-1.741794943809509277e+00
-4.501480162143707275e-01
4.659120440483093262e-01
-1.908281743526458740e-01
1.289302855730056763e-01
-1.675428301095962524e-01
-9.375979751348495483e-02
1.114611402153968811e-01
-7.122092694044113159e-02
4.688772931694984436e-02
2.862645089626312256e-01
-3.667400479316711426e-01
