5.066054821014404297e+00
1.718887388706207275e-01
1.007106781005859375e+00
4.399477958679199219e+00
1.621712923049926758e+00
-3.458554267883300781e+00
-2.769660472869873047e+00
1.802784562110900879e+00
-6.184860706329345703e+00
2.151237428188323975e-01
2.096421718597412109e+00
-3.130672931671142578e+00
6.609436511993408203e+00
-1.494845747947692871e+00
3.352079987525939941e-01
1.575266242027282715e+00
2.294669598340988159e-01
-7.903141975402832031e-01
5.328914523124694824e-01
2.854068577289581299e-01
6.872363090515136719e-01
-2.526572942733764648e-01
4.969091117382049561e-01
-8.630105257034301758e-01
3.654274940490722656e-01
4.499311447143554688e-01
-1.301200628280639648e+00
1.001818105578422546e-01
-5.691518262028694153e-02
3.032794967293739319e-02
8.605568110942840576e-02
2.823816053569316864e-02
6.581602990627288818e-02
-8.243145793676376343e-02
1.456677317619323730e-01
-1.583318412303924561e-01
-1.092434287071228027e+00
-9.520438909530639648e-01
9.528043866157531738e-02
-8.917217254638671875e-01
-1.070779919624328613e+00
-5.068297386169433594e-01
-4.360968172550201416e-01
-4.989179968833923340e-01
6.069213747978210449e-01
-1.522023510187864304e-02
4.393355548381805420e-02
5.310821533203125000e-01
-1.719175428152084351e-01
-1.235505007207393646e-02
8.283726125955581665e-02
-1.022391617298126221e-01
2.348339408636093140e-01
2.638745009899139404e-01
1.288396678864955902e-02
5.600282177329063416e-02
1.070269867777824402e-01
6.337528675794601440e-02
-4.574228078126907349e-02
-1.327059715986251831e-01
1.295741051435470581e-01
5.448113009333610535e-02
6.168509647250175476e-02
-7.391346991062164307e-02
3.873408958315849304e-02
7.567578554153442383e-02
-1.364106237888336182e-01
-1.777717377990484238e-03
-7.879181951284408569e-02
-2.138913050293922424e-02
-3.092435561120510101e-02
-2.612302266061306000e-02
-4.375881254673004150e-01
-9.403632879257202148e-01
2.832481622695922852e+00
2.977164089679718018e-01
2.973965136334300041e-03
-1.021919369697570801e+00
4.570405185222625732e-01
-3.560182094573974609e+00
2.688325405120849609e+00
-3.322188556194305420e-02
-2.391442954540252686e-01
-1.954442113637924194e-01
3.037515282630920410e-01
-2.584266364574432373e-01
2.598597705364227295e-01
2.187441885471343994e-01
-4.137459769845008850e-02
6.186772584915161133e-01
1.699738204479217529e-01
6.767345666885375977e-01
5.736360549926757812e-01
4.539665877819061279e-01
1.913681387901306152e+00
-6.388129591941833496e-01
2.306054532527923584e-01
2.036999225616455078e+00
7.703298330307006836e-01
-1.351745240390300751e-02
-6.408319622278213501e-02
6.910959631204605103e-02
-2.084930688142776489e-01
1.119481213390827179e-02
1.352665387094020844e-02
1.417958140373229980e-01
-5.487118661403656006e-02
5.335834249854087830e-02
1.516873687505722046e-01
3.184450417757034302e-02
-1.389503926038742065e-01
3.817854523658752441e-01
-8.913799189031124115e-03
-6.245433911681175232e-02
4.822985827922821045e-02
1.378274410963058472e-01
3.247084617614746094e-01
7.887469977140426636e-02
-1.057434156537055969e-01
5.659896135330200195e-02
-2.243766784667968750e-01
-1.569663137197494507e-01
3.516780212521553040e-02
1.996158957481384277e-01
2.513662278652191162e-01
1.319648623466491699e-01
-4.239255562424659729e-02
-3.971093893051147461e-02
9.673654288053512573e-02
3.796266019344329834e-01
1.697379946708679199e-01
3.594948649406433105e-01
-4.371231049299240112e-02
1.477341353893280029e-01
1.495813429355621338e-01
-3.056336641311645508e-01
-1.539674103260040283e-01
-9.133084118366241455e-02
-2.584966123104095459e-01
-1.657569408416748047e-01
5.293648242950439453e-01
1.491190344095230103e-01
-4.308852553367614746e-01
1.755986958742141724e-01
-1.104992985725402832e+00
-8.649296164512634277e-01
1.337504982948303223e+00
1.292164921760559082e+00
1.791958689689636230e+00
-1.331531524658203125e+00
3.720304012298583984e+00
-8.567631840705871582e-01
-3.844643592834472656e+00
-7.952227592468261719e-01
5.942291617393493652e-01
-5.094883441925048828e-01
7.828636169433593750e-01
1.384125709533691406e+00
-9.394847601652145386e-02
-2.054048538208007812e+00
1.202003955841064453e+00
7.783486694097518921e-02
-3.287566453218460083e-02
-1.136965584009885788e-04
-2.345111519098281860e-01
-1.387314051389694214e-01
5.026757717132568359e-01
-1.881919503211975098e-01
-1.644594222307205200e-01
-2.609972469508647919e-02
-1.278018355369567871e-01
1.197355091571807861e-01
-3.307463973760604858e-02
8.316543698310852051e-02
1.305591613054275513e-01
2.479221299290657043e-02
-7.785838842391967773e-02
1.211698725819587708e-01
7.334940135478973389e-03
8.359713479876518250e-03
-4.967987164855003357e-02
-1.953690052032470703e-01
1.115017980337142944e-01
3.506755232810974121e-01
2.353451102972030640e-01
-1.753445155918598175e-02
1.576864421367645264e-01
6.743747591972351074e-01
-3.293254971504211426e-01
2.205761708319187164e-02
2.840582281351089478e-02
6.822508573532104492e-02
7.967904210090637207e-03
-4.879715666174888611e-02
-6.449183076620101929e-02
1.205623075366020203e-01
-1.357452869415283203e-01
6.922633200883865356e-02
5.203600972890853882e-03
-4.292194917798042297e-02
-3.750152140855789185e-02
-3.296869108453392982e-03
-8.875916898250579834e-02
-1.261758385226130486e-03
5.043718963861465454e-02
6.640311330556869507e-02
-1.216971874237060547e-02
9.255930781364440918e-02
-4.244884476065635681e-02
2.753504738211631775e-02
8.504673838615417480e-03
5.370680615305900574e-02
-8.433736860752105713e-02
-5.274306237697601318e-02
-4.036546871066093445e-02
5.389067158102989197e-02
-4.736917912960052490e-01
4.858029186725616455e-01
2.902777791023254395e-01
-1.331532955169677734e+00
6.392896771430969238e-01
-1.208334803581237793e+00
2.925720512866973877e-01
3.399758636951446533e-01
7.915857434272766113e-01
-2.072370983660221100e-02
-1.764968335628509521e-01
1.467173080891370773e-02
6.843252480030059814e-02
-1.003622785210609436e-01
5.275715142488479614e-02
4.627490788698196411e-02
-3.609170392155647278e-02
1.372427679598331451e-02
1.980180293321609497e-01
-1.457223147153854370e-01
2.705786526203155518e-01
1.106017470359802246e+00
5.350135564804077148e-01
-1.266738474369049072e-01
-4.912730753421783447e-01
-5.306725502014160156e-01
-1.881237179040908813e-01
-5.958629027009010315e-02
-5.641846801154315472e-04
4.465787857770919800e-02
8.947830647230148315e-02
-3.971014544367790222e-02
1.499674469232559204e-02
8.787948638200759888e-02
-8.004739135503768921e-02
1.185942068696022034e-02
-4.072389379143714905e-02
3.995006531476974487e-02
-5.301355384290218353e-03
-6.452954560518264771e-02
3.160943090915679932e-02
7.932410389184951782e-02
-8.419729024171829224e-02
-2.634963952004909515e-02
-3.787122294306755066e-02
4.838807508349418640e-02
4.078463092446327209e-02
8.034144341945648193e-02
-4.702304303646087646e-02
2.821063622832298279e-02
-3.799309255555272102e-03
1.006364822387695312e-03
-1.334372162818908691e-02
4.865410923957824707e-02
3.264101222157478333e-02
1.253558695316314697e-01
-3.910782188177108765e-02
-6.348560005426406860e-02
6.073042750358581543e-02
8.296827971935272217e-02
-5.870953947305679321e-02
5.918111652135848999e-02
-1.846364885568618774e-02
-1.040221686707809567e-04
-1.182548105716705322e-01
2.863625995814800262e-02
-2.016805484890937805e-02
9.740616381168365479e-02
-2.087066620588302612e-01
-8.307460695505142212e-02
-1.373764127492904663e-01
2.678032219409942627e-01
-1.145059108734130859e+00
-4.744743406772613525e-01
6.585072875022888184e-01
-3.160057961940765381e-01
2.959544658660888672e-01
5.243212580680847168e-01
2.025280892848968506e-01
9.672866463661193848e-01
-1.562882184982299805e+00
-8.892234414815902710e-02
1.477091945707798004e-02
4.126980528235435486e-02
-6.206237673759460449e-01
4.423338174819946289e-01
4.056873321533203125e-01
-1.758130490779876709e-01
-1.247399896383285522e-01
3.772292137145996094e-01
1.601849645376205444e-01
-1.243790462613105774e-01
1.964331567287445068e-01
-1.652125269174575806e-01
5.867470800876617432e-02
-3.744732122868299484e-03
6.817700713872909546e-02
-1.403631418943405151e-01
-2.105456776916980743e-02
7.131446618586778641e-03
-8.377124555408954620e-03
-3.161863982677459717e-02
-7.627867162227630615e-03
5.608553532510995865e-03
-1.434247754514217377e-02
-2.580222114920616150e-02
-2.992622088640928268e-03
-2.025388367474079132e-02
1.074305251240730286e-01
-3.316108882427215576e-02
-2.791807241737842560e-02
-2.947543002665042877e-02
2.533796057105064392e-02
5.832993984222412109e-02
1.354234516620635986e-01
-1.236393228173255920e-01
6.073960661888122559e-02
4.060674831271171570e-02
1.174887176603078842e-02
2.443697117269039154e-02
-6.631481647491455078e-02
-3.165770322084426880e-02
-2.131595648825168610e-02
3.219984099268913269e-02
-1.079893950372934341e-02
-2.301828376948833466e-02
2.884919196367263794e-02
-2.727441675961017609e-02
-3.552301321178674698e-03
1.693128421902656555e-02
-1.555320899933576584e-02
-3.639265149831771851e-02
-4.183606430888175964e-02
7.376624853350222111e-04
1.730103231966495514e-02
-1.382657513022422791e-02
-4.142185207456350327e-03
-4.912825301289558411e-03
-5.353283137083053589e-03
1.557352207601070404e-02
8.074134588241577148e-03
-1.942767761647701263e-02
-5.906531121581792831e-03
-1.077770348638296127e-02
1.189347580075263977e-01
-1.579544842243194580e-01
2.054110020399093628e-01
8.696611970663070679e-02
-8.060023784637451172e-01
1.141448616981506348e-01
-2.108125388622283936e-01
-1.872347434982657433e-03
3.563396930694580078e-01
1.981874182820320129e-02
-3.079622983932495117e-02
4.499151930212974548e-02
-2.982746250927448273e-02
-2.354140020906925201e-02
2.862231992185115814e-02
-1.163839828222990036e-03
3.869223874062299728e-04
1.456841267645359039e-02
2.295980453491210938e-01
7.739476859569549561e-02
1.342457085847854614e-01
-2.155741490423679352e-02
-9.426160156726837158e-02
-8.690680563449859619e-02
1.512064337730407715e-01
-1.765462458133697510e-01
-4.678091779351234436e-02
-7.269215770065784454e-03
-1.329633058048784733e-03
3.411437501199543476e-04
-3.712265565991401672e-02
1.305555459111928940e-02
-1.967007666826248169e-02
4.263325780630111694e-02
1.509304903447628021e-02
6.438784301280975342e-03
-2.751858904957771301e-02
9.267467074096202850e-03
8.546640165150165558e-03
6.250290316529572010e-04
1.357140671461820602e-02
1.243971195071935654e-02
-5.465631838887929916e-04
7.957845926284790039e-03
-2.839744277298450470e-02
1.828424446284770966e-02
2.450521662831306458e-02
-1.402373076416552067e-03
-1.866277121007442474e-02
-2.834882959723472595e-02
1.210533827543258667e-02
-1.226246077567338943e-02
6.998337339609861374e-04
-1.631131954491138458e-02
3.517352510243654251e-03
2.135590463876724243e-02
2.793396450579166412e-02
-1.256434945389628410e-03
-2.483224961906671524e-03
4.021314531564712524e-02
-2.079389058053493500e-02
-1.674858853220939636e-02
-2.664189413189888000e-02
-3.021481819450855255e-02
1.343470253050327301e-02
2.355526015162467957e-02
-2.941720187664031982e-02
-6.498801708221435547e-02
4.414686933159828186e-02
5.553271621465682983e-02
-2.014265023171901703e-02
-6.383270025253295898e-02
6.974624395370483398e-01
6.212182641029357910e-01
1.337632656097412109e+00
2.003123521804809570e+00
-2.331611871719360352e+00
-1.341176033020019531e+00
-1.393297314643859863e+00
-1.231648802757263184e+00
-2.374434947967529297e+00
-1.441378712654113770e+00
4.618135392665863037e-01
-7.156649827957153320e-01
1.477912813425064087e-01
-5.162773728370666504e-01
-1.561446636915206909e-01
-1.141038894653320312e+00
-6.729081869125366211e-01
-9.000984430313110352e-01
-9.080662578344345093e-02
1.817592084407806396e-01
-2.754051685333251953e-01
1.335651893168687820e-02
2.582651674747467041e-01
1.863058358430862427e-01
1.540591120719909668e-01
2.430744916200637817e-01
2.837310433387756348e-01
-3.683360293507575989e-02
1.530105900019407272e-02
-2.465259842574596405e-02
-5.287134088575839996e-03
-3.635510802268981934e-02
2.636939287185668945e-02
-2.325257845222949982e-02
4.749691113829612732e-03
1.562326494604349136e-02
6.443377584218978882e-02
-4.845703765749931335e-02
-5.405617877840995789e-03
-4.100907444953918457e-01
-8.526015281677246094e-02
9.564606845378875732e-02
-1.704527437686920166e-01
1.785932183265686035e-01
-5.762821435928344727e-02
-8.962386287748813629e-03
1.944521069526672363e-01
-6.642775610089302063e-03
1.176801696419715881e-01
-4.399991594254970551e-03
2.992013655602931976e-02
7.284741103649139404e-02
-9.490441530942916870e-02
-8.110022544860839844e-02
-4.713661223649978638e-02
-2.121476829051971436e-02
-7.094737142324447632e-03
-1.191010512411594391e-02
2.206482924520969391e-02
-1.886977627873420715e-02
-3.712939471006393433e-02
-3.521333262324333191e-02
-4.698119591921567917e-03
1.156200096011161804e-02
-2.214723452925682068e-02
1.598483882844448090e-02
4.213174805045127869e-02
-5.381942167878150940e-02
5.478489212691783905e-03
-1.105217356234788895e-02
8.502661436796188354e-02
-2.483790740370750427e-02
1.469728797674179077e-01
1.746278256177902222e-01
5.717507004737854004e-01
7.019933462142944336e-01
3.230863213539123535e-01
-1.514742970466613770e+00
5.218910574913024902e-01
5.501500964164733887e-01
1.125752091407775879e+00
-1.521483659744262695e-01
1.458256095647811890e-01
-6.702776998281478882e-02
5.437355488538742065e-03
-6.601436436176300049e-02
-3.317077830433845520e-02
1.110522225499153137e-01
5.617364868521690369e-02
-2.320160157978534698e-02
-3.463892266154289246e-02
1.759425103664398193e-01
4.618352055549621582e-01
-3.282184302806854248e-01
3.639779984951019287e-01
7.213079333305358887e-01
-2.578241229057312012e-01
6.234489083290100098e-01
-1.570932120084762573e-01
-2.575939893722534180e-02
-7.484686374664306641e-02
-2.792429551482200623e-02
2.367419376969337463e-02
-1.596774719655513763e-02
-6.627388647757470608e-04
1.272706780582666397e-02
1.420663110911846161e-02
2.931308373808860779e-02
1.213324628770351410e-02
-1.084086950868368149e-02
-6.212472543120384216e-02
-7.324792910367250443e-03
1.751945726573467255e-02
-3.361626714468002319e-02
-8.499433286488056183e-03
2.069092728197574615e-02
8.973976597189903259e-03
-8.553373813629150391e-02
1.279337611049413681e-02
-4.607670009136199951e-03
-5.136670544743537903e-02
1.238049659878015518e-02
-1.763935759663581848e-02
-4.106466472148895264e-02
7.483112066984176636e-02
-1.008813641965389252e-02
1.431903336197137833e-02
6.082289665937423706e-02
-4.027846828103065491e-02
-1.638323441147804260e-02
-1.648763939738273621e-02
-5.974188819527626038e-02
2.157827466726303101e-02
1.924133114516735077e-02
-4.760058596730232239e-02
2.901858836412429810e-02
2.039847522974014282e-02
5.644570663571357727e-02
-2.195643959566950798e-03
8.690212666988372803e-02
-4.354899749159812927e-02
1.342855840921401978e-01
-1.387940952554345131e-03
7.072417438030242920e-02
5.215468406677246094e-01
6.087266802787780762e-01
8.598375320434570312e+00
-1.254583644866943359e+01
-2.589367866516113281e+00
6.857604026794433594e+00
-3.394452333450317383e+00
-2.352959394454956055e+00
5.317708969116210938e+00
2.837730646133422852e+00
-3.288895130157470703e+00
7.366620749235153198e-02
-2.578833341598510742e+00
1.833528161048889160e+00
-2.550397634506225586e+00
-3.435278236865997314e-01
-2.023012638092041016e+00
9.877946376800537109e-01
2.173060327768325806e-01
4.358278810977935791e-01
2.169847935438156128e-01
1.376785337924957275e-01
-1.697360038757324219e+00
4.912680014967918396e-02
2.195791453123092651e-01
-1.073207139968872070e+00
-3.140679001808166504e-01
-3.793405592441558838e-01
-1.793244667351245880e-02
-1.480409502983093262e-01
-1.193421240895986557e-02
1.688036918640136719e-01
-1.290411204099655151e-01
5.010952707380056381e-03
-1.189746260643005371e-01
-1.139686256647109985e-01
7.867467403411865234e-01
-2.415655553340911865e-01
4.162552058696746826e-01
-7.285522222518920898e-01
-8.311701416969299316e-01
-1.014306321740150452e-01
8.061700463294982910e-01
2.806245803833007812e+00
4.600142538547515869e-01
9.154451638460159302e-02
2.931164801120758057e-01
-2.325351089239120483e-01
-5.710908770561218262e-01
-5.778677761554718018e-02
-5.845295265316963196e-02
-3.137024492025375366e-02
-3.770424723625183105e-01
-1.094436496496200562e-01
-2.037093788385391235e-01
1.948089301586151123e-01
5.580939352512359619e-02
-1.953163146972656250e-01
9.547389112412929535e-03
1.771531999111175537e-01
1.704985797405242920e-01
3.086925745010375977e-01
3.644057363271713257e-02
3.904087841510772705e-02
1.911933906376361847e-02
-1.349389255046844482e-01
-1.835549771785736084e-01
-7.933684438467025757e-02
9.951743483543395996e-02
1.471827328205108643e-01
-4.665861278772354126e-02
-8.433873765170574188e-03
1.516710758209228516e+00
6.074706912040710449e-01
1.656688809394836426e+00
-2.354834794998168945e+00
1.190810084342956543e+00
2.055883407592773438e+00
-1.504053473472595215e+00
1.049980521202087402e+00
-5.169571638107299805e-01
3.378123939037322998e-01
-1.039066091179847717e-01
1.784956641495227814e-02
3.178376257419586182e-01
3.735613077878952026e-02
3.941668570041656494e-02
9.508720785379409790e-02
-7.492808997631072998e-02
3.604899048805236816e-01
-7.437524199485778809e-01
1.196409583091735840e+00
-1.965549588203430176e+00
2.610544264316558838e-01
-5.505180358886718750e-01
-2.746562719345092773e+00
1.427253842353820801e+00
-1.452020525932312012e+00
1.572393178939819336e+00
-3.126118797808885574e-03
7.741345465183258057e-02
-1.694403588771820068e-02
-4.096494615077972412e-02
7.116876542568206787e-02
9.050962328910827637e-02
6.721840798854827881e-02
1.224981099367141724e-01
-1.863847076892852783e-01
4.404995590448379517e-02
1.022356078028678894e-01
2.080279141664505005e-01
4.169216752052307129e-02
1.021150127053260803e-01
6.065287627279758453e-03
-5.105645954608917236e-02
-1.783786341547966003e-02
-2.020818181335926056e-02
-1.081895306706428528e-01
2.152599953114986420e-02
-3.122881948947906494e-01
2.980897203087806702e-03
1.986499428749084473e-01
-2.929822169244289398e-02
-3.019882142543792725e-01
3.970810770988464355e-02
-5.582317337393760681e-02
2.133422195911407471e-01
8.200457692146301270e-02
1.201322153210639954e-01
-1.416995823383331299e-01
2.005021721124649048e-01
1.310160756111145020e-02
2.297786809504032135e-02
6.685260683298110962e-02
4.693878442049026489e-02
-1.935973912477493286e-01
-1.598027050495147705e-01
1.310844868421554565e-01
-3.872614204883575439e-01
-8.465484529733657837e-02
-2.355463802814483643e-01
9.150382131338119507e-02
9.010835736989974976e-02
-5.401588082313537598e-01
3.857264760881662369e-03
-3.386991322040557861e-01
-5.352815985679626465e-01
-2.585701346397399902e-01
-4.002154171466827393e-01
-5.057120919227600098e-01
2.695086896419525146e-01
3.341518342494964600e-01
-5.068995356559753418e-01
1.764196604490280151e-01
2.982196807861328125e-01
-2.384615689516067505e-02
1.006006374955177307e-01
7.873044162988662720e-02
1.901249289512634277e-01
-1.217959746718406677e-01
-4.217702150344848633e-02
-3.506082296371459961e-02
-1.321170665323734283e-02
4.228211194276809692e-02
5.697086453437805176e-02
5.292436853051185608e-02
4.804698750376701355e-02
-5.911415442824363708e-02
-4.399350658059120178e-02
-2.832381241023540497e-02
6.947789341211318970e-02
-1.180171221494674683e-02
2.694228896871209145e-04
1.896897214464843273e-03
-1.927131414413452148e-02
-2.807503566145896912e-03
3.041295567527413368e-03
-1.455963705666363239e-03
6.925619527464732528e-05
1.332661122432909906e-05
-5.396690219640731812e-02
3.596061840653419495e-02
1.820866018533706665e-02
-2.103336155414581299e-02
8.271339349448680878e-03
3.156069666147232056e-02
1.297374069690704346e-02
-6.523212045431137085e-02
9.009743109345436096e-03
1.487232837826013565e-02
-2.378597669303417206e-02
2.729169791564345360e-03
-1.361459027975797653e-02
-1.439889776520431042e-03
1.781988539732992649e-03
2.240863442420959473e-02
1.335663534700870514e-02
5.000704433768987656e-03
4.983864724636077881e-03
-8.228872902691364288e-03
-1.379691530019044876e-02
3.333417000249028206e-03
-1.721825823187828064e-02
-1.210773456841707230e-02
-4.828522913157939911e-03
1.715984544716775417e-03
1.307286415249109268e-02
4.003606270998716354e-03
-6.921783089637756348e-03
-3.870320273563265800e-03
-1.377940177917480469e-02
-6.227722857147455215e-03
-7.432356942445039749e-03
6.492342799901962280e-03
2.030659653246402740e-02
1.945351064205169678e-02
-3.430501744151115417e-02
-6.429388374090194702e-02
-3.858043253421783447e-02
-3.248574212193489075e-02
-1.791696101427078247e-01
1.690659821033477783e-01
1.015602797269821167e-01
-1.782384514808654785e-01
2.244348451495170593e-02
-1.108260173350572586e-02
3.800390521064400673e-03
2.127007953822612762e-02
-1.495771389454603195e-02
-3.109287470579147339e-02
-2.800259925425052643e-02
-1.593341492116451263e-02
-1.159475650638341904e-02
1.846240088343620300e-02
-3.836216405034065247e-02
5.230953916907310486e-02
1.444423347711563110e-01
3.680890426039695740e-02
-4.360240697860717773e-02
1.244140416383743286e-02
3.602253273129463196e-02
8.085634559392929077e-03
3.571628779172897339e-02
7.039143238216638565e-03
2.124292543157935143e-03
7.277204189449548721e-03
-2.460481598973274231e-03
7.460278924554586411e-03
1.037974283099174500e-02
9.748232550919055939e-03
-2.764686942100524902e-04
-3.339204704388976097e-03
3.872554283589124680e-03
5.804499611258506775e-03
2.416286850348114967e-03
9.027099236845970154e-03
1.495386939495801926e-02
2.364705316722393036e-02
-1.101145055145025253e-02
-1.457583624869585037e-02
-1.514479890465736389e-02
1.089581288397312164e-02
9.542035870254039764e-03
-5.443359259516000748e-03
-1.541363191790878773e-03
2.529021585360169411e-03
-1.032696850597858429e-02
-2.322867512702941895e-02
-6.626062095165252686e-03
-2.527095144614577293e-03
4.993176087737083435e-03
-1.018964499235153198e-02
-9.355898015201091766e-03
-1.727273571304976940e-03
-6.972292438149452209e-03
1.482467865571379662e-03
3.755866317078471184e-03
5.884462967514991760e-03
2.079730108380317688e-02
-9.014029987156391144e-03
1.552074123173952103e-02
1.888493448495864868e-02
-1.662141148699447513e-04
6.124020554125308990e-03
1.395606808364391327e-02
-9.821315295994281769e-03
-2.213961910456418991e-03
7.914584130048751831e-03
-3.504103899002075195e+00
-3.572342395782470703e+00
-3.013474464416503906e+00
-2.420595884323120117e+00
4.953970909118652344e+00
-2.816752195358276367e+00
-5.587011337280273438e+00
-6.531839370727539062e-01
-5.493914604187011719e+00
1.011646509170532227e+00
7.133991718292236328e-01
8.724620342254638672e-01
-1.572978496551513672e-01
7.520938515663146973e-01
3.752423822879791260e-01
-8.471997380256652832e-01
-2.160749435424804688e+00
-2.497732639312744141e-01
-6.591361761093139648e-01
-1.249951124191284180e-02
4.441732913255691528e-02
2.078087441623210907e-02
1.270119193941354752e-02
1.846677064895629883e-02
-1.615938097238540649e-01
-4.564845263957977295e-01
-3.218253552913665771e-01
8.732978254556655884e-02
8.176718652248382568e-02
2.753352746367454529e-02
-8.701247721910476685e-02
1.153931543231010437e-01
3.912775591015815735e-02
-7.198023796081542969e-02
-1.241444498300552368e-01
-3.730717301368713379e-02
3.498226702213287354e-01
-7.511613517999649048e-02
-7.468817830085754395e-01
1.399307250976562500e-01
2.626537159085273743e-02
3.566680476069450378e-02
-3.786247074604034424e-01
-1.462818235158920288e-01
5.466764569282531738e-01
-1.018314342945814133e-02
-1.750728189945220947e-01
5.054879561066627502e-02
2.960619982331991196e-03
5.665079131722450256e-02
-6.648268550634384155e-02
-3.025987371802330017e-02
2.247920632362365723e-01
5.951557308435440063e-02
-1.441371738910675049e-01
1.319933384656906128e-01
-4.375619441270828247e-02
1.279563605785369873e-01
-3.383956849575042725e-02
3.921941667795181274e-02
-1.025172043591737747e-02
-1.158300489187240601e-01
4.685876518487930298e-02
2.140923030674457550e-02
-4.796651750802993774e-02
-8.070717751979827881e-02
-2.906972169876098633e-02
6.041782721877098083e-02
-1.145172864198684692e-02
-2.288790233433246613e-02
5.274008959531784058e-02
-2.783984644338488579e-03
-1.058168530464172363e+00
1.603784441947937012e+00
9.633199572563171387e-01
-1.673845767974853516e+00
3.247117698192596436e-01
7.410034537315368652e-01
-1.307024598121643066e+00
3.226465284824371338e-01
2.011248350143432617e+00
-2.789392769336700439e-01
-1.122910156846046448e-01
1.923814415931701660e-01
2.550961822271347046e-02
1.847815364599227905e-01
8.614388853311538696e-02
1.586489193141460419e-02
-6.048236787319183350e-02
-8.218322694301605225e-02
-8.659950494766235352e-01
4.688788652420043945e-01
1.317868232727050781e+00
-4.472126066684722900e-01
1.519996881484985352e+00
4.778723716735839844e-01
-2.706453949213027954e-02
-1.378578424453735352e+00
-3.989637196063995361e-01
3.180895373225212097e-02
6.763333827257156372e-02
1.349161118268966675e-01
-2.059458382427692413e-02
1.055284682661294937e-02
9.860952384769916534e-03
5.375728756189346313e-02
-1.597128994762897491e-02
1.081881597638130188e-01
5.039514508098363876e-03
4.720882698893547058e-02
-6.901208311319351196e-03
4.313152655959129333e-02
-1.517268717288970947e-01
3.869959386065602303e-03
-6.575410813093185425e-02
4.814534634351730347e-02
7.217954844236373901e-02
1.019277274608612061e-01
-7.457128912210464478e-02
5.109138414263725281e-02
-8.076321333646774292e-02
-1.788969896733760834e-02
8.656831830739974976e-02
2.937073074281215668e-02
-3.495187312364578247e-02
-4.659618064761161804e-02
2.002161182463169098e-02
1.902273390442132950e-03
1.748401857912540436e-02
2.833561785519123077e-02
1.243273690342903137e-01
9.992513060569763184e-02
-1.700269803404808044e-02
6.862048804759979248e-02
-1.238744892179965973e-02
-3.397179841995239258e-01
1.929807215929031372e-01
-8.470530807971954346e-02
5.579380318522453308e-02
-6.591052561998367310e-02
-1.512980014085769653e-01
2.170619368553161621e-01
1.407272648066282272e-03
-7.784189283847808838e-02
-7.713549613952636719e+00
-1.725638866424560547e+00
3.683893680572509766e+00
-2.559063196182250977e+00
2.259636163711547852e+00
-2.920171737670898438e+00
6.142638206481933594e+00
7.552415847778320312e+00
1.975038409233093262e+00
1.041942954063415527e+00
6.933484673500061035e-01
-9.932783246040344238e-01
-1.336494803428649902e+00
3.780179321765899658e-01
2.578218579292297363e-01
1.489879369735717773e+00
2.335506677627563477e-01
2.097640037536621094e+00
-6.885524988174438477e-01
1.594324558973312378e-01
-3.682986497879028320e-01
2.645047307014465332e-01
-6.904435902833938599e-02
5.726936459541320801e-02
2.989967465400695801e-01
3.061810433864593506e-01
-2.693176567554473877e-01
2.430017292499542236e-02
2.428119257092475891e-02
-1.911989040672779083e-02
4.751027747988700867e-02
1.060808226466178894e-01
1.069467440247535706e-01
-3.347402065992355347e-02
8.223792910575866699e-02
-6.239877268671989441e-02
-2.480185180902481079e-01
6.630200743675231934e-01
-2.328452616930007935e-01
-1.087457299232482910e+00
5.747776031494140625e-01
5.538781285285949707e-01
-3.307824134826660156e-01
3.621478378772735596e-01
-8.607633411884307861e-02
1.264987438917160034e-01
1.935664117336273193e-01
4.741782695055007935e-02
8.768941275775432587e-03
6.820754706859588623e-02
-2.325919456779956818e-02
1.899319887161254883e-02
-7.847572863101959229e-02
2.431578934192657471e-01
-1.097560226917266846e-01
-5.041178315877914429e-02
7.786661386489868164e-02
9.000249952077865601e-02
-4.652547836303710938e-02
4.384216293692588806e-02
-2.091623842716217041e-02
7.141808513551950455e-03
5.106212198734283447e-02
4.612905904650688171e-02
-4.253432527184486389e-02
-5.659358575940132141e-02
-2.759428322315216064e-02
9.360572695732116699e-02
1.280893087387084961e-01
-4.241039231419563293e-02
-6.323301792144775391e-02
-3.561158478260040283e-02
2.184916973114013672e+00
-1.286663413047790527e+00
-2.774948596954345703e+00
-2.265648603439331055e+00
-5.827709436416625977e-01
1.586481928825378418e+00
1.020356297492980957e+00
-8.279724121093750000e-01
-2.073341608047485352e+00
-1.909156441688537598e-01
5.253602564334869385e-02
-4.648438096046447754e-02
1.787233054637908936e-01
-6.097319349646568298e-02
-6.356959044933319092e-02
1.617302894592285156e-01
3.132627010345458984e-01
-2.075216770172119141e-01
7.175373435020446777e-01
2.354866981506347656e+00
3.278013169765472412e-01
-3.386632800102233887e-01
-3.387227281928062439e-02
-7.981599569320678711e-01
3.922811448574066162e-01
7.848135232925415039e-01
4.005629196763038635e-02
2.316146716475486755e-02
-7.435690611600875854e-02
9.185271710157394409e-02
-3.618271648883819580e-02
-3.531307354569435120e-02
-1.110285222530364990e-01
-6.048770621418952942e-02
1.584478653967380524e-02
2.218518964946269989e-02
6.923582404851913452e-02
-4.711359739303588867e-03
-1.928232051432132721e-02
-1.946857385337352753e-02
7.067762315273284912e-03
-5.888508260250091553e-02
5.752664431929588318e-02
1.410771906375885010e-01
1.107522323727607727e-01
-1.829810935305431485e-05
-4.778008162975311279e-02
-1.163145452737808228e-01
1.110734716057777405e-01
-9.137727320194244385e-02
2.170534059405326843e-02
-1.657218858599662781e-02
-3.625663742423057556e-02
1.272379755973815918e-01
1.246602311730384827e-01
-8.560052514076232910e-02
1.083876863121986389e-01
-1.865118891000747681e-01
1.550015658140182495e-01
9.362594783306121826e-02
8.273964375257492065e-02
-1.572021842002868652e-01
-3.340849280357360840e-02
-1.159089729189872742e-01
-1.384853124618530273e-01
2.024993598461151123e-01
1.110131442546844482e-01
8.906304091215133667e-02
-1.253155767917633057e-01
-8.321399241685867310e-02
-1.285376846790313721e-01
-3.083509504795074463e-01
-3.076283216476440430e+00
-2.553905248641967773e+00
-8.458628058433532715e-01
2.581205844879150391e+00
8.702840805053710938e-01
7.137992858886718750e+00
1.694020152091979980e+00
2.541619300842285156e+00
-3.081140816211700439e-01
6.475123167037963867e-01
-2.398069143295288086e+00
-5.424866199493408203e+00
2.038959026336669922e+00
-3.565712451934814453e+00
3.656229674816131592e-01
-1.895655155181884766e+00
-1.324681997299194336e+00
9.129045158624649048e-02
-9.523211717605590820e-01
3.503385186195373535e-01
-1.416175842285156250e+00
-1.917060464620590210e-01
7.815067172050476074e-01
1.002057790756225586e-01
1.800619512796401978e-01
3.400338590145111084e-01
-4.325308203697204590e-01
-6.519105285406112671e-02
2.865891531109809875e-02
4.834115505218505859e-02
1.974087655544281006e-01
-4.244336485862731934e-02
1.927409321069717407e-01
1.057227551937103271e-01
-6.288222223520278931e-02
1.305110007524490356e-01
3.875988125801086426e-01
7.900724560022354126e-02
1.494926691055297852e+00
6.547146439552307129e-01
-4.203852117061614990e-01
1.526408195495605469e-01
-2.994833588600158691e-01
-2.962491214275360107e-01
-4.650224149227142334e-01
1.762121468782424927e-01
6.127734668552875519e-03
-4.989809691905975342e-01
-9.563861787319183350e-02
-2.667454183101654053e-01
4.334869980812072754e-01
-1.750213652849197388e-01
-2.433871924877166748e-01
1.438529640436172485e-01
2.489884942770004272e-01
-1.201458126306533813e-01
-1.070058345794677734e-01
9.363140165805816650e-02
-1.107942685484886169e-02
1.696485728025436401e-01
-8.321859873831272125e-03
1.449766904115676880e-01
1.401182115077972412e-01
-7.067625969648361206e-02
2.093068808317184448e-01
9.675701707601547241e-02
1.488346308469772339e-01
1.132263764739036560e-01
1.271103769540786743e-01
8.598336577415466309e-02
6.437341123819351196e-02
8.078727871179580688e-02
3.371259450912475586e+00
2.940866053104400635e-01
1.079391598701477051e+00
3.179702043533325195e+00
1.412278175354003906e+00
-1.070248484611511230e+00
-3.849165439605712891e-01
7.717446982860565186e-02
4.172918796539306641e-01
4.999040067195892334e-01
-2.596548944711685181e-02
5.020103454589843750e-01
-3.452134132385253906e-01
-3.187892138957977295e-01
-3.899286985397338867e-01
-3.754371106624603271e-01
-3.367544710636138916e-02
-1.891584396362304688e-01
-1.332563608884811401e-01
3.519677519798278809e-01
1.747040510177612305e+00
-9.615803956985473633e-01
-1.579893589019775391e+00
-9.448462128639221191e-01
-9.956905245780944824e-01
-1.890189766883850098e+00
1.137155532836914062e+00
-9.383065998554229736e-02
1.175052896142005920e-01
-6.492377072572708130e-02
-8.888547867536544800e-02
3.384965658187866211e-02
1.301825195550918579e-01
-9.194374084472656250e-02
-8.908291906118392944e-02
-1.258393935859203339e-02
5.234025046229362488e-02
8.844710886478424072e-02
4.711082577705383301e-02
-6.280752271413803101e-02
1.524538099765777588e-01
-1.923490315675735474e-01
-2.125074118375778198e-01
-9.216964989900588989e-02
1.425076723098754883e-01
-1.076179295778274536e-01
1.082165986299514771e-01
-5.588872823864221573e-03
8.190224319696426392e-02
1.662368476390838623e-01
-2.105306982994079590e-01
5.085149779915809631e-02
1.437573041766881943e-02
-1.563126891851425171e-01
-1.039841249585151672e-01
3.663538694381713867e-01
1.887584179639816284e-01
2.538278698921203613e-01
-2.494769915938377380e-02
-2.158233076333999634e-01
-3.879522085189819336e-01
-1.573104560375213623e-01
1.580110937356948853e-01
7.354521751403808594e-02
9.754784405231475830e-02
5.196359381079673767e-02
-3.152939677238464355e-02
2.556092441082000732e-01
-1.259977817535400391e-01
1.409865021705627441e-01
1.354925781488418579e-01
8.428829908370971680e-02
5.573457479476928711e-01
6.206241130828857422e+00
-9.015006065368652344e+00
-6.576018333435058594e+00
-1.347580051422119141e+01
7.866357326507568359e+00
-1.438196655362844467e-02
-5.164449214935302734e+00
-1.928537964820861816e+00
7.222384810447692871e-01
-4.141115546226501465e-01
2.712795734405517578e+00
1.815771698951721191e+00
-4.514367878437042236e-02
8.272549510002136230e-01
1.449564695358276367e+00
-6.489565968513488770e-01
-5.539336204528808594e-01
-6.398155093193054199e-01
-6.447271704673767090e-01
1.341859340667724609e+00
3.699628412723541260e-01
1.833169721066951752e-02
-2.882931530475616455e-01
-5.071929693222045898e-01
-1.634124964475631714e-01
5.572906881570816040e-02
1.788287311792373657e-01
-1.251159310340881348e-01
1.013820841908454895e-01
7.739479769952595234e-04
-3.276293277740478516e-01
-9.766668081283569336e-02
4.877511411905288696e-02
-1.891767792403697968e-02
7.236533612012863159e-02
5.294458270072937012e-01
-1.378076672554016113e-01
8.347878456115722656e-01
-1.610801815986633301e-01
1.571720987558364868e-01
-6.222049593925476074e-01
-3.773638606071472168e-01
6.894655227661132812e-01
-2.205552309751510620e-01
-6.429585814476013184e-02
-3.024408519268035889e-01
2.589086070656776428e-02
4.096142649650573730e-01
2.990625239908695221e-02
1.560857743024826050e-01
1.381877511739730835e-01
-3.036259114742279053e-01
-1.102927997708320618e-01
6.817603856325149536e-02
3.131842240691184998e-02
1.975000463426113129e-02
1.823074817657470703e-01
1.345947664231061935e-02
-7.240419834852218628e-02
1.426243036985397339e-02
5.351909250020980835e-02
-1.650308370590209961e-01
-7.763209193944931030e-02
1.597565039992332458e-02
-1.453757584095001221e-01
-5.331641063094139099e-02
5.406829714775085449e-02
6.986909359693527222e-02
5.451324582099914551e-02
1.209063306450843811e-01
8.946659043431282043e-03
-2.667579054832458496e-01
-2.869755506515502930e+00
-1.769362568855285645e+00
1.021639347076416016e+00
-2.525238752365112305e+00
1.038350224494934082e+00
1.242940664291381836e+00
9.164434671401977539e-01
2.205771684646606445e+00
-3.362033069133758545e-01
-2.569108619354665279e-04
-3.183912038803100586e-01
4.741202294826507568e-01
1.094943284988403320e-02
-1.629268229007720947e-01
-2.113410383462905884e-01
-1.483848243951797485e-01
1.899525076150894165e-01
1.621429175138473511e-01
5.929952859878540039e-01
-7.496128678321838379e-01
1.191009402275085449e+00
-1.297318786382675171e-01
-5.574694275856018066e-01
-1.297888040542602539e+00
-2.813580036163330078e-01
7.106634378433227539e-01
7.192303985357284546e-02
-1.778624355792999268e-01
1.143143624067306519e-01
-1.218685358762741089e-01
-1.009609401226043701e-01
1.232634857296943665e-01
3.392833843827247620e-02
-1.271297037601470947e-01
3.586705029010772705e-02
6.409563869237899780e-02
-1.417299360036849976e-01
-1.032335907220840454e-01
-2.060561208054423332e-03
8.620491623878479004e-02
1.038385704159736633e-01
4.132608324289321899e-02
-4.362537339329719543e-02
-3.451327607035636902e-02
-5.641527846455574036e-02
8.937579393386840820e-02
2.334905862808227539e-01
-1.586941536515951157e-03
-1.413362622261047363e-01
6.459864974021911621e-02
1.253318190574645996e-01
-3.005208373069763184e-01
-6.578791886568069458e-02
6.634646560996770859e-03
-5.397563800215721130e-02
7.869029045104980469e-02
1.347007881850004196e-02
9.202789515256881714e-02
-3.296039998531341553e-03
-5.946104601025581360e-02
-1.212923415005207062e-02
3.528303653001785278e-02
-3.154294192790985107e-01
1.063964813947677612e-01
3.248400241136550903e-02
4.039241001009941101e-02
-1.457301676273345947e-01
-3.932378888130187988e-01
-2.623992562294006348e-01
-2.468787729740142822e-01
-2.021127641201019287e-01
-1.924204707145690918e+00
-1.683915972709655762e+00
-2.828008413314819336e+00
-1.155507802963256836e+00
4.082989692687988281e-01
-1.971364319324493408e-01
1.240876078605651855e+00
-6.346838474273681641e-01
-1.359304547309875488e+00
-7.232093811035156250e-01
-4.219233989715576172e-01
-3.287272453308105469e-01
-9.558089375495910645e-01
7.118341326713562012e-01
-1.439753413200378418e+00
-2.972621917724609375e-01
-1.055554207414388657e-02
-1.993997395038604736e-01
-1.260502636432647705e-01
2.396573573350906372e-01
3.957991302013397217e-01
1.676164381206035614e-02
6.111034378409385681e-02
-2.005384415388107300e-01
7.997068017721176147e-02
-4.077765718102455139e-02
-4.769537448883056641e-01
7.626276463270187378e-03
-3.095239587128162384e-02
4.281566478312015533e-03
1.364950276911258698e-02
-5.662796273827552795e-02
-2.851459756493568420e-02
5.355374887585639954e-02
-2.835950627923011780e-02
2.180996350944042206e-02
1.468189209699630737e-01
3.430590033531188965e-01
4.922846704721450806e-02
-5.508678406476974487e-02
-3.684175908565521240e-01
1.089316904544830322e-01
-1.049438640475273132e-01
-7.295487821102142334e-02
-1.868467545136809349e-03
-1.415403652936220169e-02
-6.311518698930740356e-02
2.057774551212787628e-02
-2.752886526286602020e-02
-2.910325303673744202e-02
5.818814411759376526e-02
1.295412480831146240e-01
1.065712198615074158e-01
-1.463899039663374424e-03
-3.024304844439029694e-02
-1.332277152687311172e-02
1.706898026168346405e-02
1.413675863295793533e-02
3.788103582337498665e-03
5.670102313160896301e-03
-2.302812936250120401e-04
1.596175320446491241e-02
2.624619752168655396e-02
7.691642385907471180e-04
3.897888585925102234e-02
-8.546939119696617126e-03
-5.434704199433326721e-02
-2.043993398547172546e-02
2.682293124962598085e-04
2.338592335581779480e-02
-5.615998990833759308e-03
-3.267410025000572205e-02
-4.803460240364074707e-01
8.498256653547286987e-02
-1.005104035139083862e-01
-8.897335827350616455e-02
-8.900999277830123901e-02
1.138467669486999512e+00
6.528235077857971191e-01
-1.300096362829208374e-01
-7.941254377365112305e-01
-8.102159947156906128e-02
4.905122891068458557e-02
-2.100820653140544891e-02
-3.224447742104530334e-02
7.423102110624313354e-02
6.125517189502716064e-02
5.039582028985023499e-02
6.147921457886695862e-02
8.453006297349929810e-02
2.733519673347473145e-02
3.019806742668151855e-01
6.013371348381042480e-01
2.009412646293640137e-01
-1.859805174171924591e-02
2.000055741518735886e-03
-7.045449316501617432e-02
4.745867252349853516e-01
6.021785140037536621e-01
2.662526629865169525e-02
-6.268822122365236282e-03
7.147958036512136459e-03
2.416863478720188141e-02
8.101798593997955322e-02
3.777894377708435059e-02
-1.496850978583097458e-02
-1.237952057272195816e-02
-5.293328687548637390e-02
-1.183262653648853302e-02
1.521394774317741394e-02
-7.679991424083709717e-03
-1.003506407141685486e-02
1.714032143354415894e-02
5.092624202370643616e-02
-5.281894281506538391e-02
-3.340554982423782349e-02
2.313649281859397888e-02
-7.328182924538850784e-03
3.553162142634391785e-02
-3.855036944150924683e-02
-8.715831674635410309e-03
-4.966695560142397881e-04
-2.312204428017139435e-02
-7.099479436874389648e-02
-1.821986958384513855e-02
-1.771331205964088440e-02
1.004677936434745789e-01
-3.453394770622253418e-02
-3.204087540507316589e-02
7.500624749809503555e-03
-6.650560349225997925e-02
2.045287564396858215e-02
-5.670974496752023697e-04
6.194896996021270752e-02
4.736318811774253845e-02
7.957273721694946289e-02
-3.089116327464580536e-02
2.303269319236278534e-02
4.695249348878860474e-02
-4.994998127222061157e-02
3.398476541042327881e-02
8.862904459238052368e-02
2.640084922313690186e-02
-4.739017039537429810e-02
1.224250197410583496e-01
-1.047877073287963867e-01
-5.697352290153503418e-01
2.292305380105972290e-01
-6.315237879753112793e-01
4.528149217367172241e-02
-6.039717420935630798e-02
-4.391012489795684814e-01
-7.690064311027526855e-01
-8.775991946458816528e-02
-1.744559556245803833e-01
1.418546438217163086e-01
5.184864625334739685e-02
-1.527972817420959473e-01
-7.306241989135742188e-02
-7.487197220325469971e-02
-2.053841352462768555e-01
-4.447884485125541687e-02
3.365884721279144287e-02
9.753935039043426514e-02
-7.956109195947647095e-02
-1.014911457896232605e-01
3.116835094988346100e-02
-7.612210512161254883e-02
9.911322034895420074e-03
-2.630897425115108490e-02
-8.008836209774017334e-02
1.116876862943172455e-02
3.834173316136002541e-03
-7.375395856797695160e-03
8.969451300799846649e-03
-1.145517081022262573e-02
6.081601139158010483e-03
-6.989191286265850067e-03
2.308618510141968727e-03
-7.260748185217380524e-03
-7.673764228820800781e-02
-2.551636425778269768e-03
4.018466547131538391e-02
3.961836919188499451e-02
4.405858367681503296e-02
7.754888385534286499e-02
7.219893485307693481e-02
-7.752837985754013062e-02
2.128734067082405090e-02
1.238644309341907501e-02
1.614339835941791534e-02
7.765514310449361801e-03
3.715764963999390602e-03
-4.454589914530515671e-03
-3.593502938747406006e-02
8.460246957838535309e-03
7.473124656826257706e-03
2.349891932681202888e-03
1.293652504682540894e-02
-3.588934661820530891e-03
4.577076528221368790e-03
1.736444188281893730e-03
-8.794289082288742065e-03
-1.451650448143482208e-02
1.951594254933297634e-03
-2.991045475937426090e-04
-9.086746722459793091e-03
1.459578610956668854e-02
-4.459755960851907730e-03
-4.203719552606344223e-03
1.284808944910764694e-02
-4.158814903348684311e-03
8.372056297957897186e-03
7.540817838162183762e-03
-1.314443070441484451e-02
-1.324364356696605682e-02
-1.542281210422515869e-01
-4.314846545457839966e-02
-2.334132604300975800e-02
1.387044135481119156e-02
1.167273223400115967e-01
-2.064213305711746216e-01
6.280060112476348877e-02
-2.046246379613876343e-01
-6.803739070892333984e-02
-1.710334233939647675e-02
-2.942616585642099380e-03
1.037415117025375366e-02
1.048108469694852829e-02
1.465491112321615219e-02
2.267307601869106293e-02
8.977835066616535187e-03
5.325352773070335388e-03
9.349639527499675751e-03
-9.734864532947540283e-02
1.059619113802909851e-01
1.857954263687133789e-02
2.414053492248058319e-02
2.449977770447731018e-02
5.832410231232643127e-02
-8.361845277249813080e-03
-8.012282662093639374e-03
-3.061400540173053741e-02
2.034902339801192284e-03
-8.176259696483612061e-03
6.427569780498743057e-03
-1.490033417940139771e-02
-6.830897182226181030e-03
2.721559815108776093e-02
4.887069109827280045e-03
-1.604628865607082844e-03
-7.758247666060924530e-04
-6.534578744322061539e-03
-7.135199848562479019e-03
-4.029776435345411301e-03
-6.588853430002927780e-03
2.922982675954699516e-03
-1.217266451567411423e-02
-1.152392290532588959e-02
-1.334869768470525742e-02
1.114103477448225021e-02
-4.185781814157962799e-03
8.025661110877990723e-03
-2.674637362360954285e-03
9.288005530834197998e-04
-1.172689255326986313e-03
-3.405540715903043747e-03
-4.359432496130466461e-03
-1.237606443464756012e-02
-7.194596808403730392e-03
1.582115516066551208e-02
1.318988855928182602e-02
1.578191877342760563e-03
1.120347622781991959e-02
-2.731651766225695610e-03
-2.869068086147308350e-02
1.210707984864711761e-02
-1.065011229366064072e-02
2.385363914072513580e-03
-5.782699212431907654e-03
1.305454596877098083e-02
2.190034091472625732e-02
-2.909952308982610703e-04
-2.272725105285644531e-02
1.056138984858989716e-02
-3.220838261768221855e-03
-6.798553746193647385e-03
1.643071649596095085e-03
3.856376409530639648e+00
2.061111211776733398e+00
9.012485504150390625e+00
-1.274057149887084961e+00
1.056675195693969727e+00
3.615207433700561523e+00
1.714097785949707031e+01
-4.320960521697998047e+00
-2.027931451797485352e+00
2.048679351806640625e+00
-2.979100227355957031e+00
-1.156999230384826660e+00
7.645225524902343750e-01
-3.698823928833007812e+00
1.596732974052429199e+00
1.145068645477294922e+00
-1.015677690505981445e+00
8.815360665321350098e-01
1.585822105407714844e+00
-5.571764707565307617e-01
3.938871622085571289e-01
-3.042978942394256592e-01
9.559994935989379883e-01
3.192315995693206787e-01
3.652189671993255615e-01
1.154825448989868164e+00
1.755607724189758301e-01
6.602400541305541992e-02
-4.266243427991867065e-02
5.476170033216476440e-02
-1.042517945170402527e-01
2.006182633340358734e-02
-6.193042919039726257e-02
2.696216665208339691e-02
-6.428668648004531860e-02
-1.469528079032897949e-01
1.380068540573120117e+00
-5.799068212509155273e-01
1.340975403785705566e+00
8.477597236633300781e-01
-1.782826483249664307e-01
3.084799945354461670e-01
1.373188793659210205e-01
-1.357745230197906494e-01
4.305934906005859375e-01
1.115426346659660339e-01
-2.969351112842559814e-01
3.506421744823455811e-01
4.360094368457794189e-01
-5.629836916923522949e-01
-4.992268979549407959e-01
2.741196155548095703e-01
-5.039277300238609314e-02
3.093656003475189209e-01
1.275884062051773071e-01
-4.744668304920196533e-02
3.372434377670288086e-01
-1.260767132043838501e-01
-4.950583446770906448e-03
-6.575807929039001465e-02
-4.592842981219291687e-02
-1.055104061961174011e-01
9.848752617835998535e-02
1.332649290561676025e-01
9.304663166403770447e-03
6.916782259941101074e-02
1.051354482769966125e-01
-7.927517592906951904e-02
-8.178651332855224609e-02
-7.833801954984664917e-02
6.594053655862808228e-02
2.584140300750732422e-01
5.746609345078468323e-02
4.675121784210205078e+00
2.715793132781982422e+00
1.262651920318603516e+00
1.534198820590972900e-01
-1.236542820930480957e+00
5.925521850585937500e-01
9.885543584823608398e-01
2.896342277526855469e+00
-9.847752004861831665e-02
4.125993698835372925e-02
-3.831613957881927490e-01
-2.340198457241058350e-01
-6.462354958057403564e-02
5.190426111221313477e-02
7.399578392505645752e-02
-5.120608210563659668e-02
-3.072219192981719971e-01
4.151360318064689636e-02
2.298118323087692261e-01
-8.517078161239624023e-01
-8.838159441947937012e-01
1.930437088012695312e+00
-9.020529985427856445e-01
-2.027960568666458130e-01
-1.874389410018920898e+00
9.873411059379577637e-01
3.482928872108459473e-02
-4.958230629563331604e-02
9.982215613126754761e-02
-1.414938829839229584e-02
9.802392125129699707e-02
1.795719191431999207e-02
3.841219097375869751e-02
2.843794785439968109e-02
-3.276407718658447266e-01
-1.859972625970840454e-01
-2.937116622924804688e-01
6.259915977716445923e-02
1.530200690031051636e-01
-1.320070121437311172e-03
-7.209783047437667847e-02
1.766736358404159546e-01
-1.738657504320144653e-01
-2.752473354339599609e-01
1.308529078960418701e-01
4.849897697567939758e-02
1.114701852202415466e-01
-4.539427533745765686e-02
9.958933107554912567e-03
8.739774674177169800e-02
1.906840652227401733e-01
2.415724992752075195e-01
3.428956493735313416e-02
1.593942791223526001e-01
1.314554363489151001e-01
2.274632006883621216e-01
-7.212991267442703247e-02
1.864298135042190552e-01
-5.429813265800476074e-02
-1.624234169721603394e-01
-7.559120655059814453e-02
2.990302443504333496e-01
-1.253566443920135498e-01
-2.288750410079956055e-01
-3.210164308547973633e-01
-5.386672541499137878e-02
-4.035876691341400146e-01
8.755619078874588013e-02
-4.814955592155456543e-01
7.259218953549861908e-03
5.928323417901992798e-02
-6.497687339782714844e+00
1.226867318153381348e+00
1.257053756713867188e+01
2.424702405929565430e+00
-5.754785060882568359e+00
6.884562015533447266e+00
-4.468216300010681152e-01
2.621104001998901367e+00
5.874814510345458984e+00
-2.080553025007247925e-01
-1.145841121673583984e+00
4.208761751651763916e-01
-5.155590176582336426e-01
2.429003953933715820e+00
-2.702088594436645508e+00
1.233138293027877808e-01
2.619351387023925781e+00
1.848672270774841309e+00
-1.374026417732238770e+00
4.501500129699707031e-01
-7.584760785102844238e-01
6.443366408348083496e-01
-1.397637128829956055e+00
2.851619720458984375e-01
-1.482345759868621826e-01
-1.604541420936584473e+00
1.267549037933349609e+00
-7.937829196453094482e-02
-1.341248005628585815e-01
-1.449639350175857544e-01
-9.817077964544296265e-02
3.109247796237468719e-02
-1.399056911468505859e-01
1.212272644042968750e-01
9.632800519466400146e-02
-1.267105489969253540e-01
4.966354072093963623e-01
-6.939664483070373535e-01
3.776116073131561279e-01
-7.957506179809570312e-01
-1.420708656311035156e+00
-4.707282781600952148e-01
1.405786126852035522e-01
-1.598676443099975586e-01
8.352785706520080566e-01
1.089170649647712708e-01
-1.518573313951492310e-01
-1.134883891791105270e-02
2.112491130828857422e-01
3.016606569290161133e-01
1.789800822734832764e-01
-1.212556362152099609e-01
8.873423188924789429e-02
-2.988749742507934570e-01
-1.245657503604888916e-01
9.183714166283607483e-03
-7.377321273088455200e-02
-1.204738393425941467e-01
-5.220656469464302063e-02
-1.622684299945831299e-03
-9.335087984800338745e-02
-1.876440197229385376e-01
-5.370306596159934998e-02
-2.258293563500046730e-03
1.068671122193336487e-01
-1.058873683214187622e-01
2.503144741058349609e-01
-3.853308036923408508e-02
-1.979596316814422607e-01
5.274018645286560059e-02
1.728258430957794189e-01
-1.883312687277793884e-02
-9.745442271232604980e-01
1.535935282707214355e+00
2.249275207519531250e+00
1.075876712799072266e+00
2.211851358413696289e+00
2.091869592666625977e+00
-1.250427842140197754e+00
-1.437029361724853516e+00
1.366799026727676392e-01
1.343927383422851562e-01
-1.345468461513519287e-01
2.588793337345123291e-01
1.921731419861316681e-02
4.008836746215820312e-01
1.995329856872558594e-01
-1.045255586504936218e-01
-9.800665825605392456e-02
-9.670968353748321533e-02
-6.610712409019470215e-01
-1.629569172859191895e+00
1.357224583625793457e+00
1.514088988304138184e+00
-9.725843071937561035e-01
9.935023784637451172e-01
-1.703952312469482422e+00
-9.551458358764648438e-01
1.098225474357604980e+00
-1.708500832319259644e-01
5.626101978123188019e-03
-1.098946034908294678e-01
1.938937306404113770e-01
2.256893552839756012e-02
-3.194581344723701477e-02
-1.511781215667724609e-01
1.032930538058280945e-01
3.356214165687561035e-01
8.241920918226242065e-02
1.273612678050994873e-01
1.231469437479972839e-01
-1.453495025634765625e-01
-9.799188375473022461e-02
-9.997799247503280640e-02
-2.163925580680370331e-02
6.993232667446136475e-02
-1.100167185068130493e-01
-3.058212576434016228e-03
-2.582404995337128639e-04
-1.787316799163818359e-02
-1.008170694112777710e-01
-2.782631814479827881e-01
-5.914095416665077209e-02
-1.682342141866683960e-01
5.416828789748251438e-04
-2.058515511453151703e-02
4.290196299552917480e-01
4.551594331860542297e-02
1.564126163721084595e-01
7.458928227424621582e-02
9.723776578903198242e-02
3.952701389789581299e-01
3.616494238376617432e-01
-3.802464529871940613e-02
-4.012744724750518799e-01
-1.180484816431999207e-01
3.261245787143707275e-01
-1.211238950490951538e-01
-1.635529696941375732e-01
-3.943870067596435547e-01
-6.360488384962081909e-02
2.258806228637695312e-01
1.873929426074028015e-02
-3.517246544361114502e-01
4.962373733520507812e+00
1.510811686515808105e+00
2.166659116744995117e+00
6.159482002258300781e-01
4.942626357078552246e-01
-5.961858034133911133e-01
1.725597620010375977e+00
-7.806307792663574219e+00
-3.756659269332885742e+00
-1.768147945404052734e+00
6.203579902648925781e-01
-6.126555204391479492e-01
5.803434252738952637e-01
2.047278165817260742e+00
-9.665679931640625000e-01
2.692918062210083008e+00
-9.831689596176147461e-01
1.491216063499450684e+00
-2.720272839069366455e-01
3.230074942111968994e-01
1.538897454738616943e-01
1.000372886657714844e+00
-5.685805082321166992e-01
2.061156556010246277e-02
-4.473927915096282959e-01
1.045181751251220703e+00
5.512884259223937988e-01
1.772545510903000832e-03
1.339057274162769318e-02
1.087653189897537231e-01
1.495669409632682800e-02
1.845548115670681000e-02
-3.359002619981765747e-02
3.169899061322212219e-02
-5.878619849681854248e-02
4.956245049834251404e-02
1.193941608071327209e-01
-1.941158920526504517e-01
-4.352287352085113525e-01
4.835399389266967773e-01
-4.550193250179290771e-01
2.665069699287414551e-01
2.240481078624725342e-01
4.507212638854980469e-01
1.382014900445938110e-01
-1.196352541446685791e-01
5.958294868469238281e-02
-2.496086359024047852e-01
2.115593552589416504e-01
1.363492459058761597e-01
-1.646426469087600708e-01
3.658890724182128906e-02
3.157142922282218933e-02
1.990363560616970062e-02
8.245234936475753784e-02
-3.485618904232978821e-02
6.314107216894626617e-03
3.627197816967964172e-02
-9.532546252012252808e-02
7.681232690811157227e-02
1.970625296235084534e-02
-2.832313627004623413e-02
-3.852839348837733269e-03
1.204399242997169495e-01
-1.061083897948265076e-01
-1.887083239853382111e-02
-1.930694840848445892e-02
1.252922862768173218e-01
1.030381172895431519e-01
-1.617225445806980133e-02
7.935864478349685669e-02
5.240132566541433334e-03
5.327153801918029785e-01
3.781569302082061768e-01
1.084995627403259277e+00
-4.408718347549438477e-01
6.783112287521362305e-01
-9.295023679733276367e-01
-3.904775381088256836e-01
1.963595747947692871e-01
3.803052902221679688e-01
7.402934134006500244e-02
5.163773521780967712e-02
-6.350234150886535645e-02
-8.797187358140945435e-02
-1.572813987731933594e-01
-9.435567259788513184e-02
6.416907906532287598e-02
-1.870907098054885864e-02
-1.266435720026493073e-02
-8.522447943687438965e-02
4.514049291610717773e-01
-3.042396008968353271e-01
-3.796831369400024414e-01
-3.411898314952850342e-01
-5.252732709050178528e-02
-1.095404401421546936e-01
-3.492892980575561523e-01
4.228665530681610107e-01
-1.722702682018280029e-01
-1.963406428694725037e-02
2.534671127796173096e-02
9.635023027658462524e-02
-4.514048993587493896e-02
2.973952516913414001e-02
-2.138623781502246857e-02
-1.018458381295204163e-01
7.373894751071929932e-02
-9.653744846582412720e-02
-1.486114710569381714e-01
4.017393290996551514e-02
5.175551027059555054e-02
-2.399998251348733902e-03
2.026163227856159210e-02
-1.017906889319419861e-01
-6.393579766154289246e-03
-1.171039789915084839e-02
2.547023585066199303e-03
-1.270156502723693848e-01
1.544791646301746368e-02
1.108253467828035355e-02
2.054993808269500732e-02
-7.577430456876754761e-02
2.893264777958393097e-02
1.032364591956138611e-01
-1.616250909864902496e-02
1.091773733496665955e-01
-5.552167072892189026e-02
-8.845998346805572510e-02
-6.627241615206003189e-03
-3.652993217110633850e-02
-2.234140485525131226e-01
1.639388650655746460e-01
-1.014439109712839127e-02
1.011566296219825745e-01
2.012642323970794678e-01
-1.435237228870391846e-01
3.095659427344799042e-03
7.815010845661163330e-02
-9.067560546100139618e-03
-2.379169920459389687e-03
-2.113879285752773285e-02
-1.840259283781051636e-01
-2.969119697809219360e-02
-1.326198816299438477e+00
-1.360577821731567383e+00
1.653967618942260742e+00
1.203367710113525391e+00
-4.728242754936218262e-01
1.402553319931030273e+00
3.635718822479248047e+00
9.715925455093383789e-01
1.278372526168823242e+00
2.008787989616394043e-01
-6.517868041992187500e-01
1.656410932540893555e+00
1.710867881774902344e+00
-1.014225602149963379e+00
-6.651980876922607422e-01
-1.118313550949096680e+00
6.892367601394653320e-01
3.398340344429016113e-01
1.296508163213729858e-01
3.007954061031341553e-01
-4.633077979087829590e-01
4.295927882194519043e-01
-2.585381567478179932e-01
-1.346728652715682983e-01
-3.512190654873847961e-03
-5.433236956596374512e-01
-1.952351182699203491e-01
-3.420543298125267029e-02
1.984540559351444244e-02
7.745326310396194458e-02
-4.106548428535461426e-02
-1.505132205784320831e-02
-4.373398050665855408e-02
7.219287008047103882e-02
-7.196354866027832031e-02
-1.330347638577222824e-02
3.817447721958160400e-01
3.663842678070068359e-01
-3.262275755405426025e-01
-3.812807798385620117e-01
3.426957130432128906e-01
-1.548298150300979614e-01
-5.264385938644409180e-01
7.992804050445556641e-02
1.331305829808115959e-03
-1.152365207672119141e-01
-3.379288315773010254e-02
1.074801385402679443e-01
-1.696503460407257080e-01
-3.819114342331886292e-02
1.185489073395729065e-02
8.376018144190311432e-03
1.319430768489837646e-02
1.698776632547378540e-01
-7.551199197769165039e-02
-2.496004290878772736e-02
1.715274155139923096e-02
8.222701400518417358e-02
4.615442827343940735e-02
6.889360398054122925e-02
6.272847950458526611e-02
-1.294297352433204651e-02
-1.643306761980056763e-02
1.066418588161468506e-01
1.228003390133380890e-02
2.604008279740810394e-02
5.759749189019203186e-02
2.153246477246284485e-02
3.937568143010139465e-02
2.709143981337547302e-02
3.891784325242042542e-02
4.085396975278854370e-02
1.915281265974044800e-02
2.719440311193466187e-02
-2.427814453840255737e-01
2.086106836795806885e-01
3.261607587337493896e-01
4.258040711283683777e-02
-8.374810814857482910e-01
-5.945950150489807129e-01
-9.977385997772216797e-01
-6.948235630989074707e-02
1.622803360223770142e-01
-2.167682349681854248e-01
8.441120386123657227e-02
1.102079171687364578e-02
8.468896895647048950e-02
1.904858201742172241e-01
-1.431007683277130127e-02
-6.975737959146499634e-02
-1.962796002626419067e-01
-1.696206256747245789e-02
-1.774145960807800293e-01
8.390831351280212402e-01
1.200434207916259766e+00
-6.697834134101867676e-01
-3.218284249305725098e-01
-2.243938297033309937e-01
3.239528536796569824e-01
-8.862628042697906494e-02
-1.287113875150680542e-02
6.577726453542709351e-02
2.496869489550590515e-02
-1.111876778304576874e-02
9.461057186126708984e-02
2.822815999388694763e-02
3.514596447348594666e-02
-7.989305257797241211e-02
-1.987576484680175781e-02
-3.530741855502128601e-02
2.078260295093059540e-02
-1.595669053494930267e-02
-7.235577702522277832e-02
-9.990729158744215965e-04
6.261239200830459595e-02
7.998748682439327240e-03
-4.671435803174972534e-02
1.803392916917800903e-02
4.285719245672225952e-03
3.317990899085998535e-02
-6.440677680075168610e-03
1.015888899564743042e-01
9.856748394668102264e-03
-7.200904190540313721e-03
5.838373675942420959e-02
1.727162115275859833e-02
1.712735444307327271e-01
-1.734091551043093204e-03
1.511024236679077148e-01
-8.683542162179946899e-02
-5.909510701894760132e-02
-5.080966651439666748e-02
-1.660265587270259857e-02
1.184317171573638916e-01
-6.306108087301254272e-02
1.235147099941968918e-02
-2.323684282600879669e-02
1.474640369415283203e-01
6.045905500650405884e-02
-7.204470038414001465e-02
1.384335160255432129e-01
6.823764741420745850e-02
9.198830276727676392e-02
9.906763583421707153e-02
