-5.928632616996765137e-02
3.983075618743896484e-01
3.790784120559692383e+00
-3.570294976234436035e-01
4.517924487590789795e-01
1.099277973175048828e+00
3.529336452484130859e-01
3.196839690208435059e-01
3.949715495109558105e-01
6.475230455398559570e-01
1.562240719795227051e-01
-2.261420726776123047e+00
-2.615618467330932617e+00
1.426206529140472412e-01
2.648295164108276367e-01
-4.144110679626464844e-01
-5.902563929557800293e-01
8.949678540229797363e-01
-8.000984787940979004e-01
5.009869933128356934e-01
2.768076956272125244e-01
-4.259186387062072754e-01
4.029216170310974121e-01
-1.272183656692504883e-01
1.840454638004302979e-01
6.264637410640716553e-02
-7.862555980682373047e-02
6.453911066055297852e-01
-2.368135154247283936e-01
6.725908517837524414e-01
3.332143545150756836e+00
2.441313117742538452e-01
3.621382117271423340e-01
3.370209038257598877e-02
4.152677655220031738e-01
4.588141739368438721e-01
4.796394705772399902e-02
-3.843477964401245117e-01
1.281398683786392212e-01
2.939528226852416992e-01
5.269390344619750977e-01
9.043134450912475586e-01
2.671262919902801514e-01
-4.310780763626098633e-02
1.302131414413452148e+00
-7.345562577247619629e-01
2.250823259353637695e+00
3.529732227325439453e-01
-6.013101339340209961e-02
4.206824302673339844e-02
3.739248812198638916e-01
4.296755790710449219e-01
1.945585250854492188e+00
-9.728606343269348145e-01
-2.022545039653778076e-02
2.727781832218170166e-01
5.502008199691772461e-01
-3.104494810104370117e-01
-3.073058128356933594e-01
4.854899048805236816e-01
6.925686597824096680e-01
3.577082753181457520e-01
-3.680775761604309082e-01
4.535546898841857910e-02
3.288528919219970703e-01
1.932375133037567139e-01
2.204147100448608398e+00
5.873538255691528320e-01
-1.173718273639678955e-01
9.566282033920288086e-01
4.359237551689147949e-01
1.865117847919464111e-01
9.521658718585968018e-02
1.063396036624908447e-01
4.095793962478637695e-01
-5.779537558555603027e-01
4.265780448913574219e-01
1.016515254974365234e+00
-1.607019186019897461e+00
3.421809971332550049e-01
-7.069124579429626465e-01
1.905212759971618652e+00
2.917661666870117188e-01
6.755288839340209961e-01
-5.175757408142089844e-02
6.224592030048370361e-02
2.672757208347320557e-01
-6.719984412193298340e-01
9.338831901550292969e-02
4.229298233985900879e-01
7.517097592353820801e-01
-1.021176815032958984e+00
5.883765220642089844e-01
-5.077667832374572754e-01
2.882345914840698242e-01
1.271728754043579102e+00
2.228454202413558960e-01
-2.631747007369995117e+00
1.351693391799926758e+00
1.739175617694854736e-01
6.485221385955810547e-01
-3.747808933258056641e-01
4.057521224021911621e-01
6.487333774566650391e-01
3.394413590431213379e-01
1.838596582412719727e+00
1.716875135898590088e-01
2.281563431024551392e-01
-2.099609673023223877e-01
-2.629368007183074951e-01
-2.250652313232421875e+00
1.462384462356567383e-01
3.827002644538879395e-02
1.039018630981445312e-01
4.212129116058349609e-01
7.806122303009033203e-02
4.619194030761718750e+00
1.254058778285980225e-01
3.884501457214355469e-01
8.219807147979736328e-01
-1.095928251743316650e-01
2.928891777992248535e-01
-2.407863736152648926e-02
9.483745694160461426e-02
5.639458894729614258e-01
3.596712350845336914e-01
-1.338472664356231689e-01
-3.821287155151367188e-01
1.595322191715240479e-01
-5.765616148710250854e-02
6.315807104110717773e-01
1.506292939186096191e+00
-7.032618857920169830e-03
3.018552362918853760e-01
1.304464340209960938e+00
-8.602253347635269165e-02
1.060533002018928528e-01
-5.894177556037902832e-01
-1.190413311123847961e-01
5.858427047729492188e+00
5.026082396507263184e-01
-9.331260323524475098e-01
-1.195382714271545410e+00
-7.739779353141784668e-01
-2.453000783920288086e+00
-5.970447659492492676e-01
4.824200868606567383e-01
9.615722894668579102e-01
-3.486840724945068359e-01
-4.117289483547210693e-01
-4.691512882709503174e-01
3.846747279167175293e-01
3.374087214469909668e-01
-3.624021112918853760e-01
-4.686295986175537109e-02
5.647301077842712402e-01
1.762495934963226318e-01
2.652455866336822510e-01
-1.101082086563110352e+00
1.631712555885314941e+00
-4.751821607351303101e-02
2.357816398143768311e-01
4.904137551784515381e-01
-2.036967873573303223e-01
1.931552141904830933e-01
3.117351830005645752e-01
-1.348539888858795166e-01
-2.750732302665710449e-01
-1.315274983644485474e-01
2.327517747879028320e+00
1.533785909414291382e-01
-6.150282621383666992e-01
2.952811717987060547e+00
-8.811066746711730957e-01
4.207131862640380859e+00
4.739474952220916748e-01
-3.715661168098449707e-01
2.696148306131362915e-02
-1.342572718858718872e-01
3.360155969858169556e-02
1.872250556945800781e+00
4.490946829319000244e-01
-7.538001239299774170e-02
9.724271297454833984e-01
3.685241341590881348e-01
2.420759201049804688e-01
1.641044765710830688e-02
-7.950235903263092041e-02
-1.880577504634857178e-01
2.411451488733291626e-01
-8.299427479505538940e-02
-2.859806418418884277e-01
2.586181163787841797e-01
-1.074132099747657776e-01
3.121724128723144531e-01
-5.871013998985290527e-01
-4.500536322593688965e-01
-9.037821292877197266e-01
9.208469390869140625e-01
6.115537509322166443e-02
7.743784785270690918e-02
-6.084368824958801270e-01
2.946792244911193848e-01
2.512719333171844482e-01
2.415238916873931885e-01
4.879286587238311768e-01
5.180547237396240234e-01
-2.615240514278411865e-01
4.557697474956512451e-01
3.796665668487548828e-01
2.969052083790302277e-02
-2.437650263309478760e-01
-2.571503221988677979e-01
-1.061557754874229431e-01
5.207989215850830078e-01
2.467707097530364990e-01
4.165584594011306763e-02
-2.474755942821502686e-01
-2.716194391250610352e-01
4.250328242778778076e-01
-4.532116949558258057e-01
-4.031960666179656982e-01
-4.371961593627929688e+00
-4.530107975006103516e-01
7.661849260330200195e-02
2.946544885635375977e+00
3.929507136344909668e-01
-3.794402629137039185e-02
-7.229018807411193848e-01
-2.262025475502014160e-01
-1.743011921644210815e-02
5.370794534683227539e-01
6.538915634155273438e-01
4.950145781040191650e-01
1.098618060350418091e-01
-7.781080603599548340e-01
1.425832748413085938e+00
1.866964995861053467e-01
8.044683456420898438e+00
-1.656865328550338745e-02
2.585061192512512207e-01
-3.339428305625915527e-01
-4.387539625167846680e-02
2.090133726596832275e-01
1.749160170555114746e+00
2.332769930362701416e-01
4.332491382956504822e-02
-6.333366632461547852e-01
6.035579442977905273e-01
3.799136281013488770e-01
5.830509066581726074e-01
3.131001889705657959e-01
-4.887763261795043945e-01
2.301334738731384277e-01
2.581289708614349365e-01
1.794253289699554443e-02
1.429170519113540649e-01
3.302810490131378174e-01
-2.978976964950561523e+00
9.205012321472167969e-01
4.203073680400848389e-01
-3.689381480216979980e-01
5.338757038116455078e-01
7.390785217285156250e-02
1.922200769186019897e-01
4.920792579650878906e-01
7.277950644493103027e-03
-2.648972988128662109e+00
2.699064731597900391e+00
-1.070226728916168213e-02
3.397490382194519043e-01
5.677630305290222168e-01
8.605428338050842285e-01
2.834444940090179443e-01
7.102568745613098145e-01
-7.452698051929473877e-02
2.079335600137710571e-01
6.342586874961853027e-02
7.425487637519836426e-01
-7.914314866065979004e-01
2.547857165336608887e-01
3.040873706340789795e-01
6.268325448036193848e-01
1.803066283464431763e-01
2.086593210697174072e-02
1.519347667694091797e+00
6.140253543853759766e-01
-1.702011585235595703e+00
-9.311257302761077881e-02
2.310821771621704102e+00
1.422912836074829102e+00
3.874763846397399902e-02
-1.872862875461578369e-02
-1.661209017038345337e-01
3.146947920322418213e-01
6.220555305480957031e-01
-2.035367041826248169e-01
4.888796806335449219e+00
1.628292202949523926e-01
1.028854131698608398e+00
2.271810531616210938e+00
-6.104048490524291992e-01
1.682653427124023438e+01
9.553855061531066895e-01
9.398572146892547607e-02
2.797695994377136230e-01
-4.165321588516235352e-03
2.134862393140792847e-01
4.621335268020629883e-01
-2.101278305053710938e+00
2.044430971145629883e-01
-9.705439805984497070e-01
3.886371254920959473e-01
1.715704053640365601e-01
-8.721698820590972900e-02
-1.184867769479751587e-01
8.037924170494079590e-01
8.791301399469375610e-02
-4.421485066413879395e-01
1.058676466345787048e-01
2.209618389606475830e-01
1.274479180574417114e-01
-1.650362491607666016e+00
4.726630747318267822e-01
4.861625134944915771e-01
-3.307106196880340576e-01
8.789415657520294189e-02
-1.630004048347473145e-01
2.726045250892639160e-01
-4.912316501140594482e-01
2.723669409751892090e-01
-1.374140977859497070e+00
-1.549440503120422363e+00
-4.691979289054870605e-02
1.861562132835388184e+00
-5.267433822154998779e-02
-4.779646694660186768e-01
-3.463420569896697998e-01
-2.447105050086975098e-01
-3.817617595195770264e-01
2.372930049896240234e-01
-5.842249095439910889e-02
9.300364255905151367e-01
6.236865520477294922e-01
-4.425431787967681885e-01
8.801817893981933594e-03
5.080741047859191895e-01
2.170834839344024658e-01
-3.935438692569732666e-01
-3.986362516880035400e-01
1.620407342910766602e+00
1.611497879028320312e+00
1.589626371860504150e-01
5.073282718658447266e-01
1.259405255317687988e+00
2.240674346685409546e-01
4.028843939304351807e-01
1.587319970130920410e-01
8.117857575416564941e-02
3.415843844413757324e-01
5.912017226219177246e-01
-1.871481657028198242e+00
1.911041289567947388e-01
-3.033904135227203369e-01
4.027973651885986328e+00
-5.689408779144287109e-01
-5.516362190246582031e+00
-5.446956157684326172e-01
1.313845813274383545e-02
4.469570517539978027e-01
-5.776111781597137451e-02
3.367026448249816895e-01
1.647887587547302246e+00
-2.596834897994995117e+00
-1.743029952049255371e-01
-3.012628555297851562e-01
3.676081001758575439e-01
1.930201649665832520e-01
-9.906254708766937256e-02
-7.257997989654541016e-03
9.073061943054199219e-01
2.571242451667785645e-01
3.401750922203063965e-01
-1.339620053768157959e-01
-4.635238647460937500e-02
3.207705020904541016e-01
9.392390847206115723e-01
2.296018302440643311e-01
-2.322987169027328491e-01
1.614672660827636719e+00
4.842730760574340820e-01
3.205206096172332764e-01
3.766551911830902100e-01
-2.127052992582321167e-01
1.465250700712203979e-01
6.479297637939453125e+00
1.894459962844848633e+00
2.637518346309661865e-01
8.527834415435791016e-01
-2.852429449558258057e-02
-2.995613217353820801e-01
5.691766738891601562e-02
1.228277087211608887e-01
1.563034951686859131e-01
4.087441563606262207e-01
1.799774467945098877e-01
7.654141187667846680e-01
6.409934759140014648e-01
7.655647397041320801e-02
2.823955416679382324e-01
5.988843441009521484e-01
7.155963182449340820e-01
-3.389754295349121094e-01
-6.520375013351440430e-01
-6.869638562202453613e-01
1.339585900306701660e+00
4.775958657264709473e-01
1.697958230972290039e+00
5.147143006324768066e-01
5.623465776443481445e-01
2.575746178627014160e-02
-1.556659787893295288e-01
4.219445586204528809e-02
1.176842078566551208e-01
6.951312720775604248e-02
-3.404633700847625732e-02
8.642932772636413574e-02
1.930385082960128784e-01
4.187692642211914062e+00
-2.191577106714248657e-01
-3.844346284866333008e+00
-6.460294127464294434e-02
4.002897441387176514e-02
5.506710708141326904e-02
3.748226165771484375e-02
3.512901663780212402e-01
3.126508235931396484e+00
7.840749025344848633e-01
-1.725748032331466675e-01
1.045246422290802002e-02
3.003378212451934814e-01
2.667528986930847168e-01
2.093949168920516968e-01
7.333824038505554199e-02
-7.595896124839782715e-01
2.068018615245819092e-01
-2.948843240737915039e-01
-2.195243090391159058e-01
3.476694822311401367e-01
5.915483236312866211e-01
9.264284372329711914e-01
3.686855137348175049e-01
3.412401378154754639e-01
3.543218970298767090e-01
-1.102975010871887207e-01
3.154353499412536621e-01
3.415296077728271484e-01
8.100935220718383789e-01
4.415741562843322754e-02
4.588593959808349609e+00
-6.093750000000000000e-01
6.589586734771728516e-01
4.998337030410766602e-01
8.017979860305786133e-01
2.088526248931884766e+00
-9.587639570236206055e-02
-1.034026503562927246e+00
7.675226926803588867e-01
7.708017528057098389e-02
3.847261667251586914e-01
6.001079082489013672e-02
-7.424193620681762695e-01
-1.927015185356140137e-02
2.915439903736114502e-01
5.729193687438964844e-01
3.359134793281555176e-01
-1.287746727466583252e-01
8.668597936630249023e-01
1.119726777076721191e+00
2.430089712142944336e-01
1.096400320529937744e-01
-1.258601546287536621e-01
-1.271056294441223145e+00
-1.636903882026672363e-01
6.975197196006774902e-01
5.543686747550964355e-01
6.436460018157958984e-01
-6.743565797805786133e-01
2.517282962799072266e-02
-7.033696174621582031e-01
-1.323577761650085449e-02
9.640316963195800781e-01
-1.635580539703369141e+00
-4.285735785961151123e-01
-6.675128459930419922e+00
2.724299728870391846e-01
7.874666154384613037e-02
6.959508359432220459e-02
2.347509413957595825e-01
3.022015392780303955e-01
-1.267505407333374023e+00
-2.019332170486450195e+00
1.855309903621673584e-01
-4.908868670463562012e-02
3.697286248207092285e-01
4.635742902755737305e-01
-4.110962152481079102e-03
-7.260563969612121582e-02
-1.034337997436523438e+00
5.146934986114501953e-01
-2.275474071502685547e-01
1.899305880069732666e-01
-9.146782010793685913e-02
-2.399509847164154053e-01
-1.037264347076416016e+00
2.815209329128265381e-02
1.233161687850952148e-01
-1.914312362670898438e+00
-1.026941061019897461e+00
2.590795755386352539e-01
2.082974910736083984e-01
-8.356254547834396362e-02
-1.511675864458084106e-02
1.582907080650329590e+00
1.592021226882934570e+00
-6.425089836120605469e-01
8.452979326248168945e-01
1.292367428541183472e-01
1.952558636665344238e+00
-1.005998030304908752e-01
-1.062124148011207581e-01
2.901794612407684326e-01
-2.661211788654327393e-01
-5.028922110795974731e-02
-1.823764741420745850e-01
-6.243140101432800293e-01
2.554353475570678711e-01
2.238428592681884766e-01
-1.207432225346565247e-01
7.945934683084487915e-02
1.782560944557189941e-01
3.749130070209503174e-01
3.004460811614990234e+00
2.711956202983856201e-02
5.174518227577209473e-01
5.137965083122253418e-01
-2.051309823989868164e+00
1.788615733385086060e-01
-1.185140833258628845e-01
1.605108678340911865e-01
-1.133795306086540222e-01
-7.971769571304321289e-01
2.855014055967330933e-02
-1.802048563957214355e+00
1.746707111597061157e-01
-8.297619819641113281e-01
-4.626115262508392334e-01
-8.060549497604370117e-01
-1.055543422698974609e+01
-1.968060731887817383e-01
-2.799114584922790527e-02
-2.358187437057495117e-01
-5.001076310873031616e-02
1.115717291831970215e-01
-1.661615371704101562e+00
1.388552427291870117e+00
2.393994331359863281e-01
1.226929426193237305e+00
2.654283344745635986e-01
8.802196383476257324e-02
9.210116267204284668e-01
6.373046040534973145e-01
-7.568360567092895508e-01
2.757670581340789795e-01
3.330575823783874512e-01
1.177024990320205688e-01
1.444496661424636841e-01
-2.330955564975738525e-01
8.238614201545715332e-01
-2.556036785244941711e-02
1.652209833264350891e-02
-5.964265465736389160e-01
3.970073163509368896e-01
5.255311727523803711e-01
1.203593611717224121e-02
-8.257222175598144531e-02
-4.050939381122589111e-01
5.111344814300537109e+00
2.197186470031738281e+00
-1.335944533348083496e-01
-2.529677152633666992e-01
4.095196127891540527e-01
-1.221336364746093750e+00
3.349097371101379395e-01
-6.594611406326293945e-01
-2.113550007343292236e-01
1.989998221397399902e-01
7.435174286365509033e-02
5.435698032379150391e-01
-2.520844042301177979e-01
4.671602249145507812e-01
1.992244720458984375e-01
-2.218792214989662170e-02
3.916820287704467773e-01
-3.706611394882202148e-01
-3.683698177337646484e-01
5.195588469505310059e-01
3.536248952150344849e-02
1.565610021352767944e-01
2.614317089319229126e-02
2.380361318588256836e+00
-4.748617485165596008e-02
2.479013800621032715e-01
-1.167724281549453735e-01
2.276401668787002563e-01
-1.204376518726348877e-01
1.607661843299865723e-01
7.837374508380889893e-02
4.431793093681335449e-01
7.226448059082031250e-01
3.565228581428527832e-01
-3.490799367427825928e-01
8.097797632217407227e-01
-3.314626812934875488e-01
1.592817157506942749e-01
1.266687810420989990e-01
-2.785761952400207520e-01
3.161056935787200928e-01
2.071542501449584961e+00
-8.199338316917419434e-01
5.234777927398681641e-02
3.377685248851776123e-01
5.025587677955627441e-01
-5.677359104156494141e-01
3.285570070147514343e-02
-2.126784324645996094e-01
-1.822045296430587769e-01
1.626849174499511719e-01
5.553114414215087891e-01
-7.672783732414245605e-01
