1.068550534546375275e-02
-2.149925976991653442e-01
-3.097110893577337265e-03
1.341069489717483521e-01
1.944779232144355774e-02
-1.434094458818435669e-01
3.549515306949615479e-01
-9.435254335403442383e-02
-2.478145360946655273e-01
-4.804893434047698975e-01
2.297949045896530151e-01
1.166811808943748474e-01
4.262523949146270752e-01
-8.561126142740249634e-02
4.233801066875457764e-01
1.062214151024818420e-01
-2.441055327653884888e-02
1.851233541965484619e-01
-1.114654660224914551e+00
7.949942946434020996e-01
2.207830250263214111e-01
-2.424962520599365234e-01
-1.399930834770202637e+00
4.930157363414764404e-01
2.582054853439331055e+00
1.439096629619598389e-01
-5.064257979393005371e-01
-1.697125136852264404e-01
-9.887296706438064575e-02
2.154977768659591675e-01
3.823857307434082031e-01
-3.250752389430999756e-01
4.127656519412994385e-01
-1.064658239483833313e-01
1.389549672603607178e-01
-3.577419221401214600e-01
8.227112144231796265e-02
1.490532159805297852e-01
7.210701704025268555e-02
7.056864351034164429e-02
-5.252804234623908997e-02
-9.549228101968765259e-02
8.312526345252990723e-02
1.104612722992897034e-01
-3.579502180218696594e-02
1.318508088588714600e-01
-7.249774038791656494e-02
-1.497859507799148560e-01
-4.069706797599792480e-02
1.586843132972717285e-01
-1.125857084989547729e-01
-1.639124751091003418e-02
-2.535345777869224548e-02
1.129099279642105103e-01
4.098773747682571411e-02
1.143194794654846191e+00
-5.887970924377441406e-01
-1.519480496644973755e-01
-4.076043069362640381e-01
4.051158428192138672e-01
3.793259859085083008e-01
3.653705120086669922e-01
-3.097547888755798340e-01
-1.796513423323631287e-02
-8.455654978752136230e-02
7.104022894054651260e-03
6.829394400119781494e-02
4.544311668723821640e-03
3.952002525329589844e-02
6.194929778575897217e-02
3.322831913828849792e-02
2.034869417548179626e-02
1.803248971700668335e-01
1.145451292395591736e-01
1.441358029842376709e-02
-1.861954331398010254e-01
-8.475707471370697021e-02
-1.118433009833097458e-02
-6.952846888452768326e-03
-1.024739444255828857e-01
-2.312568575143814087e-01
-1.411714106798171997e-01
2.788819605484604836e-03
-9.743608534336090088e-02
3.541339188814163208e-02
-1.380245536565780640e-01
5.354109033942222595e-02
1.849692165851593018e-01
-4.131468757987022400e-02
9.948692470788955688e-02
5.620516538619995117e-01
-1.932957917451858521e-01
6.260045617818832397e-02
2.673020362854003906e-01
-9.926084429025650024e-02
2.072925120592117310e-01
-4.824747145175933838e-02
-5.437926054000854492e-01
2.308315187692642212e-01
5.627114772796630859e-01
-1.969220191240310669e-01
6.100946664810180664e-02
-7.500342130661010742e-01
3.523086607456207275e-01
-3.031865060329437256e-01
4.479939937591552734e-01
1.484254151582717896e-01
-3.751033246517181396e-01
3.100491128861904144e-02
5.266474559903144836e-03
2.852671407163143158e-02
6.517710536718368530e-02
-1.805312745273113251e-02
-1.564657539129257202e-01
1.364318728446960449e-01
3.980125859379768372e-02
-2.229203581809997559e-01
-1.023223102092742920e-01
2.437281608581542969e-02
1.096493080258369446e-01
-3.449632227420806885e-02
1.071063280105590820e-01
-7.675053179264068604e-02
5.044521763920783997e-03
-1.091231871396303177e-02
5.533095449209213257e-02
3.676813244819641113e-01
-8.457010984420776367e-01
-3.936301171779632568e-01
-5.480420077219605446e-04
6.934953480958938599e-02
4.874882400035858154e-01
4.664235115051269531e-01
5.327959060668945312e-01
-8.272685855627059937e-02
-2.648819088935852051e-01
3.765269517898559570e-01
-1.335211277008056641e+00
-7.957248091697692871e-01
-5.205254554748535156e-01
1.869946241378784180e+00
1.852545887231826782e-01
1.751620769500732422e+00
-9.421606659889221191e-01
-1.538100093603134155e-01
-1.071678474545478821e-02
3.020533025264739990e-01
-4.877301398664712906e-03
6.171182543039321899e-02
7.646369934082031250e-02
-1.601074486970901489e-01
-2.746721804141998291e-01
9.336338937282562256e-02
-1.857159435749053955e-01
2.597153000533580780e-02
9.259888529777526855e-01
-2.868470251560211182e-01
-6.461992114782333374e-02
-4.209582805633544922e-01
-2.385311126708984375e-01
4.929215312004089355e-01
5.746148824691772461e-01
-1.921690106391906738e+00
-1.338214755058288574e+00
-2.324382543563842773e+00
-5.816804990172386169e-02
-1.184903383255004883e+00
1.727492928504943848e+00
-9.721899032592773438e-01
-1.158143281936645508e+00
5.520816445350646973e-01
9.350845962762832642e-02
-1.559108495712280273e-01
3.517152369022369385e-01
3.968267142772674561e-01
3.067112565040588379e-01
1.553198695182800293e-01
6.896957010030746460e-02
1.731774061918258667e-01
-2.681023776531219482e-01
1.704756170511245728e-01
3.606673702597618103e-02
9.816630184650421143e-02
-9.551528841257095337e-02
-1.062295511364936829e-01
-1.622836738824844360e-01
3.091695904731750488e-02
4.517612606287002563e-02
-2.429443411529064178e-02
1.268212348222732544e-01
-1.541186720132827759e-01
-3.401624783873558044e-02
1.615770310163497925e-01
-2.491043321788311005e-02
2.333084819838404655e-03
9.039480984210968018e-02
-2.867411356419324875e-03
-1.437435951083898544e-02
5.155334472656250000e-01
-5.561867356300354004e-01
-5.372293591499328613e-01
3.926879465579986572e-01
7.468356192111968994e-02
5.015401840209960938e-01
2.024286389350891113e-01
-7.501091361045837402e-01
3.779476284980773926e-01
-6.850057840347290039e-02
-1.691724173724651337e-02
9.510710090398788452e-02
8.888752758502960205e-02
3.725607320666313171e-02
3.373565152287483215e-02
-2.354279346764087677e-02
3.039053082466125488e-02
-1.072116643190383911e-01
9.762310981750488281e-02
-4.638394340872764587e-02
-1.402262896299362183e-01
1.160485446453094482e-01
-1.287327110767364502e-01
8.146045356988906860e-02
-8.564177900552749634e-02
-1.668851375579833984e-01
8.819839358329772949e-02
-4.654796048998832703e-02
-6.503178924322128296e-02
4.513785243034362793e-03
-9.501873701810836792e-02
-6.951551185920834541e-04
1.103935912251472473e-01
-8.405701816082000732e-02
-5.499379336833953857e-02
-3.623649105429649353e-02
1.433534026145935059e-01
-7.463533431291580200e-02
-5.251899361610412598e-01
-1.059918105602264404e-01
2.593814730644226074e-01
-4.505519941449165344e-02
-1.395306363701820374e-02
-5.655743181705474854e-02
1.003771182149648666e-02
-2.729070484638214111e-01
9.717409312725067139e-02
-1.256111562252044678e-01
3.247150480747222900e-01
-3.904440104961395264e-01
1.283043622970581055e-01
2.950629591941833496e-01
3.880575299263000488e-01
5.911385416984558105e-01
8.773497492074966431e-02
-6.484825164079666138e-02
-7.027025520801544189e-02
6.144120544195175171e-02
3.518857806921005249e-02
-1.884228587150573730e-01
8.204337954521179199e-02
4.042227938771247864e-02
1.297914683818817139e-01
-6.510648131370544434e-02
-2.395003288984298706e-02
6.394371390342712402e-02
-2.528823167085647583e-02
3.198772296309471130e-02
-1.020545046776533127e-02
-7.208962924778461456e-03
1.316230650991201401e-02
1.009185612201690674e-02
4.292640089988708496e-01
3.276649713516235352e-01
-2.207300662994384766e-01
2.243725955486297607e-01
6.084461696445941925e-03
6.299804896116256714e-02
-1.311800181865692139e-01
-1.078542992472648621e-01
-4.325062036514282227e-01
-6.597913503646850586e-01
-9.457895159721374512e-01
-3.823931217193603516e-01
-6.534237265586853027e-01
-1.059647917747497559e+00
1.619178950786590576e-01
-4.642454162240028381e-02
4.846909046173095703e-01
-2.102036237716674805e+00
1.164248958230018616e-02
-7.096658810041844845e-04
7.528125308454036713e-03
-5.629062186926603317e-03
2.393603324890136719e-02
-1.217950973659753799e-02
4.799158778041601181e-03
2.527465810999274254e-03
-8.455880917608737946e-03
8.716139011085033417e-03
3.721023723483085632e-02
2.973401173949241638e-02
1.105087692849338055e-03
6.974076386541128159e-03
-6.353898905217647552e-03
-3.509800648316740990e-03
3.947202861309051514e-02
-1.258622109889984131e-02
6.583691388368606567e-02
8.781161904335021973e-02
4.274505004286766052e-02
-1.060413420200347900e-01
-5.948323011398315430e-02
-1.321022808551788330e-01
-9.058371186256408691e-02
1.127155050635337830e-01
1.809844374656677246e-01
-1.214815769344568253e-02
-3.856727108359336853e-02
-6.037469487637281418e-03
-1.339355716481804848e-03
-2.291564270853996277e-02
-3.303437493741512299e-03
2.083795890212059021e-02
1.656996086239814758e-02
-6.869690492749214172e-03
-9.601241908967494965e-03
-2.459331008139997721e-04
3.240382298827171326e-03
-7.598629686981439590e-03
3.162250621244311333e-03
6.625148002058267593e-03
7.892983965575695038e-03
5.845305975526571274e-03
-3.463076660409569740e-03
2.068785484880208969e-03
-1.209677197039127350e-02
-7.245250162668526173e-04
-7.053263951092958450e-03
-1.511658891104161739e-03
6.598215084522962570e-03
9.107194840908050537e-03
-4.149377855355851352e-05
4.643792752176523209e-03
-4.767929017543792725e-02
-3.364174440503120422e-02
3.000747226178646088e-02
1.409065350890159607e-02
3.814880549907684326e-02
2.643715031445026398e-02
3.375779092311859131e-02
1.319164130836725235e-02
-2.572512254118919373e-03
8.959877304732799530e-04
-1.729299314320087433e-03
5.659653339534997940e-03
4.096155986189842224e-03
8.945784065872430801e-04
6.778297480195760727e-03
9.298489429056644440e-03
1.271975110284984112e-03
1.630890299566090107e-03
1.784260198473930359e-02
1.798190549015998840e-02
8.230285719037055969e-03
-1.291451510041952133e-02
-1.529931463301181793e-02
-1.520752813667058945e-02
-9.276631288230419159e-03
-1.307850144803524017e-02
5.049369297921657562e-03
4.447336774319410324e-03
-7.929452694952487946e-03
-3.275146242231130600e-03
1.339984312653541565e-02
-1.526719541288912296e-03
-6.313834339380264282e-03
-1.301258523017168045e-02
1.841399446129798889e-02
8.147659536916762590e-05
2.759530674666166306e-03
-4.192604683339595795e-03
2.422390133142471313e-02
-1.497883629053831100e-02
1.182471774518489838e-02
-5.244123283773660660e-03
2.421874785795807838e-03
-2.950364025309681892e-03
2.111801505088806152e-02
3.595189377665519714e-02
3.652157261967658997e-02
-4.204095155000686646e-02
-3.355063498020172119e-03
2.955900877714157104e-02
-1.615039887838065624e-03
-3.768077865242958069e-02
-5.263606552034616470e-03
-1.581667340360581875e-03
1.196024008095264435e-02
4.893681965768337250e-03
3.708309493958950043e-03
8.901912369765341282e-04
-1.114472933113574982e-02
-1.444281172007322311e-02
9.112609550356864929e-04
5.006322753615677357e-04
-9.721308015286922455e-03
7.005380030022934079e-05
7.695114240050315857e-03
-5.021157208830118179e-03
1.197887677699327469e-02
6.414754807337885723e-06
-3.397580003365874290e-04
7.025055238045752048e-04
3.963133785873651505e-03
1.001035701483488083e-02
-2.176483906805515289e-02
2.019612491130828857e-02
2.450704202055931091e-02
-8.285662159323692322e-03
-2.699797041714191437e-02
2.698845602571964264e-02
2.669360116124153137e-02
-3.194736316800117493e-02
-1.002685260027647018e-02
3.332251682877540588e-02
8.666513115167617798e-02
2.205896424129605293e-03
5.713373050093650818e-02
5.575264617800712585e-02
1.260523498058319092e-01
-3.307412937283515930e-02
9.179975837469100952e-02
1.656414009630680084e-02
-3.168670535087585449e-01
-2.077466696500778198e-01
-3.209581375122070312e-01
-6.094460934400558472e-02
-2.878872156143188477e-01
-1.971364021301269531e-01
-5.509418435394763947e-03
3.623724877834320068e-01
1.084047257900238037e-01
-1.766866743564605713e-01
-2.884871661663055420e-01
3.583577871322631836e-01
1.278072297573089600e-01
-5.065561085939407349e-02
-1.787551790475845337e-01
-1.488139182329177856e-01
3.246762454509735107e-01
-2.015023082494735718e-01
-7.275308370590209961e-01
-1.047257542610168457e+00
-3.823763132095336914e-02
-1.077339768409729004e+00
7.073332071304321289e-01
-1.232830405235290527e+00
2.335205376148223877e-01
1.426710486412048340e-01
-8.151865601539611816e-01
-2.719985544681549072e-01
-8.787103742361068726e-02
-1.102717816829681396e-01
-3.009437918663024902e-01
-1.316850632429122925e-01
1.209433600306510925e-01
1.535579264163970947e-01
5.014798790216445923e-02
5.087000504136085510e-02
-4.425625130534172058e-02
-2.824325487017631531e-02
-2.011226490139961243e-03
-1.163557916879653931e-02
-1.630716025829315186e-02
-1.910942606627941132e-02
6.909418851137161255e-02
1.085633337497711182e-01
5.681227520108222961e-02
1.695874519646167755e-02
-1.503026932477951050e-01
-1.041360385715961456e-02
-3.390952199697494507e-02
2.092754840850830078e-02
-4.115292686037719250e-04
5.886503681540489197e-02
-6.376486737281084061e-03
-7.497639954090118408e-02
-1.030996143817901611e-01
-1.723185479640960693e-01
-3.825976848602294922e-01
-3.942591547966003418e-01
-2.414741516113281250e-01
-2.651914358139038086e-01
-2.030224353075027466e-01
-2.812636196613311768e-01
1.109134927392005920e-01
-9.736962616443634033e-02
4.319120571017265320e-02
1.180455833673477173e-01
-1.213279925286769867e-02
-1.446151826530694962e-02
3.038598597049713135e-02
-1.323513835668563843e-01
1.993611641228199005e-02
7.190834730863571167e-02
-1.682695448398590088e-01
-1.562466025352478027e-01
-1.337022781372070312e-01
-2.264810502529144287e-01
5.052943527698516846e-02
6.749761849641799927e-02
3.907489776611328125e-02
5.341303721070289612e-02
-9.310971200466156006e-02
-4.344458505511283875e-02
9.712934494018554688e-02
1.308601945638656616e-01
-1.299702525138854980e-01
-9.174507856369018555e-02
-2.238226495683193207e-02
-5.150033161044120789e-03
-1.911896020174026489e-01
-7.918298244476318359e-02
-7.161492831073701382e-04
2.196221612393856049e-03
-2.669954895973205566e-01
2.888359725475311279e-01
9.453479945659637451e-02
1.974450200796127319e-01
-1.664129495620727539e-01
-3.433394804596900940e-02
3.200141713023185730e-02
1.346160024404525757e-01
-9.907770156860351562e-02
1.395817846059799194e-01
5.218342542648315430e-01
4.611381888389587402e-01
-5.527460575103759766e-02
3.003650903701782227e-01
4.188779890537261963e-01
-2.710547149181365967e-01
2.443224750459194183e-02
8.405200392007827759e-02
-5.738152936100959778e-02
-7.003294676542282104e-02
-2.113022506237030029e-01
1.909435689449310303e-01
2.428984502330422401e-03
-3.727157786488533020e-02
-1.024348363280296326e-01
5.767259001731872559e-02
7.335221022367477417e-02
-7.728029787540435791e-02
-1.045871078968048096e-01
-5.998482927680015564e-02
-7.135961949825286865e-02
4.379729554057121277e-02
-4.574710875749588013e-02
1.422006869688630104e-03
-4.059911370277404785e-01
2.731038331985473633e-01
-1.675972342491149902e-01
-1.066150218248367310e-01
1.525759845972061157e-01
5.275574326515197754e-01
1.068403273820877075e-01
-8.058159053325653076e-02
5.090950131416320801e-01
-1.350710093975067139e-01
6.304439306259155273e-01
1.348558783531188965e+00
-4.781998097896575928e-01
6.991166472434997559e-01
5.025359988212585449e-01
-4.960585236549377441e-01
-2.876596450805664062e-01
6.479250192642211914e-01
-7.088800519704818726e-02
-1.048742756247520447e-01
-1.377744674682617188e-01
-7.479832321405410767e-02
3.438020944595336914e-01
2.207439392805099487e-01
8.624944090843200684e-02
2.721804082393646240e-01
7.067432999610900879e-02
-5.636197328567504883e-01
2.210212498903274536e-01
5.287324786186218262e-01
2.069711685180664062e-01
-3.688348829746246338e-01
4.209580719470977783e-01
-3.879839181900024414e-01
3.916414678096771240e-01
7.379544526338577271e-02
2.580278635025024414e+00
-1.334142923355102539e+00
-1.129513144493103027e+00
-8.574599027633666992e-01
8.163270354270935059e-01
-8.900344371795654297e-01
-5.982220172882080078e-01
-5.167155861854553223e-01
-1.021960377693176270e+00
6.115738153457641602e-01
2.464012354612350464e-01
-5.881296470761299133e-02
-1.746247410774230957e-01
2.345017343759536743e-01
-2.321786433458328247e-01
-1.974978484213352203e-02
-1.771290004253387451e-01
3.191202580928802490e-01
2.374676764011383057e-01
4.707224294543266296e-02
3.584517538547515869e-02
-4.287204146385192871e-02
-2.136003226041793823e-02
-6.744326651096343994e-02
-9.233671240508556366e-03
-1.835848018527030945e-02
-7.758340239524841309e-02
-1.055468022823333740e-01
1.248467415571212769e-01
-1.386728789657354355e-02
1.023980006575584412e-01
-2.099620178341865540e-02
6.718948483467102051e-02
-6.189148128032684326e-02
-6.250011175870895386e-02
-1.525673270225524902e-01
-1.942119896411895752e-01
2.434848397970199585e-01
-6.505327224731445312e-01
1.581243574619293213e-01
-8.539685010910034180e-01
3.648124933242797852e-01
-8.355419635772705078e-01
3.093087375164031982e-01
2.861752212047576904e-01
1.415031552314758301e-01
-7.553916424512863159e-02
-4.174115881323814392e-02
-2.818917110562324524e-02
2.129552885890007019e-03
-1.047838106751441956e-02
7.912101596593856812e-02
-5.659135803580284119e-02
-9.631364792585372925e-02
-1.943375617265701294e-01
-2.154854387044906616e-01
-1.146413199603557587e-02
-1.336396336555480957e-01
7.953791320323944092e-02
1.915315538644790649e-01
-8.769118040800094604e-02
-3.832872316706925631e-04
-2.351749688386917114e-01
1.051581576466560364e-01
1.181075870990753174e-01
-1.953662782907485962e-01
-3.362500667572021484e-02
2.426143968477845192e-03
6.734826602041721344e-03
-1.341308802366256714e-01
3.616852685809135437e-02
4.987666010856628418e-02
-1.695414446294307709e-02
9.253244847059249878e-02
-5.900892615318298340e-01
-7.898391783237457275e-02
-5.003552138805389404e-02
-7.612828910350799561e-02
-2.028425037860870361e-01
1.130145415663719177e-01
1.583451926708221436e-01
-1.878706812858581543e-01
-5.639706254005432129e-01
1.257460266351699829e-01
-1.221110373735427856e-01
-6.713061034679412842e-02
-4.164522886276245117e-01
-2.482441663742065430e-01
-2.909063696861267090e-01
-2.621324658393859863e-01
1.683554649353027344e-01
-2.998721897602081299e-01
-1.527560874819755554e-02
6.948096305131912231e-02
-8.623261004686355591e-02
-2.534927725791931152e-01
2.659907937049865723e-01
1.860346831381320953e-02
1.215077638626098633e-01
2.987427078187465668e-02
6.823263317346572876e-02
-2.878249809145927429e-02
-6.363989412784576416e-02
-4.401535913348197937e-02
1.034810617566108704e-01
8.614357560873031616e-03
-3.907793725375086069e-04
1.328223347663879395e-01
6.175383925437927246e-01
-2.113770246505737305e-01
-6.237681955099105835e-02
8.656118810176849365e-02
-4.871182143688201904e-02
-5.462849140167236328e-02
8.774645626544952393e-02
1.411848962306976318e-01
4.782968163490295410e-01
-1.949020102620124817e-02
7.338087558746337891e-01
-2.946191132068634033e-01
-1.629163384437561035e+00
-6.450977921485900879e-01
-3.637856617569923401e-02
-7.268183678388595581e-02
-1.382129073143005371e+00
3.024556338787078857e-01
1.823450028896331787e-01
-1.505102068185806274e-01
-2.853019237518310547e-01
-2.170761376619338989e-01
2.959004938602447510e-01
-2.668639719486236572e-01
-3.616384863853454590e-01
2.616705298423767090e-01
2.494766414165496826e-01
5.418561100959777832e-01
-8.379310369491577148e-02
-4.328101575374603271e-01
3.998457491397857666e-01
-4.520519375801086426e-01
-6.784659624099731445e-02
-4.608471691608428955e-01
4.229901432991027832e-01
-2.466760575771331787e-01
-1.910476535558700562e-01
-2.020029783248901367e+00
-8.507676720619201660e-01
-3.790078163146972656e-01
-1.122054100036621094e+00
-7.682058215141296387e-01
-6.805678606033325195e-01
-2.510975837707519531e+00
8.824799656867980957e-01
2.968814074993133545e-01
6.397344917058944702e-02
-2.810672521591186523e-01
-3.153304457664489746e-01
9.994423948228359222e-03
3.167057037353515625e-01
-2.586703747510910034e-02
-3.898923397064208984e-01
3.484027385711669922e-01
2.111359871923923492e-02
-9.581513702869415283e-02
-5.459493026137351990e-03
-1.476876251399517059e-02
-1.385955810546875000e-01
-2.816925384104251862e-02
5.407604575157165527e-02
5.643796548247337341e-02
-1.003100201487541199e-01
1.637334972620010376e-01
-8.985907584428787231e-02
-2.190793454647064209e-01
-8.292717486619949341e-02
2.362821437418460846e-02
-1.652400940656661987e-02
-2.913241088390350342e-02
-5.820135027170181274e-02
-1.877704262733459473e-01
-1.561202108860015869e-01
-7.201346755027770996e-01
-1.565117985010147095e-01
-8.993483185768127441e-01
-2.191895693540573120e-01
4.243041574954986572e-01
-1.914539486169815063e-01
2.081241160631179810e-01
1.360261440277099609e-01
-7.746753841638565063e-02
1.098575741052627563e-01
-3.106297738850116730e-02
-6.050512194633483887e-02
4.205764085054397583e-02
-9.302964061498641968e-02
-6.884818524122238159e-02
-3.847995400428771973e-02
-6.999603658914566040e-02
-2.208801358938217163e-01
-6.189606338739395142e-02
2.562977671623229980e-01
-3.372289612889289856e-02
-4.005212336778640747e-02
-4.546109214425086975e-02
5.138287786394357681e-03
2.648472599685192108e-02
5.286246538162231445e-02
-1.404808312654495239e-01
-7.756017148494720459e-02
-1.235106810927391052e-01
-7.420849055051803589e-02
-5.410404130816459656e-02
-1.711339950561523438e-01
-4.521747305989265442e-02
-1.080648824572563171e-01
-5.226480215787887573e-02
-2.346782833337783813e-01
-1.677947342395782471e-01
8.089932054281234741e-02
-1.714298576116561890e-01
5.618933439254760742e-01
-1.344168633222579956e-01
-4.367353320121765137e-01
-3.448829352855682373e-01
5.407539382576942444e-02
7.283406704664230347e-02
3.342900276184082031e-01
-1.463329493999481201e-01
-8.949808776378631592e-02
-7.983958125114440918e-01
6.837677359580993652e-01
3.503018617630004883e-01
1.250852015800774097e-03
3.535152077674865723e-01
-6.458158139139413834e-03
-1.464527994394302368e-01
2.943463325500488281e-01
-1.196956932544708252e-01
1.476597636938095093e-01
2.835093252360820770e-02
1.020135357975959778e-01
-3.152288123965263367e-02
-2.313863635063171387e-01
-4.094215109944343567e-02
-3.192987758666276932e-03
-3.973464295268058777e-02
1.536016017198562622e-01
2.879468165338039398e-02
5.898206308484077454e-02
1.177083048969507217e-02
-3.768222779035568237e-02
1.523818646091967821e-04
6.849498748779296875e-01
1.704359650611877441e-01
7.382773607969284058e-02
1.931493580341339111e-01
-4.300536811351776123e-01
-9.580424427986145020e-02
2.970189228653907776e-02
-2.794454693794250488e-01
3.898896276950836182e-01
-8.860145211219787598e-01
-1.193637967109680176e+00
1.845520883798599243e-01
-1.435675621032714844e+00
-1.719663381576538086e+00
-2.437369823455810547e+00
1.511899113655090332e+00
-1.510157436132431030e-01
-8.772267699241638184e-01
1.651199460029602051e-01
3.767386823892593384e-02
-7.272562384605407715e-01
-1.768347620964050293e-01
-5.063488483428955078e-01
-1.125418186187744141e+00
-4.055331349372863770e-01
1.707631647586822510e-01
2.316143810749053955e-01
8.432847857475280762e-01
-3.840581774711608887e-01
-3.023460209369659424e-01
5.818700194358825684e-01
-5.568643212318420410e-01
-5.027897357940673828e-01
2.807244956493377686e-01
-3.223849236965179443e-01
-2.098339349031448364e-01
2.658939838409423828e+00
-2.376778602600097656e+00
1.119629383087158203e+00
-9.457098841667175293e-01
4.618565440177917480e-01
3.222213983535766602e-01
2.025698661804199219e+00
-6.452681422233581543e-01
9.580535888671875000e-01
-4.679417610168457031e-01
-1.454609781503677368e-01
-7.228710651397705078e-01
6.650665998458862305e-01
2.218992263078689575e-01
-7.006411440670490265e-03
-7.841203808784484863e-01
4.992542862892150879e-01
6.912331446073949337e-04
-5.862272810190916061e-03
-2.854372188448905945e-02
-1.063902974128723145e-01
-2.192695438861846924e-02
2.964346855878829956e-02
-8.457603305578231812e-02
3.535725548863410950e-02
-6.791659444570541382e-02
-2.134779542684555054e-01
1.252723857760429382e-02
-4.323992133140563965e-02
2.665314674377441406e-01
-3.144215047359466553e-01
-7.196225970983505249e-02
-1.247738450765609741e-01
-4.756142944097518921e-02
-1.703489222563803196e-03
-6.009518727660179138e-02
8.674673438072204590e-01
-1.399789452552795410e+00
-4.438613653182983398e-01
-2.064304500818252563e-01
2.023960053920745850e-01
3.461535573005676270e-01
1.093209385871887207e+00
5.516021251678466797e-01
4.225988388061523438e-01
4.406952857971191406e-02
-4.932453483343124390e-02
-1.200357377529144287e-01
-3.978288266807794571e-03
4.494820907711982727e-02
-1.368638128042221069e-01
1.646957695484161377e-01
-1.274854689836502075e-01
-1.574476063251495361e-02
-3.156519830226898193e-01
-1.850349456071853638e-01
-7.226171344518661499e-02
-2.467569112777709961e-01
-5.696456134319305420e-02
-3.134668469429016113e-01
-2.306683221831917763e-03
5.593885779380798340e-01
1.351551897823810577e-02
5.139598250389099121e-02
2.579702734947204590e-01
-2.959526181221008301e-01
3.896773234009742737e-02
8.710546791553497314e-02
-5.998708680272102356e-02
-3.439117968082427979e-02
4.940390586853027344e-02
1.211720407009124756e-01
1.203419789671897888e-01
6.070018410682678223e-01
5.203163623809814453e-02
-3.311426341533660889e-01
-2.593687176704406738e-01
4.899248480796813965e-02
2.983300983905792236e-01
3.391456902027130127e-01
-3.352847099304199219e-01
8.440157026052474976e-02
-4.987699985504150391e-01
-6.815325468778610229e-02
-1.612560153007507324e-01
4.868461787700653076e-01
2.730679214000701904e-01
9.284003376960754395e-01
1.071696519851684570e+00
2.003120034933090210e-01
-1.829876303672790527e-01
-1.213624551892280579e-01
2.438490837812423706e-01
-6.492849439382553101e-02
1.146040782332420349e-01
-2.026872783899307251e-01
6.823696196079254150e-02
3.461904227733612061e-01
-1.586387902498245239e-01
2.840443849563598633e-01
-2.777546085417270660e-02
-7.362408190965652466e-02
-3.439065301790833473e-03
6.967646628618240356e-02
3.214433044195175171e-02
3.353618830442428589e-02
1.841941475868225098e-02
-4.564905073493719101e-03
5.721380710601806641e-01
-2.599334418773651123e-01
-5.518565177917480469e-01
6.322321295738220215e-02
3.874112963676452637e-01
5.464847683906555176e-01
6.505913734436035156e-01
-6.139783859252929688e-01
2.197604328393936157e-01
-9.449884891510009766e-01
1.861660122871398926e+00
-2.719222784042358398e+00
4.446046352386474609e-01
3.453073501586914062e+00
2.050628900527954102e+00
-2.574108600616455078e+00
-2.946003973484039307e-01
1.661485910415649414e+00
-1.092080548405647278e-01
-6.734799593687057495e-02
-5.724485591053962708e-02
1.561586372554302216e-02
9.177905507385730743e-03
1.233193557709455490e-02
1.286908052861690521e-02
-5.921155959367752075e-02
-1.010292954742908478e-02
4.997546970844268799e-01
-6.152154132723808289e-02
-1.205947399139404297e-01
4.084709584712982178e-01
-2.441178262233734131e-01
-1.598320603370666504e-01
-4.722536802291870117e-01
-1.005635857582092285e-01
2.015091329813003540e-01
6.812351346015930176e-01
-9.867416024208068848e-01
1.168241977691650391e+00
1.425648331642150879e+00
-3.694094717502593994e-01
-7.583232522010803223e-01
-1.357260942459106445e+00
-1.452759504318237305e-01
-1.318779945373535156e+00
-1.025591865181922913e-01
2.342664003372192383e-01
6.719317752867937088e-03
-1.797350496053695679e-01
-9.540947526693344116e-02
1.231358423829078674e-01
-3.107904493808746338e-01
1.467320024967193604e-01
1.733769625425338745e-01
9.769240021705627441e-02
-1.415460091084241867e-02
-5.787615850567817688e-02
4.425150901079177856e-02
4.230757057666778564e-02
-7.286656647920608521e-02
-3.593637794256210327e-02
4.251639917492866516e-02
3.577661514282226562e-02
-9.662938863039016724e-02
-2.805559523403644562e-02
-1.122121885418891907e-01
4.624946042895317078e-02
7.608857750892639160e-02
3.665387630462646484e-02
6.713986862450838089e-03
-2.537406980991363525e-02
5.752488225698471069e-02
1.338938027620315552e-01
-3.054117970168590546e-02
-2.798818051815032959e-01
-2.000051438808441162e-01
-3.271512389183044434e-01
-3.462428450584411621e-01
1.000367663800716400e-02
1.402410119771957397e-01
2.013570666313171387e-01
-7.846410572528839111e-02
-6.255541741847991943e-02
-2.297139726579189301e-02
8.955481648445129395e-02
-4.087217524647712708e-02
-1.964228693395853043e-03
4.493034258484840393e-02
-1.567737571895122528e-02
6.026513408869504929e-03
1.099882200360298157e-01
2.860831096768379211e-02
-4.322393983602523804e-02
1.494302153587341309e-01
-1.654933989048004150e-01
1.170152202248573303e-01
2.031203657388687134e-01
2.849162183701992035e-02
-4.097787290811538696e-02
5.464036762714385986e-02
1.993123441934585571e-02
2.319023944437503815e-02
1.370509713888168335e-01
-1.183394342660903931e-01
1.760840415954589844e-02
4.653993993997573853e-03
7.028185576200485229e-02
-4.110755398869514465e-02
-8.267344534397125244e-02
1.015419289469718933e-01
4.711055383086204529e-02
4.916431009769439697e-02
1.556245237588882446e-01
-1.332931220531463623e-01
7.247103750705718994e-02
-4.674833267927169800e-02
2.114213630557060242e-02
-1.408106088638305664e-01
-9.231904894113540649e-02
-2.180154323577880859e-01
2.254859060049057007e-01
-3.015833348035812378e-02
-2.928401529788970947e-01
-8.237611502408981323e-02
1.959892362356185913e-01
-1.366977691650390625e-01
-5.751762166619300842e-02
4.923301166854798794e-04
-6.476005911827087402e-02
-2.129770442843437195e-02
-2.490926347672939301e-02
1.746463328599929810e-01
-2.372448518872261047e-02
-5.222976580262184143e-02
-1.790102943778038025e-02
-7.495800964534282684e-03
2.192621119320392609e-02
-1.957633532583713531e-02
-2.222660556435585022e-02
4.178974195383489132e-04
-1.045610103756189346e-02
6.591021269559860229e-02
-2.259047701954841614e-02
2.079980447888374329e-02
-3.765643239021301270e-01
-7.261630147695541382e-02
-2.490703947842121124e-02
-3.018353320658206940e-02
-8.740822225809097290e-02
-2.504000663757324219e-01
3.458800315856933594e-01
-6.145612522959709167e-02
-2.053020000457763672e-01
3.158256411552429199e-01
-8.503844141960144043e-01
-3.253265321254730225e-01
5.473068356513977051e-01
1.415332108736038208e-01
2.857025265693664551e-01
-1.264564245939254761e-01
4.111723899841308594e-01
7.791661620140075684e-01
-1.937926262617111206e-01
-4.031248092651367188e-01
-2.401124686002731323e-01
-1.504401266574859619e-01
-3.364383280277252197e-01
-2.830969989299774170e-01
2.078662514686584473e-01
7.416604459285736084e-02
9.323228895664215088e-02
-4.712512493133544922e-01
-2.201180160045623779e-01
3.394484519958496094e-02
1.541233509778976440e-01
7.102901935577392578e-01
6.240450218319892883e-02
-1.040559530258178711e+00
-4.266124665737152100e-01
1.186947941780090332e+00
9.759616851806640625e-01
2.980569839477539062e+00
4.347333014011383057e-01
-2.542611837387084961e+00
-2.034646749496459961e+00
-3.465200424194335938e+00
4.989529132843017578e+00
3.000962495803833008e+00
4.169146418571472168e-01
7.921294867992401123e-02
5.866053700447082520e-01
-3.475791513919830322e-01
-3.948376327753067017e-02
-1.505181193351745605e-01
-1.384358257055282593e-01
-1.127274781465530396e-01
-1.751868724822998047e-01
6.404660344123840332e-01
-7.713828980922698975e-02
-3.971222043037414551e-02
-1.655033379793167114e-01
1.144538447260856628e-01
-3.603932261466979980e-02
-3.201807662844657898e-02
5.290837492793798447e-03
-7.319621741771697998e-02
7.444651424884796143e-02
1.625515986233949661e-03
4.645485877990722656e-01
-1.958901137113571167e-01
-4.220294952392578125e-01
-2.097832560539245605e-01
1.054648309946060181e-01
-2.420333772897720337e-02
1.823414564132690430e-01
2.340009212493896484e-01
3.239336609840393066e-02
-1.024938702583312988e+00
5.640989169478416443e-02
1.464898109436035156e+00
5.026316642761230469e-01
4.006236791610717773e-01
3.355666100978851318e-01
2.101706154644489288e-02
4.531622305512428284e-02
-8.310530334711074829e-02
-4.392616450786590576e-02
-1.386615037918090820e-01
-9.336951375007629395e-02
-2.523802779614925385e-02
1.077127233147621155e-01
6.534381303936243057e-03
-3.454959765076637268e-02
-2.771666040644049644e-04
1.393182575702667236e-01
7.143714278936386108e-02
-2.810986638069152832e-01
-1.379847526550292969e-01
7.096629589796066284e-02
-2.757026255130767822e-01
-2.916310727596282959e-02
-6.211892887949943542e-02
-7.636857777833938599e-02
3.466269969940185547e-01
4.652718547731637955e-03
4.888544604182243347e-02
-7.713622599840164185e-02
-3.006783127784729004e-01
-1.262339297682046890e-02
-6.480789184570312500e-02
-5.217006206512451172e-01
4.052788764238357544e-02
-6.866821646690368652e-02
7.308804243803024292e-02
-5.111121013760566711e-02
-5.634464621543884277e-01
3.845888674259185791e-01
-4.003454446792602539e-01
5.687483549118041992e-01
-2.860264666378498077e-02
1.192269027233123779e-01
7.284929156303405762e-01
2.014235109090805054e-01
5.095793604850769043e-01
-3.694456815719604492e-01
3.302330076694488525e-01
-3.120814263820648193e-01
1.090885400772094727e+00
-2.424316257238388062e-01
6.832795739173889160e-01
9.951273351907730103e-02
-3.839062526822090149e-02
-3.708337545394897461e-01
9.258431941270828247e-02
-7.448631525039672852e-02
-2.476211450994014740e-02
-6.134029477834701538e-02
-3.336734175682067871e-01
-6.610797252506017685e-03
1.473333239555358887e-01
5.438455939292907715e-02
1.631948053836822510e-01
-7.606685161590576172e-02
5.429339036345481873e-02
-2.160940915346145630e-01
-2.526608482003211975e-02
5.521759390830993652e-02
3.366478160023689270e-02
5.391052365303039551e-01
6.863192915916442871e-01
4.494559168815612793e-01
3.325191736221313477e-01
-1.377372443675994873e-01
2.257518768310546875e-01
-1.241460442543029785e+00
8.585126399993896484e-01
-8.052411675453186035e-01
-1.742231249809265137e+00
1.887653708457946777e+00
-9.492513537406921387e-01
1.112132370471954346e-01
2.019441127777099609e-01
1.069510102272033691e+00
1.935458660125732422e+00
-1.022222042083740234e-01
-4.804193675518035889e-01
6.459279358386993408e-02
1.630103029310703278e-02
8.206873387098312378e-02
1.401708573102951050e-01
-1.809094548225402832e-01
-6.580600142478942871e-02
-2.243962287902832031e-01
8.334696292877197266e-02
1.946572065353393555e-01
1.048498302698135376e-01
6.248307228088378906e-02
-2.330527901649475098e-01
-3.098067343235015869e-01
7.512361556291580200e-02
1.834014952182769775e-01
3.709271252155303955e-01
2.703660428524017334e-01
-2.372401654720306396e-01
-1.311663269996643066e+00
6.098527908325195312e-01
9.460243582725524902e-01
1.186903834342956543e+00
-2.095328569412231445e+00
-9.022085070610046387e-01
8.348135352134704590e-01
-7.777499556541442871e-01
3.941338956356048584e-01
-1.100779101252555847e-01
-1.693610399961471558e-01
-2.383729815483093262e-01
1.424608379602432251e-01
4.709680378437042236e-02
4.026796668767929077e-03
-9.502081573009490967e-02
-2.572632953524589539e-02
4.920079931616783142e-02
-3.765288367867469788e-02
2.363546751439571381e-02
6.397906690835952759e-02
1.347307302057743073e-02
1.203791704028844833e-02
-3.260117769241333008e-02
-1.814423885662108660e-04
-7.654111832380294800e-02
-3.558336943387985229e-02
9.653530083596706390e-03
7.278839498758316040e-02
-2.124836295843124390e-02
-9.915774315595626831e-02
8.059880882501602173e-02
-9.459971450269222260e-03
-1.146635413169860840e-01
4.585689678788185120e-02
6.613767240196466446e-03
2.262804359197616577e-01
2.890513539314270020e-01
-2.150489538908004761e-01
-6.025097370147705078e-01
-2.837885729968547821e-02
1.586040556430816650e-01
4.672699570655822754e-01
8.426830172538757324e-02
4.427562952041625977e-01
-3.636500984430313110e-02
1.408594287931919098e-02
5.826972424983978271e-02
-6.306190043687820435e-02
-4.852996766567230225e-02
-3.449887409806251526e-02
-9.167197160422801971e-03
1.063353568315505981e-01
-3.375173732638359070e-02
-4.076946154236793518e-02
5.435036122798919678e-02
-7.200504094362258911e-02
-2.380390316247940063e-01
1.586907804012298584e-01
4.433398321270942688e-02
-3.544087409973144531e-01
3.124374151229858398e-01
1.569973230361938477e-01
3.313186019659042358e-02
-8.000145852565765381e-02
5.234430357813835144e-02
1.028385236859321594e-01
-5.569257773458957672e-03
2.172191813588142395e-02
-2.379787899553775787e-02
3.591451048851013184e-02
2.229614555835723877e-02
-2.247474342584609985e-01
1.721537671983242035e-02
-5.251286551356315613e-02
4.297976195812225342e-02
4.374582692980766296e-02
-2.475285902619361877e-02
1.718529164791107178e-01
-1.523120552301406860e-01
-1.140214595943689346e-02
-1.721651703119277954e-01
6.469208002090454102e-02
8.819086849689483643e-02
6.867879629135131836e-01
-2.383151203393936157e-01
-3.255395218729972839e-02
-6.701117753982543945e-02
-8.766400814056396484e-02
2.679330296814441681e-02
4.216367006301879883e-02
1.754381507635116577e-01
4.625072702765464783e-02
-6.947273015975952148e-02
1.744537800550460815e-02
1.051463931798934937e-01
-9.748831391334533691e-02
1.018572375178337097e-01
1.765630543231964111e-01
5.115656927227973938e-02
-1.408388745039701462e-02
8.338550105690956116e-03
2.953350730240345001e-02
-9.136445075273513794e-02
-3.688915446400642395e-02
-1.102281385101377964e-03
2.892112173140048981e-02
-5.351080745458602905e-02
-2.946433424949645996e-01
-2.964174374938011169e-02
2.618744969367980957e-01
1.211526319384574890e-01
5.338966846466064453e-01
-1.407321728765964508e-02
-3.052392005920410156e-01
-4.760359227657318115e-01
1.266162842512130737e-01
-2.072448581457138062e-01
-4.091016575694084167e-02
-3.286744654178619385e-01
8.002143353223800659e-02
-4.752298295497894287e-01
-1.028267964720726013e-01
2.829876244068145752e-01
-9.535893797874450684e-01
3.740414083003997803e-01
-1.083881594240665436e-03
2.603522734716534615e-03
-5.456039216369390488e-04
5.500456318259239197e-03
5.735215265303850174e-03
4.075183998793363571e-03
1.579229952767491341e-03
-4.225618904456496239e-04
-1.341124065220355988e-03
8.211898384615778923e-04
-7.508589769713580608e-04
5.189121235162019730e-03
1.729118870571255684e-03
-7.742386311292648315e-03
4.032243974506855011e-03
3.579821204766631126e-03
9.660648182034492493e-03
-1.043208292685449123e-03
-2.700104564428329468e-02
-1.579278521239757538e-02
-2.338278852403163910e-02
3.454538062214851379e-03
-9.256754070520401001e-03
-5.971150472760200500e-03
2.101930789649486542e-02
-2.262773050460964441e-04
-3.445528214797377586e-03
3.063420299440622330e-04
-2.697152318432927132e-03
-2.652662340551614761e-03
2.167457481846213341e-03
3.144855611026287079e-03
4.602259490638971329e-03
-1.183715765364468098e-03
-1.536379801109433174e-03
-1.760022947564721107e-03
-1.955366926267743111e-03
-7.055372698232531548e-04
-5.453538033179938793e-04
1.257534138858318329e-03
-1.949366065673530102e-03
1.204589731059968472e-03
-1.393117592670023441e-03
3.639973583631217480e-04
3.748332674149423838e-04
-2.594186458736658096e-03
-1.570686581544578075e-03
-1.478011370636522770e-03
-1.346735050901770592e-03
-1.761840423569083214e-03
-1.681392313912510872e-03
-1.692928257398307323e-03
-1.723895315080881119e-03
-6.523212068714201450e-04
1.115685608237981796e-02
2.909572562202811241e-03
-4.125239327549934387e-03
2.441724762320518494e-03
-1.046348595991730690e-03
1.899364753626286983e-03
-1.643377239815890789e-03
-3.190713468939065933e-03
-5.804631859064102173e-03
-1.151766511611640453e-03
9.615562739782035351e-04
-7.902352954261004925e-04
-2.194113621953874826e-04
8.049475145526230335e-04
-8.671871037222445011e-04
3.659418143797665834e-04
5.341144278645515442e-04
-2.491816412657499313e-03
-2.470339648425579071e-03
5.478526465594768524e-03
2.764211967587471008e-03
-4.442189354449510574e-03
1.169066410511732101e-03
2.799368929117918015e-03
-3.347746562212705612e-03
-2.934561343863606453e-03
-1.767067471519112587e-03
2.289053518325090408e-03
-2.071770140901207924e-03
-1.552717643789947033e-03
7.892768480814993382e-04
-9.394941153004765511e-04
-4.625904257409274578e-04
-1.053009531460702419e-03
-9.374083019793033600e-04
-5.764765228377655149e-05
2.660895697772502899e-03
-4.201112780719995499e-03
-4.695922834798693657e-04
3.511173650622367859e-03
-3.540730336681008339e-03
-4.646504763513803482e-03
2.882041269913315773e-03
-7.104880642145872116e-04
-7.119696965673938394e-05
2.877056133002042770e-03
2.350351773202419281e-03
6.272358354181051254e-03
-5.871998146176338196e-03
8.195401169359683990e-03
-3.708139294758439064e-03
8.660971187055110931e-03
8.280883543193340302e-03
9.521031752228736877e-03
6.812874344177544117e-04
-2.505887241568416357e-04
3.432543948292732239e-03
1.413526944816112518e-03
2.696332288905978203e-03
-1.861817901954054832e-03
-2.913545584306120872e-03
1.698793494142591953e-03
-2.431563800200819969e-03
1.811410766094923019e-03
-8.838661597110331059e-04
2.538757980801165104e-04
6.941168103367090225e-04
-9.350945474579930305e-04
1.674305065535008907e-03
-1.137651619501411915e-03
8.417767821811139584e-04
3.390406491234898567e-04
-4.315987229347229004e-03
1.680082874372601509e-03
9.857952594757080078e-03
7.535449694842100143e-03
-5.902481731027364731e-03
5.475660320371389389e-03
8.258320391178131104e-03
-1.105970051139593124e-02
-5.650267004966735840e-03
-1.039493642747402191e-02
-7.145797833800315857e-03
2.521874755620956421e-02
7.660153321921825409e-03
6.445125909522175789e-04
3.418884426355361938e-02
1.194454450160264969e-02
-1.486585824750363827e-03
6.499704439193010330e-03
1.275695413351058960e-01
7.774690538644790649e-02
-5.163540840148925781e-01
4.504643678665161133e-01
3.566883802413940430e-01
4.788561463356018066e-01
2.441150695085525513e-01
-7.172248363494873047e-01
-4.834031164646148682e-01
-6.227266192436218262e-01
2.242751978337764740e-02
-2.828617691993713379e-01
6.792429089546203613e-01
5.735318735241889954e-02
3.271017074584960938e-01
-1.578948199748992920e-01
-4.924903810024261475e-02
-2.737575396895408630e-02
-5.221844911575317383e-01
-2.836262702941894531e+00
-1.094365358352661133e+00
-2.409873723983764648e+00
-4.690689966082572937e-02
1.285526752471923828e-01
3.971104621887207031e+00
-1.289058089256286621e+00
7.845983028411865234e+00
4.404675215482711792e-02
4.470879733562469482e-01
-2.661406397819519043e-01
-4.446614980697631836e-01
-2.185925990343093872e-01
-3.299997746944427490e-01
-2.784796655178070068e-01
-2.187043428421020508e-01
1.399723291397094727e-01
-6.343566626310348511e-02
6.827708333730697632e-02
-1.734167709946632385e-02
-1.272940039634704590e-01
-5.456044897437095642e-02
1.733986884355545044e-01
-1.208356842398643494e-01
1.144405305385589600e-01
-4.224876314401626587e-02
9.380257129669189453e-02
1.228826716542243958e-01
-1.893841624259948730e-01
-3.133488819003105164e-02
2.672163844108581543e-01
-2.297108024358749390e-01
-1.033212468028068542e-01
1.884270608425140381e-01
1.128353737294673920e-02
-6.285020709037780762e-01
-5.368978381156921387e-01
-7.835716605186462402e-01
-1.154705047607421875e+00
6.701306700706481934e-01
-4.498531818389892578e-01
1.157801389694213867e+00
2.338005304336547852e-01
2.979476153850555420e-01
-4.732415080070495605e-02
1.686927676200866699e-01
-8.240209519863128662e-02
-1.681833118200302124e-01
-9.314247220754623413e-02
7.084460556507110596e-02
6.379541754722595215e-02
8.240252733230590820e-02
1.185580119490623474e-01
-6.107733249664306641e-01
-3.063956499099731445e-01
3.254051804542541504e-01
-1.386422514915466309e-01
1.580841243267059326e-01
1.964066922664642334e-01
7.359609939157962799e-03
-2.070639096200466156e-02
2.841079235076904297e-01
-1.449268460273742676e-01
1.006478965282440186e-01
-3.162291273474693298e-02
-1.173872798681259155e-01
3.361747860908508301e-01
1.043881848454475403e-01
2.187133431434631348e-01
-1.012130677700042725e-01
-2.699372172355651855e-01
-1.479171067476272583e-01
1.335437744855880737e-01
-5.144094228744506836e-01
-1.929385960102081299e-01
1.846209466457366943e-01
-4.834903478622436523e-01
-3.520251214504241943e-01
1.215884983539581299e-01
-3.227608203887939453e-01
-4.561560451984405518e-01
-7.296527177095413208e-02
-6.833860874176025391e-01
-5.043724775314331055e-01
1.040823459625244141e+00
5.506799817085266113e-01
-3.249911069869995117e-01
7.086833715438842773e-01
-3.261041045188903809e-01
1.016261056065559387e-01
7.492014556191861629e-04
-1.595144271850585938e-01
2.412979863584041595e-02
1.957948952913284302e-01
6.636816263198852539e-02
6.405324339866638184e-01
1.462104320526123047e-01
1.006154492497444153e-01
2.262181490659713745e-01
1.177841797471046448e-01
-1.134659871459007263e-01
1.342946942895650864e-02
3.227555379271507263e-02
1.558617651462554932e-01
-1.957518011331558228e-01
1.821748614311218262e-01
-5.897349864244461060e-02
-1.105355024337768555e+00
9.798926860094070435e-02
3.793829977512359619e-01
2.935649752616882324e-01
-1.233575958758592606e-02
-1.307055056095123291e-01
1.573392748832702637e-01
4.826288819313049316e-01
-3.501171246170997620e-02
8.015724420547485352e-01
2.791202783584594727e+00
1.000684499740600586e+00
-1.299866795539855957e+00
-1.839319318532943726e-01
1.098430991172790527e+00
-2.068242311477661133e+00
-8.441226482391357422e-01
-7.416574954986572266e-01
-6.181746255606412888e-03
-8.885484933853149414e-02
-2.255348488688468933e-02
-2.642858214676380157e-02
1.815556362271308899e-02
-1.435770280659198761e-02
7.162718474864959717e-02
-1.979395933449268341e-02
4.715315625071525574e-02
4.578707367181777954e-02
1.570675224065780640e-01
-7.153247296810150146e-02
-3.030030988156795502e-02
-7.075307425111532211e-03
-1.148508768528699875e-02
-7.552062720060348511e-02
-2.579059898853302002e-01
9.949252009391784668e-02
-1.939084082841873169e-01
-3.329936042428016663e-02
1.101191520690917969e+00
-3.146993741393089294e-02
-2.516773343086242676e-01
3.476696610450744629e-01
3.532833606004714966e-02
3.422909975051879883e-01
-7.171027660369873047e-01
-1.965847052633762360e-02
1.674645766615867615e-02
-9.406352043151855469e-02
-4.368190467357635498e-02
1.556913135573267937e-03
1.842491030693054199e-01
-2.721934616565704346e-01
-1.642554700374603271e-01
-1.031486541032791138e-01
6.928900722414255142e-03
9.895706549286842346e-03
1.373516675084829330e-02
-6.743960082530975342e-03
1.288223080337047577e-03
1.713137701153755188e-02
8.755545131862163544e-03
-1.232249476015567780e-02
-2.202573977410793304e-02
4.715506918728351593e-03
5.986759811639785767e-02
3.195754066109657288e-02
8.608849346637725830e-02
2.340975403785705566e-02
1.670028083026409149e-02
5.414912011474370956e-03
3.083810675889253616e-03
8.406996726989746094e-03
-2.181907743215560913e-01
1.128811761736869812e-02
-4.544999450445175171e-02
2.337033301591873169e-01
-1.682828664779663086e-01
9.867090731859207153e-02
-6.787117570638656616e-03
2.748198993504047394e-02
1.138797178864479065e-01
2.413114299997687340e-03
-2.864371240139007568e-02
-2.531342441216111183e-03
-1.178738288581371307e-02
-3.451061248779296875e-02
-1.732785440981388092e-02
1.878039538860321045e-02
4.447579383850097656e-02
2.007479034364223480e-02
1.395696122199296951e-02
6.397034227848052979e-02
7.837982475757598877e-02
-1.142769083380699158e-01
-3.628010302782058716e-02
-4.497018828988075256e-02
8.586548268795013428e-02
-1.274916529655456543e-01
-1.830279082059860229e-02
-2.441369555890560150e-02
9.119750931859016418e-03
-7.706949952989816666e-03
-6.345642358064651489e-02
2.484248951077461243e-02
-5.758614093065261841e-02
1.945998147130012512e-02
3.910792618989944458e-02
1.308351103216409683e-02
-1.197946965694427490e-01
-8.076973259449005127e-02
4.448837414383888245e-02
-5.291124433279037476e-02
-1.047891974449157715e-01
-4.991104081273078918e-02
1.408367045223712921e-02
1.643706560134887695e-01
-1.551070660352706909e-01
-8.331046253442764282e-02
1.040549129247665405e-01
1.025715321302413940e-01
-1.205970253795385361e-02
1.548631191253662109e-01
1.668878048658370972e-01
8.310067653656005859e-02
-1.849245131015777588e-01
-1.308763772249221802e-01
-1.212500873953104019e-02
2.342022024095058441e-02
4.285055026412010193e-02
7.796438038349151611e-02
3.534295037388801575e-02
1.285299099981784821e-02
3.243532264605164528e-03
6.603855639696121216e-02
-4.107816889882087708e-02
4.282478988170623779e-02
1.225917134433984756e-03
-2.613098919391632080e-02
-3.318668575957417488e-03
-1.792839355766773224e-02
1.500598061829805374e-02
-1.077736634761095047e-02
-4.530197009444236755e-02
1.403435319662094116e-02
4.461123794317245483e-02
2.007237523794174194e-01
-1.171985417604446411e-01
-4.626336693763732910e-02
1.357794106006622314e-01
-8.464355021715164185e-02
1.264862865209579468e-01
2.075078152120113373e-02
-5.197356641292572021e-02
1.552273780107498169e-01
-4.610384702682495117e-01
4.242574274539947510e-01
2.811453342437744141e-01
-5.923790484666824341e-02
-6.193581819534301758e-01
1.114056166261434555e-02
8.605553954839706421e-02
1.540068350732326508e-02
1.472849249839782715e-01
3.385837003588676453e-02
1.679390519857406616e-01
2.174398601055145264e-01
-7.050044089555740356e-02
-5.469308421015739441e-02
-2.888453006744384766e-01
2.281932383775711060e-01
-3.437995612621307373e-01
-1.213820949196815491e-01
-6.773975491523742676e-02
-1.910319030284881592e-01
-4.512697160243988037e-01
4.821064174175262451e-01
-1.100930869579315186e-01
-1.939703077077865601e-01
-1.592996120452880859e-01
-4.555836785584688187e-03
-1.397029161453247070e+00
-9.080230444669723511e-02
-1.998401582241058350e-01
1.208586931228637695e+00
-1.940618395805358887e+00
5.830144286155700684e-01
1.759518742561340332e+00
-4.446790218353271484e-01
-3.876653611660003662e-01
-8.177001029253005981e-02
-7.750942558050155640e-02
2.955769188702106476e-02
6.065965164452791214e-03
-1.550749093294143677e-01
-5.358970165252685547e-02
-6.338206678628921509e-02
-1.868236213922500610e-01
-2.994677238166332245e-02
-8.342136628925800323e-03
6.132605671882629395e-02
2.293025702238082886e-02
-9.176860749721527100e-02
3.690252825617790222e-02
-7.473470270633697510e-02
-5.343352630734443665e-02
1.408223062753677368e-01
8.950523287057876587e-02
6.921431422233581543e-02
3.429529815912246704e-02
6.082757562398910522e-02
7.497736805817112327e-05
4.539453983306884766e-02
7.278852909803390503e-02
-4.935483448207378387e-03
-7.511434704065322876e-02
-1.051706075668334961e-02
5.017048120498657227e-01
-1.012921035289764404e-01
6.418175250291824341e-02
-6.992575526237487793e-02
8.880138397216796875e-02
-2.300992310047149658e-01
2.324465960264205933e-01
1.446430385112762451e-01
2.029912918806076050e-01
-9.317392110824584961e-02
-2.942743338644504547e-02
6.037225201725959778e-02
-1.103050485253334045e-01
-3.670953446999192238e-03
-8.193123340606689453e-02
4.671774432063102722e-02
8.846284449100494385e-02
-4.497180879116058350e-02
-5.300259217619895935e-02
1.068836823105812073e-01
9.748115390539169312e-02
2.864254713058471680e-01
2.753157541155815125e-02
1.743030399084091187e-01
1.033230591565370560e-02
-2.235824614763259888e-01
-1.707836091518402100e-01
5.981852859258651733e-02
6.894449144601821899e-02
-6.529951095581054688e-02
2.617510408163070679e-02
-3.300822898745536804e-02
5.378197133541107178e-02
7.715182006359100342e-02
-1.813727319240570068e-01
3.051648475229740143e-02
-4.503735527396202087e-02
-7.288495451211929321e-02
5.898799002170562744e-02
1.404248476028442383e-01
2.365927845239639282e-01
-1.841855049133300781e-01
1.387001425027847290e-01
-7.541512697935104370e-02
2.352059781551361084e-01
-6.266987323760986328e-02
-4.761936962604522705e-01
-1.170540135353803635e-02
1.262797117233276367e-01
-1.364542543888092041e-01
-4.119708240032196045e-01
6.653947234153747559e-01
1.146147996187210083e-01
-4.050034657120704651e-02
3.626539930701255798e-02
1.821526139974594116e-02
9.578526020050048828e-02
1.975530758500099182e-02
-9.600949287414550781e-02
4.611172899603843689e-02
2.448878809809684753e-02
8.659745566546916962e-03
-4.614416509866714478e-02
-2.205225080251693726e-02
1.569647341966629028e-01
-3.016734682023525238e-02
-1.820392720401287079e-02
-8.276158012449741364e-03
-2.214494347572326660e-02
-2.513988688588142395e-02
-3.281760960817337036e-02
-4.620148614048957825e-02
-9.500407613813877106e-03
-4.749828577041625977e-01
4.527762532234191895e-01
2.739810384809970856e-02
-4.096196591854095459e-01
6.550072878599166870e-02
-1.947963237762451172e-01
2.918002903461456299e-01
-2.113569378852844238e-01
5.188812613487243652e-01
-3.654085099697113037e-01
-6.918878555297851562e-01
7.041411399841308594e-01
8.156870603561401367e-01
1.436401963233947754e+00
-1.199068546295166016e+00
-4.660421311855316162e-01
-9.799494147300720215e-01
9.149516820907592773e-01
-2.596415877342224121e-01
3.271813094615936279e-01
-5.071988329291343689e-02
1.377712190151214600e-01
-1.748737841844558716e-01
-1.725488603115081787e-01
2.842259407043457031e-01
3.079523444175720215e-01
6.850420683622360229e-02
-6.511029005050659180e-01
2.382309585809707642e-01
-7.634074091911315918e-01
-5.498360395431518555e-01
-6.215795278549194336e-01
-4.436009228229522705e-01
-1.977296918630599976e-01
7.516388297080993652e-01
2.733276188373565674e-01
5.129236578941345215e-01
-1.782071739435195923e-01
4.450187683105468750e+00
2.487382292747497559e-01
-6.877023577690124512e-01
-2.257886886596679688e+00
1.398221611976623535e+00
-1.562953293323516846e-01
3.793961107730865479e-01
-7.812081277370452881e-02
1.089046448469161987e-01
2.965701520442962646e-01
-6.618927419185638428e-02
-5.714799277484416962e-03
4.665718972682952881e-01
3.863845169544219971e-01
-6.580383181571960449e-01
1.018591970205307007e-01
2.916731638833880424e-03
-1.339037716388702393e-02
1.368471533060073853e-01
-7.540020346641540527e-02
-1.624862998723983765e-01
1.473852526396512985e-02
1.728285849094390869e-01
-4.923151340335607529e-03
-4.782719537615776062e-02
-8.630456030368804932e-02
-1.188516020774841309e-01
-2.183887809514999390e-01
3.025742433965206146e-02
-8.448092639446258545e-02
-8.475617319345474243e-02
-1.218261644244194031e-01
-2.451741397380828857e-01
-6.715081930160522461e-01
5.049527883529663086e-01
1.725056171417236328e-01
2.227091640233993530e-01
-2.076698839664459229e-01
3.760558068752288818e-01
1.111237108707427979e-01
-4.304340481758117676e-01
1.650782376527786255e-01
-3.663498908281326294e-02
-1.230636090040206909e-01
1.191509962081909180e-01
-1.687189564108848572e-02
-1.403254568576812744e-01
-8.185615390539169312e-02
-6.071718782186508179e-02
4.451487213373184204e-02
1.549986302852630615e-01
7.888437807559967041e-02
2.187294512987136841e-02
3.309605643153190613e-02
1.801066547632217407e-01
4.322430863976478577e-02
-5.079170465469360352e-01
-8.425499498844146729e-02
-2.070620357990264893e-01
-4.750287532806396484e-02
-2.226082235574722290e-01
-2.920316755771636963e-01
2.316855490207672119e-01
-1.514287143945693970e-01
-1.233961582183837891e-01
1.075410544872283936e-01
-8.076180517673492432e-02
-3.684709966182708740e-01
1.696485430002212524e-01
5.762733984738588333e-03
8.863962441682815552e-02
-5.478717684745788574e-01
-4.373247921466827393e-01
-6.077615544199943542e-02
4.205657541751861572e-01
-3.037041053175926208e-02
3.969337940216064453e-01
-1.878751814365386963e-01
4.313982278108596802e-02
-5.776911377906799316e-01
7.914295047521591187e-02
-5.016321539878845215e-01
3.881762921810150146e-01
-6.463811397552490234e-01
3.797012269496917725e-01
1.194400861859321594e-01
2.309341281652450562e-01
1.705927997827529907e-01
2.764072641730308533e-02
-2.814413011074066162e-01
-3.300479948520660400e-01
2.148400247097015381e-01
2.481696661561727524e-03
3.727597370743751526e-02
-9.316942840814590454e-02
1.716847717761993408e-01
-4.609234631061553955e-02
-8.581923693418502808e-02
6.433936208486557007e-02
8.270712196826934814e-02
5.816986411809921265e-02
-7.417440414428710938e-02
-1.369432080537080765e-03
4.256228357553482056e-02
-7.564719766378402710e-02
4.211865365505218506e-01
-8.249503970146179199e-01
-3.302578926086425781e-01
-2.932576537132263184e-01
-1.156127005815505981e-01
-6.375156641006469727e-01
1.152505993843078613e+00
1.320325881242752075e-01
2.582659721374511719e-01
2.496120333671569824e-01
-1.089801907539367676e+00
-1.838326096534729004e+00
1.459871381521224976e-01
4.033940732479095459e-01
2.655497550964355469e+00
-8.092035055160522461e-01
1.000106692314147949e+00
1.175445914268493652e+00
-9.302042424678802490e-02
-4.214449226856231689e-01
-8.372321724891662598e-02
1.294596642255783081e-01
-2.333919405937194824e-01
8.223255872726440430e-01
2.310287207365036011e-01
5.238878726959228516e-02
1.279325932264328003e-01
3.351791203022003174e-01
2.006237983703613281e+00
2.532978653907775879e-01
5.898267030715942383e-01
-5.072516202926635742e-01
3.452525660395622253e-02
4.422170519828796387e-01
-1.403139382600784302e-01
1.061973929405212402e+00
1.949840426445007324e+00
-1.680386662483215332e+00
-1.457296758890151978e-01
2.280100107192993164e+00
-2.981429338455200195e+00
7.655915617942810059e-01
-1.147086262702941895e+00
-2.632746458053588867e+00
1.456821322441101074e+00
-8.433118462562561035e-02
4.182388186454772949e-01
-3.993254899978637695e-01
3.986847400665283203e-01
3.518648147583007812e-01
-2.682541310787200928e-01
-2.688152790069580078e-01
-6.555593013763427734e-01
-1.380765885114669800e-01
3.636149689555168152e-02
-2.986331097781658173e-02
-1.227117609232664108e-03
-3.782565146684646606e-02
-9.944411925971508026e-03
-1.978109627962112427e-01
-3.045125305652618408e-02
3.683817759156227112e-02
-1.365387812256813049e-02
-1.162565872073173523e-01
-6.436101347208023071e-02
1.591267762705683708e-03
1.878580302000045776e-01
-2.257354743778705597e-02
-7.066939026117324829e-02
-9.353925287723541260e-02
2.147137969732284546e-01
-8.341259509325027466e-02
1.180486083030700684e+00
-3.695141077041625977e-01
1.318259388208389282e-01
-1.527122259140014648e-01
3.330722823739051819e-02
6.346926093101501465e-01
5.422071814537048340e-01
2.246776074171066284e-01
5.224570035934448242e-01
8.461721241474151611e-02
1.158893257379531860e-01
-2.124011516571044922e-02
9.783776104450225830e-02
-9.790415316820144653e-02
-6.584562361240386963e-02
4.920999705791473389e-02
1.626340150833129883e-01
-7.033923268318176270e-02
-2.347462326288223267e-01
-1.816125363111495972e-01
-2.292596101760864258e-01
2.011085748672485352e-01
-1.353192422538995743e-02
-3.234256505966186523e-01
1.323142834007740021e-02
1.804173737764358521e-01
-1.594393700361251831e-01
-1.065640375018119812e-01
5.572834983468055725e-02
2.305052876472473145e-01
-1.435177326202392578e-01
-4.785330966114997864e-02
5.010689496994018555e-01
-2.448738515377044678e-01
-2.107519060373306274e-01
2.798330485820770264e-01
-1.965763568878173828e-01
-3.889512121677398682e-01
1.368747092783451080e-02
4.637966752052307129e-01
1.972023844718933105e-01
3.508370220661163330e-01
-3.729213476181030273e-01
-1.081884577870368958e-01
-7.794319987297058105e-01
-1.112979412078857422e+00
-1.741028577089309692e-01
-4.786144793033599854e-01
-5.343164801597595215e-01
1.277364939451217651e-01
-7.154912948608398438e-01
1.118874192237854004e+00
1.466434597969055176e-01
-1.153798460960388184e+00
-8.244282752275466919e-02
4.094635248184204102e-01
-1.224383562803268433e-01
-3.170166313648223877e-01
1.608939170837402344e-01
-1.904850900173187256e-01
-3.315614759922027588e-01
5.926717445254325867e-02
2.233913242816925049e-01
6.021405756473541260e-02
8.827093988656997681e-02
1.225507706403732300e-01
2.498948127031326294e-01
-8.605874143540859222e-03
1.742068119347095490e-02
1.283034533262252808e-01
5.899358540773391724e-02
1.275657266378402710e-01
-7.637887448072433472e-02
-3.440959155559539795e-01
8.668331503868103027e-01
2.762088775634765625e-01
5.197930708527565002e-02
-1.799830943346023560e-01
-1.458653360605239868e-01
-3.277747333049774170e-01
9.135513752698898315e-02
1.565286219120025635e-01
2.887147106230258942e-02
-6.514735817909240723e-01
5.233015418052673340e-01
-3.527568578720092773e-01
1.012943863868713379e+00
2.512327432632446289e+00
2.553581297397613525e-01
1.595989912748336792e-01
