1.357274949550628662e-01
7.958444952964782715e-02
2.285047322511672974e-01
2.366132438182830811e-01
-1.039248630404472351e-01
8.666016906499862671e-02
2.670340240001678467e-01
-2.337127029895782471e-01
-2.709617614746093750e-01
9.324056655168533325e-02
4.360961541533470154e-02
-1.150142848491668701e-01
-6.611879169940948486e-02
4.014878720045089722e-02
-1.185751259326934814e-01
-1.571027487516403198e-01
-4.392974823713302612e-02
-1.388256549835205078e-01
-5.252699553966522217e-02
-5.502076819539070129e-02
1.138643547892570496e-01
1.881827861070632935e-01
1.788042336702346802e-01
1.104573369026184082e+00
-1.382983922958374023e-01
1.983213663101196289e+00
8.265098333358764648e-01
6.677551269531250000e-01
-2.895652353763580322e-01
2.369433343410491943e-01
-1.858987063169479370e-01
-4.702644422650337219e-02
2.177339047193527222e-02
3.749825954437255859e-01
-3.293356299400329590e-01
-4.371032416820526123e-01
-5.614962056279182434e-02
-2.035162225365638733e-02
2.197720855474472046e-02
1.129423305392265320e-01
-2.831960842013359070e-02
6.946807354688644409e-02
-4.972691088914871216e-02
1.005227789282798767e-01
-1.024401783943176270e-01
-4.982857033610343933e-02
5.482624769210815430e-01
6.770228743553161621e-01
1.384639024734497070e+00
1.216033935546875000e+00
2.762597322463989258e+00
1.136026620864868164e+00
-2.014382362365722656e+00
-1.680263638496398926e+00
-1.235840469598770142e-02
-2.024651467800140381e-01
2.346676141023635864e-01
1.888545751571655273e-01
-2.157809957861900330e-02
-6.951931118965148926e-02
-1.453845798969268799e-01
-9.338661283254623413e-02
3.529024496674537659e-02
1.641160994768142700e-01
1.003247797489166260e-01
2.009767144918441772e-01
-1.489771157503128052e-01
4.530677944421768188e-02
-3.863115906715393066e-01
3.600191697478294373e-02
1.366676241159439087e-01
-1.729311072267591953e-03
-3.931883573532104492e-01
-1.925570815801620483e-01
3.281507492065429688e-01
3.283827006816864014e-01
1.978080021217465401e-03
-1.416717618703842163e-01
1.471313368529081345e-02
1.712659150362014771e-01
-1.208095327019691467e-01
-1.179805304855108261e-02
3.034510090947151184e-02
-2.577270567417144775e-01
-6.662720441818237305e-02
-5.884236842393875122e-02
-2.339736819267272949e-01
-2.563637495040893555e-02
6.003389507532119751e-02
2.843871712684631348e-01
-9.719233959913253784e-02
5.784242600202560425e-02
-6.197018921375274658e-02
3.457569703459739685e-02
-1.892533898353576660e-01
-3.211067244410514832e-02
1.076360419392585754e-01
-1.001894697546958923e-01
1.387572139501571655e-01
-1.921611279249191284e-02
8.539527654647827148e-02
-2.345176637172698975e-01
-1.995156109333038330e-01
1.104335635900497437e-01
-4.915079846978187561e-02
9.768094122409820557e-02
8.097443729639053345e-02
-3.470213338732719421e-02
-1.930362582206726074e-01
-7.917700707912445068e-02
-2.577111423015594482e-01
1.235186979174613953e-01
1.069240644574165344e-01
2.027301043272018433e-01
-2.005971968173980713e-01
1.494735777378082275e-01
1.967161148786544800e-02
2.039495110511779785e-02
-7.834502495825290680e-03
6.222673878073692322e-02
-1.206649467349052429e-02
7.010861486196517944e-02
7.559201680123806000e-03
1.242625154554843903e-02
-1.119358539581298828e-01
-1.316999047994613647e-01
1.172431409358978271e-01
-1.331703662872314453e-01
7.256023585796356201e-02
-1.669463515281677246e-01
-4.067224636673927307e-02
-1.300695538520812988e-01
3.027640655636787415e-02
-5.405973177403211594e-03
-6.271927617490291595e-03
-1.557160913944244385e-01
1.487872600555419922e-01
-1.513050589710474014e-02
1.362178921699523926e-01
1.639046818017959595e-01
-2.721840329468250275e-02
1.178676784038543701e-01
3.722617030143737793e-02
5.564445629715919495e-02
-3.261778037995100021e-03
-1.036952529102563858e-02
-1.022505015134811401e-02
-1.033382490277290344e-02
-3.788826754316687584e-03
-3.296136623248457909e-03
1.071636937558650970e-02
1.647238619625568390e-02
1.555775478482246399e-02
-1.995020080357789993e-03
-4.627405724022537470e-04
1.159330364316701889e-02
-3.792330389842391014e-03
-7.728529628366231918e-03
-4.150151740759611130e-03
3.853507572785019875e-03
7.409530226141214371e-03
1.286712847650051117e-02
6.896397471427917480e-02
4.203584417700767517e-02
-5.725588649511337280e-02
-1.291220039129257202e-01
2.631251513957977295e-01
-2.180309779942035675e-02
-3.367096930742263794e-02
-2.858902141451835632e-02
-3.510879352688789368e-02
-4.330243542790412903e-02
-3.010842483490705490e-03
-1.718351617455482483e-02
-4.707121104001998901e-02
-7.794461399316787720e-02
6.561415642499923706e-02
5.013483460061252117e-04
2.756205573678016663e-02
-3.002256155014038086e-02
-1.917931600473821163e-03
-1.326376665383577347e-02
9.986155666410923004e-03
-4.998082760721445084e-03
-1.148862205445766449e-02
-1.173353102058172226e-02
3.044034820050001144e-04
-2.001872286200523376e-02
1.283500529825687408e-02
1.044113785028457642e-01
-3.291770815849304199e-01
-4.844411090016365051e-02
-6.246071681380271912e-02
1.314008608460426331e-02
-8.263788372278213501e-02
5.496748909354209900e-02
-1.915188282728195190e-01
-5.745677277445793152e-02
-2.135445177555084229e-02
-5.378881935030221939e-03
-1.675767940469086170e-03
-2.693485282361507416e-02
1.369299273937940598e-02
1.062590628862380981e-02
5.870614666491746902e-03
3.360219672322273254e-02
1.382182445377111435e-02
-8.532640524208545685e-03
-4.962561186403036118e-03
1.231368817389011383e-02
-2.527235634624958038e-02
1.180038880556821823e-02
-1.397144631482660770e-03
1.258210092782974243e-02
-5.009172949939966202e-03
-8.472508750855922699e-03
1.878414489328861237e-02
3.880729526281356812e-02
1.816194504499435425e-02
6.271715462207794189e-02
1.877712900750339031e-03
-3.177325427532196045e-02
-1.563132368028163910e-02
6.014862097799777985e-03
1.626205863431096077e-03
-8.658889681100845337e-03
5.088977888226509094e-02
2.534447796642780304e-02
-6.035150587558746338e-02
6.258097942918539047e-03
6.945782341063022614e-03
1.239236816763877869e-02
1.014524605125188828e-02
2.012747526168823242e-02
-5.879382137209177017e-03
1.039223652333021164e-02
3.511645598337054253e-03
-1.318939961493015289e-02
-6.917798600625246763e-05
-2.321318909525871277e-02
1.521358545869588852e-02
2.860457461792975664e-04
8.025852032005786896e-03
-2.480343729257583618e-02
8.642270229756832123e-03
5.769705865532159805e-03
-3.549120202660560608e-02
2.493662387132644653e-02
-1.630066148936748505e-02
4.540972877293825150e-03
1.179854292422533035e-02
2.407288644462823868e-03
-2.393882907927036285e-02
-4.701862577348947525e-03
-4.129092674702405930e-03
-6.076819263398647308e-04
-6.108721718192100525e-03
-8.443524129688739777e-03
-1.209852937608957291e-02
2.522307622712105513e-04
-8.348717237822711468e-04
-2.520747715607285500e-03
6.531190592795610428e-03
3.258996177464723587e-03
-1.174181699752807617e-02
1.061260607093572617e-02
-7.512154523283243179e-03
-1.343584619462490082e-03
9.471493773162364960e-03
9.443931281566619873e-03
-1.386092510074377060e-02
1.612334884703159332e-02
-1.277260482311248779e-02
-1.231397764058783650e-04
-2.003004075959324837e-03
-7.701036520302295685e-03
9.287721477448940277e-03
-1.715320721268653870e-02
-6.608419120311737061e-03
-1.644000224769115448e-02
-1.326217665337026119e-03
3.485491499304771423e-03
-2.877615205943584442e-02
-1.432434096932411194e-02
6.990008521825075150e-03
-5.374753847718238831e-03
-3.038671566173434258e-03
1.060769800096750259e-02
1.125998347997665405e-01
3.671657666563987732e-02
-4.217712208628654480e-02
-1.848219186067581177e-01
-2.496120929718017578e-01
1.222902163863182068e-01
-4.980446770787239075e-03
1.037981361150741577e-01
-9.214862436056137085e-02
-1.799487881362438202e-02
1.522887945175170898e-01
6.663543730974197388e-02
-5.542431399226188660e-02
6.264382600784301758e-02
3.506141528487205505e-02
6.073528528213500977e-02
-8.546432852745056152e-02
-4.799800366163253784e-02
4.992045760154724121e-01
-1.719097375869750977e+00
-4.451690614223480225e-01
-7.015140056610107422e-01
2.459678053855895996e-01
1.950111836194992065e-01
8.564665317535400391e-01
3.361735045909881592e-01
-2.255955487489700317e-01
-5.070098042488098145e-01
-8.360845968127250671e-03
2.540798187255859375e-01
-3.704594969749450684e-01
-1.010038107633590698e-01
-3.402468562126159668e-02
2.917641103267669678e-01
-6.278902292251586914e-02
7.907331734895706177e-02
4.477252438664436340e-02
-7.040674984455108643e-02
5.578231532126665115e-03
3.901339322328567505e-02
4.644783958792686462e-02
9.253401309251785278e-03
-1.805491978302598000e-03
1.144547294825315475e-02
-5.058982968330383301e-02
-4.645929485559463501e-02
2.517633698880672455e-02
6.028363108634948730e-01
9.117362648248672485e-02
-1.353293508291244507e-01
-2.012891322374343872e-01
-7.332419157028198242e-01
1.511176705360412598e+00
1.121473789215087891e+00
1.085226088762283325e-01
6.046029273420572281e-03
1.231674011796712875e-02
-1.169499754905700684e-01
9.026563726365566254e-03
5.606660153716802597e-03
2.100540995597839355e-01
7.890260219573974609e-02
6.184617802500724792e-02
2.020067721605300903e-01
2.139597386121749878e-02
-3.189220651984214783e-02
-4.432191699743270874e-02
9.188342839479446411e-03
6.735019385814666748e-02
-8.634013123810291290e-03
5.625724419951438904e-02
8.350504934787750244e-02
1.475220769643783569e-01
1.526559740304946899e-01
-1.338193379342556000e-02
-9.322495013475418091e-02
-2.819496989250183105e-01
3.729227557778358459e-02
-1.992670744657516479e-01
-1.474757096730172634e-03
-3.916285932064056396e-02
1.388619840145111084e-01
-8.243978768587112427e-02
4.857119545340538025e-02
-1.172274444252252579e-02
9.940864145755767822e-02
-5.828278139233589172e-02
-1.962751448154449463e-01
9.449900686740875244e-02
1.216569915413856506e-01
4.971904214471578598e-03
1.358678042888641357e-01
-7.238993886858224869e-03
7.890647649765014648e-02
8.965492993593215942e-02
1.263647079467773438e-01
1.790487319231033325e-01
7.553238421678543091e-02
2.053109183907508850e-02
5.929784476757049561e-02
1.137813702225685120e-01
-3.914031386375427246e-02
7.280635088682174683e-02
-1.628194600343704224e-01
-3.538927808403968811e-02
4.597226157784461975e-02
-1.557530742138624191e-02
9.590860456228256226e-02
8.568549901247024536e-02
9.340964257717132568e-02
-1.201073266565799713e-02
-9.492993354797363281e-02
1.531685329973697662e-02
-1.066013798117637634e-01
-7.882797718048095703e-02
-1.150784455239772797e-02
-1.525897383689880371e-01
-2.445274405181407928e-02
-6.775198504328727722e-03
-6.865046918392181396e-02
1.015414744615554810e-01
-9.486111998558044434e-02
-1.500384823884814978e-04
7.808663696050643921e-02
-7.079909741878509521e-02
-1.540158241987228394e-01
-1.949182301759719849e-01
-1.907316222786903381e-02
5.271919816732406616e-02
-4.747368395328521729e-02
5.332818999886512756e-02
-1.574017554521560669e-01
4.115432873368263245e-02
5.490586161613464355e-02
-1.699651777744293213e-01
6.474965810775756836e-02
-1.085729338228702545e-02
3.468076884746551514e-02
-7.660973072052001953e-02
5.475315079092979431e-02
1.639551250264048576e-03
-2.053186297416687012e-02
4.062172491103410721e-03
-9.898300468921661377e-02
-2.540965676307678223e-01
-9.518038481473922729e-02
-4.866291880607604980e-01
3.402542322874069214e-02
1.641415208578109741e-01
2.720595337450504303e-02
-4.012140929698944092e-01
1.787618100643157959e-01
1.687980606220662594e-03
-1.575595438480377197e-01
-2.660494148731231689e-01
-1.637263894081115723e-01
1.006911471486091614e-01
1.045896559953689575e-01
-1.158513203263282776e-01
-2.639113180339336395e-02
-1.864571869373321533e-01
-6.146693602204322815e-02
8.275526762008666992e-01
3.730400204658508301e-01
-7.271491289138793945e-01
-1.539525032043457031e+00
-9.725588560104370117e-01
-3.158038139343261719e+00
3.190015554428100586e+00
-9.832533001899719238e-01
-1.778709143400192261e-01
8.636830449104309082e-01
-3.641410768032073975e-01
-6.231593489646911621e-01
1.185581162571907043e-01
1.726226061582565308e-01
3.134573698043823242e-01
9.738740324974060059e-02
-1.211813211441040039e+00
5.808489918708801270e-01
-1.305758506059646606e-01
-8.577438443899154663e-02
7.917063683271408081e-02
-1.848861724138259888e-01
1.059793606400489807e-01
1.992008090019226074e-01
-1.911995112895965576e-01
3.336462751030921936e-02
6.404236704111099243e-02
-4.220560789108276367e-01
1.100597739219665527e+00
-2.483812093734741211e+00
7.559213638305664062e-01
1.884108424186706543e+00
-3.024154901504516602e+00
7.094615101814270020e-01
2.452710390090942383e+00
-1.036656737327575684e+00
5.599200129508972168e-01
-3.011226095259189606e-02
-1.700023263692855835e-01
1.762951351702213287e-02
4.009386897087097168e-01
-1.030570119619369507e-01
2.432837635278701782e-01
1.640509366989135742e-01
2.163548767566680908e-01
1.743290387094020844e-02
2.905362844467163086e-01
-4.628515336662530899e-03
1.902087479829788208e-01
2.035832852125167847e-01
4.260234236717224121e-01
-8.851303905248641968e-02
-4.052352607250213623e-01
3.970260173082351685e-02
-1.471787542104721069e-01
-8.284725546836853027e-01
-2.641164064407348633e-01
4.865593910217285156e-01
-4.023161828517913818e-01
-2.238509654998779297e-01
-5.586082935333251953e-01
-5.659469962120056152e-01
1.930656731128692627e-01
-2.808837294578552246e-01
1.120843645185232162e-02
3.751083016395568848e-01
-2.461333125829696655e-01
6.135689094662666321e-02
-1.899549737572669983e-02
2.572213411331176758e-01
-7.245211303234100342e-02
1.851952634751796722e-02
1.063802652060985565e-02
1.248133182525634766e-01
-1.190712749958038330e-01
1.188771724700927734e-01
1.103519368916749954e-02
-1.198096349835395813e-01
-1.998728811740875244e-01
1.153242737054824829e-01
-1.890805065631866455e-01
2.254012525081634521e-01
5.099781602621078491e-02
1.592554301023483276e-01
2.859408259391784668e-01
-1.413030624389648438e-01
-1.805796101689338684e-02
2.442917376756668091e-01
5.282050743699073792e-02
-3.331004083156585693e-01
-4.949245601892471313e-02
-2.937095165252685547e-01
-1.360822319984436035e-01
-3.049262166023254395e-01
3.486934602260589600e-01
2.080182731151580811e-01
-1.423102915287017822e-01
-2.389295399188995361e-01
-2.661033272743225098e-01
5.380125250667333603e-03
-3.636966347694396973e-01
2.175360321998596191e-01
-8.634959906339645386e-02
-2.591596543788909912e-01
2.039963565766811371e-02
1.759074777364730835e-01
-3.713093325495719910e-02
-9.764236211776733398e-02
-2.651291899383068085e-03
-2.984184324741363525e-01
9.949845075607299805e-02
2.515074610710144043e-02
-8.850794285535812378e-03
-6.648221053183078766e-03
-1.284481883049011230e-01
9.041918069124221802e-02
-6.154038012027740479e-02
-3.974299877882003784e-02
1.513679325580596924e-01
-1.194692589342594147e-02
-2.071499526500701904e-01
3.042447939515113831e-02
-1.631145477294921875e-01
-4.283882305026054382e-02
-7.359978556632995605e-02
-1.382639110088348389e-01
1.330525130033493042e-01
2.370300292968750000e-01
-2.456947565078735352e-01
-2.406921237707138062e-01
-3.009206652641296387e-01
3.206805884838104248e-01
-5.758707411587238312e-03
-2.655152976512908936e-01
1.249060109257698059e-01
-1.202952638268470764e-01
6.980896741151809692e-02
1.939823292195796967e-02
5.567325651645660400e-02
1.593850255012512207e-01
8.438375592231750488e-02
-2.562241861596703529e-03
7.052265852689743042e-02
-1.010986268520355225e-01
-6.466651558876037598e-01
-9.257739186286926270e-01
1.039523243904113770e+00
1.058160185813903809e+00
-2.479945868253707886e-02
-7.753990590572357178e-02
8.630523681640625000e-01
6.455788016319274902e-01
-9.528073668479919434e-01
-8.769021034240722656e-01
4.940321296453475952e-02
-2.028283625841140747e-01
4.789676070213317871e-01
1.058481931686401367e+00
-9.873610734939575195e-01
1.891693174839019775e-01
-1.397621184587478638e-01
4.505066201090812683e-02
6.347416900098323822e-03
-2.522889673709869385e-01
7.086426019668579102e-02
1.348891109228134155e-02
-1.440653502941131592e-01
-1.012267824262380600e-02
4.417993873357772827e-02
-1.670912057161331177e-01
-1.314460933208465576e-01
7.386988401412963867e-01
2.675326824188232422e+00
1.807055950164794922e+00
-2.998356521129608154e-01
-3.375786781311035156e+00
-6.332103013992309570e-01
6.635169386863708496e-01
1.794525623321533203e+00
-6.498058438301086426e-01
5.886899679899215698e-02
-1.528336107730865479e-01
9.282695502042770386e-02
-1.798054426908493042e-01
-2.336178719997406006e-02
-8.996676653623580933e-03
1.271820366382598877e-01
6.167646870017051697e-02
1.150520667433738708e-01
8.182173967361450195e-02
-1.222120374441146851e-01
-5.832364317029714584e-03
4.997840151190757751e-02
1.056734994053840637e-01
-8.891940116882324219e-02
7.081411778926849365e-02
1.544739902019500732e-01
-9.369467198848724365e-02
-2.575080692768096924e-01
4.045278728008270264e-01
5.404549092054367065e-02
-3.079432845115661621e-01
3.347864151000976562e-01
2.780784368515014648e-01
-1.732241213321685791e-01
2.141139507293701172e-01
-2.254353910684585571e-01
-1.247202139347791672e-02
2.685002684593200684e-01
-1.378401517868041992e-01
-1.743918806314468384e-01
-6.779186427593231201e-02
-8.732111006975173950e-02
-2.116625197231769562e-02
1.123648732900619507e-01
1.388949155807495117e-01
1.366468220949172974e-01
-3.010817430913448334e-02
4.178218543529510498e-02
3.665678575634956360e-02
-7.015591114759445190e-02
1.166665181517601013e-02
-4.252878949046134949e-02
-4.471882432699203491e-02
-1.412854343652725220e-01
5.163370817899703979e-02
1.694474816322326660e-01
-2.140263766050338745e-01
3.783698976039886475e-01
-2.212692610919475555e-02
9.639320522546768188e-02
2.014235127717256546e-03
1.314256638288497925e-01
-1.334600001573562622e-01
-2.436750568449497223e-02
-1.135741621255874634e-01
7.478181272745132446e-02
-2.557678818702697754e-01
3.419361636042594910e-02
-1.500452905893325806e-01
-1.703122258186340332e-02
-8.830752223730087280e-02
-1.613290049135684967e-02
1.368449032306671143e-01
-1.370771508663892746e-02
-3.007277101278305054e-02
-1.939181610941886902e-02
4.075704142451286316e-02
2.242649532854557037e-02
7.055587484501302242e-04
1.262355744838714600e-01
-1.134702935814857483e-02
-5.918736383318901062e-02
-7.511972915381193161e-03
-1.853799074888229370e-02
-6.475060246884822845e-03
-1.951287128031253815e-02
-9.184854477643966675e-02
1.531434506177902222e-01
4.792080819606781006e-02
1.251288354396820068e-01
-7.163887470960617065e-02
-6.201966479420661926e-02
1.655928492546081543e-01
9.164207614958286285e-03
-4.329512640833854675e-02
6.781666725873947144e-02
-1.224890723824501038e-01
-8.807339519262313843e-02
3.022261336445808411e-02
-8.079817146062850952e-02
-1.190100759267807007e-01
-6.534426938742399216e-03
4.777178913354873657e-02
-9.957476705312728882e-02
-3.239716589450836182e-02
-7.700105011463165283e-02
-2.470251871272921562e-03
-3.096227161586284637e-02
1.770472712814807892e-02
-2.654265239834785461e-02
3.716523200273513794e-02
-3.032970800995826721e-02
4.031266272068023682e-02
-5.990194156765937805e-02
-2.032025950029492378e-03
-2.809395827353000641e-02
2.751357480883598328e-02
-5.967047810554504395e-01
1.409786343574523926e-01
3.993846476078033447e-01
1.465478539466857910e-01
-2.250224724411964417e-02
6.536543965339660645e-01
1.039630889892578125e+00
6.061072349548339844e-01
-1.717703938484191895e-01
-1.516860723495483398e-01
-3.522046804428100586e-01
-1.313959807157516479e-01
-5.156532675027847290e-02
1.576961725950241089e-01
-7.697872817516326904e-02
-1.129581406712532043e-01
-2.653159201145172119e-01
1.267490983009338379e-01
4.781945794820785522e-02
5.698969122022390366e-03
4.305591061711311340e-02
-9.399289637804031372e-02
-5.844209343194961548e-02
3.264620527625083923e-02
6.144328508526086807e-04
4.099429398775100708e-02
1.606592163443565369e-02
8.293145149946212769e-02
-1.677875667810440063e-01
9.645979851484298706e-03
7.193314433097839355e-01
2.412356585264205933e-01
-3.412545025348663330e-01
7.378609180450439453e-01
9.329956024885177612e-02
7.193669676780700684e-01
-2.701746486127376556e-02
-3.899854421615600586e-02
-5.930298008024692535e-03
-1.986632868647575378e-02
5.947726219892501831e-02
-2.189664915204048157e-02
-2.687961608171463013e-02
-6.248530745506286621e-02
3.711785748600959778e-02
-4.267912358045578003e-03
2.486489713191986084e-02
-3.807925432920455933e-02
1.142177730798721313e-03
-6.954278796911239624e-02
2.162679098546504974e-02
-3.734876587986946106e-02
-4.486478120088577271e-02
4.361208528280258179e-03
-5.008029192686080933e-02
4.874487221240997314e-02
-1.628343947231769562e-02
3.797630220651626587e-02
-3.590514138340950012e-02
1.087482459843158722e-02
-2.469980716705322266e-02
1.314264349639415741e-02
1.329422742128372192e-01
1.891468465328216553e-02
4.868476092815399170e-02
-3.850963432341814041e-03
2.759590744972229004e-02
-1.189583446830511093e-03
1.243638321757316589e-01
2.623696811497211456e-02
-1.061259806156158447e-01
8.834082633256912231e-02
-1.013567298650741577e-02
-2.003583684563636780e-02
2.122751623392105103e-02
-1.911520771682262421e-02
-6.071868701837956905e-04
-1.232482399791479111e-02
-6.732337176799774170e-02
-2.904689311981201172e-02
-2.218739874660968781e-02
6.098456680774688721e-02
3.353426605463027954e-02
-5.188055336475372314e-02
2.646796405315399170e-02
7.929465733468532562e-03
-4.431087523698806763e-02
-3.845294192433357239e-02
2.175870165228843689e-02
-6.697756238281726837e-03
8.553540828870609403e-05
-6.122813746333122253e-02
-1.060167253017425537e-01
2.359425090253353119e-02
2.923960983753204346e-02
3.814017772674560547e-02
3.833246976137161255e-02
7.275687064975500107e-03
-3.030900657176971436e-02
-2.479339390993118286e-02
3.113110363483428955e-02
3.444243595004081726e-02
4.360794275999069214e-02
2.590513415634632111e-02
1.948245568200945854e-03
-4.669885337352752686e-02
5.703401193022727966e-02
-3.359798341989517212e-02
3.216814622282981873e-02
6.274431943893432617e-02
-3.132886439561843872e-02
-2.674389816820621490e-02
-1.956973224878311157e-02
1.916542835533618927e-02
7.990164682269096375e-03
-3.027453459799289703e-02
-6.212743464857339859e-03
-1.247366890311241150e-02
3.599669039249420166e-02
3.360762447118759155e-02
3.276852890849113464e-03
3.731536865234375000e-02
-2.285952866077423096e-02
-5.580934509634971619e-02
-5.872434005141258240e-02
2.933301590383052826e-02
-5.446333289146423340e-01
-4.995301831513643265e-03
1.995498836040496826e-01
-6.759052723646163940e-02
1.303476542234420776e-01
9.164696931838989258e-02
-2.086223065853118896e-01
-2.733601331710815430e-01
4.440966621041297913e-02
-1.899667829275131226e-01
-4.616635292768478394e-02
2.692198753356933594e-02
-1.467348486185073853e-01
7.895488291978836060e-02
9.678788483142852783e-02
-3.504791855812072754e-02
-1.823200136423110962e-01
2.494234889745712280e-01
4.820783734321594238e-01
-5.931819081306457520e-01
2.186151504516601562e+00
-5.578301474452018738e-02
-1.044310688972473145e+00
4.076957106590270996e-01
-9.766743183135986328e-01
7.064616084098815918e-01
1.159877300262451172e+00
1.015913367271423340e+00
-9.208773970603942871e-01
1.273442506790161133e-01
-1.041023969650268555e+00
4.850018322467803955e-01
-8.156688213348388672e-01
6.144313216209411621e-01
-1.640346050262451172e+00
-4.080559611320495605e-01
1.011805906891822815e-01
5.652338266372680664e-02
-2.521437220275402069e-02
4.165658354759216309e-02
-1.435457617044448853e-01
1.103950142860412598e-01
1.848596483469009399e-01
-1.223874613642692566e-01
-8.150916546583175659e-02
-2.015686511993408203e+00
-1.449558496475219727e+00
-3.295140743255615234e+00
-6.538504362106323242e-01
7.727973461151123047e-01
3.671726882457733154e-01
1.953571438789367676e+00
1.290551185607910156e+00
1.345070838928222656e+00
-6.812085211277008057e-02
-2.113981395959854126e-01
-3.139651380479335785e-03
1.989177428185939789e-02
-8.886665850877761841e-02
2.123809158802032471e-01
7.299849390983581543e-02
-1.707505900412797928e-03
-3.557041287422180176e-02
1.397231966257095337e-01
2.573444321751594543e-02
1.643512398004531860e-01
-1.656183302402496338e-01
8.818480372428894043e-02
-1.185480430722236633e-01
8.364620059728622437e-02
-9.245260804891586304e-02
4.929330945014953613e-02
-2.650211155414581299e-01
-3.231473965570330620e-03
-1.314007639884948730e-01
-1.952884495258331299e-01
-2.165579050779342651e-01
8.395726233720779419e-02
2.317699790000915527e-01
-4.388646781444549561e-02
4.682262241840362549e-02
-4.973134491592645645e-03
2.398020625114440918e-01
2.785258591175079346e-01
8.372487127780914307e-02
-5.635907500982284546e-02
-4.120525345206260681e-02
-2.164124548435211182e-01
-2.170362323522567749e-01
-1.415419876575469971e-01
-3.313685208559036255e-02
-4.163654521107673645e-02
1.061704382300376892e-01
-2.151565849781036377e-01
-3.044098056852817535e-02
-3.376203402876853943e-02
7.086302340030670166e-02
-4.294760525226593018e-02
-3.071656450629234314e-02
-1.713102757930755615e-01
2.744195759296417236e-01
1.471064537763595581e-01
9.590996056795120239e-02
-2.845309972763061523e-01
-1.919796168804168701e-01
-2.448324710130691528e-01
2.924876213073730469e-01
1.512200087308883667e-01
-1.254695653915405273e-01
6.749627180397510529e-03
8.435087651014328003e-02
-1.202341094613075256e-01
-5.658036097884178162e-02
7.036858797073364258e-02
3.252257406711578369e-01
-3.574458956718444824e-01
-3.797110915184020996e-01
-2.546795010566711426e-01
-2.297015488147735596e-01
-5.481693893671035767e-02
1.123709082603454590e-01
-6.822714954614639282e-02
7.775672525167465210e-02
-8.644559420645236969e-03
-7.474413514137268066e-02
1.164620071649551392e-01
7.848535478115081787e-02
-1.068583875894546509e-01
2.578115649521350861e-02
-4.284382238984107971e-02
-8.440247923135757446e-02
1.102946251630783081e-01
-8.530353009700775146e-02
-1.625394076108932495e-01
-3.737553581595420837e-02
-1.834960281848907471e-01
-3.168630879372358322e-03
-6.821618974208831787e-02
2.425841614603996277e-02
1.239988282322883606e-01
-2.276962809264659882e-02
1.359950006008148193e-01
9.942898899316787720e-02
-4.231248050928115845e-02
-1.599907502532005310e-02
9.549655765295028687e-02
-1.444825977087020874e-01
3.933879733085632324e-02
1.119191870093345642e-01
-9.755031764507293701e-02
-1.367114335298538208e-01
-6.884878873825073242e-02
7.794217765331268311e-02
6.699507683515548706e-02
-3.587381914258003235e-02
6.444413959980010986e-02
-4.058661684393882751e-02
-2.902535349130630493e-02
-4.598355293273925781e-02
3.223853185772895813e-02
4.321642965078353882e-02
-1.124525722116231918e-02
4.488865733146667480e-01
1.634674221277236938e-01
2.840781509876251221e-01
9.901048541069030762e-01
8.153931498527526855e-01
7.725452780723571777e-01
-5.358504652976989746e-01
-8.724954724311828613e-01
2.425283193588256836e-01
4.242543280124664307e-01
-2.114589065313339233e-01
-3.156602978706359863e-01
-3.186339139938354492e-02
-1.326458156108856201e-01
-2.417280375957489014e-01
-3.631050465628504753e-03
2.468342781066894531e-01
-1.031574085354804993e-01
3.519073128700256348e-02
9.637856855988502502e-03
-1.702733151614665985e-02
6.661704182624816895e-02
-2.521644532680511475e-02
-3.381153941154479980e-02
5.444090068340301514e-02
-3.218144178390502930e-02
3.104352951049804688e-02
2.750569581985473633e-01
-2.717941105365753174e-01
-3.464491665363311768e-01
2.062243521213531494e-01
9.531113505363464355e-01
-9.967119097709655762e-01
-8.854205161333084106e-02
2.201859802007675171e-01
-2.446566224098205566e-01
3.189837560057640076e-02
5.467294156551361084e-02
-2.714273985475301743e-03
3.208888322114944458e-02
8.187316358089447021e-02
4.843183606863021851e-02
2.357563469558954239e-03
6.676232814788818359e-02
5.909723229706287384e-03
1.171490326523780823e-01
4.678006842732429504e-02
2.410948090255260468e-02
2.572651207447052002e-02
-8.785270154476165771e-03
-8.784443140029907227e-03
-7.767223566770553589e-02
-6.814903765916824341e-02
-5.156622081995010376e-02
-4.771448671817779541e-02
-4.123688116669654846e-02
5.193534865975379944e-02
4.399597272276878357e-02
5.096954852342605591e-02
-1.798935048282146454e-02
6.528540700674057007e-02
-7.086727768182754517e-02
1.210222989320755005e-01
3.618453815579414368e-02
9.150099754333496094e-02
3.697919845581054688e-02
5.336824804544448853e-03
2.464652759954333305e-03
-2.648366093635559082e-01
8.961460553109645844e-03
5.653782561421394348e-02
-3.574305446818470955e-03
2.711330167949199677e-02
4.363118857145309448e-02
7.020364981144666672e-03
-2.322713285684585571e-02
2.148485556244850159e-02
8.902155607938766479e-02
-1.718638837337493896e-02
-7.666758447885513306e-02
4.155180882662534714e-03
1.237212195992469788e-01
-6.394997239112854004e-02
-1.869536563754081726e-02
-2.053649863228201866e-03
-1.209516823291778564e-01
1.398109551519155502e-02
1.437807083129882812e-01
1.600468749529682100e-06
-1.594179496169090271e-02
6.480872631072998047e-02
-9.978001564741134644e-02
2.230652421712875366e-02
-2.545352093875408173e-02
4.896815493702888489e-02
-2.470654249191284180e-02
9.035479277372360229e-03
1.622714661061763763e-02
6.126391235738992691e-03
7.802375406026840210e-02
-7.336673140525817871e-02
3.734468668699264526e-02
-9.420830011367797852e-02
2.325262874364852905e-02
-5.079571157693862915e-02
-5.893456190824508667e-02
6.905407458543777466e-02
4.949701018631458282e-03
6.505662109702825546e-03
-2.521212399005889893e-02
3.187491744756698608e-02
3.395501151680946350e-02
1.067650020122528076e-01
-1.285837590694427490e-01
8.904717117547988892e-02
3.508663922548294067e-02
-7.236100733280181885e-02
6.278365105390548706e-02
9.911935776472091675e-04
3.913284465670585632e-02
5.438613146543502808e-02
-4.706315696239471436e-02
3.588579967617988586e-02
6.102735176682472229e-02
5.303460732102394104e-02
-2.954689227044582367e-02
8.953992277383804321e-03
-2.533068321645259857e-02
-7.602946460247039795e-02
-1.049924362450838089e-02
1.314147263765335083e-01
-1.044527292251586914e-01
-3.047001548111438751e-02
-1.047981679439544678e-01
-2.128679119050502777e-02
1.004162896424531937e-02
3.179493919014930725e-02
-6.203728541731834412e-02
-6.178445369005203247e-02
-6.711873412132263184e-02
7.366741448640823364e-02
1.511503383517265320e-02
-2.889495342969894409e-02
-5.843387916684150696e-04
-4.702967405319213867e-01
-3.167512714862823486e-01
3.194173574447631836e-01
-4.664324522018432617e-01
1.762243807315826416e-01
-1.522904783487319946e-01
-3.933490514755249023e-01
-3.550772666931152344e-01
2.961548268795013428e-01
5.797257646918296814e-02
4.008350148797035217e-02
4.308022558689117432e-01
-2.503205835819244385e-01
-1.901783794164657593e-01
3.877948969602584839e-02
7.800426334142684937e-02
-1.271815747022628784e-01
-2.913893163204193115e-01
-1.514083985239267349e-02
5.599908530712127686e-03
3.881651163101196289e-02
-9.079243056476116180e-03
1.609266549348831177e-02
5.465799197554588318e-02
-5.900719761848449707e-02
-1.032651141285896301e-01
3.574655577540397644e-02
-1.886433213949203491e-01
1.054393127560615540e-01
-1.202037036418914795e-01
2.221490293741226196e-01
9.279404580593109131e-02
-2.028102613985538483e-02
-2.936421334743499756e-01
-2.515327334403991699e-01
-6.651722192764282227e-01
4.285328462719917297e-02
1.142589300870895386e-01
1.294351667165756226e-01
-1.907185465097427368e-02
-2.136266557499766350e-03
7.064194977283477783e-02
8.418631739914417267e-03
-9.704523533582687378e-02
1.182009652256965637e-02
5.000694096088409424e-02
4.193989932537078857e-02
2.226575464010238647e-02
1.317459344863891602e-02
3.748771920800209045e-02
-4.841402173042297363e-02
-1.691142842173576355e-02
8.603863418102264404e-02
3.011165931820869446e-02
-2.495527267456054688e-02
-2.921686321496963501e-02
-3.013647906482219696e-02
3.062901273369789124e-02
6.806843727827072144e-02
3.229254484176635742e-02
-6.437393277883529663e-02
-2.769321016967296600e-02
-4.921200498938560486e-02
-1.334611922502517700e-01
5.667315796017646790e-02
4.443738982081413269e-02
-5.652526021003723145e-02
5.128630623221397400e-02
-1.497356742620468140e-01
-9.556591510772705078e-02
1.278715133666992188e-01
6.003050133585929871e-03
-6.196509301662445068e-02
4.735683649778366089e-02
1.225820276886224747e-02
-6.469159852713346481e-03
4.535651206970214844e-02
1.740853488445281982e-02
5.957877635955810547e-02
9.879723191261291504e-03
-1.591237820684909821e-02
5.047316104173660278e-02
6.470192968845367432e-02
-6.725804507732391357e-02
-3.097767382860183716e-02
-5.627178028225898743e-02
6.020499393343925476e-02
-5.091430619359016418e-02
-1.356254983693361282e-02
-8.422356843948364258e-02
-1.665539480745792389e-02
1.354933436959981918e-02
-1.160468012094497681e-01
-6.907110661268234253e-02
-4.018768668174743652e-02
-6.334473937749862671e-02
-8.970416337251663208e-02
1.418335586786270142e-01
5.076719820499420166e-02
-1.039686147123575211e-02
4.073755815625190735e-03
-1.571588218212127686e-02
1.041496079415082932e-02
9.682400152087211609e-03
-6.562968716025352478e-03
-3.946391120553016663e-02
6.092310324311256409e-02
3.844436630606651306e-02
-1.776147447526454926e-02
3.680673986673355103e-02
-1.052727643400430679e-02
-3.345068544149398804e-02
-4.361708648502826691e-03
1.982764527201652527e-02
1.317638531327247620e-02
-6.037224829196929932e-02
2.012885175645351410e-02
-5.799093097448348999e-02
-3.612715378403663635e-02
-6.236720830202102661e-02
2.607659623026847839e-02
-5.416912212967872620e-02
-5.280550569295883179e-02
2.358602173626422882e-02
-3.425103798508644104e-02
-5.195849388837814331e-02
2.450435757637023926e-01
2.199649065732955933e-01
-2.149213105440139771e-01
-2.459035515785217285e-01
-2.644463777542114258e-01
-8.681468665599822998e-02
7.476497441530227661e-02
-2.262384258210659027e-02
2.875620722770690918e-01
-1.670931000262498856e-03
-5.194010958075523376e-02
2.349728159606456757e-02
5.878487601876258850e-02
-5.100130289793014526e-02
-1.451023221015930176e-01
-8.250223845243453979e-02
-3.339206054806709290e-02
3.302402794361114502e-02
1.133760929107666016e+00
-1.269618272781372070e+00
-9.676490426063537598e-01
-7.107114791870117188e-01
-9.413014054298400879e-01
1.104889512062072754e+00
-4.167093038558959961e-01
-1.821829080581665039e+00
-7.832084596157073975e-02
8.433268666267395020e-01
1.334393620491027832e-01
7.822554707527160645e-01
-3.958204761147499084e-02
2.451651245355606079e-01
-5.515775457024574280e-02
2.525638937950134277e-01
4.221529066562652588e-01
-7.248686552047729492e-01
-1.123746410012245178e-01
-5.275508016347885132e-02
6.419213116168975830e-02
1.682171076536178589e-01
9.510389529168605804e-03
4.406001791357994080e-02
1.279293596744537354e-01
1.555718332529067993e-01
-1.105450652539730072e-02
8.053081035614013672e-01
-5.924480557441711426e-01
-1.017742514610290527e+00
-1.518367528915405273e+00
-1.988536715507507324e-01
-1.502827703952789307e-01
-8.598544597625732422e-01
1.086429953575134277e+00
4.445023238658905029e-01
3.208851814270019531e-01
-1.105224341154098511e-01
-9.032613039016723633e-02
-3.661867231130599976e-02
1.386576741933822632e-01
-2.446676343679428101e-01
-2.519207000732421875e-01
1.288804598152637482e-02
-1.736916452646255493e-01
-1.329658180475234985e-01
1.894588023424148560e-01
-3.229887038469314575e-02
4.112609848380088806e-02
3.419235348701477051e-01
-2.716877758502960205e-01
-1.151290535926818848e-01
-8.100386708974838257e-02
1.624085903167724609e-01
-4.782047271728515625e-01
-6.155288591980934143e-02
-1.288888305425643921e-01
1.856450736522674561e-01
-7.313787937164306641e-02
-2.374381273984909058e-01
-4.612691998481750488e-01
6.617684662342071533e-02
4.481631889939308167e-02
-3.319646418094635010e-01
1.055050119757652283e-01
1.254311800003051758e-01
-2.165153175592422485e-01
5.031989887356758118e-02
-4.058014228940010071e-02
-1.894595623016357422e-01
-1.216987743973731995e-01
1.004584357142448425e-01
-1.342280674725770950e-02
-4.225151985883712769e-02
-1.260492801666259766e-01
-8.968360722064971924e-03
-8.405903726816177368e-02
-5.455808341503143311e-02
1.367550194263458252e-01
7.468249648809432983e-02
-3.654028847813606262e-02
1.263113915920257568e-01
2.451621228829026222e-03
9.730784595012664795e-02
-3.468699008226394653e-02
3.357200324535369873e-02
1.430364847183227539e-01
3.198198601603507996e-02
-2.163013517856597900e-01
-2.409595102071762085e-01
-7.270718365907669067e-02
-1.282528489828109741e-01
-5.050405743531882763e-04
-4.889990016818046570e-02
-6.025466322898864746e-02
-1.134697049856185913e-01
-8.948761224746704102e-02
1.368199884891510010e-01
1.670346967875957489e-02
4.956231638789176941e-02
7.943890988826751709e-02
1.165996342897415161e-01
-6.920245289802551270e-02
-3.453765809535980225e-02
-1.158820688724517822e-01
1.262207776308059692e-01
-3.484746813774108887e-02
-2.062998898327350616e-02
8.236241340637207031e-02
-8.812952041625976562e-02
-3.745032101869583130e-02
1.010971609503030777e-03
5.963153205811977386e-03
-5.601497367024421692e-02
2.066529244184494019e-01
-2.252958342432975769e-02
-8.652132004499435425e-02
-4.542701691389083862e-02
-3.521402180194854736e-02
-6.078760698437690735e-02
9.216295927762985229e-02
5.133127421140670776e-02
-4.430359229445457458e-02
2.712395973503589630e-02
-1.856102943420410156e-01
4.991209506988525391e-02
-1.648290827870368958e-02
1.631858646869659424e-01
-1.446141488850116730e-02
-9.383801370859146118e-02
-2.042718678712844849e-01
6.308910250663757324e-02
5.391998216509819031e-02
-2.678598091006278992e-02
-1.646580547094345093e-01
1.962703093886375427e-02
-8.036743104457855225e-02
-7.389156613498926163e-03
6.242573633790016174e-02
2.608289755880832672e-02
4.899461939930915833e-02
7.148392964154481888e-03
-6.722867488861083984e-02
-5.310706794261932373e-02
-3.135939538478851318e-01
6.658324599266052246e-01
7.675319314002990723e-01
8.164569139480590820e-01
1.442852020263671875e-01
1.181468367576599121e+00
2.135210484266281128e-01
-4.903800785541534424e-01
1.111688166856765747e-01
1.413197964429855347e-01
-5.432842373847961426e-01
-4.752915799617767334e-01
2.279339283704757690e-01
4.509773850440979004e-01
-2.309390902519226074e-02
-1.616577990353107452e-02
7.742848992347717285e-02
4.127829968929290771e-01
4.761768970638513565e-03
-1.226703077554702759e-01
-3.262132778763771057e-02
-4.937256127595901489e-02
-1.273990273475646973e-01
-2.806776203215122223e-02
-5.807032808661460876e-02
-9.335061162710189819e-02
5.282800178974866867e-03
-3.112880885601043701e-01
5.056731700897216797e-01
-1.527546644210815430e-01
4.434440433979034424e-01
3.741956949234008789e-01
-3.731137216091156006e-01
3.762262761592864990e-01
-2.831211090087890625e-01
4.988382458686828613e-01
2.289854735136032104e-02
-1.833044551312923431e-02
-1.163199096918106079e-01
4.797378554940223694e-02
6.142486631870269775e-02
1.121372357010841370e-01
-3.637943416833877563e-02
-9.385427832603454590e-02
-1.440603286027908325e-01
-2.523702010512351990e-02
-2.225935272872447968e-02
1.127620507031679153e-02
-3.251520916819572449e-02
-1.721822768449783325e-01
1.552593111991882324e-01
-9.990062564611434937e-03
3.861834108829498291e-02
-6.475966423749923706e-02
1.896219700574874878e-01
2.516345083713531494e-01
-3.115219771862030029e-01
1.655256375670433044e-02
1.183018460869789124e-02
2.702828124165534973e-02
1.214531213045120239e-01
-7.727438211441040039e-02
-4.244505167007446289e-01
-8.971450850367546082e-03
2.185634225606918335e-01
3.778947517275810242e-02
6.470912694931030273e-02
2.235149592161178589e-02
-4.541163146495819092e-02
5.469753965735435486e-02
-1.339723914861679077e-02
1.787693053483963013e-01
5.912433564662933350e-02
-8.359491080045700073e-02
-1.370330527424812317e-02
-1.492574345320463181e-02
1.869336515665054321e-02
-1.093854308128356934e-01
-6.766252964735031128e-02
6.891563534736633301e-02
3.543766960501670837e-02
-2.975340560078620911e-02
-2.712972275912761688e-02
4.569024965167045593e-02
1.345859188586473465e-02
-1.153793409466743469e-01
9.606714546680450439e-02
1.541096344590187073e-02
-6.296569015830755234e-03
7.010466605424880981e-02
7.707858830690383911e-02
-1.025593653321266174e-01
9.791271388530731201e-02
2.185999043285846710e-02
-7.944083213806152344e-02
-8.212075382471084595e-02
-5.764176603406667709e-03
-7.746532559394836426e-02
5.931311473250389099e-02
1.022471264004707336e-01
4.650132730603218079e-02
-9.530723839998245239e-02
-1.567651890218257904e-02
5.680975038558244705e-03
8.816461265087127686e-02
-6.703483313322067261e-02
-1.601462997496128082e-02
-7.205367553979158401e-03
3.656694293022155762e-02
3.891288861632347107e-02
4.800396412611007690e-02
1.047950536012649536e-01
8.521514944732189178e-03
4.645099118351936340e-02
-1.574089974164962769e-01
-6.423732265830039978e-03
4.196067899465560913e-02
-1.923906058073043823e-02
1.052321270108222961e-01
-5.936101078987121582e-02
-5.226836539804935455e-03
-1.758568920195102692e-02
-5.225819535553455353e-03
8.153167553246021271e-03
-2.910008653998374939e-02
-6.274163722991943359e-02
3.887058198451995850e-01
-2.997638583183288574e-01
-1.450095176696777344e-01
-7.964520901441574097e-02
5.969778448343276978e-02
-3.382454812526702881e-01
7.083363085985183716e-02
1.937397569417953491e-01
2.614354491233825684e-01
1.754053235054016113e-01
-5.703904479742050171e-02
1.004280522465705872e-01
8.540212363004684448e-02
-1.584963351488113403e-01
1.411038786172866821e-01
1.567240618169307709e-02
-1.931650042533874512e-01
1.184729337692260742e-01
1.086906075477600098e+00
5.469938516616821289e-01
6.507806777954101562e-01
-9.384907484054565430e-01
-7.332185506820678711e-01
8.285414576530456543e-01
1.558812260627746582e+00
-3.340777873992919922e+00
-3.292700529098510742e+00
-9.436787366867065430e-01
7.357129454612731934e-01
-5.328420400619506836e-01
-4.360446631908416748e-01
-5.802870262414216995e-03
6.367759108543395996e-01
1.040509104728698730e+00
1.032240867614746094e+00
5.900538563728332520e-01
-8.018716424703598022e-02
1.891110390424728394e-01
-6.879403442144393921e-02
2.081812173128128052e-01
-6.720703095197677612e-02
-1.892593316733837128e-02
1.007898226380348206e-01
-2.829304933547973633e-01
4.965777695178985596e-02
-2.279940128326416016e+00
2.280327320098876953e+00
1.105648726224899292e-01
-3.788505196571350098e-01
1.462792754173278809e+00
-1.848056674003601074e+00
-1.029249787330627441e+00
-3.139347553253173828e+00
1.620302319526672363e+00
-2.815806269645690918e-01
-3.923104703426361084e-02
2.636414393782615662e-02
3.572538197040557861e-01
3.549182787537574768e-02
2.557227015495300293e-01
2.316007763147354126e-01
2.014599144458770752e-01
3.480471670627593994e-01
3.298794478178024292e-02
7.257762551307678223e-02
-2.861846052110195160e-02
-8.513120561838150024e-02
-1.768030971288681030e-01
1.543232202529907227e-01
-2.196243405342102051e-01
1.558186262845993042e-01
1.427541077136993408e-01
-3.336210548877716064e-01
-2.574862539768218994e-02
-6.845572590827941895e-01
3.121516406536102295e-01
-4.811974242329597473e-03
-2.232649922370910645e-02
-1.517235785722732544e-01
-1.952084600925445557e-01
-3.330869376659393311e-01
-4.171596169471740723e-01
4.154402613639831543e-01
-2.265549451112747192e-02
-1.908460631966590881e-02
-3.799944519996643066e-01
3.857790231704711914e-01
-2.641676068305969238e-01
-4.282597303390502930e-01
-6.416411697864532471e-02
5.685218423604965210e-02
-8.029039949178695679e-02
-5.554696545004844666e-02
-1.080631315708160400e-01
1.353436410427093506e-01
9.270597994327545166e-02
-2.905979938805103302e-02
2.122033238410949707e-01
-1.394456773996353149e-01
3.771075233817100525e-02
-1.551453620195388794e-01
6.380186975002288818e-02
9.836827963590621948e-02
1.456963596865534782e-03
-3.217158317565917969e-01
-3.227877318859100342e-01
-4.289501905441284180e-02
-2.767132818698883057e-01
8.754783123731613159e-02
7.291524857282638550e-02
1.205398291349411011e-01
7.610150612890720367e-03
4.841126874089241028e-02
6.871817260980606079e-02
-2.475196570158004761e-01
1.241919398307800293e-01
-1.958208829164505005e-01
8.274872601032257080e-02
6.860251724720001221e-02
1.577200144529342651e-01
-1.172648221254348755e-01
6.661332678049802780e-03
-1.282068043947219849e-01
1.155533455312252045e-02
9.546674787998199463e-02
-1.013640314340591431e-02
-3.145622089505195618e-02
1.146032363176345825e-01
2.459539920091629028e-01
-3.073266744613647461e-01
-4.843406006693840027e-02
1.397200375795364380e-01
-1.687351018190383911e-01
1.252796351909637451e-01
-1.910021714866161346e-02
1.743120551109313965e-01
1.393313258886337280e-01
3.680609166622161865e-02
1.460533291101455688e-01
2.140081673860549927e-01
1.287019997835159302e-01
-5.810217186808586121e-02
-2.458723075687885284e-02
-5.018413439393043518e-02
-8.786405622959136963e-02
-2.985424548387527466e-02
5.797832459211349487e-02
1.887952350080013275e-02
4.770693555474281311e-02
4.443043470382690430e-02
1.219120156019926071e-02
-2.998783625662326813e-02
-3.820935264229774475e-02
-4.804239422082901001e-02
1.761393621563911438e-02
-1.349333208054304123e-02
-3.651874512434005737e-02
3.811600152403116226e-03
-3.785479441285133362e-02
5.184857547283172607e-02
2.954668365418910980e-02
4.982890095561742783e-03
6.140441894531250000e-01
4.182480573654174805e-01
-4.328992366790771484e-01
-1.428509801626205444e-01
-6.533095240592956543e-01
1.818431355059146881e-02
1.840347945690155029e-01
-3.691202998161315918e-01
2.385965883731842041e-01
3.710625469684600830e-01
8.801113814115524292e-02
1.418340951204299927e-01
-1.367283314466476440e-01
2.735796868801116943e-01
4.756667613983154297e-01
-1.278322190046310425e-01
-2.027740925550460815e-01
1.664880476891994476e-02
-2.221351675689220428e-02
-1.525461114943027496e-02
9.658049792051315308e-03
-5.242251791059970856e-03
2.180665731430053711e-03
-1.015786267817020416e-02
-3.544667363166809082e-02
2.435526438057422638e-02
6.337872147560119629e-02
-5.066613554954528809e-01
-1.696474999189376831e-01
5.376751422882080078e-01
2.858686745166778564e-01
-3.216100931167602539e-01
2.393618375062942505e-01
-3.240198493003845215e-01
3.650559782981872559e-01
7.214785218238830566e-01
-1.096599828451871872e-02
-7.798990607261657715e-02
-4.933887161314487457e-03
-9.989907592535018921e-02
3.586718346923589706e-03
-2.855271846055984497e-02
4.189334809780120850e-02
-9.513905271887779236e-03
4.450863599777221680e-02
2.626204630360007286e-03
-8.412851020693778992e-03
1.094342209398746490e-02
-5.355066806077957153e-02
-7.292374037206172943e-03
4.479799792170524597e-02
2.439203299582004547e-02
-1.513445097953081131e-02
1.155726891010999680e-02
2.654982917010784149e-02
-2.473936229944229126e-02
-3.923330083489418030e-02
9.831877052783966064e-02
-9.071096032857894897e-02
-1.055679023265838623e-01
-1.272126939147710800e-02
3.589451685547828674e-02
1.080670878291130066e-01
-3.774080425500869751e-02
4.978694766759872437e-02
1.133129093796014786e-02
-4.626053199172019958e-02
6.583859771490097046e-02
-3.377413749694824219e-02
9.980098158121109009e-02
6.943694315850734711e-03
3.733404725790023804e-02
8.228239603340625763e-03
3.725962713360786438e-02
-5.649357661604881287e-02
-2.961982786655426025e-02
7.615559152327477932e-04
-2.178151719272136688e-02
9.153602644801139832e-03
-1.367643103003501892e-02
1.928866282105445862e-02
1.481710467487573624e-02
-7.871550321578979492e-02
2.854108251631259918e-02
9.620194882154464722e-02
2.641644887626171112e-02
2.270796708762645721e-02
1.058744713664054871e-01
1.361790746450424194e-01
5.635781586170196533e-02
-5.878422781825065613e-02
-1.039837077260017395e-01
-1.854602247476577759e-02
-3.473785892128944397e-02
-5.021701008081436157e-02
3.091482212767004967e-04
3.081736713647842407e-02
-3.929240629076957703e-02
1.632703468203544617e-02
1.964634470641613007e-02
4.243990033864974976e-02
-8.238451555371284485e-03
-2.556218765676021576e-03
-4.575980082154273987e-02
-7.256459444761276245e-03
2.270069904625415802e-02
-4.556379467248916626e-02
6.357644684612751007e-03
1.960506290197372437e-02
6.836532801389694214e-02
1.580229029059410095e-02
-1.949457265436649323e-02
-2.655141055583953857e-02
-1.922832243144512177e-02
-2.764248056337237358e-03
-2.459467388689517975e-02
-1.720101572573184967e-02
-7.874401658773422241e-02
-1.720349886454641819e-03
4.899851512163877487e-03
-4.608542844653129578e-02
-6.892873346805572510e-02
-3.437890205532312393e-03
-2.724256599321961403e-03
2.202564664185047150e-02
-3.953146934509277344e-02
8.998385071754455566e-02
1.927905082702636719e-01
7.180219143629074097e-02
-1.534217149019241333e-01
-9.613005816936492920e-02
-2.017298787832260132e-01
-1.125917211174964905e-01
7.413151673972606659e-03
-1.289269626140594482e-01
1.416565775871276855e-01
6.489675492048263550e-02
1.904942467808723450e-02
2.607790753245353699e-02
-7.137223333120346069e-02
-2.707411050796508789e-01
-4.936902970075607300e-02
-1.678866147994995117e-01
-4.895872622728347778e-02
2.235680103302001953e+00
-3.117234706878662109e-01
3.067747354507446289e-01
-1.297400832176208496e+00
7.219720482826232910e-01
-1.442683696746826172e+00
-1.006776571273803711e+00
5.518845319747924805e-01
-2.652649879455566406e-01
3.976071476936340332e-01
2.919421792030334473e-01
-1.008293986320495605e+00
6.383177638053894043e-01
-6.058503985404968262e-01
8.993631601333618164e-01
-3.548784926533699036e-02
-5.992888472974300385e-03
-1.536819189786911011e-01
7.027619332075119019e-02
-5.991063266992568970e-02
1.117430068552494049e-02
8.771287649869918823e-02
-1.678441315889358521e-01
5.475394427776336670e-02
-9.762933850288391113e-02
-3.668182715773582458e-02
1.249819155782461166e-02
1.671623229980468750e+00
1.887970805168151855e+00
-1.158794641494750977e+00
6.800082921981811523e-01
-9.526083618402481079e-02
-2.721404731273651123e-01
-1.685059547424316406e+00
-2.863280773162841797e-01
3.774610996246337891e+00
-9.607965499162673950e-02
-1.914786845445632935e-01
-2.085595279932022095e-01
7.398713380098342896e-02
1.220793183892965317e-02
2.957721948623657227e-01
2.856266498565673828e-01
2.816051244735717773e-01
-2.061194777488708496e-01
-7.383184134960174561e-02
5.301151424646377563e-03
-8.701485395431518555e-02
-1.908406498841941357e-03
-2.580943703651428223e-02
6.904463469982147217e-02
6.745441257953643799e-02
-1.143126636743545532e-01
-7.330054044723510742e-02
3.203659057617187500e-01
2.991282641887664795e-01
5.460876226425170898e-02
-2.139690220355987549e-01
-3.074542582035064697e-01
-4.391751065850257874e-02
2.524309046566486359e-02
-7.151497062295675278e-03
-9.470681659877300262e-03
7.365898042917251587e-02
1.288173198699951172e-01
-9.026612341403961182e-02
-3.759693354368209839e-02
2.791171893477439880e-02
-3.352076709270477295e-01
2.431545406579971313e-01
-3.526950627565383911e-02
1.098322272300720215e-01
6.475733220577239990e-02
1.227780655026435852e-01
-1.337314844131469727e-01
-1.387884654104709625e-02
-8.418878540396690369e-03
-1.771553307771682739e-01
6.595806032419204712e-02
3.594522774219512939e-01
-5.661395937204360962e-02
-1.332835387438535690e-02
-1.181806847453117371e-01
1.370560675859451294e-01
1.675214022397994995e-01
1.771827191114425659e-01
2.232142351567745209e-02
-4.472957551479339600e-01
-5.085973814129829407e-02
-1.497325897216796875e-01
2.587229758501052856e-02
-6.783085316419601440e-02
1.692812703549861908e-02
2.673981487751007080e-01
-5.128588899970054626e-02
8.586690574884414673e-02
-8.391712605953216553e-02
1.134102195501327515e-01
1.147058904170989990e-01
-4.923070594668388367e-02
1.158029958605766296e-02
-1.527817696332931519e-01
1.720719411969184875e-02
9.873276203870773315e-02
-1.503805369138717651e-01
-4.002083837985992432e-02
-6.826038938015699387e-03
-5.528558045625686646e-02
-2.712122723460197449e-02
-4.848136380314826965e-02
2.180811949074268341e-02
8.227898180484771729e-02
-1.366824507713317871e-01
-9.368865191936492920e-02
1.328486353158950806e-01
-2.203200571238994598e-02
-1.701185392448678613e-04
-2.713700197637081146e-02
7.054325658828020096e-03
6.983764469623565674e-02
-1.247503831982612610e-01
-7.583919167518615723e-02
9.174964576959609985e-02
-8.850532583892345428e-03
5.007058009505271912e-02
-1.704570800065994263e-01
-4.466269165277481079e-03
-8.156190067529678345e-02
2.349470183253288269e-02
1.265335679054260254e-01
7.284250110387802124e-02
7.828023284673690796e-02
-1.518264263868331909e-01
5.366811901330947876e-02
-1.308862417936325073e-01
4.568846896290779114e-02
-3.170969337224960327e-02
-6.482175737619400024e-02
9.518183767795562744e-03
6.761735677719116211e-02
-5.031009390950202942e-02
1.501384563744068146e-02
8.334360085427761078e-03
-6.247299257665872574e-03
-3.914688229560852051e-01
-7.068708539009094238e-01
2.956086024641990662e-02
-2.693870961666107178e-01
3.561916351318359375e-01
7.233953475952148438e-02
1.012262180447578430e-01
-1.007836498320102692e-02
-1.092175170779228210e-01
-1.322143226861953735e-01
-2.894701622426509857e-02
1.950159519910812378e-01
-3.143998607993125916e-02
1.711388528347015381e-01
1.106068398803472519e-02
-1.161281988024711609e-01
-1.481313556432723999e-01
2.381464093923568726e-01
4.250450804829597473e-02
-1.105922553688287735e-02
3.525412455201148987e-02
7.325703650712966919e-02
-4.370107129216194153e-02
-1.246619154699146748e-03
-2.732364647090435028e-02
4.584041982889175415e-02
-1.585883001098409295e-04
-5.135298371315002441e-01
1.802007853984832764e-01
-6.434085369110107422e-01
-1.072031736373901367e+00
-6.547780036926269531e-01
1.446485221385955811e-01
-1.114362031221389771e-01
8.176834583282470703e-01
7.780463695526123047e-01
7.113727927207946777e-02
3.363681584596633911e-02
-2.484690956771373749e-02
5.209649354219436646e-02
5.469190701842308044e-02
5.482276156544685364e-02
1.080351881682872772e-02
-2.744556218385696411e-02
-3.806853294372558594e-02
6.339550018310546875e-02
5.496895313262939453e-02
-2.778269536793231964e-02
5.135926604270935059e-02
1.650109887123107910e-02
3.891943767666816711e-02
5.196771770715713501e-02
7.438835501670837402e-02
3.858805075287818909e-02
9.200569987297058105e-02
-1.333830952644348145e-01
2.013932541012763977e-02
5.717196688055992126e-02
8.309629559516906738e-02
-5.702580139040946960e-02
-9.200375527143478394e-02
9.312874823808670044e-02
1.200336217880249023e-01
-7.097450643777847290e-02
8.676515519618988037e-02
1.224040389060974121e-01
1.227869689464569092e-01
-5.452410131692886353e-02
1.052888184785842896e-01
-1.688476800918579102e-01
-6.946963816881179810e-02
-1.587128341197967529e-01
-4.075430333614349365e-02
2.681221626698970795e-02
5.072518717497587204e-03
4.247125762049108744e-04
-8.180325478315353394e-02
4.256353154778480530e-02
8.019479364156723022e-02
-1.553963683545589447e-02
-2.119741588830947876e-02
-3.815226629376411438e-02
-8.574402891099452972e-03
4.966364242136478424e-03
-3.196312859654426575e-02
3.200634568929672241e-02
-1.108510419726371765e-01
-1.192517578601837158e-02
3.822589293122291565e-02
-6.894174218177795410e-02
6.634154915809631348e-02
-1.071093901991844177e-01
5.974120274186134338e-02
-5.315858870744705200e-02
-2.287363447248935699e-02
4.684583097696304321e-02
-1.816100999712944031e-02
5.453054606914520264e-02
1.283577680587768555e-01
8.692616224288940430e-02
4.310754314064979553e-02
2.030158974230289459e-02
1.495552423875778913e-04
1.395069900900125504e-02
-3.121547214686870575e-02
-1.631096005439758301e-03
1.060036122798919678e-01
2.657188288867473602e-02
-1.170720346271991730e-02
2.070605382323265076e-02
-3.322297334671020508e-02
3.974835202097892761e-02
5.252372846007347107e-02
-9.941726177930831909e-02
8.938768506050109863e-02
2.331087552011013031e-02
8.881005644798278809e-02
-1.662319526076316833e-02
4.786188155412673950e-02
4.524614661931991577e-02
2.127358876168727875e-02
2.051441930234432220e-02
3.805449977517127991e-02
1.425884664058685303e-02
1.782342419028282166e-02
-3.217722848057746887e-02
-1.188198700547218323e-01
-7.283454388380050659e-02
-4.661324620246887207e-02
-8.281617611646652222e-02
-2.915684878826141357e-01
3.890383541584014893e-01
1.193912625312805176e-01
-2.109060883522033691e-01
1.606362462043762207e-01
9.915994107723236084e-02
-2.038246989250183105e-01
1.305824816226959229e-01
-1.145171821117401123e-01
1.197529807686805725e-01
-8.236505836248397827e-02
-6.962952669709920883e-03
7.565792649984359741e-02
1.096672117710113525e-01
-1.729463696479797363e+00
-1.050975441932678223e+00
1.827735781669616699e+00
-2.494154274463653564e-01
-2.067439317703247070e+00
1.741384863853454590e+00
3.628807887434959412e-02
-1.704146981239318848e+00
1.099299669265747070e+00
1.513042896986007690e-01
-4.329146146774291992e-01
-5.366293191909790039e-01
9.421608597040176392e-02
-5.907270908355712891e-01
-1.167745351791381836e+00
8.461363911628723145e-01
1.875468134880065918e+00
-6.993932723999023438e-01
-1.716160625219345093e-01
-3.516907244920730591e-02
1.923803612589836121e-02
1.600414812564849854e-01
-2.540176510810852051e-01
-4.434654861688613892e-02
1.431488096714019775e-01
-1.763874888420104980e-01
-2.734325528144836426e-01
-6.668360233306884766e-01
-5.510504245758056641e-01
-2.464434146881103516e+00
-4.788727164268493652e-01
-2.748604297637939453e+00
1.112438797950744629e+00
-8.761633038520812988e-01
5.285096168518066406e-01
2.275587558746337891e+00
-2.989649176597595215e-01
1.403073035180568695e-02
2.015905678272247314e-01
-4.249888360500335693e-01
1.753007322549819946e-01
2.834559045732021332e-02
-8.939956873655319214e-02
2.467773705720901489e-01
-1.299248039722442627e-01
1.650574654340744019e-01
-3.605100214481353760e-01
-1.689054816961288452e-01
1.504659205675125122e-01
2.577031590044498444e-02
4.696551263332366943e-01
4.484112188220024109e-02
-1.798765212297439575e-01
-3.178494870662689209e-01
1.933819949626922607e-01
1.962465047836303711e-01
2.242945581674575806e-01
7.806413173675537109e-01
6.486440543085336685e-03
3.426211774349212646e-01
5.342292785644531250e-01
-2.933236360549926758e-01
1.583015546202659607e-02
3.414758145809173584e-01
-1.467642486095428467e-01
-1.659751385450363159e-01
-1.028320938348770142e-01
1.836837455630302429e-02
-1.069709956645965576e-01
3.601700067520141602e-01
3.869498521089553833e-02
1.922836452722549438e-01
-2.478811144828796387e-02
5.455401167273521423e-02
-2.319827824831008911e-01
1.880303956568241119e-02
8.577056229114532471e-02
1.119669601321220398e-01
7.822747528553009033e-02
3.989493846893310547e-02
9.421653114259243011e-03
3.479737937450408936e-01
-1.295514591038227081e-02
-5.608121305704116821e-02
-2.545481026172637939e-01
1.446461826562881470e-01
1.558675318956375122e-01
3.911055326461791992e-01
-2.754310369491577148e-01
-2.126853168010711670e-01
1.024113446474075317e-01
-1.374750882387161255e-01
2.326580323278903961e-02
-1.921062357723712921e-02
-7.051656953990459442e-03
3.482609242200851440e-02
2.322671860456466675e-01
-2.184870243072509766e-01
-3.529453575611114502e-01
-1.895498782396316528e-01
1.081272587180137634e-01
-7.306356728076934814e-02
-1.066939011216163635e-01
5.230746045708656311e-02
-3.165338337421417236e-01
-9.779836237430572510e-02
-9.535578638315200806e-02
-5.195887759327888489e-02
2.034533955156803131e-02
1.729337573051452637e-01
2.755382955074310303e-01
-1.757406070828437805e-02
-8.023440092802047729e-02
-1.146352812647819519e-01
3.422379493713378906e-02
2.714340388774871826e-01
1.737320572137832642e-01
-6.247317790985107422e-02
1.032097041606903076e-01
6.823493540287017822e-02
4.108814150094985962e-02
1.186036504805088043e-02
1.718561947345733643e-01
-5.968535318970680237e-02
-1.233793608844280243e-02
1.547361910343170166e-01
