-5.228652358055114746e-01
-5.120651125907897949e-01
-3.082702755928039551e-01
2.519358992576599121e-01
-2.574994862079620361e-01
4.457985758781433105e-01
5.117724537849426270e-01
-1.866593956947326660e-01
6.153705716133117676e-01
-5.780522152781486511e-02
1.698958873748779297e+00
-1.050227761268615723e+00
-6.847698688507080078e-01
-7.273562550544738770e-01
-5.327925086021423340e-01
-6.454464048147201538e-02
-2.844873070716857910e-01
1.596197247505187988e+00
3.128658235073089600e-02
4.507913589477539062e-01
3.660265728831291199e-02
2.537807449698448181e-02
-4.668401777744293213e-01
1.521443277597427368e-01
2.976329624652862549e-01
5.860840156674385071e-02
-2.094573378562927246e-01
-1.784253269433975220e-01
4.384044557809829712e-02
1.361867487430572510e-01
-1.064475476741790771e-01
-6.731798499822616577e-02
-2.701468765735626221e-01
3.525805473327636719e-01
-9.405059367418289185e-02
-1.195888817310333252e-01
-2.183483988046646118e-01
-1.319572478532791138e-01
6.930755823850631714e-02
-6.430979818105697632e-02
4.267409443855285645e-02
5.074750259518623352e-02
-4.826382175087928772e-02
-3.820201614871621132e-03
3.069771081209182739e-02
1.199148967862129211e-01
1.616577208042144775e-01
1.033387891948223114e-02
1.230217590928077698e-01
-1.126735508441925049e-01
8.317186683416366577e-02
-6.258236616849899292e-02
-3.164326772093772888e-02
8.372038602828979492e-02
7.143636792898178101e-02
-3.716880083084106445e-02
1.975543051958084106e-01
9.046611934900283813e-02
-2.480052411556243896e-03
-1.365100592374801636e-01
-7.296028733253479004e-02
8.965747058391571045e-02
2.508843503892421722e-02
7.627697944641113281e+00
-2.308701753616333008e+00
5.334799289703369141e+00
-1.423631548881530762e+00
1.780036568641662598e+00
5.131673336029052734e+00
2.248634815216064453e+00
-5.508413314819335938e+00
6.291018486022949219e+00
-1.394011974334716797e-01
-2.316954284906387329e-01
-1.100482568144798279e-01
-1.530085504055023193e-01
1.353711336851119995e-01
-2.057283073663711548e-01
7.132131606340408325e-02
-1.779036670923233032e-01
8.782153949141502380e-03
-3.658040240406990051e-02
-1.122861877083778381e-01
1.645159535109996796e-02
7.866912335157394409e-02
2.386196851730346680e-01
-3.868490830063819885e-02
1.224706023931503296e-01
5.802166182547807693e-03
-1.205042377114295959e-01
3.152653574943542480e-02
-1.000703871250152588e-01
-2.027421258389949799e-02
1.447064243257045746e-02
1.156392693519592285e-02
-1.871342658996582031e-01
1.153890490531921387e-01
1.267815008759498596e-02
2.138072811067104340e-02
2.634827606379985809e-02
-5.870060622692108154e-02
2.294839546084403992e-02
-5.527405068278312683e-02
-2.640901075210422277e-04
-1.050817314535379410e-02
9.117575362324714661e-03
6.567939370870590210e-02
-6.521414220333099365e-02
8.402112871408462524e-02
1.688023358583450317e-01
2.035216987133026123e-01
1.102134585380554199e-01
-1.338052898645401001e-01
1.913055032491683960e-02
1.051205322146415710e-01
1.247974392026662827e-02
-2.381207793951034546e-02
3.186912834644317627e-02
-2.783302403986454010e-02
3.683501482009887695e-02
4.101099073886871338e-02
3.677861532196402550e-03
-4.015936329960823059e-02
1.868250034749507904e-02
-7.620692998170852661e-02
-2.830435521900653839e-02
-6.740505993366241455e-02
1.616092585027217865e-02
-1.362276077270507812e-01
1.225924789905548096e-01
8.871538192033767700e-02
-1.141905114054679871e-01
-1.698851212859153748e-02
6.452775746583938599e-02
-2.795478329062461853e-02
4.635259136557579041e-02
-5.083780363202095032e-02
-9.821732342243194580e-02
5.999857559800148010e-02
1.664985716342926025e-02
7.505514472723007202e-02
4.692109674215316772e-02
-2.123160846531391144e-02
8.395187556743621826e-02
7.159175816923379898e-03
6.659641861915588379e-02
-6.831307709217071533e-02
-1.490680575370788574e-01
4.076609015464782715e-02
-9.530629962682723999e-02
-1.944847032427787781e-02
1.325521152466535568e-02
-5.739309266209602356e-02
-2.563567459583282471e-02
7.939931005239486694e-03
-3.000433743000030518e-02
-1.218096911907196045e-01
1.161876171827316284e-01
-6.564529240131378174e-02
1.491020526736974716e-02
5.659035965800285339e-02
-1.010052580386400223e-02
-3.302247496321797371e-03
-2.078316640108823776e-03
1.157921273261308670e-02
2.428254485130310059e-02
-2.814004383981227875e-02
5.438639782369136810e-03
4.242925345897674561e-02
1.533826254308223724e-02
-4.420874640345573425e-02
1.366266608238220215e-02
3.928056918084621429e-03
-1.543630659580230713e-02
-1.648484542965888977e-02
7.558748591691255569e-03
-7.763264700770378113e-03
-3.582246974110603333e-02
-3.625225648283958435e-02
-1.572529971599578857e-02
1.377882156521081924e-02
2.121989149600267410e-03
1.886325515806674957e-02
-9.125792421400547028e-03
-1.798120886087417603e-02
1.243775058537721634e-02
2.750575076788663864e-03
-1.831817626953125000e-02
1.259256433695554733e-02
-3.571689594537019730e-03
8.333426900207996368e-03
-5.152218509465456009e-03
1.162133272737264633e-02
9.652645327150821686e-03
-2.927275374531745911e-03
-3.686625976115465164e-03
-5.474305711686611176e-03
-3.117389511317014694e-03
1.217987446580082178e-04
-1.109189540147781372e-02
7.649668492376804352e-03
7.662925869226455688e-03
-1.339609734714031219e-03
2.450215863063931465e-03
1.250883680768311024e-03
3.320243908092379570e-03
2.937884535640478134e-03
3.593189716339111328e-01
-2.670222194865345955e-03
-3.610199317336082458e-02
2.416860014200210571e-01
-2.142540663480758667e-01
-1.153106167912483215e-01
5.194038525223731995e-02
-5.979945659637451172e-01
-1.718496531248092651e-01
-1.351133920252323151e-02
-2.079677209258079529e-02
2.369917556643486023e-02
1.512839080533012748e-04
-3.868613392114639282e-02
1.293536368757486343e-02
9.993205312639474869e-04
1.766411773860454559e-02
-1.031696051359176636e-02
2.370471693575382233e-02
1.033778674900531769e-02
-1.081198547035455704e-02
7.795242592692375183e-03
1.066680299118161201e-03
-3.247058950364589691e-03
-6.485796999186277390e-03
1.206650957465171814e-02
1.800561510026454926e-02
-3.270566696301102638e-03
-6.440084893256425858e-03
6.956839002668857574e-03
-3.472582204267382622e-03
-9.955095127224922180e-03
7.594994967803359032e-04
-7.800626568496227264e-03
2.880162326619029045e-03
9.224038571119308472e-03
6.227487232536077499e-03
-1.630098372697830200e-02
-5.342863500118255615e-03
1.669549499638378620e-03
8.979108184576034546e-03
4.717826377600431442e-04
-3.952560015022754669e-03
-7.825763896107673645e-03
1.022161170840263367e-02
-1.958937617018818855e-03
-2.913420833647251129e-02
3.862611204385757446e-02
1.850030384957790375e-02
1.020554732531309128e-02
4.002075176686048508e-03
5.078508052974939346e-03
-1.571886613965034485e-02
-4.399562627077102661e-02
5.123793962411582470e-04
3.514269599691033363e-03
4.954309202730655670e-03
3.535568248480558395e-05
2.652402967214584351e-03
-1.024307566694915295e-03
-1.616085134446620941e-02
-1.785146887414157391e-03
5.440531298518180847e-03
-1.321690739132463932e-03
-1.271214708685874939e-02
-2.418325096368789673e-02
6.663331761956214905e-03
2.110528526827692986e-03
-3.348382597323507071e-04
8.416102267801761627e-03
-1.338804420083761215e-02
-7.185319438576698303e-03
-2.906637964770197868e-03
3.268511965870857239e-03
-6.620222702622413635e-03
-2.361524850130081177e-03
-2.183804754167795181e-03
-3.540180157870054245e-03
6.474211113527417183e-04
3.087046206928789616e-04
3.077544970437884331e-03
-1.852151036262512207e+00
-9.644228219985961914e-01
-6.230707168579101562e-01
3.849228918552398682e-01
-4.363430663943290710e-02
-1.732843220233917236e-01
-4.131549596786499023e-01
-1.147350788116455078e+00
-6.800384521484375000e-01
3.396112620830535889e-01
-2.979051768779754639e-01
2.387740164995193481e-01
1.497255563735961914e-01
-1.376047492027282715e+00
-3.911916613578796387e-01
-3.557397127151489258e-01
-1.271844506263732910e+00
2.025759220123291016e-01
6.902863085269927979e-02
-1.355139613151550293e-01
-5.881040915846824646e-02
-1.786902099847793579e-01
-1.035461053252220154e-01
-1.767620444297790527e-01
6.233956292271614075e-02
-8.848357200622558594e-02
-5.397125482559204102e-01
5.765516683459281921e-02
-2.060927078127861023e-02
-1.805997341871261597e-01
1.755185239017009735e-02
8.030599474295740947e-07
5.229346826672554016e-02
2.527356147766113281e-01
-1.755483821034431458e-02
2.349737286567687988e-01
-3.994992077350616455e-01
-6.901650130748748779e-02
6.614253669977188110e-02
1.693844348192214966e-01
2.792089581489562988e-01
-2.172802388668060303e-01
-4.144984856247901917e-02
-4.195779561996459961e-02
1.293469369411468506e-01
-1.041371077299118042e-01
-1.249079033732414246e-02
8.219149708747863770e-02
4.075423255562782288e-02
-3.396295476704835892e-03
-8.366081863641738892e-02
5.396577715873718262e-02
1.108149662613868713e-01
8.053535595536231995e-03
-1.237013190984725952e-01
-8.212683023884892464e-04
-2.706200815737247467e-02
2.297260565683245659e-03
-1.768016256392002106e-02
6.898744404315948486e-02
-5.299704149365425110e-02
8.396597951650619507e-02
-2.507886104285717010e-02
-5.480099201202392578e+00
7.501651644706726074e-01
2.604350090026855469e+00
-2.140240669250488281e+00
-2.635911226272583008e+00
-6.131505370140075684e-01
3.222984373569488525e-01
-1.030827045440673828e+00
-1.361442685127258301e+00
-1.188561767339706421e-01
-2.732885777950286865e-01
-4.138020575046539307e-01
7.938444614410400391e-02
-2.357091158628463745e-01
1.161415278911590576e-01
-5.311739817261695862e-02
-9.783865883946418762e-03
7.207649201154708862e-02
-2.219876088201999664e-02
-5.921448767185211182e-02
-4.479780420660972595e-02
1.007721666246652603e-02
-5.411620065569877625e-02
2.286120876669883728e-02
-1.068307179957628250e-02
1.963025182485580444e-01
1.570623517036437988e-01
-1.597944833338260651e-02
-1.130201201885938644e-02
1.398285329341888428e-01
6.335645914077758789e-02
-1.934175007045269012e-02
3.428619354963302612e-03
2.263345941901206970e-02
-1.178264431655406952e-02
6.584014743566513062e-02
-3.760335221886634827e-02
-5.797585099935531616e-02
-2.674641273915767670e-02
-7.505293935537338257e-02
1.498445030301809311e-02
2.674610586836934090e-03
-8.475057780742645264e-03
-7.688335329294204712e-02
-9.023674065247178078e-04
-4.896690696477890015e-02
-2.130733877420425415e-01
-1.013211905956268311e-01
-1.869344860315322876e-01
-2.635531425476074219e-01
7.980496436357498169e-02
-1.444358825683593750e-01
1.150346249341964722e-01
9.016873314976692200e-03
-4.765134304761886597e-02
1.243993788957595825e-01
-9.384522587060928345e-02
4.873279109597206116e-02
2.289066836237907410e-02
-3.325365250930190086e-03
-4.688543733209371567e-03
6.375610828399658203e-02
-1.015420779585838318e-01
9.313103556632995605e-02
-8.574026823043823242e-02
2.295828796923160553e-02
-1.042348071932792664e-01
-2.000854611396789551e-01
-6.691616028547286987e-02
-2.715257927775382996e-02
-4.952153190970420837e-02
-6.574473343789577484e-03
-3.212846070528030396e-02
-1.397731453180313110e-01
-3.412806615233421326e-02
-4.535070806741714478e-02
-7.325058337301015854e-03
6.394114345312118530e-02
-2.614243130665272474e-04
1.164344605058431625e-02
9.019215404987335205e-02
-1.041517127305269241e-02
6.878170650452375412e-03
8.768274635076522827e-02
-7.805412262678146362e-02
-8.566853404045104980e-02
-1.657567173242568970e-01
7.328260689973831177e-02
1.172880292870104313e-03
-2.811720222234725952e-02
3.663619235157966614e-02
-2.130803279578685760e-02
2.323987148702144623e-02
9.422231465578079224e-02
5.619046464562416077e-02
2.874883636832237244e-02
-8.031319081783294678e-02
5.372247099876403809e-02
-7.157745212316513062e-02
-7.603033445775508881e-03
3.674089442938566208e-03
-2.036803960800170898e-02
-6.429073214530944824e-02
-1.140327565371990204e-02
1.252489443868398666e-02
-1.712749339640140533e-02
-2.991172485053539276e-02
-1.845496706664562225e-02
7.701203692704439163e-03
-4.080113396048545837e-02
1.882262527942657471e-02
-4.336837679147720337e-02
9.325761348009109497e-03
1.411747187376022339e-02
-3.175367042422294617e-02
2.114814333617687225e-02
5.736675113439559937e-03
9.663591161370277405e-03
-7.393953390419483185e-03
6.030166056007146835e-03
-4.287347197532653809e-02
-2.472848445177078247e-02
1.136374287307262421e-02
-6.638504099100828171e-03
-3.020585887134075165e-02
1.386794634163379669e-02
5.354092922061681747e-03
-9.706822223961353302e-03
4.437083378434181213e-03
3.804605221375823021e-03
-8.786666207015514374e-03
1.372403278946876526e-02
-2.161131706088781357e-03
7.477484177798032761e-03
1.002577831968665123e-03
-2.094341628253459930e-02
1.171545684337615967e-02
4.052762873470783234e-03
-9.149996563792228699e-03
8.001180249266326427e-04
-5.017983858124352992e-05
-3.682401031255722046e-03
2.381714247167110443e-02
-7.882636971771717072e-03
3.189279735088348389e-01
3.874241113662719727e-01
4.296963214874267578e-01
1.929004043340682983e-01
2.454324513673782349e-01
2.042562812566757202e-01
2.895888090133666992e-01
5.471088290214538574e-01
-3.195830881595611572e-01
-1.203273795545101166e-02
-1.675326190888881683e-02
9.012937545776367188e-03
5.577464122325181961e-03
-3.919444978237152100e-02
-2.627374045550823212e-02
-9.366135112941265106e-03
7.530053611844778061e-03
3.379253670573234558e-02
2.521250396966934204e-02
-1.109832618385553360e-02
-2.394754439592361450e-03
3.638229100033640862e-03
-8.922763168811798096e-03
4.314262885600328445e-03
2.424219436943531036e-02
-7.166028488427400589e-03
-2.633135393261909485e-02
-1.909381826408207417e-04
4.702663980424404144e-03
-6.673362106084823608e-03
-5.242901388555765152e-03
5.942183546721935272e-03
7.696785032749176025e-03
-9.001881815493106842e-03
9.871202521026134491e-03
3.995610866695642471e-03
5.347536411136388779e-03
-7.345184218138456345e-03
6.177410949021577835e-03
-1.461405120790004730e-02
5.577657371759414673e-03
9.861131198704242706e-03
-2.430481617921032012e-05
5.550616886466741562e-03
-1.688600145280361176e-02
-2.978121861815452576e-02
1.387554220855236053e-02
1.967951096594333649e-02
1.246408931910991669e-02
-6.493308115750551224e-03
-1.568004116415977478e-02
6.076381728053092957e-02
-3.757215663790702820e-02
-1.820988394320011139e-02
-2.134142909198999405e-03
9.152926941169425845e-05
-1.191061083227396011e-02
1.495187077671289444e-02
-2.848008181899785995e-03
-1.240507327020168304e-02
-8.769730105996131897e-03
-8.072369731962680817e-03
3.658729139715433121e-03
7.250430993735790253e-03
-1.283935271203517914e-02
-6.127166561782360077e-03
1.527513284236192703e-02
1.164321415126323700e-02
-3.572072368115186691e-03
2.571004629135131836e-02
-5.002239253371953964e-03
-4.905217792838811874e-03
-4.412193782627582550e-03
-4.488363396376371384e-03
-1.733911223709583282e-03
1.688252523308619857e-04
3.169442526996135712e-03
-5.146249197423458099e-03
6.587781012058258057e-03
-5.112301092594861984e-03
1.142086368054151535e-02
-5.247988104820251465e-01
-1.201987743377685547e+00
8.769644498825073242e-01
-6.728490591049194336e-01
-5.627804398536682129e-01
1.067220211029052734e+00
-3.172452747821807861e-01
-3.885239362716674805e-01
2.651006877422332764e-01
-1.347855567932128906e+00
5.447564125061035156e-01
-1.323323726654052734e+00
9.262546896934509277e-01
-7.633461356163024902e-01
7.821276783943176270e-01
-9.981781244277954102e-01
-1.239295840263366699e+00
1.085118576884269714e-01
4.604318141937255859e-01
-3.563700616359710693e-01
1.616932302713394165e-01
6.492128223180770874e-02
3.813875839114189148e-02
-2.008933015167713165e-02
-3.588359057903289795e-02
-2.681117653846740723e-01
-1.216717436909675598e-01
-2.386288344860076904e-01
-2.210901528596878052e-01
1.915676742792129517e-01
1.445589512586593628e-01
-2.891299426555633545e-01
-2.850727736949920654e-01
-1.251992583274841309e-01
4.394064545631408691e-01
1.987677812576293945e-01
3.737052381038665771e-01
9.811438620090484619e-02
7.115915417671203613e-03
-3.081766366958618164e-01
2.851445972919464111e-01
-7.327705621719360352e-02
-9.840921312570571899e-02
2.348892688751220703e-01
1.638775616884231567e-01
7.528471201658248901e-02
-1.179134696722030640e-01
2.844515023753046989e-03
-3.821015357971191406e-02
-1.750897914171218872e-01
3.867197083309292793e-03
-8.757811784744262695e-02
1.621858589351177216e-02
1.050453335046768188e-01
1.330663263797760010e-01
-6.797705311328172684e-03
-4.933590441942214966e-02
-5.578055605292320251e-02
1.159347966313362122e-01
-1.889645680785179138e-02
-3.800842165946960449e-02
1.208473742008209229e-01
8.637146651744842529e-02
1.690525770187377930e+00
-2.950904965400695801e-01
-8.830189704895019531e+00
3.284743785858154297e+00
3.886071681976318359e+00
1.296087384223937988e+00
-3.420039176940917969e+00
5.122749328613281250e+00
4.616865634918212891e+00
-1.043465808033943176e-01
3.947978839278221130e-02
-2.027768343687057495e-01
-2.682836949825286865e-01
-2.855364978313446045e-01
-1.409144103527069092e-01
3.738678991794586182e-03
3.385876715183258057e-01
-2.377143129706382751e-02
1.183139160275459290e-01
-1.247157454490661621e-01
-8.094589412212371826e-02
-1.943569779396057129e-01
2.267161756753921509e-02
-5.069607868790626526e-02
7.206761837005615234e-02
-1.484057493507862091e-02
-1.714287102222442627e-01
1.268517822027206421e-01
-1.379508376121520996e-01
1.438156142830848694e-02
8.056228607892990112e-02
-5.693629011511802673e-02
2.265764772891998291e-02
5.678113922476768494e-02
1.695300638675689697e-02
7.325018942356109619e-02
1.406968086957931519e-01
-2.657372097019106150e-04
-1.279024928808212280e-01
1.035288870334625244e-01
1.381569355726242065e-01
-7.110591232776641846e-02
7.463437318801879883e-02
-1.052542477846145630e-01
-6.840556114912033081e-02
-6.575057655572891235e-02
-5.390231013298034668e-01
5.230612754821777344e-01
-5.737472698092460632e-02
-1.668916083872318268e-02
-9.835498780012130737e-02
4.580253362655639648e-01
1.393203884363174438e-01
4.714769497513771057e-02
1.823224686086177826e-02
1.064291596412658691e-02
-8.929485827684402466e-02
2.022668905556201935e-02
1.023923233151435852e-01
9.634494781494140625e-02
-3.113282285630702972e-02
9.791219234466552734e-02
-1.336422003805637360e-02
-2.509701997041702271e-02
1.510880440473556519e-01
8.873427659273147583e-02
-7.594761997461318970e-02
-3.556551784276962280e-02
-4.852757975459098816e-02
9.210450202226638794e-02
-1.229374781250953674e-01
6.185159832239151001e-02
-7.429841160774230957e-02
9.768047928810119629e-02
-2.844209782779216766e-02
1.038584634661674500e-01
-3.099050000309944153e-02
-2.937790378928184509e-02
-9.875793009996414185e-02
5.237276852130889893e-02
6.857780367136001587e-02
3.007360100746154785e-01
-1.706160187721252441e+00
-1.318870902061462402e+00
-1.986413478851318359e+00
5.673559308052062988e-01
8.096438050270080566e-01
-1.006159424781799316e+00
-2.454636573791503906e+00
-4.992759227752685547e-01
1.253431320190429688e+00
1.977059602737426758e+00
1.333389759063720703e+00
8.463100790977478027e-01
-3.439925312995910645e-01
-3.299552798271179199e-01
1.984950661659240723e+00
1.841551214456558228e-01
-1.425998091697692871e+00
4.561155140399932861e-01
-4.795067012310028076e-01
-1.107683420181274414e+00
1.053789734840393066e+00
-8.987422585487365723e-01
-1.749705076217651367e-01
5.888556316494941711e-02
6.513029932975769043e-01
2.899088263511657715e-01
2.328419834375381470e-01
-4.179598093032836914e-01
-2.079454064369201660e-01
2.238363474607467651e-01
1.974901258945465088e-01
5.185893177986145020e-01
1.361581031233072281e-02
-4.054609835147857666e-01
-3.808006644248962402e-02
-2.068312764167785645e-01
2.330593317747116089e-01
9.854055196046829224e-02
-1.346493810415267944e-01
2.339269369840621948e-01
-6.341105699539184570e-01
-1.255568768829107285e-02
-7.387638092041015625e-02
2.086178660392761230e-01
5.323000624775886536e-02
-1.559846401214599609e-01
1.332638859748840332e-01
-2.140007354319095612e-02
-3.562263026833534241e-02
-6.644132547080516815e-03
2.324785292148590088e-02
1.014612317085266113e-01
-5.023672431707382202e-02
-4.759941250085830688e-02
1.501468420028686523e-01
3.135353326797485352e-01
-1.278078183531761169e-02
2.687648124992847443e-02
4.108845442533493042e-02
8.207459002733230591e-02
-1.954147517681121826e-01
6.273116171360015869e-02
-1.463151216506958008e+00
-3.108117103576660156e+00
5.026096343994140625e+00
1.406739044189453125e+01
-1.055603101849555969e-01
-3.588730096817016602e-02
3.127371072769165039e-01
1.541636735200881958e-01
-1.183035492897033691e+00
-7.932290434837341309e-02
-6.042515039443969727e-01
1.092191338539123535e-01
-1.349624693393707275e-01
-3.173617422580718994e-01
4.006205871701240540e-02
-3.255675137042999268e-01
-3.195107579231262207e-01
-6.501727104187011719e-01
-2.591938376426696777e-01
-7.723734527826309204e-02
-2.158764153718948364e-01
9.399277716875076294e-02
1.091958954930305481e-01
1.653268337249755859e-01
-8.979135006666183472e-02
-2.588354945182800293e-01
-7.287538051605224609e-02
1.677770912647247314e-01
-1.316858977079391479e-01
-9.583272784948348999e-02
-1.213003601878881454e-02
-9.704598784446716309e-02
8.765518665313720703e-02
-5.895283445715904236e-02
-1.222343221306800842e-01
-1.076178178191184998e-01
-2.275282022310420871e-04
6.516101956367492676e-02
5.518221855163574219e-02
-4.111781716346740723e-02
-2.923351898789405823e-02
-3.385692834854125977e-02
1.165707334876060486e-01
-5.790144205093383789e-02
8.767956495285034180e-02
4.831898510456085205e-01
-9.518724679946899414e-02
-2.536496520042419434e-01
-4.137508273124694824e-01
-8.357357382774353027e-01
3.144715428352355957e-01
-3.518766462802886963e-01
2.973842620849609375e-01
7.919084429740905762e-01
1.824802160263061523e-01
-1.242446824908256531e-01
-8.280801028013229370e-02
-8.213793486356735229e-02
5.190456658601760864e-02
1.071048676967620850e-01
9.276029653847217560e-03
2.043542861938476562e-01
2.419808059930801392e-01
-2.468825727701187134e-01
7.169562578201293945e-02
-2.070244699716567993e-01
-3.053587377071380615e-01
-2.034713327884674072e-01
-1.372386366128921509e-01
-2.400224842131137848e-02
3.167442604899406433e-02
5.203958973288536072e-02
-2.133615501224994659e-02
-3.179265186190605164e-02
1.739243976771831512e-02
8.800532668828964233e-02
1.102694030851125717e-02
2.558204531669616699e-02
1.180864498019218445e-01
5.924475565552711487e-02
4.602275788784027100e-02
-5.050841346383094788e-02
-1.202687397599220276e-01
1.547613088041543961e-02
-1.223793774843215942e-01
-1.412762105464935303e-01
6.128519400954246521e-02
6.217941176146268845e-03
8.269391208887100220e-02
2.853688038885593414e-02
2.842187695205211639e-02
-1.322781592607498169e-01
-1.002694517374038696e-01
-4.871897026896476746e-02
-9.343272075057029724e-03
-5.106011033058166504e-02
2.821856550872325897e-02
6.405329331755638123e-03
-1.141394525766372681e-01
-4.406693857163190842e-03
-6.667340546846389771e-02
2.381659112870693207e-03
-5.763800814747810364e-02
4.923016950488090515e-02
5.258120968937873840e-02
-5.233047530055046082e-02
1.049023121595382690e-03
-6.987012922763824463e-02
1.651003211736679077e-02
-5.746740847826004028e-03
-2.595809847116470337e-02
2.680507116019725800e-02
-1.646848954260349274e-02
-2.352071553468704224e-02
-7.348248735070228577e-03
-2.048771269619464874e-02
-1.329353451728820801e-02
-1.660789945162832737e-03
-6.004087626934051514e-03
5.717774387449026108e-03
-1.824503950774669647e-02
1.007037982344627380e-02
-8.175775408744812012e-03
2.126940526068210602e-02
1.897593773901462555e-02
5.263158585876226425e-03
-1.126346527598798275e-03
3.229567781090736389e-03
6.931470707058906555e-03
1.021361909806728363e-02
1.920841867104172707e-03
1.270705950446426868e-03
-1.682086847722530365e-02
-5.421110894531011581e-03
9.623211808502674103e-03
-1.684436574578285217e-02
2.500578411854803562e-04
3.296065144240856171e-03
1.912207156419754028e-02
5.017074290663003922e-03
6.268534809350967407e-03
1.403369707986712456e-03
4.859699867665767670e-03
4.079573322087526321e-03
-3.111311001703143120e-03
-2.142314463853836060e-01
6.466663479804992676e-01
-6.535453349351882935e-02
1.355159282684326172e-01
-8.354665040969848633e-01
4.757670760154724121e-01
2.625351846218109131e-01
4.058013558387756348e-01
-1.327691506594419479e-02
1.386405993252992630e-02
-2.697890251874923706e-02
1.120076701045036316e-02
1.114414539188146591e-02
2.329911850392818451e-02
1.710480777546763420e-03
5.325274541974067688e-03
-2.015026286244392395e-03
-1.383739151060581207e-02
-2.357496507465839386e-02
9.081586264073848724e-03
-1.105803414247930050e-03
1.826839521527290344e-02
-1.544198952615261078e-02
1.810425333678722382e-02
1.302760001271963120e-02
4.266567993909120560e-03
6.596901919692754745e-03
1.660298369824886322e-02
-4.964006599038839340e-03
7.374504115432500839e-03
7.891090586781501770e-03
-8.636183105409145355e-03
5.630182567983865738e-03
-1.561908400617539883e-03
1.539108343422412872e-02
2.044553635641932487e-03
7.276791147887706757e-03
-3.216415178030729294e-03
4.696021787822246552e-03
-3.725360147655010223e-04
-7.097646128386259079e-03
-7.582970429211854935e-03
-8.371158502995967865e-03
1.434219814836978912e-02
1.808676682412624359e-02
-1.104686502367258072e-02
-9.184192866086959839e-03
4.496815428137779236e-02
8.448309963569045067e-04
-3.128672018647193909e-02
1.217559352517127991e-02
-9.605967788957059383e-04
7.679150905460119247e-03
6.167216692119836807e-03
-1.321513555012643337e-04
3.985479474067687988e-03
-1.587494043633341789e-03
-3.529891371726989746e-03
1.011686492711305618e-02
9.662034572102129459e-04
-1.073795743286609650e-02
-5.975019652396440506e-03
-8.686426095664501190e-03
2.176488051190972328e-03
9.341727942228317261e-03
-2.549393661320209503e-02
5.175198614597320557e-02
1.734870672225952148e-02
7.661818061023950577e-03
2.343676052987575531e-02
1.559566240757703781e-02
-1.125661842525005341e-02
1.531676296144723892e-02
6.888456642627716064e-03
-2.062923507764935493e-03
1.110251154750585556e-02
-3.872404806315898895e-03
1.693429308943450451e-03
-5.784610286355018616e-03
1.567622413858771324e-03
7.223809957504272461e-01
-3.967563062906265259e-02
-3.741655647754669189e-01
-4.752441346645355225e-01
1.165036916732788086e+00
-1.063443541526794434e+00
-5.319319963455200195e-01
1.128446102142333984e+00
5.440537929534912109e-01
3.291586935520172119e-01
-8.247569203376770020e-03
1.909574717283248901e-01
9.113069772720336914e-01
1.160037159919738770e+00
4.015365540981292725e-01
1.729171037673950195e+00
3.368740081787109375e-01
-7.562977820634841919e-02
-1.359835118055343628e-01
1.227175816893577576e-01
-6.231828331947326660e-01
1.497658193111419678e-01
2.120606005191802979e-01
4.687842354178428650e-02
-3.232336044311523438e-01
2.901554689742624760e-04
3.359706401824951172e-01
5.449484288692474365e-02
8.517185598611831665e-02
-3.708896925672888756e-03
5.129419565200805664e-01
2.100581228733062744e-01
-1.711993962526321411e-01
-4.225566387176513672e-01
3.070508837699890137e-01
9.140932559967041016e-02
-5.005587339401245117e-01
-1.202585175633430481e-01
-1.559910625219345093e-01
-1.363219469785690308e-01
1.865214854478836060e-01
-1.137828174978494644e-02
5.581176653504371643e-02
3.092031553387641907e-02
3.858770802617073059e-02
1.832194924354553223e-01
1.983282156288623810e-02
1.026658117771148682e-01
-7.159331440925598145e-02
5.625181272625923157e-02
-7.120082620531320572e-03
-3.361541545018553734e-03
1.699929535388946533e-01
-1.738758981227874756e-01
-1.134412363171577454e-01
-3.197671100497245789e-02
-2.299659512937068939e-02
1.901136152446269989e-02
-9.746272116899490356e-02
-4.362974688410758972e-02
-3.247237205505371094e-02
2.040162533521652222e-01
-1.006997004151344299e-01
-7.076125621795654297e+00
4.857892036437988281e+00
-7.599423408508300781e+00
-3.942201137542724609e+00
4.724802494049072266e+00
2.020983457565307617e+00
6.228827238082885742e-01
-1.009272456169128418e+00
3.368168830871582031e+00
6.692387163639068604e-02
8.495999872684478760e-02
2.795897424221038818e-01
-2.216669470071792603e-01
-1.498526483774185181e-01
-1.102435439825057983e-01
2.762758731842041016e-01
-2.929066121578216553e-01
1.397374570369720459e-01
3.102576732635498047e-01
-7.185693085193634033e-02
1.794123649597167969e-01
-3.408432304859161377e-01
1.398926600813865662e-02
-1.057739555835723877e-01
2.020832598209381104e-01
4.785197973251342773e-02
-8.419603854417800903e-02
1.133952140808105469e-01
-1.595869427546858788e-03
-3.504032269120216370e-02
-1.151647344231605530e-01
-5.017496272921562195e-02
8.597731590270996094e-02
-5.021377652883529663e-02
-5.407616868615150452e-02
2.059137681499123573e-03
-5.651869624853134155e-02
1.666527837514877319e-01
-2.146355658769607544e-01
6.469633430242538452e-02
2.003509871428832412e-04
-4.957256466150283813e-02
1.766461580991744995e-01
3.786937892436981201e-02
-4.229167476296424866e-02
6.070978008210659027e-03
-1.755049526691436768e-01
-4.817151650786399841e-02
-1.396975666284561157e-02
-3.751279711723327637e-01
-3.176274299621582031e-01
1.220516115427017212e-01
-5.995656251907348633e-01
5.810527130961418152e-02
5.709191411733627319e-02
-5.697953328490257263e-02
-5.548917129635810852e-02
3.505446761846542358e-02
-9.776663780212402344e-02
-8.459174074232578278e-03
-4.663587547838687897e-03
5.433868616819381714e-02
1.456051040440797806e-02
-1.005190461874008179e-01
5.591596290469169617e-02
-1.928082406520843506e-01
-1.510989964008331299e-01
1.111592352390289307e-01
9.931121021509170532e-02
3.516991063952445984e-02
5.999495089054107666e-02
-1.316778212785720825e-01
2.428554743528366089e-02
-2.039813995361328125e-01
-1.464154338464140892e-03
2.634315937757492065e-02
-5.234023183584213257e-02
-8.021494001150131226e-02
-1.345588117837905884e-01
-1.114583387970924377e-02
-3.061565198004245758e-02
-4.978664517402648926e-01
-1.501347780227661133e+00
2.313153743743896484e+00
5.905929803848266602e-01
1.483522802591323853e-01
-3.337584733963012695e-01
5.941054821014404297e-01
3.771921157836914062e+00
-4.435469210147857666e-01
-4.729130268096923828e-01
8.249055147171020508e-01
-1.474842131137847900e-01
-6.891129910945892334e-02
-3.530929088592529297e-01
7.545568943023681641e-01
-1.084030866622924805e+00
5.979422926902770996e-01
7.110941410064697266e-01
7.556581497192382812e-02
4.808956086635589600e-01
6.534585356712341309e-01
7.297753542661666870e-02
-6.054306402802467346e-02
-2.373445332050323486e-01
-2.348636090755462646e-01
-7.617219686508178711e-01
9.739118218421936035e-01
1.907453238964080811e-01
-4.118814468383789062e-01
-1.607779264450073242e-01
-4.328617453575134277e-01
-4.243034720420837402e-01
2.933008074760437012e-01
1.305489540100097656e-01
-2.418648302555084229e-01
3.135280013084411621e-01
1.309667248278856277e-02
-2.720594108104705811e-01
-4.194738864898681641e-01
2.211094498634338379e-01
5.296478420495986938e-02
5.328878760337829590e-02
-3.007059916853904724e-02
-1.268581002950668335e-01
5.703353881835937500e-01
-8.715946972370147705e-02
-1.459367871284484863e-01
-1.000404879450798035e-01
-1.173938661813735962e-01
-1.368925869464874268e-01
9.083441644906997681e-02
-9.791793674230575562e-02
-5.934223160147666931e-02
2.263559773564338684e-02
2.952148318290710449e-01
1.708419173955917358e-01
-1.982219815254211426e-01
-2.086777612566947937e-02
5.095500499010086060e-02
-2.338210307061672211e-02
2.802545204758644104e-02
1.275276988744735718e-01
1.747956573963165283e-01
3.745189666748046875e+00
2.682869195938110352e+00
2.192547321319580078e+00
3.717100858688354492e+00
-1.271841645240783691e+00
-3.107404708862304688e-02
-5.545951843261718750e+00
-5.202293872833251953e+00
-7.122372150421142578e+00
8.869593590497970581e-02
8.770968019962310791e-02
6.094952300190925598e-02
1.321036070585250854e-01
2.668174505233764648e-01
-3.361092880368232727e-02
-1.338526904582977295e-01
-5.673892796039581299e-02
-3.719750344753265381e-01
-8.195023238658905029e-02
2.987981140613555908e-01
-5.832039713859558105e-01
4.224624857306480408e-02
-4.287891983985900879e-01
3.357761204242706299e-01
1.990760266780853271e-01
3.820333182811737061e-01
2.409455738961696625e-02
1.490727663040161133e-01
-3.602606058120727539e-02
-1.041911095380783081e-01
-1.187786236405372620e-01
9.004142135381698608e-02
-1.413551811128854752e-02
2.386531420052051544e-02
-7.054475694894790649e-02
-6.429553776979446411e-02
2.797958441078662872e-02
1.009035855531692505e-02
2.882615327835083008e-01
-7.188884913921356201e-02
-7.944221049547195435e-02
-2.136289514601230621e-02
-1.556859910488128662e-02
-3.504267660900950432e-03
-2.604403793811798096e-01
4.593960642814636230e-01
2.840312123298645020e-01
-1.456802487373352051e+00
1.283497363328933716e-01
-3.579787015914916992e-01
3.289566934108734131e-01
1.462106127291917801e-02
-2.049282342195510864e-01
-5.466176271438598633e-01
-1.777102202177047729e-01
-1.022472139447927475e-02
1.557107120752334595e-01
-6.015294790267944336e-02
9.419329464435577393e-03
2.377616465091705322e-01
5.655666068196296692e-02
1.285051703453063965e-01
1.843119855038821697e-03
-8.222250640392303467e-02
1.412826329469680786e-01
-1.771378070116043091e-01
-8.659806102514266968e-02
-8.723906427621841431e-02
4.511292651295661926e-02
-1.808997839689254761e-01
2.916148900985717773e-01
1.080652475357055664e-01
-1.283684521913528442e-01
1.130561605095863342e-01
-6.744535174220800400e-03
-2.083094567060470581e-01
5.095577239990234375e-02
-8.191386610269546509e-02
4.144717752933502197e-02
5.337166041135787964e-02
-8.597916457802057266e-04
-6.778023838996887207e-01
2.528962492942810059e-01
3.958489894866943359e-01
1.461229562759399414e+00
-1.680793426930904388e-02
-2.143881916999816895e-01
6.178975105285644531e-01
-7.379614114761352539e-01
1.159413337707519531e+00
5.681844949722290039e-01
2.435868978500366211e-01
-5.212720036506652832e-01
-2.630856037139892578e-01
-1.217905879020690918e-01
-4.661845564842224121e-01
2.688325047492980957e-01
-3.130489289760589600e-01
-2.812152542173862457e-02
3.751348555088043213e-01
-8.680104464292526245e-02
-3.712375462055206299e-01
1.303855329751968384e-01
-3.813568130135536194e-02
-1.280233114957809448e-01
3.151824474334716797e-01
-1.072802990674972534e-01
-4.806460142135620117e-01
-8.945176750421524048e-02
-8.813786506652832031e-02
2.189825475215911865e-01
-2.191963046789169312e-02
1.150424685329198837e-02
-1.970710456371307373e-01
1.556444168090820312e-01
-5.363679304718971252e-02
-8.836349844932556152e-02
9.250269830226898193e-02
-2.284269928932189941e-01
-6.668775528669357300e-02
1.844526678323745728e-01
-6.116573140025138855e-02
-9.718988090753555298e-03
-1.750628463923931122e-02
8.231692016124725342e-02
-1.318297684192657471e-01
-2.024360373616218567e-02
8.740645647048950195e-02
1.045974120497703552e-01
-2.370085008442401886e-02
-4.706538841128349304e-02
3.195155039429664612e-02
-6.283205002546310425e-02
-7.390271127223968506e-02
-3.222703933715820312e-02
-5.602770298719406128e-02
3.095260821282863617e-02
5.629868432879447937e-02
-1.087074819952249527e-02
5.243822559714317322e-02
1.363211125135421753e-01
4.624417424201965332e-02
3.969540819525718689e-03
1.012891754508018494e-01
-9.557505846023559570e-01
-3.944505929946899414e+00
1.102303695678710938e+01
-1.621230006217956543e+00
3.244023561477661133e+00
7.632446289062500000e-01
-9.520344138145446777e-01
-1.541201472282409668e+00
-1.713129520416259766e+00
5.841155350208282471e-02
1.183649078011512756e-01
-2.866267599165439606e-02
3.544164448976516724e-02
-6.678303331136703491e-02
-9.482393413782119751e-02
-1.443862915039062500e-01
-1.205857470631599426e-01
5.806680768728256226e-03
-1.759705543518066406e-01
-7.934661209583282471e-02
-6.421171128749847412e-02
7.185452431440353394e-02
3.542329743504524231e-02
3.185014054179191589e-02
1.209985017776489258e-01
1.518714521080255508e-02
-1.181888282299041748e-01
2.348552457988262177e-02
1.116959527134895325e-01
-1.613266416825354099e-03
5.211747065186500549e-02
-4.045160114765167236e-02
-1.803066208958625793e-02
6.332000251859426498e-03
-5.505614727735519409e-02
-8.140755817294120789e-03
-1.008669137954711914e-01
4.888598620891571045e-02
1.521771121770143509e-02
6.337511539459228516e-02
3.739304840564727783e-02
-1.362789142876863480e-02
5.568196997046470642e-03
1.976891607046127319e-02
3.099052608013153076e-02
1.806503720581531525e-02
4.433698952198028564e-02
3.259906545281410217e-02
-3.297994285821914673e-02
-2.867259085178375244e-01
1.439456045627593994e-01
-3.030469715595245361e-01
2.841037511825561523e-01
3.097045123577117920e-01
7.775931805372238159e-02
-5.842314660549163818e-02
-2.126543410122394562e-02
-4.445598274469375610e-02
3.089061751961708069e-02
-8.622196316719055176e-02
6.159434840083122253e-02
7.501979917287826538e-02
-2.046300470829010010e-02
-5.985824391245841980e-03
3.352952376008033752e-02
-3.152812272310256958e-02
-1.456532720476388931e-02
1.170019134879112244e-01
-8.837420493364334106e-02
6.188238784670829773e-02
4.099247604608535767e-02
4.203139990568161011e-02
-9.358965791761875153e-03
6.715299934148788452e-02
1.256521791219711304e-01
2.890864387154579163e-02
-5.600593984127044678e-02
1.750456355512142181e-02
3.770459070801734924e-02
-5.247534811496734619e-02
2.252121642231941223e-02
1.206950068473815918e+00
1.627619564533233643e-01
-7.833237946033477783e-02
6.612102985382080078e-01
5.295472145080566406e-01
6.880229711532592773e-01
-3.643371537327766418e-02
1.547180414199829102e+00
1.853195667266845703e+00
3.168622255325317383e-01
1.362800896167755127e-01
2.705120742321014404e-01
-3.873624503612518311e-01
4.757976625114679337e-03
-4.667932391166687012e-01
6.089319586753845215e-01
1.102296233177185059e+00
3.810864686965942383e-01
-2.093465775251388550e-01
3.598487377166748047e-01
1.750284805893898010e-02
6.719387322664260864e-02
-3.212357684969902039e-02
-9.338064789772033691e-01
8.177937567234039307e-02
2.894519567489624023e-01
2.920033037662506104e-01
-3.207733854651451111e-02
-4.420370459556579590e-01
-1.581126898527145386e-01
5.321319103240966797e-01
-2.558209300041198730e-01
1.974866986274719238e-01
-4.966323971748352051e-01
1.677073240280151367e-01
2.476627528667449951e-01
1.140825599431991577e-01
1.830685585737228394e-01
-1.840125024318695068e-02
4.208825156092643738e-02
9.651022404432296753e-02
1.049069538712501526e-01
1.826809048652648926e-01
1.587074697017669678e-01
-1.688032597303390503e-02
-9.669789671897888184e-02
1.218529567122459412e-01
4.632168635725975037e-02
4.243958741426467896e-02
9.866659529507160187e-03
2.161212079226970673e-02
8.375643938779830933e-02
-3.542426275089383125e-03
-8.498875051736831665e-02
-5.790695920586585999e-02
-6.984106451272964478e-02
-4.224641621112823486e-02
-1.109549775719642639e-01
4.676555097103118896e-02
-6.453610211610794067e-02
7.878536731004714966e-02
8.716687560081481934e-03
-1.269442737102508545e-01
3.041055917739868164e+00
6.042224407196044922e+00
-1.492810249328613281e+00
5.644879341125488281e-01
-2.930833697319030762e-01
6.831200122833251953e+00
4.888719558715820312e+00
-6.325503349304199219e+00
2.262744903564453125e+00
1.061820089817047119e-01
2.162821441888809204e-01
3.087743557989597321e-02
-1.802983283996582031e-01
-8.363340049982070923e-02
3.395371437072753906e-01
2.945511974394321442e-02
1.238620504736900330e-01
1.533693373203277588e-01
-3.694738820195198059e-02
-1.286961883306503296e-01
-2.323299050331115723e-01
-5.280354246497154236e-02
2.565355971455574036e-02
-1.110502183437347412e-01
8.687447756528854370e-02
-8.154232800006866455e-02
4.003262147307395935e-02
-2.356498129665851593e-02
-7.161853369325399399e-03
-1.065697818994522095e-01
-7.385446876287460327e-02
3.503388538956642151e-02
1.482179909944534302e-01
-1.459857076406478882e-01
1.525892224162817001e-02
-1.284014582633972168e-01
1.075246781110763550e-01
-7.474612444639205933e-02
-5.710209254175424576e-03
7.340960204601287842e-02
1.140156984329223633e-01
2.581997215747833252e-01
-9.064530581235885620e-02
-1.559585332870483398e-01
7.675142586231231689e-02
-6.635864078998565674e-02
4.807818830013275146e-01
-3.640427887439727783e-01
1.458370685577392578e-02
-1.647797226905822754e-01
4.792656302452087402e-01
1.390387117862701416e-01
-4.315392374992370605e-01
-1.409765332937240601e-01
-8.977230638265609741e-02
-1.042495593428611755e-01
1.367190629243850708e-01
1.115642935037612915e-01
2.804570086300373077e-02
-1.685460656881332397e-01
5.673108622431755066e-02
4.563542827963829041e-02
1.156072039157152176e-02
-2.871261164546012878e-02
-1.290999650955200195e-01
-6.668783724308013916e-02
-7.183901965618133545e-02
-1.289282143115997314e-01
-1.044719368219375610e-01
-1.194930076599121094e-02
-2.746210247278213501e-02
1.107369661331176758e-01
-2.823035977780818939e-02
-7.463593035936355591e-02
5.623402819037437439e-02
-3.940840717405080795e-03
-2.346597611904144287e-02
5.020026862621307373e-02
-1.233407016843557358e-02
-1.485312730073928833e-01
8.535233139991760254e-02
-1.505101472139358521e-02
3.861350007355213165e-03
-3.612913936376571655e-02
-3.267961740493774414e-02
4.247589781880378723e-02
-9.364949911832809448e-02
-3.239154070615768433e-02
-9.826362133026123047e-03
2.352854004129767418e-03
-9.482665359973907471e-02
-5.797493830323219299e-02
3.288527578115463257e-02
1.600297540426254272e-02
-1.984429778531193733e-03
7.886660285294055939e-03
5.473887175321578979e-02
-1.056169741787016392e-03
-4.464903101325035095e-02
-2.134045818820595741e-03
3.224808955565094948e-03
-1.770940725691616535e-03
7.678863592445850372e-03
4.969687201082706451e-03
8.651996031403541565e-03
4.166233353316783905e-03
1.188204530626535416e-02
-6.348248105496168137e-03
1.956345513463020325e-02
-7.590111810714006424e-03
1.882735639810562134e-02
4.045060835778713226e-03
6.134299095720052719e-03
1.456377375870943069e-02
9.376686066389083862e-03
2.506320364773273468e-02
3.530730959028005600e-03
-8.522446267306804657e-03
-5.244644358754158020e-03
-9.455243125557899475e-03
1.105873379856348038e-02
2.534075640141963959e-02
1.300931349396705627e-02
8.559530600905418396e-03
2.855854574590921402e-03
3.360079834237694740e-03
-1.025635399855673313e-03
-1.773888012394309044e-03
1.546828076243400574e-02
8.254849351942539215e-03
3.862093202769756317e-03
-9.911633096635341644e-04
-2.770160092040896416e-03
1.195023767650127411e-02
-5.848741158843040466e-03
-2.835407294332981110e-02
5.060776136815547943e-03
6.094127893447875977e-03
3.118110587820410728e-03
3.548588138073682785e-03
4.143075551837682724e-03
-1.099775265902280807e-02
4.581009969115257263e-03
3.055379260331392288e-03
-4.977193772792816162e-01
-1.795933842658996582e-01
-6.144191138446331024e-03
-7.724937796592712402e-01
-2.217542678117752075e-01
-1.058852076530456543e-01
-2.992507517337799072e-01
4.961522668600082397e-02
-1.028255596756935120e-01
-2.174252644181251526e-03
-1.065233163535594940e-02
-1.261920388787984848e-02
-3.657861379906535149e-04
-2.259205840528011322e-02
-3.038764744997024536e-02
1.548430975526571274e-02
2.077205292880535126e-02
1.448557712137699127e-03
3.069878090173006058e-03
5.776560865342617035e-03
-7.885098457336425781e-03
2.031390927731990814e-02
8.254462853074073792e-03
8.888519369065761566e-03
-2.768777543678879738e-03
-8.607827126979827881e-03
7.568088825792074203e-03
-3.155844053253531456e-03
1.471620751544833183e-03
-2.758389571681618690e-03
-4.513867665082216263e-03
4.440550692379474640e-03
-9.499387670075520873e-05
2.952224807813763618e-03
3.108928212895989418e-04
-1.821846119128167629e-03
-3.883628640323877335e-03
-2.977557945996522903e-03
-1.022346224635839462e-02
6.381373852491378784e-03
-6.766138132661581039e-03
-6.037655286490917206e-03
-3.220387268811464310e-03
-1.569448213558644056e-04
3.784808795899152756e-03
2.406459301710128784e-02
2.256398461759090424e-02
-9.635126218199729919e-03
-1.049634534865617752e-03
1.591668091714382172e-02
3.946751356124877930e-02
-2.668815664947032928e-02
1.985385641455650330e-02
-1.337058749049901962e-02
-8.693147101439535618e-04
5.228511057794094086e-03
-3.643753938376903534e-03
5.524134263396263123e-03
-2.648985711857676506e-03
-5.871192086488008499e-03
-1.848832238465547562e-03
2.905522938817739487e-03
8.917771629057824612e-04
-2.133848331868648529e-02
8.419855497777462006e-03
-1.575013156980276108e-03
1.028083381243050098e-03
-2.173602767288684845e-02
1.178610511124134064e-02
1.247931359102949500e-04
-3.794735763221979141e-03
1.255601085722446442e-02
9.542809799313545227e-03
5.253456532955169678e-03
2.420025557512417436e-04
-5.562757141888141632e-03
3.572503919713199139e-04
-3.369663376361131668e-03
2.875135047361254692e-03
-7.224360597319900990e-04
8.741847239434719086e-03
-8.963012099266052246e-01
-1.584339304827153683e-03
9.075005650520324707e-01
2.814052999019622803e-01
1.067032456398010254e+00
5.192403793334960938e+00
-2.181637287139892578e+00
-9.128968417644500732e-02
2.777417659759521484e+00
-1.177447438240051270e+00
-3.528380021452903748e-02
1.372600197792053223e-01
-4.685383439064025879e-01
1.235660076141357422e+00
3.558285534381866455e-02
-9.435847997665405273e-01
6.462112665176391602e-01
-1.541390538215637207e+00
2.479039579629898071e-01
-6.158204078674316406e-01
-3.494547307491302490e-01
6.207192316651344299e-02
-7.319437265396118164e-01
1.186746209859848022e-01
-2.776668965816497803e-01
3.169812262058258057e-01
4.817310571670532227e-01
3.011173009872436523e-01
3.872243463993072510e-01
6.873027086257934570e-01
7.281737029552459717e-02
-8.267163038253784180e-01
-3.802466690540313721e-01
4.934108555316925049e-01
-3.885231316089630127e-01
2.088014930486679077e-01
-4.361441731452941895e-01
4.559227824211120605e-01
3.631416857242584229e-01
6.532281637191772461e-01
-1.524660438299179077e-01
1.280153095722198486e-01
-1.040423012454994023e-04
-9.103690832853317261e-02
1.232657581567764282e-01
-5.350662395358085632e-02
-2.243996709585189819e-01
-1.799799054861068726e-01
-3.159855902194976807e-01
-2.868206202983856201e-01
1.562879048287868500e-02
-1.971377283334732056e-01
-4.373209178447723389e-02
2.347216755151748657e-01
-2.374116797000169754e-03
-1.247423738241195679e-01
1.842437498271465302e-02
2.029523998498916626e-01
7.062937319278717041e-02
-1.802574694156646729e-01
-1.833685636520385742e-01
-2.358921170234680176e-01
-1.543815284967422485e-01
2.769411325454711914e+00
-6.164882183074951172e+00
-9.540790557861328125e+00
-4.508237838745117188e+00
6.823908686637878418e-01
-7.448755264282226562e+00
-2.523208618164062500e+00
-5.166655540466308594e+00
7.340010166168212891e+00
1.517141461372375488e-01
2.953338027000427246e-01
-6.955660581588745117e-01
-7.462696731090545654e-02
1.731793284416198730e-01
3.533424437046051025e-01
-2.486369609832763672e-01
-2.435548603534698486e-01
-3.298832476139068604e-01
2.709738314151763916e-01
4.793288111686706543e-01
1.683664135634899139e-02
1.138147562742233276e-01
-1.803947985172271729e-01
1.063512563705444336e-01
1.665934026241302490e-01
4.922198131680488586e-02
-3.360218107700347900e-01
5.734908208250999451e-02
-2.061406373977661133e-01
1.363822817802429199e-02
1.715336889028549194e-01
-1.858801245689392090e-01
1.239242181181907654e-01
1.375499088317155838e-02
1.480853557586669922e-01
5.902732908725738525e-02
-6.670392304658889771e-02
-1.823484152555465698e-01
-7.181578129529953003e-02
-1.232980340719223022e-01
-1.995820254087448120e-01
3.968130424618721008e-02
-1.252783387899398804e-01
-3.214309364557266235e-02
1.254852395504713058e-02
6.421791911125183105e-01
-5.843995213508605957e-01
-1.973371505737304688e-01
5.200435519218444824e-01
3.674070537090301514e-01
1.018419340252876282e-01
-6.163824200630187988e-01
3.311779499053955078e-01
6.951546072959899902e-01
-2.248844504356384277e-01
1.657638885080814362e-02
7.890400290489196777e-02
-8.104036003351211548e-02
-9.378235787153244019e-03
-1.760810017585754395e-01
1.942211687564849854e-01
7.437867671251296997e-02
-9.183084219694137573e-02
1.106428653001785278e-01
-3.556482195854187012e-01
1.576516181230545044e-01
1.607015728950500488e-01
2.736110091209411621e-01
-1.706558465957641602e-01
1.297741383314132690e-01
1.914560794830322266e-01
-8.198784291744232178e-02
-1.237503290176391602e-01
1.257192492485046387e-01
-1.766557991504669189e-01
-2.580294571816921234e-02
-7.708045095205307007e-02
-6.732207257300615311e-03
3.427217900753021240e-02
1.691830717027187347e-02
1.543717384338378906e-01
9.716366976499557495e-02
1.137563437223434448e-01
-8.247177302837371826e-02
3.420283496379852295e-01
3.026117011904716492e-02
-2.505002617835998535e-01
9.835266321897506714e-02
-1.008173525333404541e-01
-2.462105639278888702e-02
8.393587172031402588e-02
-1.369450241327285767e-01
-2.711648643016815186e-01
-9.991998970508575439e-02
-2.228253632783889771e-01
-2.957178093492984772e-02
-1.537902951240539551e-01
-1.207826137542724609e-01
1.152942329645156860e-01
1.338748633861541748e-01
-1.600873423740267754e-03
-1.063717454671859741e-01
1.883004233241081238e-02
1.717936098575592041e-01
-1.394824236631393433e-01
-5.672518163919448853e-02
-3.515352308750152588e-02
2.385387942194938660e-02
2.169737964868545532e-02
-6.197473034262657166e-03
1.884666457772254944e-02
6.882178783416748047e-02
-4.079870507121086121e-02
5.892631784081459045e-02
1.637113541364669800e-01
2.788941375911235809e-03
-2.140790969133377075e-02
3.852571919560432434e-02
9.081617742776870728e-02
-2.563699521124362946e-02
1.700988784432411194e-02
3.444458916783332825e-02
5.180615931749343872e-02
2.049990929663181305e-02
1.138816773891448975e-02
-3.726612403988838196e-02
-7.574868854135274887e-03
-1.756870374083518982e-02
-9.262500330805778503e-03
-1.812945492565631866e-02
-1.390639785677194595e-02
-2.303140051662921906e-02
1.852295175194740295e-02
-4.168766364455223083e-02
1.079673040658235550e-02
-1.101680379360914230e-02
2.508611045777797699e-02
1.260957494378089905e-02
-1.200737524777650833e-02
3.575426340103149414e-02
4.585663788020610809e-03
4.888208117336034775e-03
7.704848889261484146e-03
1.332312636077404022e-02
5.270441174507141113e-01
-6.613295674324035645e-01
-9.769849777221679688e-01
-1.147786617279052734e+00
-1.100460052490234375e+00
3.960316181182861328e-01
-7.748906612396240234e-01
-5.571331381797790527e-01
1.373046398162841797e+00
9.815081022679805756e-03
-1.443928852677345276e-02
8.014928549528121948e-03
-2.187594957649707794e-02
-9.520308673381805420e-02
-1.199626177549362183e-02
-1.675384864211082458e-02
-8.298162370920181274e-02
-2.662391029298305511e-02
6.902007386088371277e-03
-6.556413322687149048e-02
2.861191891133785248e-02
4.622500017285346985e-02
2.296811901032924652e-02
-2.699629031121730804e-02
2.229636721312999725e-02
-2.629549987614154816e-02
-4.424791783094406128e-02
-1.586502417922019958e-03
-2.335168421268463135e-02
9.310147725045681000e-03
-1.811965182423591614e-02
1.915011182427406311e-02
7.510457653552293777e-03
2.069800533354282379e-02
-8.390464819967746735e-03
-1.922197453677654266e-02
1.697605475783348083e-02
1.718080788850784302e-02
-1.709716022014617920e-02
8.398625999689102173e-03
1.811216026544570923e-02
3.889834135770797729e-02
1.016319822520017624e-02
-1.325781736522912979e-02
-2.775521390140056610e-02
1.224332377314567566e-01
-4.150219261646270752e-02
-3.630508482456207275e-02
3.547466546297073364e-02
6.231078412383794785e-03
8.961544930934906006e-02
3.749489551410079002e-03
5.308492854237556458e-02
2.086410485208034515e-02
8.058062754571437836e-03
9.507964365184307098e-03
2.321555046364665031e-03
-1.239919941872358322e-02
3.623482771217823029e-03
1.901409961283206940e-02
6.235355976969003677e-03
3.498639678582549095e-03
2.638514153659343719e-03
-1.108756382018327713e-02
1.665149070322513580e-02
-5.025272071361541748e-02
7.092686835676431656e-03
4.407378844916820526e-03
9.011445567011833191e-03
1.683060824871063232e-02
-1.548005267977714539e-02
-1.763557782396674156e-03
-7.151878904551267624e-03
-1.913918927311897278e-02
2.224233746528625488e-02
1.454929239116609097e-03
1.124711055308580399e-02
-3.348336368799209595e-02
-8.713792078197002411e-03
-2.082413120660930872e-04
2.548779919743537903e-02
3.042388856410980225e-01
-5.714747309684753418e-01
-8.468568325042724609e-01
-1.815330088138580322e-01
3.000253438949584961e-01
7.211522459983825684e-01
-5.938650965690612793e-01
-4.544151723384857178e-01
1.196947619318962097e-01
-1.635155230760574341e-01
1.208805963397026062e-01
5.977631546556949615e-03
5.476615428924560547e-01
2.883880436420440674e-01
4.030175209045410156e-01
-5.155920982360839844e-01
-2.038768231868743896e-01
-1.231958717107772827e-01
-1.148021742701530457e-01
-3.581772744655609131e-01
8.052285015583038330e-02
-2.314614802598953247e-01
-1.053825914859771729e-01
-1.146282106637954712e-01
2.198274433612823486e-01
-2.503917515277862549e-01
5.085325613617897034e-02
3.238978609442710876e-02
-3.548587858676910400e-02
2.736345678567886353e-02
-1.203864738345146179e-01
-7.836119085550308228e-02
3.448870033025741577e-03
2.374092936515808105e-01
2.153967320919036865e-02
-1.059565693140029907e-01
4.721741750836372375e-02
-4.751884192228317261e-02
1.961875334382057190e-02
-6.769884843379259109e-03
8.866981416940689087e-02
-8.944354951381683350e-03
-1.364048570394515991e-01
2.217154204845428467e-02
9.619607590138912201e-03
-7.534107659012079239e-03
-3.324266150593757629e-02
-7.449693232774734497e-02
-4.184329882264137268e-02
-2.732612006366252899e-02
6.534396111965179443e-02
2.052552066743373871e-02
2.150796353816986084e-02
1.539751392556354403e-04
1.872713491320610046e-02
8.972620591521263123e-03
-1.328067737631499767e-03
-1.031438168138265610e-02
9.948104619979858398e-03
3.519460931420326233e-02
-9.175987541675567627e-02
-3.022423014044761658e-02
3.193315118551254272e-02
-4.808815956115722656e+00
-2.800497055053710938e+00
4.089016318321228027e-01
-1.640449285507202148e+00
-3.555640697479248047e+00
-9.166493415832519531e-01
-3.860832691192626953e+00
1.976743459701538086e+00
5.393194556236267090e-01
6.438335403800010681e-03
-5.477731302380561829e-02
-2.260823547840118408e-02
3.238613530993461609e-02
-6.146513298153877258e-02
2.808552794158458710e-02
-1.026683524250984192e-01
8.146025985479354858e-02
-3.627292439341545105e-02
5.639435350894927979e-02
-1.185236200690269470e-01
3.527774289250373840e-02
5.969082936644554138e-02
9.466625005006790161e-02
-1.359960287809371948e-01
-5.683641135692596436e-02
-4.258425906300544739e-03
8.807156234979629517e-02
3.659290261566638947e-03
5.851028859615325928e-02
5.510978400707244873e-03
-2.060862816870212555e-02
5.165065824985504150e-02
8.447948098182678223e-02
-2.886253595352172852e-02
-3.942736890166997910e-03
2.123625390231609344e-02
2.236678823828697205e-02
-4.904300440102815628e-03
-2.451212145388126373e-02
1.160482410341501236e-02
1.414387952536344528e-02
-1.745541021227836609e-02
8.492301404476165771e-02
1.368642412126064301e-02
2.643278054893016815e-02
-1.569119095802307129e-01
-4.877770692110061646e-02
-2.129210904240608215e-02
-9.269683808088302612e-02
6.258034147322177887e-03
-1.913451403379440308e-01
-6.732044741511344910e-03
-1.565889120101928711e-01
1.225077956914901733e-01
-1.390578504651784897e-02
-1.880908012390136719e-02
1.069049444049596786e-02
1.515941694378852844e-02
-3.012221120297908783e-02
-2.469703741371631622e-02
-3.524694591760635376e-02
5.240603163838386536e-02
-4.260121379047632217e-03
-4.867312312126159668e-02
-2.809701673686504364e-02
5.616196990013122559e-02
2.274498343467712402e-02
3.810458257794380188e-02
-4.837745428085327148e-02
4.820409417152404785e-02
-1.267616078257560730e-02
4.751957207918167114e-02
-1.573313958942890167e-02
2.061138488352298737e-02
-2.878824435174465179e-02
4.542767256498336792e-02
-1.523790042847394943e-02
-3.453172370791435242e-02
-1.835147663950920105e-02
8.571388572454452515e-02
5.002645030617713928e-02
-6.138125434517860413e-02
1.672112848609685898e-03
-2.430655807256698608e-01
4.613787401467561722e-03
1.089279353618621826e-01
-1.817870587110519409e-01
6.711346656084060669e-02
-1.032828688621520996e-01
2.247601449489593506e-01
1.579407980898395181e-04
1.028189994394779205e-02
1.334446966648101807e-01
5.834795907139778137e-02
1.621144115924835205e-01
1.571650952100753784e-01
2.411786317825317383e-01
1.106549277901649475e-01
1.760356687009334564e-02
-3.626957535743713379e-02
-7.239806931465864182e-03
-4.208843410015106201e-02
-3.785822167992591858e-02
-4.715539142489433289e-02
-2.868143096566200256e-02
-1.063014790415763855e-01
2.675111638382077217e-03
-4.696608334779739380e-02
3.372050076723098755e-02
-8.003310300409793854e-03
3.712967783212661743e-02
1.808005571365356445e-02
2.401836775243282318e-02
-4.530315846204757690e-02
1.986458152532577515e-02
-5.528985057026147842e-03
-3.896859660744667053e-02
-1.221502013504505157e-02
-2.086376585066318512e-02
2.188232727348804474e-02
-8.046180009841918945e-03
-1.439528726041316986e-02
4.718304798007011414e-02
-1.720670610666275024e-02
-1.318603940308094025e-02
4.317488893866539001e-02
-4.773766733705997467e-03
1.538363192230463028e-02
-7.334541995078325272e-03
-3.737493883818387985e-03
9.080564603209495544e-03
-1.051433733664453030e-03
1.134728454053401947e-02
-1.286562159657478333e-02
-8.662746287882328033e-03
-2.637923229485750198e-03
-1.912622153759002686e-02
-1.167475804686546326e-02
-1.379154715687036514e-02
-5.678902845829725266e-03
-1.768097095191478729e-02
-8.817781694233417511e-03
-1.005327794700860977e-02
1.700538210570812225e-02
-2.223354876041412354e-01
-7.357493638992309570e-01
4.358870163559913635e-02
-1.259881377220153809e+00
-4.096975028514862061e-01
7.016232013702392578e-01
1.139555335044860840e+00
-8.347041010856628418e-01
8.645110726356506348e-01
4.058372229337692261e-03
5.763998255133628845e-02
4.426943603903055191e-03
-1.668659038841724396e-02
2.374366112053394318e-02
5.989550799131393433e-02
2.184221148490905762e-02
-6.082367617636919022e-03
-4.104461520910263062e-02
-1.012606918811798096e-02
-1.082208380103111267e-02
6.189479026943445206e-04
-2.216776600107550621e-03
2.331857010722160339e-02
-2.574719302356243134e-02
5.729669332504272461e-02
6.029085256159305573e-03
-2.048414200544357300e-02
4.444551595952361822e-04
-1.427267864346504211e-02
-1.888372353278100491e-04
4.086417146027088165e-03
-3.214098280295729637e-03
1.569177396595478058e-02
-7.476648315787315369e-03
-4.359086044132709503e-03
-1.179020968265831470e-03
-4.150961060076951981e-03
-2.051606960594654083e-02
-1.813604868948459625e-02
-1.117534004151821136e-02
-2.432790957391262054e-02
-3.215096949134021997e-04
-2.265141904354095459e-02
-1.261932402849197388e-02
-4.971939488314092159e-04
-5.194600671529769897e-02
-9.546588361263275146e-02
-3.297600895166397095e-02
-2.796744462102651596e-03
-7.243219763040542603e-03
7.989316247403621674e-03
2.305865660309791565e-02
-2.291204035282135010e-02
3.297948464751243591e-02
-2.139340713620185852e-02
-3.396771848201751709e-03
-9.380526840686798096e-03
-1.183053012937307358e-02
-9.758792817592620850e-03
2.081628423184156418e-03
1.254824362695217133e-02
-5.627682898193597794e-03
1.021611224859952927e-02
7.286464329808950424e-03
1.448090421035885811e-03
-8.333519101142883301e-03
-1.905825547873973846e-02
6.416935473680496216e-03
-7.664612960070371628e-03
-1.764459721744060516e-02
1.738408207893371582e-02
8.833586238324642181e-03
-1.548675587400794029e-03
4.473891458474099636e-04
1.385725289583206177e-02
-5.884238589715096168e-07
-1.028458029031753540e-02
-1.345520652830600739e-02
-1.771120238117873669e-03
1.834104295994620770e-05
-4.878216888755559921e-03
