-3.180645778775215149e-02
6.393048533936962485e-05
2.244624495506286621e-02
2.615783887449651957e-04
3.793961927294731140e-02
1.193655375391244888e-02
-1.972211711108684540e-02
-1.962025649845600128e-03
-2.741760760545730591e-02
2.026160620152950287e-02
-4.509461112320423126e-03
9.049279615283012390e-03
4.567751660943031311e-03
2.174815721809864044e-02
5.219346657395362854e-02
8.285718038678169250e-03
-1.010806858539581299e-02
-6.257750093936920166e-03
-5.680472590029239655e-03
6.315976381301879883e-02
-1.230959072709083557e-01
6.382254511117935181e-02
5.537441372871398926e-02
5.225117877125740051e-02
6.847092881798744202e-03
3.996208310127258301e-02
1.871899329125881195e-02
6.279753055423498154e-03
-1.129454653710126877e-02
4.685794934630393982e-02
1.911124214529991150e-02
1.566283777356147766e-02
3.523211181163787842e-02
2.903621457517147064e-02
3.975531086325645447e-02
2.216199971735477448e-02
8.945548906922340393e-03
-2.151039615273475647e-02
9.688404388725757599e-03
-4.884936287999153137e-02
-5.921027809381484985e-02
1.731979474425315857e-02
-3.470654040575027466e-02
-5.558169633150100708e-02
-1.670914329588413239e-02
7.312521804124116898e-03
-1.481964718550443649e-02
1.720590051263570786e-03
2.589664421975612640e-03
-1.354603096842765808e-02
9.507058421149849892e-04
3.178087295964360237e-03
7.867626845836639404e-03
3.836471820250153542e-03
-9.727294556796550751e-03
-3.036050125956535339e-03
1.405461691319942474e-02
-7.472511846572160721e-03
8.361861109733581543e-03
-1.694771833717823029e-02
6.176713388413190842e-03
-3.960488829761743546e-03
-6.280194502323865891e-03
5.866713356226682663e-03
-4.485566634684801102e-03
2.633353695273399353e-02
1.055789738893508911e-02
2.499286830425262451e-02
1.339652016758918762e-02
-1.401444245129823685e-02
2.399649471044540405e-02
3.292194381356239319e-02
-2.676720032468438148e-03
2.049742825329303741e-02
6.404896266758441925e-03
1.470367889851331711e-02
-2.102619223296642303e-02
1.554343616589903831e-03
-2.497350051999092102e-02
-2.875136211514472961e-02
-6.671734619885683060e-03
-1.152800545096397400e-01
-2.724047005176544189e-02
-1.181808561086654663e-01
5.598700791597366333e-02
-5.550109222531318665e-02
7.144911587238311768e-02
-1.230477839708328247e-01
-3.736346587538719177e-02
1.138799861073493958e-01
3.140424145385622978e-03
-3.786704037338495255e-03
2.207073383033275604e-03
-1.719914563000202179e-02
3.367673233151435852e-02
-4.714174196124076843e-03
3.397316485643386841e-02
1.785446144640445709e-02
-1.509715616703033447e-02
-2.353200921788811684e-03
1.385809667408466339e-02
2.821389399468898773e-02
6.886623334139585495e-03
6.132749374955892563e-03
-7.981676608324050903e-03
-1.241253223270177841e-02
-1.165225822478532791e-02
-1.597223803400993347e-02
1.603576727211475372e-02
-1.239238493144512177e-02
-1.789208501577377319e-02
-1.258513331413269043e-02
8.690887130796909332e-03
-3.748302906751632690e-02
2.819102630019187927e-02
3.541335090994834900e-02
1.189726404845714569e-02
8.301778137683868408e-02
-1.081593334674835205e-01
-2.214266173541545868e-02
-5.433110054582357407e-03
3.798068687319755554e-02
-1.715163141489028931e-02
-2.227670401334762573e-01
-6.711307796649634838e-04
5.194389447569847107e-02
9.277780540287494659e-03
2.113418467342853546e-02
-1.147527340799570084e-02
4.648576024919748306e-03
2.246313914656639099e-02
-2.862015925347805023e-02
-2.145163249224424362e-03
-1.112428959459066391e-02
3.993050660938024521e-03
-4.638691432774066925e-03
1.985152810811996460e-02
1.391634438186883926e-02
-2.338225021958351135e-02
2.632431872189044952e-02
-3.319756593555212021e-03
1.301709748804569244e-02
-3.842407837510108948e-02
8.604894392192363739e-03
-3.077260591089725494e-02
3.643949702382087708e-02
-5.542586743831634521e-02
-6.734883785247802734e-02
7.897627539932727814e-03
-2.121758833527565002e-02
-6.933754682540893555e-02
3.865750133991241455e-02
-4.934513010084629059e-03
-2.327500469982624054e-02
1.082249507308006287e-01
1.948435902595520020e-01
-2.676850855350494385e-01
-2.195733636617660522e-01
1.517125517129898071e-01
8.987890183925628662e-02
1.209725886583328247e-01
9.958593547344207764e-02
9.731710702180862427e-02
-2.377788424491882324e-01
-1.105687022209167480e-01
-2.289453148841857910e-01
6.030550003051757812e-01
1.845710873603820801e-01
-5.670050159096717834e-02
4.971898794174194336e-01
1.936282962560653687e-01
1.221951246261596680e-01
1.217709258198738098e-01
8.149165660142898560e-02
2.607875168323516846e-01
7.553461939096450806e-02
1.316621750593185425e-01
1.393464654684066772e-01
3.083543851971626282e-02
3.670514225959777832e-01
1.188267245888710022e-01
1.243399903178215027e-01
3.618891835212707520e-01
5.068974196910858154e-02
2.132500708103179932e-01
7.998655550181865692e-03
1.845968067646026611e-01
-1.181294173002243042e-01
1.788827031850814819e-01
-1.803419142961502075e-01
-3.172882273793220520e-02
-6.365259736776351929e-02
6.021747738122940063e-02
1.278404742479324341e-01
5.034230276942253113e-02
-4.755628760904073715e-03
-6.404720991849899292e-02
7.969541847705841064e-02
-1.731121391057968140e-01
-3.337187319993972778e-02
3.165943920612335205e-02
-1.276999115943908691e-01
6.474956870079040527e-02
-1.074854657053947449e-01
7.578559219837188721e-02
1.626896709203720093e-01
-2.262458205223083496e-01
3.749562427401542664e-02
9.814995527267456055e-02
-9.068275243043899536e-02
1.021940410137176514e-01
3.173418343067169189e-02
9.707435220479965210e-02
4.942962899804115295e-02
-5.893138796091079712e-02
1.351912599056959152e-02
-1.187355443835258484e-01
-1.522330492734909058e-01
-2.081111073493957520e-02
6.437540799379348755e-02
-4.380127042531967163e-02
-1.407925188541412354e-01
-1.115136966109275818e-01
-1.656650751829147339e-01
5.330939963459968567e-02
-4.078162908554077148e-01
-1.023262619972229004e+00
-2.424955070018768311e-01
-1.512725651264190674e-01
7.430841028690338135e-02
1.111762523651123047e+00
1.452524900436401367e+00
1.279500722885131836e-01
2.136310338973999023e+00
1.153848618268966675e-01
-2.046701163053512573e-01
-2.265578061342239380e-01
-2.678883373737335205e-01
-8.586740493774414062e-02
-1.098732709884643555e+00
4.840547144412994385e-01
1.609145402908325195e-01
-1.555010080337524414e-01
6.356128305196762085e-02
-1.337428241968154907e-01
4.451598972082138062e-02
-1.207738555967807770e-02
1.178797800093889236e-02
2.859574742615222931e-03
-1.569911092519760132e-02
-1.147354692220687866e-01
-3.635673597455024719e-02
1.828150153160095215e-01
2.549277245998382568e-01
-3.691903054714202881e-01
-1.146032884716987610e-01
-1.454849392175674438e-01
-2.491329312324523926e-01
-3.635633736848831177e-02
5.077500268816947937e-02
-2.237270921468734741e-01
2.983629405498504639e-01
-1.088927745819091797e+00
-2.099659740924835205e-01
-1.527126669883728027e+00
5.561648011207580566e-01
-8.648922443389892578e-01
3.190461099147796631e-01
-8.708562850952148438e-01
-1.050536394119262695e+00
-1.569020301103591919e-01
-5.544622614979743958e-02
-2.095026373863220215e-01
-5.534011870622634888e-03
7.126157730817794800e-02
1.554967164993286133e-01
-1.261709928512573242e-01
4.288613423705101013e-02
-2.303810864686965942e-01
-1.064737290143966675e-01
-1.889085620641708374e-01
1.631275862455368042e-01
1.689323931932449341e-01
2.135097421705722809e-02
2.971829771995544434e-01
1.516399830579757690e-01
-1.084049493074417114e-01
1.544024329632520676e-02
-8.019096218049526215e-03
2.675653668120503426e-03
2.280749566853046417e-02
-1.767322607338428497e-02
-1.068485528230667114e-02
7.740459404885768890e-03
4.835082590579986572e-02
3.087088465690612793e-02
1.047882735729217529e-01
2.930643409490585327e-02
-6.474176794290542603e-02
-1.679823249578475952e-01
-6.985853891819715500e-03
-5.729673057794570923e-02
7.942664623260498047e-02
3.470443561673164368e-02
3.778898343443870544e-02
7.287476956844329834e-02
-2.391639649868011475e-01
-1.153456862084567547e-03
3.284379243850708008e-01
-2.214739285409450531e-02
-1.638289391994476318e-01
7.857182621955871582e-02
1.317968815565109253e-01
1.875392794609069824e-01
-3.327943086624145508e-01
8.311677724123001099e-03
-7.241436839103698730e-02
-3.965672105550765991e-02
-2.882891707122325897e-02
-1.823844760656356812e-02
-5.928460508584976196e-02
-1.853489428758621216e-01
1.583395600318908691e-01
8.372782915830612183e-02
1.013504341244697571e-01
9.250614792108535767e-03
1.118885874748229980e-01
2.681199461221694946e-02
-8.874163776636123657e-02
-7.927124202251434326e-02
-1.098859012126922607e-01
-6.710778921842575073e-02
5.028987303376197815e-02
-9.222248196601867676e-02
2.566741593182086945e-02
6.063417345285415649e-02
3.719266038388013840e-03
-1.045271307229995728e-01
-1.523952484130859375e-01
-8.275235444307327271e-02
-7.220836821943521500e-03
-9.061836451292037964e-02
-1.613865047693252563e-02
-3.833867982029914856e-02
4.870069678872823715e-03
1.540397256612777710e-01
1.071787923574447632e-01
3.837960213422775269e-02
3.332432359457015991e-02
1.732531562447547913e-02
-2.367951348423957825e-02
-2.932145958766341209e-03
5.161688104271888733e-02
-5.914698168635368347e-02
-1.123655121773481369e-02
-1.204079091548919678e-01
3.918704017996788025e-02
1.468314044177532196e-02
2.844075486063957214e-02
8.819510787725448608e-02
-3.990634903311729431e-02
4.367651417851448059e-02
-3.004733880516141653e-04
4.865205287933349609e-02
-1.871749758720397949e-01
3.115007467567920685e-02
1.178713813424110413e-01
4.269730672240257263e-02
1.482457481324672699e-02
-3.006955385208129883e-01
2.035471647977828979e-01
1.981488466262817383e-01
5.872766375541687012e-01
1.509311437606811523e+00
-5.522701144218444824e-01
3.738123476505279541e-01
6.672782897949218750e-01
-5.743900537490844727e-01
7.981564104557037354e-02
-5.086746066808700562e-02
-7.159952819347381592e-02
-2.821524161845445633e-03
1.346326172351837158e-01
1.562259197235107422e-01
-2.344969362020492554e-01
-1.573582552373409271e-02
-8.320458233356475830e-02
-3.397983312606811523e-02
-6.522691994905471802e-02
4.235081002116203308e-02
5.787371471524238586e-02
4.299534112215042114e-02
5.943825468420982361e-02
-7.268873602151870728e-02
5.222353152930736542e-03
-1.080516353249549866e-01
-4.178975149989128113e-02
-2.197833731770515442e-02
-9.724602103233337402e-03
2.595893479883670807e-02
-7.812856137752532959e-02
8.550890535116195679e-02
-9.171391278505325317e-02
-1.076370030641555786e-01
-4.372511804103851318e-02
-3.460895121097564697e-01
-2.678407430648803711e-01
-3.099681735038757324e-01
-7.572322338819503784e-02
-1.784523576498031616e-01
3.163387179374694824e-01
6.260433197021484375e-01
-2.683985605835914612e-02
4.136359989643096924e-01
9.584133513271808624e-03
3.514351695775985718e-02
-4.957088455557823181e-02
-2.736332640051841736e-02
-3.316434100270271301e-02
-3.436834737658500671e-02
2.198723703622817993e-02
9.776245057582855225e-02
-4.262194968760013580e-03
-1.158856973052024841e-01
-8.723741024732589722e-02
-8.981348574161529541e-02
-1.585049368441104889e-02
-2.007852494716644287e-02
-4.330849647521972656e-02
-7.325985282659530640e-02
-9.366000443696975708e-02
1.936935186386108398e-01
5.635420326143503189e-03
-8.690654300153255463e-03
2.415235794615000486e-04
2.145682089030742645e-02
3.043801337480545044e-02
1.255222782492637634e-02
-1.384951546788215637e-02
-2.636734209954738617e-02
-3.925761207938194275e-02
6.505417078733444214e-02
2.733210846781730652e-02
1.610576361417770386e-02
3.745844960212707520e-02
-7.697727531194686890e-02
-3.536235541105270386e-02
-2.792521193623542786e-02
8.561837673187255859e-02
3.545980155467987061e-02
-1.867355033755302429e-02
-6.735905259847640991e-02
-1.993717812001705170e-02
7.608633488416671753e-02
2.434133552014827728e-02
-5.852126702666282654e-02
1.843164674937725067e-02
4.121530801057815552e-02
2.350996881723403931e-01
-2.224425412714481354e-02
-2.608490362763404846e-02
-5.782586336135864258e-02
5.480651929974555969e-02
-2.479670196771621704e-02
1.006659716367721558e-01
8.155860705301165581e-04
5.842172354459762573e-02
6.294533610343933105e-02
-7.706928998231887817e-02
2.623890526592731476e-02
4.441903159022331238e-02
-3.937965258955955505e-03
4.005467891693115234e-02
7.047887891530990601e-02
1.532070338726043701e-02
2.842592820525169373e-02
-1.666740514338016510e-02
2.286743186414241791e-02
6.226467899978160858e-03
-1.846602559089660645e-02
-2.438758686184883118e-02
-3.218990936875343323e-02
-2.094477973878383636e-02
2.990186586976051331e-02
4.661066457629203796e-02
-3.820440918207168579e-02
1.134398765861988068e-02
-1.766904816031455994e-02
5.814017727971076965e-03
-1.926260814070701599e-02
-2.532534487545490265e-02
-1.993867335841059685e-03
-9.221014566719532013e-03
-2.088332735002040863e-02
1.277604419738054276e-02
1.557753514498472214e-02
-5.233666161075234413e-04
2.877776511013507843e-02
3.606843575835227966e-02
9.948488324880599976e-03
-2.406565845012664795e-02
-5.417543649673461914e-02
1.516710966825485229e-02
4.116790369153022766e-03
2.577051147818565369e-02
-2.028164453804492950e-03
-1.561848446726799011e-02
3.946482017636299133e-02
-1.187618239782750607e-03
6.566511094570159912e-02
-1.888585090637207031e-02
-4.842707887291908264e-02
-5.115692690014839172e-02
-1.014843285083770752e-01
-5.622168779373168945e-01
-4.909285157918930054e-02
8.518852293491363525e-02
-4.416458308696746826e-01
2.241619974374771118e-01
6.371545139700174332e-03
1.427399516105651855e-01
-1.382508873939514160e-01
-1.351013481616973877e-01
4.794986918568611145e-02
4.574756324291229248e-02
-1.193198561668395996e-01
2.086672745645046234e-02
-4.312714189291000366e-02
4.057208821177482605e-02
-8.519038558006286621e-02
6.171266362071037292e-02
6.282299757003784180e-03
2.399787679314613342e-02
2.529847808182239532e-02
2.661805367097258568e-03
-3.129221871495246887e-02
1.721784472465515137e-02
-3.960839286446571350e-02
-1.619474589824676514e-02
5.502931401133537292e-02
1.507618813775479794e-03
2.043629810214042664e-02
-2.727649733424186707e-02
-4.797869548201560974e-02
-6.308736652135848999e-02
-4.389163106679916382e-02
-4.614427313208580017e-02
-1.886967755854129791e-02
9.796131635084748268e-04
-6.748969107866287231e-02
1.822732947766780853e-02
3.333986178040504456e-02
4.012494087219238281e-01
-6.764516234397888184e-03
3.717844486236572266e-01
1.948041617870330811e-01
-7.567324489355087280e-02
-8.357626944780349731e-02
4.366942215710878372e-03
3.847856447100639343e-02
-2.451448515057563782e-02
-1.883774413727223873e-03
-2.172854542732238770e-02
-1.691288501024246216e-02
2.316538058221340179e-02
5.157907027751207352e-03
2.692255750298500061e-02
1.477086450904607773e-02
-6.815729662775993347e-03
-9.691018611192703247e-02
9.923308342695236206e-02
-7.914120214991271496e-04
-1.858568191528320312e-02
-6.988164782524108887e-02
-4.487514868378639221e-02
1.677246950566768646e-02
-4.915474355220794678e-02
5.811600014567375183e-02
-4.810696467757225037e-02
1.288864463567733765e-01
-1.608495041728019714e-02
1.139575764536857605e-01
2.594730118289589882e-03
-5.050880089402198792e-02
-3.881809860467910767e-02
1.993927806615829468e-01
3.692552149295806885e-01
-1.037240475416183472e-01
-2.600537985563278198e-02
-1.139624491333961487e-01
-2.446146458387374878e-01
1.465517729520797729e-01
4.147155880928039551e-01
-8.710458129644393921e-02
-8.016880750656127930e-01
3.924231231212615967e-01
-1.512047201395034790e-01
-1.016412019729614258e+00
1.165015771985054016e-01
-9.245030581951141357e-02
-5.647583007812500000e-01
-1.999876499176025391e-01
-5.242733359336853027e-01
-2.118403762578964233e-01
-1.847189217805862427e-01
2.884690761566162109e-01
-2.078490704298019409e-01
9.670098870992660522e-02
1.541638076305389404e-01
-1.291668713092803955e-01
2.244443260133266449e-02
1.663281768560409546e-01
-2.437713891267776489e-01
-8.482930809259414673e-02
-1.674291044473648071e-01
3.009577468037605286e-02
1.926079988479614258e-01
6.711863726377487183e-02
-1.466835737228393555e-01
-1.258394867181777954e-01
-1.843004226684570312e-01
5.535155162215232849e-02
-1.344647025689482689e-03
9.245333820581436157e-02
1.220492795109748840e-01
8.728910237550735474e-02
-1.448260247707366943e-01
-8.188449591398239136e-02
2.077633738517761230e-01
2.480894029140472412e-01
1.264905333518981934e-01
-1.324616670608520508e-01
4.011620208621025085e-02
2.985681407153606415e-02
2.106634974479675293e-01
3.580276295542716980e-02
1.078874766826629639e-01
6.278096884489059448e-02
1.125844866037368774e-01
-1.027926206588745117e-01
-8.004882186651229858e-02
-3.830615058541297913e-02
-2.997441291809082031e-01
5.483723711222410202e-03
1.505428850650787354e-01
-3.366976231336593628e-02
-2.169604226946830750e-02
-5.449346825480461121e-02
-1.302720755338668823e-01
1.433062106370925903e-01
-6.742763519287109375e-02
5.563780292868614197e-02
-5.581890419125556946e-02
-1.280621066689491272e-02
-2.067676931619644165e-02
-1.030124649405479431e-01
1.991768181324005127e-02
-4.668861329555511475e-01
-4.731529951095581055e-01
-2.711816728115081787e-01
1.654451131820678711e+00
-8.956677317619323730e-01
4.385970234870910645e-01
1.137504726648330688e-01
1.058335185050964355e+00
-3.218521177768707275e-02
2.024787068367004395e-01
-1.267120242118835449e-01
5.425770953297615051e-02
-3.543501347303390503e-02
-5.390648543834686279e-02
-5.581094622611999512e-01
-2.916983366012573242e-01
-4.711045622825622559e-01
-3.912753462791442871e-01
1.010519191622734070e-01
-8.928130567073822021e-02
7.980287820100784302e-02
1.429571537300944328e-03
2.180297859013080597e-02
-4.132522270083427429e-02
-1.324407607316970825e-01
1.962941437959671021e-01
4.725563526153564453e-02
-1.983422040939331055e-01
4.472769796848297119e-02
4.073107242584228516e-02
-6.287997961044311523e-02
8.118966221809387207e-02
2.070747017860412598e-01
1.256135851144790649e-02
-5.633211508393287659e-02
-1.820100285112857819e-02
2.955544888973236084e-01
4.568975269794464111e-01
6.802447438240051270e-01
5.067654252052307129e-01
1.165124535560607910e+00
1.024301052093505859e+00
9.305913932621479034e-03
-8.633255362510681152e-01
6.384204626083374023e-01
3.061875887215137482e-02
-7.100000232458114624e-02
-7.813315093517303467e-02
-3.920638933777809143e-03
-2.161168456077575684e-01
1.474727131426334381e-02
-5.678125843405723572e-02
1.083976477384567261e-01
-8.723501861095428467e-02
2.786208093166351318e-01
-2.687692642211914062e-02
1.720279338769614697e-03
-1.574673205614089966e-01
2.816055528819561005e-02
6.846640724688768387e-03
1.255669146776199341e-01
-4.974414035677909851e-02
4.867954552173614502e-02
9.055554121732711792e-02
-1.068307980895042419e-01
-4.164653271436691284e-02
-2.360745711484923959e-04
-5.846519023180007935e-02
-2.854380011558532715e-01
-1.159093435853719711e-02
-4.648718982934951782e-02
1.153816580772399902e-01
3.660167157649993896e-01
1.538594216108322144e-01
2.085498906672000885e-02
-6.334014981985092163e-02
2.416221350431442261e-01
-1.727735847234725952e-01
-3.131978213787078857e-02
3.511206507682800293e-01
-1.295178681612014771e-01
-9.515605568885803223e-01
3.978858590126037598e-01
-6.957630068063735962e-02
1.446895152330398560e-01
-4.187196195125579834e-01
-5.563338398933410645e-01
2.634260952472686768e-01
-4.506883025169372559e-01
4.986537396907806396e-01
5.603455752134323120e-02
2.358513772487640381e-01
1.996765434741973877e-01
-1.841243803501129150e-01
-5.996654182672500610e-02
-1.685716770589351654e-02
-8.122411370277404785e-02
2.001587897539138794e-01
1.106906682252883911e-01
7.203099131584167480e-01
5.130217075347900391e-01
2.387716621160507202e-02
-2.114148736000061035e-01
3.419503569602966309e-01
1.916221529245376587e-01
-5.220002308487892151e-02
-4.137661159038543701e-01
-1.795313358306884766e-01
1.195271462202072144e-01
-5.473386123776435852e-02
1.070392206311225891e-01
2.551499009132385254e-01
1.543691158294677734e-01
5.946791544556617737e-02
-9.737649559974670410e-02
1.291002780199050903e-01
2.980596013367176056e-02
4.090116918087005615e-02
7.158256135880947113e-03
7.975394278764724731e-02
-8.497409522533416748e-02
5.311326310038566589e-02
-3.115065991878509521e-01
-2.036551386117935181e-01
1.666328683495521545e-02
1.772393584251403809e-01
3.081893781200051308e-03
-9.123396128416061401e-02
-1.038424223661422729e-01
-1.929837167263031006e-01
1.082222629338502884e-02
-1.107856929302215576e-01
-5.035968869924545288e-02
2.278426438570022583e-01
1.535070985555648804e-01
-2.447203733026981354e-02
8.601056784391403198e-02
-1.982553862035274506e-02
7.190868258476257324e-02
-5.753514170646667480e-02
1.635858863592147827e-01
-8.104356378316879272e-02
-3.106737434864044189e-01
-3.371124863624572754e-01
1.905553817749023438e+00
-9.818716645240783691e-01
2.494481056928634644e-01
1.949247479438781738e+00
-9.438745379447937012e-01
-1.617414355278015137e+00
-1.152228713035583496e+00
5.514131784439086914e-01
-7.775049209594726562e-01
-1.702588237822055817e-02
-1.569539606571197510e-01
-1.998979747295379639e-01
-4.337254762649536133e-01
-1.701362431049346924e-01
4.777476489543914795e-01
2.957665733993053436e-02
2.134384959936141968e-01
-1.157613620162010193e-01
-3.006679005920886993e-03
8.834182471036911011e-02
-7.924275100231170654e-02
-1.107131540775299072e-01
1.435409933328628540e-01
-2.324313372373580933e-01
-3.662877157330513000e-02
1.304942518472671509e-01
-1.462643146514892578e-01
1.073856800794601440e-01
-2.288410663604736328e-01
-1.951971203088760376e-01
3.491646051406860352e-01
-8.791214227676391602e-02
-6.489795446395874023e-02
2.509599626064300537e-01
-5.294266343116760254e-01
6.601383537054061890e-02
1.660934448242187500e+00
2.223590016365051270e-01
-7.860524058341979980e-01
1.098339796066284180e+00
-2.220927774906158447e-01
-5.773708224296569824e-01
1.096607804298400879e+00
9.726557731628417969e-01
-6.335273981094360352e-01
1.059779822826385498e-01
-1.333304494619369507e-01
6.418250501155853271e-02
-5.427940282970666885e-03
1.310975253582000732e-01
-2.134975194931030273e-01
-3.976079449057579041e-02
-1.315006315708160400e-01
9.316524863243103027e-02
-1.663712263107299805e-01
1.465375572443008423e-01
-4.219764098525047302e-02
-1.189245432615280151e-01
5.106656998395919800e-02
-1.497606486082077026e-01
-2.247237414121627808e-01
-1.477736234664916992e-01
3.468952476978302002e-01
2.235684171319007874e-02
5.795225966721773148e-03
-3.961411304771900177e-03
-2.836452331393957138e-03
5.355348810553550720e-03
-1.140586007386445999e-02
2.265624515712261200e-02
6.765523925423622131e-03
-1.312759704887866974e-02
-1.236938405781984329e-02
4.232215695083141327e-03
4.255084320902824402e-02
1.839037798345088959e-02
4.168215021491050720e-02
-3.235264495015144348e-02
-4.292439296841621399e-02
-5.119327455759048462e-02
-8.142694830894470215e-03
7.138070464134216309e-02
6.086790934205055237e-02
-8.617807924747467041e-02
1.293093264102935791e-01
5.024908110499382019e-02
-2.407758124172687531e-02
2.280181972309947014e-03
6.030458584427833557e-02
-8.367235213518142700e-02
5.098600685596466064e-02
-5.540696531534194946e-02
1.050336845219135284e-02
-1.795002259314060211e-02
4.308941587805747986e-02
-6.443617399781942368e-03
1.464005000889301300e-02
-5.229721311479806900e-03
-6.923954188823699951e-02
-2.714811265468597412e-02
4.466696083545684814e-02
-2.054368518292903900e-02
-4.561326932162046432e-03
1.154712587594985962e-02
-4.364953190088272095e-02
-5.507344752550125122e-02
6.324424594640731812e-02
3.311682865023612976e-02
3.537181473802775145e-04
-1.292881090193986893e-02
1.188303995877504349e-02
2.796103246510028839e-02
-8.215743117034435272e-03
2.656457014381885529e-02
-2.145719900727272034e-02
1.471657399088144302e-02
2.284521423280239105e-02
-1.511693187057971954e-02
-8.186039514839649200e-03
-1.171619538217782974e-02
2.641078829765319824e-02
-1.993468031287193298e-02
-2.179259806871414185e-02
-2.505332231521606445e-02
-2.652803435921669006e-02
-2.403991855680942535e-02
1.436047442257404327e-02
1.255213562399148941e-02
9.623040445148944855e-03
-3.899428527802228928e-03
-1.518637035042047501e-02
-1.214122772216796875e-02
1.427437085658311844e-02
-1.012348569929599762e-02
-5.116710439324378967e-03
-2.334533631801605225e-02
4.263927228748798370e-03
8.388238027691841125e-03
1.464800792746245861e-03
-4.068664461374282837e-02
-3.391276672482490540e-02
-6.324048154056072235e-04
1.933467388153076172e-02
-2.769563533365726471e-02
-1.844198629260063171e-02
8.562563359737396240e-02
1.046147868037223816e-01
-9.106251597404479980e-02
2.728257328271865845e-02
1.386704295873641968e-01
1.570687592029571533e-01
-2.488094866275787354e-01
2.300329208374023438e-01
8.049906790256500244e-02
-1.066021900624036789e-02
1.131719797849655151e-01
-8.539040572941303253e-03
5.108264833688735962e-02
-5.252478271722793579e-02
6.811303645372390747e-02
4.666789248585700989e-02
-6.747154891490936279e-02
-3.604520461522042751e-04
2.634686790406703949e-02
-2.213407540693879128e-03
-2.121360786259174347e-02
-2.953595109283924103e-02
3.554754704236984253e-02
1.799881272017955780e-02
-1.169020496308803558e-02
3.065366763621568680e-03
2.241907175630331039e-03
1.965463161468505859e-03
5.020120181143283844e-03
-2.252703532576560974e-02
6.042657769285142422e-04
-5.558143835514783859e-03
2.640164922922849655e-03
1.331154815852642059e-02
6.785767618566751480e-03
-2.924035787582397461e-01
7.446970790624618530e-02
-9.288005530834197998e-02
-1.016654539853334427e-03
-1.186593025922775269e-01
-2.862559445202350616e-02
-1.149529665708541870e-01
-1.311647007241845131e-03
1.608267277479171753e-01
1.773173734545707703e-02
-2.551911026239395142e-02
-2.179293520748615265e-02
3.380243852734565735e-02
1.818686909973621368e-02
-6.677306257188320160e-03
-5.617440678179264069e-03
4.962427541613578796e-03
1.176338829100131989e-02
3.090819343924522400e-03
-5.143753439188003540e-02
-3.505869954824447632e-02
-1.813241862691938877e-03
1.837308704853057861e-02
-1.183335483074188232e-02
3.403272852301597595e-02
-4.314908012747764587e-02
2.177765220403671265e-02
-1.308898534625768661e-02
4.440539050847291946e-03
5.000380426645278931e-02
-3.833944723010063171e-02
4.106167703866958618e-02
-1.896970160305500031e-02
-1.089516468346118927e-02
-3.305200114846229553e-02
-2.262116782367229462e-02
-1.052552461624145508e-01
-1.926358416676521301e-02
-2.143797464668750763e-02
-8.306186646223068237e-02
2.569272741675376892e-02
6.080666929483413696e-02
-1.109226718544960022e-01
2.364589832723140717e-02
-3.016824834048748016e-02
-3.784182667732238770e-02
-1.745522394776344299e-02
-1.271761953830718994e-01
-3.771149739623069763e-02
8.583784801885485649e-04
-1.379867829382419586e-02
-2.394988946616649628e-02
9.036833792924880981e-02
-7.203207165002822876e-02
1.633410900831222534e-02
2.869667112827301025e-02
-2.456876076757907867e-02
-1.483245380222797394e-02
-7.480117958039045334e-03
1.098774559795856476e-02
-4.028540104627609253e-02
2.980477549135684967e-02
-7.513542473316192627e-02
6.748204585164785385e-03
-5.454538762569427490e-02
-1.006656140089035034e-01
-3.998456150293350220e-02
1.114422827959060669e-02
-2.903117425739765167e-02
2.941258437931537628e-02
-6.552971899509429932e-02
-8.017038553953170776e-02
-1.428751554340124130e-02
-2.018918842077255249e-02
1.995244435966014862e-02
8.811718784272670746e-03
-3.159081563353538513e-02
3.910432383418083191e-02
-2.923295088112354279e-02
-4.471306502819061279e-02
1.677405647933483124e-02
4.358235001564025879e-02
3.386053815484046936e-02
4.228548705577850342e-02
-6.902868859469890594e-03
2.398766949772834778e-02
3.326246514916419983e-03
1.997735165059566498e-02
-1.643791981041431427e-02
-2.925517782568931580e-02
-2.518803440034389496e-02
-1.629743166267871857e-02
-1.034338586032390594e-02
-7.730135228484869003e-03
1.179585792124271393e-02
6.040539219975471497e-02
3.489007800817489624e-02
-9.189171716570854187e-03
1.629119366407394409e-02
1.231341995298862457e-02
1.514468900859355927e-02
5.965039134025573730e-02
-3.166074678301811218e-02
4.573056846857070923e-02
2.548929862678050995e-02
2.540047466754913330e-02
-8.845886588096618652e-02
-1.000370904803276062e-01
2.185661047697067261e-01
-5.118011832237243652e-01
3.056313395500183105e-01
4.766561090946197510e-01
-2.514445967972278595e-02
-1.590466946363449097e-01
3.443583250045776367e-01
1.832387000322341919e-01
-9.314877912402153015e-03
1.624979637563228607e-02
-1.732190102338790894e-01
1.043712347745895386e-01
3.699371591210365295e-02
-2.340401150286197662e-02
4.133246093988418579e-02
9.180871769785881042e-03
9.551762044429779053e-02
6.980699300765991211e-02
-4.706959053874015808e-02
-7.725538685917854309e-03
-1.689645834267139435e-02
6.279486697167158127e-03
-2.876152656972408295e-02
1.543964445590972900e-02
-5.938118323683738708e-02
5.839598178863525391e-02
-1.357060391455888748e-02
1.150651723146438599e-01
1.521936058998107910e-02
-3.228293964639306068e-03
-3.051214106380939484e-02
1.989271305501461029e-02
1.902155578136444092e-02
1.060999035835266113e-01
-4.698853008449077606e-03
-2.296930551528930664e-02
1.175864413380622864e-01
-1.240285411477088928e-01
-9.728497266769409180e-02
3.360686898231506348e-01
-2.276818156242370605e-01
2.294277101755142212e-01
3.282050192356109619e-01
1.048602610826492310e-01
-8.073380449786782265e-04
-4.432130232453346252e-02
-3.967737779021263123e-02
3.883622959256172180e-02
-1.291341334581375122e-02
3.168131515849381685e-04
3.283573687076568604e-02
-5.277188867330551147e-02
2.430473268032073975e-02
-3.827719762921333313e-02
8.487720787525177002e-02
7.215704303234815598e-03
7.393041998147964478e-02
5.852112546563148499e-02
-2.848694799467921257e-03
3.549229353666305542e-02
6.135594472289085388e-02
9.255298413336277008e-03
-3.942932188510894775e-02
-3.751159831881523132e-02
7.212985306978225708e-02
3.888101130723953247e-02
-2.548636682331562042e-02
-8.044880628585815430e-02
-4.809182882308959961e-02
-6.166232749819755554e-02
2.982298377901315689e-03
-7.715030759572982788e-02
-9.352716058492660522e-02
-1.246104314923286438e-01
5.958443973213434219e-03
-3.945818915963172913e-02
-6.412097811698913574e-02
-5.186084657907485962e-03
-3.483550995588302612e-02
5.547530949115753174e-02
-3.542108694091439247e-03
-3.574201762676239014e-01
-2.247595041990280151e-01
-4.099981114268302917e-02
1.490887850522994995e-01
-1.375105381011962891e-01
-9.541401267051696777e-02
3.575246334075927734e-01
-3.292991220951080322e-01
2.503601610660552979e-01
5.151258781552314758e-02
-5.815747007727622986e-02
8.288123458623886108e-02
4.736196622252464294e-02
-3.845265507698059082e-02
6.028950586915016174e-02
3.853636607527732849e-02
5.422244220972061157e-02
-4.687707871198654175e-02
5.370016768574714661e-02
1.215400025248527527e-01
-1.174885779619216919e-01
1.861287951469421387e-01
8.943830430507659912e-02
1.159418523311614990e-01
-2.396758645772933960e-02
-4.673064872622489929e-02
-5.229117348790168762e-02
-1.595545187592506409e-02
-4.595237597823143005e-02
8.472647517919540405e-02
6.011446565389633179e-02
-2.258139848709106445e-02
1.119597926735877991e-01
7.607865612953901291e-03
-5.763613432645797729e-02
3.368656337261199951e-02
4.682959243655204773e-02
-8.216118812561035156e-02
7.456602156162261963e-02
4.823042452335357666e-02
-2.503390610218048096e-02
-4.592158272862434387e-02
5.770847573876380920e-02
-4.913906753063201904e-02
-5.635901167988777161e-02
-7.322628051042556763e-02
6.902422010898590088e-02
3.674202412366867065e-02
-8.040179312229156494e-02
-3.341538459062576294e-02
7.668197154998779297e-03
1.208246592432260513e-02
7.810903340578079224e-02
-2.131015248596668243e-02
1.281040012836456299e-01
-4.124497994780540466e-03
7.092902064323425293e-02
1.981476135551929474e-02
-2.571329846978187561e-02
7.705458998680114746e-02
-3.389742923900485039e-03
-1.476721763610839844e-01
-2.668196801096200943e-03
-8.539751172065734863e-01
-7.642553448677062988e-01
-2.848168611526489258e-01
1.033716052770614624e-01
2.249113768339157104e-01
-9.826480150222778320e-01
5.797911435365676880e-02
5.707348510622978210e-02
4.634041488170623779e-01
-1.379064172506332397e-01
7.121188193559646606e-02
1.094785705208778381e-01
-2.940313816070556641e-01
-3.028681036084890366e-03
1.358196437358856201e-01
3.497524932026863098e-02
-1.529598236083984375e-01
3.965826332569122314e-02
-3.664481639862060547e-02
1.203891821205615997e-02
1.049013510346412659e-01
5.900339037179946899e-02
5.026157945394515991e-02
-6.767530739307403564e-02
1.079262886196374893e-02
1.181734260171651840e-03
1.577171310782432556e-02
-3.741750866174697876e-02
-8.323071897029876709e-02
2.871750295162200928e-02
2.856805361807346344e-02
5.366577580571174622e-02
-1.632426516152918339e-03
2.062992565333843231e-02
-2.809668704867362976e-02
-6.917527318000793457e-02
-7.197961211204528809e-02
2.565706968307495117e-01
-1.962376385927200317e-01
5.048695486038923264e-03
-3.722291588783264160e-01
1.853665709495544434e-01
-1.203268840909004211e-01
-1.969757825136184692e-01
-3.721616929396986961e-03
3.226375579833984375e-02
-9.421548992395401001e-02
3.689064085483551025e-02
2.513095363974571228e-02
-3.503875434398651123e-02
-1.738907024264335632e-02
3.409253060817718506e-02
-9.929071180522441864e-03
-8.825975470244884491e-03
7.479760050773620605e-02
4.705592244863510132e-02
4.476900026202201843e-02
-1.848136633634567261e-02
-2.115336246788501740e-02
1.264115516096353531e-02
1.044543683528900146e-01
8.389512076973915100e-03
-9.929548949003219604e-02
9.597230702638626099e-03
4.381345584988594055e-03
-6.501010805368423462e-02
5.733208730816841125e-02
6.678521633148193359e-03
-1.983846165239810944e-02
-2.788480836898088455e-03
-2.991565689444541931e-02
3.278646245598793030e-02
-9.007932990789413452e-02
-1.614609807729721069e-01
-7.656475156545639038e-02
5.585225299000740051e-02
1.146177202463150024e-01
6.611757725477218628e-02
-2.569370158016681671e-02
-3.045143187046051025e-02
-5.712694674730300903e-02
-2.274781316518783569e-01
7.793711870908737183e-02
-5.252371728420257568e-02
-4.643184319138526917e-02
-2.611109521239995956e-03
2.468891628086566925e-02
-5.777606368064880371e-02
-1.091033145785331726e-01
8.200973272323608398e-02
-6.778553873300552368e-02
-3.265434503555297852e-02
1.156692281365394592e-01
5.329166352748870850e-02
-4.690144211053848267e-02
-3.230593726038932800e-02
-2.914724126458168030e-02
9.969066828489303589e-03
-8.863350376486778259e-03
-2.437686547636985779e-02
4.317451268434524536e-02
-3.217408061027526855e-02
5.566186457872390747e-02
5.349912121891975403e-02
9.636387228965759277e-02
-7.336613535881042480e-02
-2.541602402925491333e-02
-2.293995209038257599e-02
-1.043037176132202148e-01
-1.408839412033557892e-02
1.400794554501771927e-02
3.627284988760948181e-02
2.305357903242111206e-02
-5.870075151324272156e-02
8.901556022465229034e-03
-1.173361577093601227e-02
1.693882420659065247e-02
5.854162201285362244e-02
-5.195236578583717346e-02
3.044768981635570526e-02
-1.690303906798362732e-02
-3.001484274864196777e-02
-3.466307651251554489e-03
-4.118800908327102661e-02
-1.444583106786012650e-02
4.591811820864677429e-02
-5.140091478824615479e-02
3.701645135879516602e-02
6.451900303363800049e-02
-1.126405331888236105e-04
-4.715212807059288025e-02
-5.961503833532333374e-02
-3.094156738370656967e-03
-1.092427689582109451e-02
-4.165911301970481873e-02
5.899784341454505920e-02
5.576548725366592407e-02
2.790643833577632904e-02
-7.505676895380020142e-02
-3.901536017656326294e-02
-6.373518705368041992e-02
-1.316824555397033691e-01
-4.484068602323532104e-02
-7.656197249889373779e-02
-1.428795158863067627e-01
-1.740054935216903687e-01
-5.786044597625732422e-01
-3.368039131164550781e-01
3.807953894138336182e-01
1.624150425195693970e-01
5.274802446365356445e-01
-5.435366928577423096e-02
2.452861070632934570e-01
1.542673539370298386e-02
5.626522004604339600e-02
-1.801091805100440979e-02
1.494881659746170044e-01
4.811101406812667847e-02
-1.787156760692596436e-01
-8.920973539352416992e-02
1.329884678125381470e-01
1.217221934348344803e-02
1.260227337479591370e-02
-2.938952483236789703e-02
2.382316999137401581e-02
-2.012068033218383789e-02
-3.077623620629310608e-02
1.877092383801937103e-02
3.599801287055015564e-02
5.700809881091117859e-02
3.932839632034301758e-02
-4.371035471558570862e-02
2.103307517245411873e-03
-1.285115722566843033e-02
-6.514437496662139893e-02
-3.914533555507659912e-02
3.920320793986320496e-02
3.495340049266815186e-02
3.457728773355484009e-02
1.763351634144783020e-02
-1.715844869613647461e-01
3.484978377819061279e-01
-3.506427705287933350e-01
-1.728476285934448242e-01
2.645097672939300537e-01
-3.133773207664489746e-01
5.613733828067779541e-02
3.236559927463531494e-01
-2.988260686397552490e-01
-1.776884868741035461e-02
-1.417810469865798950e-02
-1.125645637512207031e-02
-1.935838349163532257e-02
-4.162763059139251709e-02
2.396924421191215515e-02
6.010033935308456421e-02
-1.530691981315612793e-02
2.184241265058517456e-02
-2.439011819660663605e-02
8.586800843477249146e-02
-3.917676210403442383e-02
-3.966800495982170105e-02
-7.539363950490951538e-02
-2.648231573402881622e-03
-1.309407949447631836e-01
-2.457324974238872528e-02
3.869095118716359138e-03
-3.220358863472938538e-02
-1.014161575585603714e-02
4.273931309580802917e-02
-5.155594274401664734e-02
7.273279596120119095e-03
6.603255867958068848e-02
8.684165775775909424e-02
-7.694286108016967773e-02
-4.571795463562011719e-02
9.439123421907424927e-02
1.575848609209060669e-01
2.043260633945465088e-01
-2.088437527418136597e-01
1.022487133741378784e-01
1.278816759586334229e-01
-2.026795037090778351e-02
-2.217874489724636078e-02
2.098286449909210205e-01
-1.418638508766889572e-02
-3.555379807949066162e-01
-1.823342740535736084e-01
-1.229844018816947937e-01
-1.364268511533737183e-01
-6.795071531087160110e-03
2.262272685766220093e-01
5.715378522872924805e-01
2.993680238723754883e-01
9.937065839767456055e-02
1.071901097893714905e-01
-4.018435180187225342e-01
-2.328817173838615417e-02
-3.668987452983856201e-01
1.644989401102066040e-01
-1.151745095849037170e-01
-5.858934670686721802e-02
-8.308678120374679565e-02
-1.023941673338413239e-02
-6.205840781331062317e-02
-7.739273458719253540e-02
1.847341656684875488e-01
2.217634469270706177e-01
-4.140312783420085907e-03
3.009737133979797363e-01
1.433123946189880371e-01
-1.040767356753349304e-01
-3.144414396956562996e-03
-1.532213483005762100e-02
6.055263802409172058e-03
-5.323736369609832764e-02
-2.047617547214031219e-02
6.070801056921482086e-03
1.045437995344400406e-02
2.158188074827194214e-02
-6.682685762643814087e-02
1.999717578291893005e-02
-8.503079414367675781e-02
-6.444220989942550659e-02
5.445994064211845398e-02
-1.739628263749182224e-03
3.587111830711364746e-02
-1.785852015018463135e-03
2.383336797356605530e-02
3.877460584044456482e-02
1.379304099828004837e-02
-1.263089030981063843e-01
-3.495599329471588135e-02
9.575208649039268494e-03
5.561074614524841309e-02
1.485485024750232697e-02
5.638244375586509705e-02
7.198316603899002075e-02
-1.247618198394775391e-01
4.678738862276077271e-02
7.287374883890151978e-02
-6.956093478947877884e-03
1.330542564392089844e-01
-3.686520829796791077e-02
4.855935275554656982e-02
-4.852494969964027405e-02
-2.503839135169982910e-02
-3.103301860392093658e-02
1.216035127639770508e+00
-3.710565268993377686e-01
1.183784008026123047e+00
-6.570091843605041504e-01
-1.013435646891593933e-01
3.989783823490142822e-01
-5.760711431503295898e-01
-5.290998220443725586e-01
-1.111427903175354004e+00
-1.684848219156265259e-01
3.818562030792236328e-01
1.011329293251037598e-01
5.367301404476165771e-02
-2.862977981567382812e-01
-8.299782127141952515e-02
-4.675812423229217529e-01
1.658507138490676880e-01
-7.500899583101272583e-02
-3.422642499208450317e-02
-7.288942486047744751e-02
1.204585060477256775e-01
-8.687462657690048218e-02
1.330779641866683960e-01
-6.186471134424209595e-02
-2.012941986322402954e-02
-1.047568209469318390e-02
7.250439375638961792e-02
-9.693770855665206909e-02
8.566615730524063110e-02
4.159724339842796326e-02
-2.278028279542922974e-01
-1.182368174195289612e-01
-9.629310108721256256e-03
-6.570404022932052612e-02
7.258504629135131836e-02
3.171476768329739571e-03
3.047728911042213440e-03
5.216158926486968994e-03
-3.755475878715515137e-01
-3.431243598461151123e-01
-3.666868507862091064e-01
-5.388879776000976562e-01
-3.956426084041595459e-01
-1.073667049407958984e+00
-5.141138434410095215e-01
7.283853739500045776e-02
5.351420957595109940e-03
-3.138338774442672729e-02
5.529925972223281860e-02
-3.768881410360336304e-02
5.728537589311599731e-02
-7.180213928222656250e-02
1.080184709280729294e-02
4.446380212903022766e-02
1.268939524888992310e-01
5.837704520672559738e-03
-2.847151644527912140e-02
-1.195643395185470581e-01
1.019309088587760925e-01
-2.963156811892986298e-02
5.060552060604095459e-02
3.729655593633651733e-02
1.392936799675226212e-02
-1.680514588952064514e-02
-1.669125631451606750e-02
1.671042665839195251e-02
6.273263599723577499e-03
3.225337341427803040e-02
-5.056279711425304413e-03
4.042332991957664490e-02
-3.944818302989006042e-02
-2.021235600113868713e-02
-1.192374713718891144e-02
-1.680725812911987305e-01
1.002672389149665833e-01
-6.930755823850631714e-02
-1.040791273117065430e-01
2.431298978626728058e-02
-9.801774471998214722e-02
9.560492821037769318e-03
4.003063216805458069e-02
3.486014902591705322e-01
-3.433679044246673584e-02
-1.447464432567358017e-02
-8.092720061540603638e-02
3.484924510121345520e-02
-8.721826598048210144e-03
-2.258099615573883057e-01
-1.232644021511077881e-01
-2.856002151966094971e-01
4.694004729390144348e-02
2.909779176115989685e-02
-6.279028952121734619e-03
-1.033977419137954712e-02
8.461660146713256836e-02
6.912572775036096573e-03
8.263310417532920837e-03
7.337609678506851196e-02
3.236507298424839973e-03
8.118025027215480804e-03
1.966467350721359253e-01
1.182820945978164673e-01
-1.492237150669097900e-01
-8.799156546592712402e-02
2.533891797065734863e-01
1.932854019105434418e-02
-1.098353601992130280e-02
-6.581436842679977417e-02
-9.320736862719058990e-03
5.278998613357543945e-02
-5.517711862921714783e-02
4.718434810638427734e-02
1.462268922477960587e-02
4.765942692756652832e-03
2.290289476513862610e-02
-1.959976926445960999e-02
2.847750857472419739e-02
7.962550222873687744e-02
5.774652957916259766e-02
2.070903964340686798e-02
6.145654991269111633e-02
6.260452792048454285e-04
-4.350326210260391235e-02
5.537585355341434479e-03
3.723145648837089539e-02
-3.283846005797386169e-02
2.899373508989810944e-02
2.157255820930004120e-02
2.349899336695671082e-02
2.571902610361576080e-02
-2.064309827983379364e-02
1.076176390051841736e-01
7.885867357254028320e-02
-9.419640898704528809e-02
6.319312006235122681e-02
2.411168068647384644e-02
1.727321930229663849e-02
4.604940116405487061e-02
-4.234756156802177429e-02
3.925643861293792725e-02
-3.729286044836044312e-02
1.159708574414253235e-02
-5.015481263399124146e-02
-1.375995855778455734e-02
-5.699868798255920410e-01
-1.150155067443847656e+00
-5.196326971054077148e-01
1.604088246822357178e-01
-5.299297571182250977e-01
-4.959738552570343018e-01
1.230463907122612000e-01
3.527155518531799316e-01
-1.531935632228851318e-01
-4.111675620079040527e-01
3.005675412714481354e-02
1.193651184439659119e-01
-1.245041638612747192e-01
2.646078169345855713e-01
-2.237560451030731201e-01
1.646185517311096191e-01
-9.153405576944351196e-02
-1.035521402955055237e-01
-7.746618241071701050e-02
1.385511551052331924e-02
-4.100266844034194946e-02
-4.644906148314476013e-02
-1.497118500992655754e-03
-9.635393321514129639e-02
2.310615964233875275e-02
-9.105235221795737743e-04
-1.989209651947021484e-02
-6.016363576054573059e-02
-1.062769815325737000e-01
-6.590322591364383698e-03
2.554610930383205414e-02
7.333826273679733276e-02
6.625937670469284058e-02
-6.979098916053771973e-02
5.061264708638191223e-02
7.887297868728637695e-02
-6.310114264488220215e-02
3.120690882205963135e-01
3.516529500484466553e-01
-1.599223725497722626e-02
-1.112109795212745667e-01
7.524955272674560547e-02
-1.407381296157836914e-01
3.467395305633544922e-01
-3.112895488739013672e-01
8.254162967205047607e-02
-1.367136742919683456e-02
-4.758083820343017578e-02
2.223148569464683533e-02
7.893161475658416748e-02
6.296842545270919800e-02
-2.182947285473346710e-02
7.984028011560440063e-02
-4.061646014451980591e-02
1.623475402593612671e-01
-2.680845744907855988e-02
8.797238022089004517e-02
-2.129891328513622284e-02
1.294994652271270752e-01
2.226513810455799103e-02
-7.305761426687240601e-02
1.597534120082855225e-02
-5.207177996635437012e-02
-7.974428683519363403e-02
-5.318456329405307770e-03
-1.245259214192628860e-02
-5.258905515074729919e-02
8.551568537950515747e-02
1.890302170068025589e-03
-2.765021659433841705e-02
5.286197364330291748e-02
-3.936658427119255066e-02
6.826030462980270386e-02
1.772372871637344360e-01
-7.769948244094848633e-02
1.261693537235260010e-01
-1.421995908021926880e-01
-1.344860065728425980e-02
-9.540275204926729202e-04
-2.242032736539840698e-01
6.176025792956352234e-02
2.141907811164855957e-01
1.114941984415054321e-01
1.781989820301532745e-02
-7.356103509664535522e-02
-2.518018186092376709e-01
-5.716799572110176086e-02
2.594598829746246338e-01
-1.896335929632186890e-02
1.492131054401397705e-01
-1.937087029218673706e-01
1.953971683979034424e-01
-1.104413494467735291e-01
1.227563023567199707e-01
1.495039463043212891e-01
8.850546926259994507e-02
-1.341452151536941528e-01
-1.052210479974746704e-01
-2.193671278655529022e-02
-1.815637797117233276e-01
1.798779219388961792e-01
-2.166942954063415527e-01
7.292053103446960449e-02
1.450345963239669800e-01
-3.000377118587493896e-02
-1.398344524204730988e-02
3.488990664482116699e-02
-7.412719726562500000e-02
-2.444791048765182495e-02
-5.436921119689941406e-02
-3.376827761530876160e-02
3.802210837602615356e-02
-3.812958672642707825e-02
-2.713306061923503876e-02
1.373068243265151978e-02
7.746651023626327515e-02
1.444613039493560791e-01
9.374576807022094727e-02
4.408788308501243591e-02
-1.478033419698476791e-02
1.018215939402580261e-01
6.627710070461034775e-03
4.915039613842964172e-02
2.607895247638225555e-02
-6.196812912821769714e-02
8.685098588466644287e-02
-1.242602840065956116e-01
-1.035387143492698669e-01
2.987112663686275482e-02
-1.838838309049606323e-01
4.027465730905532837e-02
1.469436436891555786e-01
6.617463380098342896e-02
-6.615087389945983887e-02
6.484863162040710449e-02
6.808370351791381836e-02
4.243234638124704361e-03
-5.804086849093437195e-02
-5.357500910758972168e-02
-1.695894263684749603e-02
1.184811145067214966e-01
-3.290094435214996338e-02
-1.376167386770248413e-01
8.384462445974349976e-02
-3.583434522151947021e-01
-8.054848313331604004e-01
3.191204071044921875e-01
-5.960576534271240234e-01
-6.608302593231201172e-01
-6.981157660484313965e-01
-3.808124959468841553e-01
-2.852646075189113617e-02
-4.016102254390716553e-01
2.154613137245178223e-01
-3.997581079602241516e-02
-6.605097651481628418e-02
1.693553775548934937e-01
-5.703394860029220581e-02
-2.717168331146240234e-01
-1.261146366596221924e-01
-1.820751577615737915e-01
-2.481615096330642700e-01
-6.848612334579229355e-03
-5.492163076996803284e-02
-8.554807305335998535e-02
-1.476266700774431229e-02
4.639701172709465027e-02
-7.088052481412887573e-02
1.020915359258651733e-01
-2.414143830537796021e-02
-3.937010467052459717e-02
-8.023012429475784302e-02
-3.759946674108505249e-03
-1.314006596803665161e-01
-1.007013246417045593e-01
4.799597337841987610e-02
-5.990625545382499695e-02
-1.189215201884508133e-02
2.341769821941852570e-02
5.845937877893447876e-02
4.643785953521728516e-01
4.572928547859191895e-01
4.471632465720176697e-02
2.599924206733703613e-01
-2.693940326571464539e-02
1.915209889411926270e-01
3.355762064456939697e-01
2.679571509361267090e-01
-4.167467728257179260e-02
-2.216854598373174667e-03
-3.942454233765602112e-02
-8.995907753705978394e-02
7.704712450504302979e-02
3.499853983521461487e-02
-4.544076696038246155e-02
2.127259969711303711e-03
1.095932871103286743e-01
6.922923028469085693e-02
5.717188864946365356e-02
1.406493782997131348e-01
4.457184672355651855e-02
-7.459927350282669067e-02
5.420922860503196716e-02
-6.088993698358535767e-02
-9.367226809263229370e-02
-5.461574718356132507e-02
-1.640466749668121338e-01
7.441589981317520142e-02
1.423941925168037415e-02
-1.144494768232107162e-02
4.072225093841552734e-02
1.410612743347883224e-02
-5.312599707394838333e-03
-1.751469634473323822e-02
-6.073176488280296326e-02
-3.743906691670417786e-02
-4.166229069232940674e-02
-1.010627076029777527e-01
-5.386162549257278442e-02
6.820150651037693024e-03
4.139568191021680832e-03
5.238951183855533600e-03
-2.472602529451251030e-03
-5.548405274748802185e-02
7.981294393539428711e-02
6.982889026403427124e-02
4.689033702015876770e-02
-4.312168061733245850e-02
-1.333674043416976929e-01
4.843082744628190994e-03
9.021518379449844360e-02
-1.086383461952209473e-01
1.744938641786575317e-01
-6.896989047527313232e-02
8.296690881252288818e-02
-1.965727098286151886e-02
-4.280950501561164856e-02
-8.610802888870239258e-02
8.544927462935447693e-03
3.293188661336898804e-02
-4.674749821424484253e-02
5.596339702606201172e-03
1.254197116941213608e-02
9.776905924081802368e-02
9.838617593050003052e-02
1.447673770599067211e-03
-1.044599488377571106e-01
-5.355535075068473816e-03
7.529991120100021362e-02
9.709498845040798187e-03
-7.060632854700088501e-02
4.308091476559638977e-02
1.019323617219924927e-01
-5.952589586377143860e-02
2.260375395417213440e-02
4.197713360190391541e-02
1.574753434397280216e-03
-2.819767594337463379e-02
-3.236129134893417358e-02
1.875590905547142029e-02
2.719053812325000763e-02
3.397454693913459778e-02
-7.726832479238510132e-02
9.540609084069728851e-03
-6.990402191877365112e-02
-1.645361073315143585e-02
9.706601849757134914e-04
4.196593537926673889e-02
1.313531119376420975e-02
3.795499727129936218e-02
1.709593459963798523e-02
-1.911441911943256855e-03
8.162640780210494995e-02
-4.046555235981941223e-02
-1.416609436273574829e-02
-3.837826102972030640e-02
9.909830987453460693e-03
1.152167376130819321e-02
-8.207319676876068115e-02
6.028164550662040710e-02
2.604641765356063843e-02
-5.179907754063606262e-02
7.606346160173416138e-02
-7.211041450500488281e-02
-8.494909852743148804e-03
6.246170401573181152e-02
5.164240021258592606e-03
-3.505108132958412170e-02
1.260912716388702393e-01
1.487213373184204102e-01
-6.461337804794311523e-01
6.860291957855224609e-02
3.905072212219238281e-01
1.828584372997283936e-01
-1.227935962378978729e-02
-6.887622475624084473e-01
-3.533440530300140381e-01
-4.381269589066505432e-02
-9.041410684585571289e-02
5.042174458503723145e-02
-3.301107510924339294e-02
-5.939577892422676086e-02
1.259364485740661621e-01
-5.027071759104728699e-02
-4.065172746777534485e-02
3.041275031864643097e-02
2.995518408715724945e-02
4.213245958089828491e-02
-4.681598395109176636e-02
1.212774682790040970e-02
-4.513745754957199097e-02
-1.013473141938447952e-02
-7.410444319248199463e-02
-3.224370628595352173e-02
6.533011049032211304e-02
-1.023536920547485352e-02
-6.959577649831771851e-02
-2.369644353166222572e-03
-1.334241870790719986e-02
5.920447409152984619e-03
2.377165481448173523e-02
-3.195892646908760071e-02
-6.201817840337753296e-02
1.266715675592422485e-02
-2.210379391908645630e-01
-1.317833214998245239e-01
-2.452895343303680420e-01
6.093950867652893066e-01
3.581763207912445068e-01
2.445864826440811157e-01
-5.402439236640930176e-01
-1.308560222387313843e-01
-2.079192399978637695e-01
-5.829565227031707764e-02
-3.228614479303359985e-02
3.022807464003562927e-02
7.987305521965026855e-02
-6.667968351393938065e-03
-2.523858845233917236e-02
2.403343329206109047e-03
-2.406111732125282288e-02
1.280255336314439774e-02
-4.432737827301025391e-02
2.847117558121681213e-02
3.010741807520389557e-02
4.921650514006614685e-02
-3.861193312332034111e-03
1.167382206767797470e-02
-3.909987956285476685e-02
1.136991474777460098e-02
1.131127309054136276e-02
2.081050910055637360e-02
3.055237466469407082e-03
3.291968256235122681e-03
-3.602311946451663971e-03
-6.371109746396541595e-03
-8.778723888099193573e-03
-1.141160633414983749e-02
2.611557254567742348e-03
6.494729779660701752e-03
-1.484437007457017899e-02
-1.508005894720554352e-02
2.395540475845336914e-02
1.119640283286571503e-02
2.051652409136295319e-02
-5.254513118416070938e-03
-2.354829385876655579e-02
2.024365775287151337e-02
2.528266794979572296e-02
-4.064569249749183655e-02
-2.510097622871398926e-02
-6.123811379075050354e-02
-5.056592077016830444e-02
1.347150746732950211e-02
-5.602947250008583069e-02
2.696912363171577454e-02
4.673223569989204407e-02
-4.132971912622451782e-02
3.249037312343716621e-03
-1.393564231693744659e-02
-1.976464316248893738e-02
-1.632487587630748749e-02
4.856870975345373154e-03
3.295078501105308533e-02
1.649844693019986153e-03
-2.080666646361351013e-02
2.008372172713279724e-02
4.110020585358142853e-03
-1.371865812689065933e-02
-1.014868103084154427e-04
-7.137535139918327332e-03
-1.434416975826025009e-03
-2.996398881077766418e-02
-2.452472411096096039e-02
-2.119427779689431190e-03
2.041914267465472221e-03
-3.961455076932907104e-03
2.746501239016652107e-03
-1.292171142995357513e-02
-7.770307827740907669e-03
5.927306599915027618e-03
-2.673034183681011200e-02
-3.449767362326383591e-03
3.691988298669457436e-03
-7.836343720555305481e-03
-1.963485032320022583e-03
5.822372622787952423e-03
-8.023594506084918976e-03
-9.926681406795978546e-03
-1.248371507972478867e-02
-8.695828728377819061e-04
-8.203919045627117157e-03
-5.448212381452322006e-03
2.843560464680194855e-02
-5.373859312385320663e-03
1.350194122642278671e-02
-1.534557784907519817e-03
9.785652160644531250e-03
5.224916152656078339e-03
1.347886025905609131e-02
-2.090182970277965069e-04
-6.326873786747455597e-03
3.706550691276788712e-03
4.858355503529310226e-03
1.105121057480573654e-02
1.904657483100891113e-02
5.645111086778342724e-04
-1.153505640104413033e-03
-1.765693305060267448e-03
2.400956116616725922e-02
-4.002099391072988510e-03
1.798295974731445312e-02
4.062138497829437256e-02
-2.163445949554443359e-01
5.586914345622062683e-02
-3.736968711018562317e-02
-4.871974512934684753e-02
-6.801621615886688232e-02
4.036159813404083252e-02
1.134517118334770203e-01
-1.398754268884658813e-01
-4.005669150501489639e-03
-2.268007397651672363e-02
1.636159792542457581e-02
-2.758520655333995819e-02
2.562997303903102875e-02
-5.716433282941579819e-03
-2.097187750041484833e-02
-2.143181115388870239e-02
3.928178548812866211e-02
8.510125800967216492e-03
1.108830235898494720e-02
1.417592074722051620e-02
2.327160676941275597e-03
1.780270133167505264e-03
-3.764481807593256235e-04
-6.072309333831071854e-03
-5.346218589693307877e-03
-1.966701634228229523e-02
-7.960638962686061859e-03
1.960167137440294027e-04
5.174747202545404434e-03
-9.789494797587394714e-03
-7.602680940181016922e-03
-9.095821529626846313e-03
-2.403485402464866638e-02
2.321279980242252350e-02
-1.146137155592441559e-02
4.394175484776496887e-02
6.737523525953292847e-02
4.199155792593955994e-02
-1.527617592364549637e-02
5.086167529225349426e-02
-9.572833776473999023e-02
-8.874783664941787720e-02
-7.877534627914428711e-02
-7.814514636993408203e-02
-2.328648697584867477e-03
5.662377923727035522e-03
1.206692680716514587e-02
1.275121141225099564e-02
1.194543577730655670e-02
-3.900812240317463875e-03
1.502023637294769287e-02
2.114202454686164856e-02
-2.882564673200249672e-03
5.976329091936349869e-03
1.862494274973869324e-02
7.868641987442970276e-03
-4.815021529793739319e-03
-2.589313499629497528e-02
2.823990769684314728e-03
-2.233830979093909264e-03
-2.554396912455558777e-02
2.391378767788410187e-02
-2.446438744664192200e-02
1.455751061439514160e-02
-1.349450089037418365e-02
8.044590242207050323e-03
-1.824346929788589478e-02
3.224286437034606934e-02
1.899228058755397797e-02
5.479415878653526306e-02
2.397600747644901276e-02
-1.494664326310157776e-02
6.314103305339813232e-02
8.898425847291946411e-02
3.411894291639328003e-02
5.277977325022220612e-04
-4.996255040168762207e-02
-9.156780689954757690e-02
-1.241519749164581299e-01
-6.397272646427154541e-02
-1.042830385267734528e-02
7.842246443033218384e-03
6.476648151874542236e-02
3.432598114013671875e-01
-1.166707202792167664e-01
-4.773335531353950500e-02
-3.014346063137054443e-01
4.365358501672744751e-02
4.514931440353393555e-01
-7.679327391088008881e-03
4.398074932396411896e-03
-8.543928712606430054e-02
4.625169187784194946e-02
6.922177970409393311e-02
4.491815343499183655e-02
-1.121154651045799255e-01
1.205315534025430679e-02
-1.454067975282669067e-01
8.131736516952514648e-02
-8.523505181074142456e-02
1.023713126778602600e-01
7.887756824493408203e-02
2.622646689414978027e-01
2.335214987397193909e-02
4.012512415647506714e-02
4.326450452208518982e-02
-1.786003112792968750e-01
-2.580167166888713837e-02
8.401101827621459961e-02
9.314648061990737915e-02
-7.581227459013462067e-03
5.403441935777664185e-02
4.395826533436775208e-02
4.169116914272308350e-02
1.298737339675426483e-02
5.791595205664634705e-02
-8.153229020535945892e-03
9.758062660694122314e-02
-8.257774263620376587e-02
2.644949033856391907e-02
-1.266507655382156372e-01
-4.719512537121772766e-02
3.463048487901687622e-02
-8.443231880664825439e-02
-1.236391440033912659e-02
-6.034247204661369324e-02
1.939705107361078262e-03
-7.382749766111373901e-02
8.084778487682342529e-02
-2.006834559142589569e-02
3.755946084856987000e-02
4.307499900460243225e-02
3.685682266950607300e-02
-7.147713005542755127e-02
4.995122179388999939e-02
-1.960857771337032318e-02
-1.081201732158660889e-01
-1.098762005567550659e-01
-4.932285845279693604e-02
3.232076996937394142e-03
-2.046230016276240349e-03
4.695037007331848145e-02
-3.358884155750274658e-02
-4.816280007362365723e-01
-4.707955718040466309e-01
2.048649936914443970e-01
-3.780404925346374512e-01
1.108727417886257172e-03
9.845029711723327637e-01
9.091291427612304688e-01
3.135979771614074707e-01
1.042095184326171875e+00
9.562484920024871826e-02
-1.767456531524658203e-01
1.437106728553771973e-01
2.403853833675384521e-01
1.313601434230804443e-01
-2.362629324197769165e-01
2.607004344463348389e-01
-1.801045089960098267e-01
-2.589587569236755371e-01
3.510947152972221375e-02
1.502034533768892288e-02
-4.441658779978752136e-02
-3.290378674864768982e-02
-1.035887673497200012e-01
-5.154482275247573853e-02
5.167089402675628662e-03
-1.004589162766933441e-02
3.014141134917736053e-02
1.064325496554374695e-01
1.375886797904968262e-02
1.105610188096761703e-02
-1.571022905409336090e-02
-2.035972662270069122e-02
-4.925930127501487732e-02
7.176479697227478027e-02
5.583725124597549438e-02
-1.084084995090961456e-02
-6.325287818908691406e-01
3.581952452659606934e-01
-3.326823711395263672e-01
-1.100399971008300781e+00
-1.611631810665130615e-01
6.896334141492843628e-02
9.668890237808227539e-01
-6.327945590019226074e-01
-4.159295558929443359e-01
4.286957532167434692e-02
-7.946229726076126099e-02
9.362071752548217773e-02
-1.773556508123874664e-02
4.986866936087608337e-02
5.383057985454797745e-03
-4.103400185704231262e-02
3.477547690272331238e-02
1.264361012727022171e-02
5.291442945599555969e-02
1.325649619102478027e-01
1.008360907435417175e-01
-2.100385352969169617e-02
-2.826839685440063477e-02
-1.079100072383880615e-01
-3.956883680075407028e-03
-3.432829305529594421e-02
-6.067123636603355408e-02
