1.368272602558135986e-01
2.720683813095092773e-01
1.455282121896743774e-01
2.189717739820480347e-01
2.193012237548828125e-01
2.507981359958648682e-01
2.193529754877090454e-01
7.538454979658126831e-02
1.546617746353149414e-01
1.546757221221923828e-01
1.032769680023193359e-01
2.548820674419403076e-01
2.041556686162948608e-01
1.254134923219680786e-01
1.892439723014831543e-01
8.535696566104888916e-02
1.111398488283157349e-01
1.391794532537460327e-01
1.240820288658142090e-01
1.336845904588699341e-01
1.429422497749328613e-01
1.628369987010955811e-01
1.520834714174270630e-01
2.080551385879516602e-01
2.114089429378509521e-01
1.111517101526260376e-01
1.196749657392501831e-01
2.880485951900482178e-01
2.150459140539169312e-01
2.370608747005462646e-01
2.090656310319900513e-01
1.369454711675643921e-01
2.517018616199493408e-01
1.326710134744644165e-01
2.362676560878753662e-01
7.530442625284194946e-02
9.046692401170730591e-02
1.492038518190383911e-01
1.796347945928573608e-01
2.836025059223175049e-01
7.185584306716918945e-02
2.485622763633728027e-01
1.490423381328582764e-01
7.359241694211959839e-02
2.049599587917327881e-01
2.718831598758697510e-01
2.193462550640106201e-01
2.612817287445068359e-01
1.465725153684616089e-01
8.137454092502593994e-02
2.276278585195541382e-01
1.807937771081924438e-01
2.878411710262298584e-01
8.419775962829589844e-02
1.015309765934944153e-01
1.845596879720687866e-01
9.675686806440353394e-02
1.167860925197601318e-01
1.437676250934600830e-01
1.708190888166427612e-01
1.610362827777862549e-01
1.979032605886459351e-01
2.309234738349914551e-01
1.739787906408309937e-01
2.774855196475982666e-01
2.205878943204879761e-01
1.382738202810287476e-01
2.376342862844467163e-01
2.635090649127960205e-01
1.558461338281631470e-01
2.319374680519104004e-01
2.701481282711029053e-01
2.294790297746658325e-01
9.243141859769821167e-02
1.545090675354003906e-01
1.566761434078216553e-01
9.044128656387329102e-02
7.703708857297897339e-02
2.093025445938110352e-01
1.213037297129631042e-01
1.403312236070632935e-01
2.720084488391876221e-01
1.416987031698226929e-01
1.295212507247924805e-01
4.716697633266448975e-01
5.290296077728271484e-01
5.617850422859191895e-01
5.244151949882507324e-01
4.942129850387573242e-01
4.692104160785675049e-01
5.322787761688232422e-01
3.970177769660949707e-01
5.173646211624145508e-01
6.015349030494689941e-01
5.695028901100158691e-01
5.057872533798217773e-01
5.896438360214233398e-01
5.277251601219177246e-01
4.453660249710083008e-01
4.655256569385528564e-01
4.265072941780090332e-01
5.975363254547119141e-01
5.441067218780517578e-01
4.295104444026947021e-01
4.312979578971862793e-01
5.787241458892822266e-01
5.676403045654296875e-01
4.893445372581481934e-01
6.023269295692443848e-01
4.774660170078277588e-01
5.666848421096801758e-01
4.615803956985473633e-01
4.114107489585876465e-01
4.643562436103820801e-01
6.036927700042724609e-01
3.968362808227539062e-01
5.066791772842407227e-01
5.158219337463378906e-01
5.314577817916870117e-01
4.888863861560821533e-01
4.355725944042205811e-01
5.187283754348754883e-01
4.399695992469787598e-01
5.933505296707153320e-01
4.286485910415649414e-01
3.887276649475097656e-01
4.580754041671752930e-01
5.020755529403686523e-01
4.231754541397094727e-01
5.158668160438537598e-01
4.655531942844390869e-01
5.767291784286499023e-01
5.355303287506103516e-01
5.139990448951721191e-01
4.084562659263610840e-01
3.983094692230224609e-01
5.185847878456115723e-01
4.170257747173309326e-01
5.481268763542175293e-01
6.041536927223205566e-01
5.990279912948608398e-01
4.762986004352569580e-01
4.116231501102447510e-01
4.803652167320251465e-01
5.777070522308349609e-01
5.377788543701171875e-01
4.239831864833831787e-01
4.543014764785766602e-01
4.468078613281250000e-01
5.334481000900268555e-01
5.278654098510742188e-01
5.288055539131164551e-01
4.219234585762023926e-01
5.755451321601867676e-01
5.398549437522888184e-01
4.458888173103332520e-01
5.502727031707763672e-01
4.177906215190887451e-01
4.604691267013549805e-01
4.190953373908996582e-01
5.274797081947326660e-01
3.897648453712463379e-01
5.606371164321899414e-01
5.865612030029296875e-01
5.030273199081420898e-01
5.847802162170410156e-01
5.872942209243774414e-01
4.867236316204071045e-01
4.109424352645874023e-01
5.358658432960510254e-01
5.393099188804626465e-01
4.780876040458679199e-01
5.117046833038330078e-01
3.994456529617309570e-01
4.249279797077178955e-01
5.064376592636108398e-01
4.485686421394348145e-01
5.227612257003784180e-01
5.464931726455688477e-01
5.697419643402099609e-01
3.874617218971252441e-01
3.885928988456726074e-01
5.074694156646728516e-01
4.980589449405670166e-01
3.691940009593963623e-01
4.762498438358306885e-01
3.837741315364837646e-01
4.591712951660156250e-01
4.780915975570678711e-01
4.632229208946228027e-01
5.514147281646728516e-01
3.802339434623718262e-01
4.739390313625335693e-01
3.659521043300628662e-01
3.959152698516845703e-01
4.327800571918487549e-01
3.741173446178436279e-01
4.941445291042327881e-01
5.723984241485595703e-01
5.555042028427124023e-01
4.953904747962951660e-01
3.644986152648925781e-01
5.363559722900390625e-01
4.487785100936889648e-01
4.348092079162597656e-01
4.871489107608795166e-01
4.289793074131011963e-01
5.596554279327392578e-01
4.512648582458496094e-01
5.530782938003540039e-01
4.592262208461761475e-01
4.733441472053527832e-01
5.628762245178222656e-01
4.791271686553955078e-01
4.118776917457580566e-01
3.725672662258148193e-01
4.362296462059020996e-01
4.062063694000244141e-01
5.104956030845642090e-01
4.254419803619384766e-01
3.995437920093536377e-01
4.173329174518585205e-01
4.614621996879577637e-01
4.218311905860900879e-01
5.718773007392883301e-01
4.011017084121704102e-01
4.198594093322753906e-01
4.883627593517303467e-01
5.150446295738220215e-01
4.486436247825622559e-01
3.946596682071685791e-01
3.657931983470916748e-01
5.493532419204711914e-01
4.402474761009216309e-01
4.560296833515167236e-01
5.767648816108703613e-01
3.761214017868041992e-01
5.670725703239440918e-01
4.926675260066986084e-01
4.413028359413146973e-01
4.091616570949554443e-01
5.730722546577453613e-01
4.464756250381469727e-01
4.097922444343566895e-01
4.605976343154907227e-01
5.260231494903564453e-01
4.454356133937835693e-01
4.660104811191558838e-01
5.375084877014160156e-01
4.386014342308044434e-01
5.566838979721069336e-01
5.611705780029296875e-01
5.482407659292221069e-02
1.812165379524230957e-01
9.453584998846054077e-02
-1.305709034204483032e-02
1.578755676746368408e-01
1.587581038475036621e-01
1.779528856277465820e-01
6.068675965070724487e-02
1.017435565590858459e-01
4.346593841910362244e-02
1.635261327028274536e-01
5.517062917351722717e-02
3.195493295788764954e-02
-1.915529370307922363e-03
9.213369339704513550e-02
1.762027740478515625e-01
1.344142705202102661e-01
5.741864442825317383e-02
5.528214946389198303e-02
4.842304065823554993e-02
1.120425090193748474e-01
7.341136783361434937e-02
3.488463908433914185e-02
-1.854288578033447266e-02
2.186737954616546631e-03
8.437362313270568848e-02
1.778863370418548584e-01
5.700952932238578796e-02
4.556160792708396912e-02
1.110276952385902405e-01
7.688686251640319824e-02
9.704162180423736572e-02
1.477565020322799683e-01
1.357598900794982910e-01
1.219159066677093506e-01
1.473407447338104248e-01
5.112010240554809570e-02
1.258256137371063232e-01
1.351250708103179932e-01
-1.558323949575424194e-02
1.574002206325531006e-01
1.167623400688171387e-01
1.390334963798522949e-01
1.204199567437171936e-01
1.438638418912887573e-01
9.773723781108856201e-03
9.068618714809417725e-02
-3.280110657215118408e-03
3.083416447043418884e-02
1.272678822278976440e-01
2.523773163557052612e-02
1.068466454744338989e-01
7.062559574842453003e-02
4.531320556998252869e-02
4.693364351987838745e-02
9.479718655347824097e-02
2.825580537319183350e-03
1.286285072565078735e-01
5.929575860500335693e-02
1.588037014007568359e-01
5.887812748551368713e-02
-2.327650785446166992e-03
1.809700578451156616e-02
1.962362229824066162e-01
1.813909560441970825e-01
1.133235767483711243e-01
7.919631898403167725e-03
1.667040586471557617e-01
1.120523437857627869e-01
6.576890498399734497e-02
5.658794194459915161e-02
1.875943839550018311e-01
1.487579196691513062e-01
1.439761370420455933e-02
3.206052258610725403e-02
9.644602984189987183e-02
-9.989671409130096436e-03
1.433126330375671387e-01
1.382361799478530884e-01
1.913705468177795410e-01
1.251207888126373291e-01
1.803895831108093262e-02
4.900504276156425476e-02
5.342571437358856201e-02
2.124584913253784180e-01
7.501217722892761230e-02
1.627771854400634766e-01
3.441727161407470703e-02
1.882923394441604614e-02
1.309574693441390991e-01
2.088452726602554321e-01
2.064181864261627197e-01
1.626256257295608521e-01
1.777838617563247681e-01
1.415131092071533203e-01
2.084646821022033691e-01
1.302497684955596924e-01
9.386412799358367920e-03
3.429731726646423340e-02
2.040671110153198242e-01
1.609166264533996582e-01
1.958121955394744873e-01
5.845285952091217041e-03
1.561625897884368896e-01
1.929930001497268677e-01
3.898276388645172119e-02
1.031602248549461365e-01
1.934408247470855713e-01
1.910805851221084595e-01
2.585143595933914185e-02
1.537195593118667603e-02
5.063621699810028076e-02
2.141236662864685059e-01
1.942122876644134521e-01
1.123638451099395752e-01
2.025583386421203613e-01
4.673503339290618896e-03
1.287781596183776855e-01
4.384762793779373169e-02
3.802201151847839355e-02
6.491465121507644653e-02
1.324187815189361572e-01
1.242672279477119446e-01
1.788994669914245605e-01
1.366861462593078613e-01
3.565452992916107178e-02
1.283263564109802246e-01
6.432060897350311279e-02
1.659248620271682739e-01
4.682553559541702271e-02
1.374838501214981079e-02
1.082113534212112427e-01
1.478776633739471436e-01
7.686451077461242676e-02
7.965850830078125000e-02
1.505583971738815308e-01
2.143450975418090820e-01
1.783929765224456787e-02
9.937710314989089966e-02
9.972745925188064575e-02
7.256281375885009766e-02
1.309403032064437866e-01
1.363663971424102783e-01
1.345835030078887939e-01
1.264906525611877441e-01
4.465657472610473633e-02
1.747340261936187744e-01
1.434504091739654541e-01
1.140780523419380188e-01
1.620729416608810425e-01
1.679517030715942383e-01
2.265489846467971802e-02
2.025902420282363892e-01
1.486190259456634521e-01
9.743101149797439575e-02
1.087869927287101746e-01
7.134335488080978394e-02
2.884241193532943726e-02
1.915256381034851074e-01
5.811617895960807800e-02
1.551066488027572632e-01
5.735689401626586914e-02
1.982839852571487427e-01
1.150220781564712524e-01
1.700890064239501953e-02
6.340689212083816528e-02
8.769904077053070068e-02
6.225252524018287659e-02
3.841499090194702148e-01
2.552847266197204590e-01
3.524797558784484863e-01
3.386509418487548828e-01
3.451684415340423584e-01
3.265569210052490234e-01
2.492982745170593262e-01
2.555099129676818848e-01
2.821252346038818359e-01
2.182451486587524414e-01
2.363547682762145996e-01
2.562595605850219727e-01
3.821705281734466553e-01
3.507493138313293457e-01
2.660116553306579590e-01
3.226226568222045898e-01
4.021654129028320312e-01
2.899031937122344971e-01
2.572989761829376221e-01
4.047991037368774414e-01
3.476732671260833740e-01
2.199311852455139160e-01
3.723201751708984375e-01
3.782389163970947266e-01
3.620807528495788574e-01
3.243778049945831299e-01
3.056483268737792969e-01
3.643345236778259277e-01
2.006038129329681396e-01
3.527124524116516113e-01
3.398997187614440918e-01
1.977396607398986816e-01
3.743729293346405029e-01
1.997055709362030029e-01
3.277873396873474121e-01
2.111065834760665894e-01
2.789596915245056152e-01
2.545531690120697021e-01
3.704032897949218750e-01
3.580215275287628174e-01
3.454361855983734131e-01
3.354714214801788330e-01
2.823431789875030518e-01
3.360297381877899170e-01
2.572298347949981689e-01
3.721279203891754150e-01
3.056168258190155029e-01
3.887909054756164551e-01
3.339947462081909180e-01
3.893651366233825684e-01
2.412897199392318726e-01
3.014026284217834473e-01
2.200509905815124512e-01
2.096794992685317993e-01
4.100426137447357178e-01
2.456272393465042114e-01
2.298712730407714844e-01
4.127621650695800781e-01
4.099841713905334473e-01
4.103368520736694336e-01
2.826467454433441162e-01
3.697646856307983398e-01
1.970511376857757568e-01
3.308787643909454346e-01
3.725510239601135254e-01
2.655964195728302002e-01
2.753844559192657471e-01
2.940770685672760010e-01
3.262605071067810059e-01
2.358201146125793457e-01
2.426058799028396606e-01
3.262352943420410156e-01
2.545309662818908691e-01
1.998130977153778076e-01
3.938617706298828125e-01
3.619549870491027832e-01
3.002929687500000000e-01
4.093976616859436035e-01
3.002281785011291504e-01
3.565401136875152588e-01
2.459415793418884277e-01
3.692759275436401367e-01
4.005242288112640381e-01
2.838637530803680420e-01
4.811853170394897461e-01
5.203531384468078613e-01
5.437918305397033691e-01
5.738687515258789062e-01
5.891316533088684082e-01
4.366111457347869873e-01
4.116405844688415527e-01
5.713886618614196777e-01
4.964625537395477295e-01
5.935793519020080566e-01
4.764065146446228027e-01
5.924668312072753906e-01
5.382442474365234375e-01
6.263144612312316895e-01
4.347661137580871582e-01
4.568506479263305664e-01
6.040203571319580078e-01
5.275658369064331055e-01
4.338534474372863770e-01
4.543770849704742432e-01
5.161156058311462402e-01
5.555724501609802246e-01
4.181386530399322510e-01
5.621389150619506836e-01
4.859708845615386963e-01
4.943058788776397705e-01
5.432901382446289062e-01
6.057250499725341797e-01
5.846105813980102539e-01
4.935178160667419434e-01
5.201137065887451172e-01
6.035729050636291504e-01
5.396031737327575684e-01
4.552752375602722168e-01
4.920008182525634766e-01
5.236429572105407715e-01
5.852323174476623535e-01
5.484081506729125977e-01
4.986672103404998779e-01
5.071297883987426758e-01
5.525093078613281250e-01
5.338079333305358887e-01
5.792181491851806641e-01
4.189255237579345703e-01
5.692065954208374023e-01
4.504942297935485840e-01
4.698042273521423340e-01
5.601173639297485352e-01
5.955529212951660156e-01
5.720414519309997559e-01
5.578670501708984375e-01
4.708300530910491943e-01
5.998073816299438477e-01
5.161458849906921387e-01
5.498658418655395508e-01
4.701687395572662354e-01
4.798093140125274658e-01
6.191405057907104492e-01
5.394152402877807617e-01
5.914042592048645020e-01
6.169312000274658203e-01
4.348380267620086670e-01
4.661172330379486084e-01
4.605478346347808838e-01
5.652925372123718262e-01
5.165727734565734863e-01
6.161361336708068848e-01
4.113701581954956055e-01
5.095428824424743652e-01
5.450031161308288574e-01
4.530568718910217285e-01
4.195593595504760742e-01
4.371287822723388672e-01
6.066256761550903320e-01
5.296370983123779297e-01
5.210481286048889160e-01
4.197048544883728027e-01
5.954931974411010742e-01
5.187783241271972656e-01
6.071234345436096191e-01
4.896278977394104004e-01
5.078680515289306641e-01
4.119169116020202637e-01
4.118848443031311035e-01
3.241177797317504883e-01
3.240324258804321289e-01
2.687132358551025391e-01
4.701535999774932861e-01
4.484435021877288818e-01
2.642055749893188477e-01
2.747403979301452637e-01
2.680612206459045410e-01
4.117886424064636230e-01
3.049723207950592041e-01
3.740949928760528564e-01
3.126084804534912109e-01
3.775929808616638184e-01
3.492682278156280518e-01
2.840185165405273438e-01
4.425074756145477295e-01
3.422171771526336670e-01
4.050297737121582031e-01
3.079376518726348877e-01
4.219986200332641602e-01
3.523658514022827148e-01
2.907530367374420166e-01
2.968656420707702637e-01
4.311499595642089844e-01
4.487932026386260986e-01
3.396519422531127930e-01
4.127514362335205078e-01
3.805260658264160156e-01
3.282179236412048340e-01
4.666665792465209961e-01
4.016941785812377930e-01
4.740978777408599854e-01
2.857134044170379639e-01
4.244203567504882812e-01
4.719715118408203125e-01
4.662583172321319580e-01
3.875545561313629150e-01
4.473245739936828613e-01
4.595744907855987549e-01
4.163972437381744385e-01
4.577998816967010498e-01
4.129037857055664062e-01
3.647541701793670654e-01
4.211828112602233887e-01
3.276250660419464111e-01
4.240509867668151855e-01
4.377811551094055176e-01
2.695079147815704346e-01
4.534071683883666992e-01
4.745215773582458496e-01
3.064292371273040771e-01
4.292043745517730713e-01
4.555006921291351318e-01
4.092122614383697510e-01
4.616260230541229248e-01
2.945552766323089600e-01
4.055956006050109863e-01
3.683512508869171143e-01
4.183381199836730957e-01
3.277280628681182861e-01
2.642156183719635010e-01
4.742326140403747559e-01
4.730947017669677734e-01
4.714001715183258057e-01
4.741237163543701172e-01
2.903110980987548828e-01
4.706081151962280273e-01
3.634238243103027344e-01
3.590154051780700684e-01
3.069815337657928467e-01
2.734469175338745117e-01
2.736126184463500977e-01
3.207397460937500000e-01
4.392300844192504883e-01
3.615617752075195312e-01
4.486752152442932129e-01
2.885232567787170410e-01
3.840420246124267578e-01
2.730749547481536865e-01
3.455347716808319092e-01
3.645513057708740234e-01
4.203087985515594482e-01
4.616252183914184570e-01
4.133938550949096680e-01
4.129409790039062500e-01
4.585903584957122803e-01
5.170027017593383789e-01
6.046381592750549316e-01
5.637500882148742676e-01
5.043368935585021973e-01
5.293014049530029297e-01
4.735715985298156738e-01
4.795523285865783691e-01
4.108580052852630615e-01
4.700827896595001221e-01
4.177620410919189453e-01
6.062425374984741211e-01
4.987194836139678955e-01
5.165665745735168457e-01
5.248454213142395020e-01
4.364438652992248535e-01
5.281665325164794922e-01
4.430801272392272949e-01
5.432794094085693359e-01
5.377709865570068359e-01
4.956040680408477783e-01
5.606302618980407715e-01
5.061721801757812500e-01
6.072893738746643066e-01
5.066331624984741211e-01
5.021586418151855469e-01
4.888774752616882324e-01
4.747304022312164307e-01
4.283340573310852051e-01
6.115170717239379883e-01
5.293897986412048340e-01
4.277386665344238281e-01
5.729129314422607422e-01
5.418638586997985840e-01
4.390501976013183594e-01
4.212449491024017334e-01
4.862803220748901367e-01
4.869823753833770752e-01
5.468119382858276367e-01
5.919285416603088379e-01
5.491250157356262207e-01
4.648736417293548584e-01
5.412107706069946289e-01
4.268770813941955566e-01
6.140128374099731445e-01
4.861731827259063721e-01
4.210923016071319580e-01
4.660779237747192383e-01
5.769244432449340820e-01
4.565216302871704102e-01
5.338999032974243164e-01
4.421318173408508301e-01
5.075240135192871094e-01
5.177881717681884766e-01
4.263412952423095703e-01
4.004459679126739502e-01
5.764005184173583984e-01
4.405970275402069092e-01
5.869053602218627930e-01
4.680180847644805908e-01
5.231583118438720703e-01
5.583879947662353516e-01
4.613677859306335449e-01
4.115154445171356201e-01
6.101898550987243652e-01
4.242465496063232422e-01
5.950096845626831055e-01
4.822994172573089600e-01
5.241108536720275879e-01
5.196398496627807617e-01
4.225334227085113525e-01
4.437417387962341309e-01
5.839980244636535645e-01
5.157113671302795410e-01
5.995243787765502930e-01
6.015441417694091797e-01
5.504139661788940430e-01
6.075505018234252930e-01
4.228743910789489746e-01
5.227715373039245605e-01
5.898748636245727539e-01
5.407969355583190918e-01
5.705095529556274414e-01
2.070440798997879028e-01
1.723162233829498291e-01
1.137899085879325867e-01
2.458720803260803223e-01
2.927623391151428223e-01
2.540607750415802002e-01
2.522431612014770508e-01
1.605693548917770386e-01
2.517885565757751465e-01
2.109860777854919434e-01
1.988073885440826416e-01
1.469416916370391846e-01
2.701192200183868408e-01
1.595182120800018311e-01
2.735202908515930176e-01
2.261952310800552368e-01
1.203110590577125549e-01
2.438753545284271240e-01
2.897943854331970215e-01
9.331106394529342651e-02
1.778376549482345581e-01
8.757562190294265747e-02
2.677591145038604736e-01
2.387298941612243652e-01
7.792297750711441040e-02
1.472383141517639160e-01
1.883910000324249268e-01
1.791842728853225708e-01
1.872072666883468628e-01
1.843923926353454590e-01
2.286690771579742432e-01
1.856781244277954102e-01
1.213442534208297729e-01
2.279220223426818848e-01
1.788160651922225952e-01
1.298749148845672607e-01
2.933471798896789551e-01
2.817742824554443359e-01
2.480950951576232910e-01
2.023992985486984253e-01
1.550185531377792358e-01
2.202230989933013916e-01
1.471728980541229248e-01
1.839076578617095947e-01
2.582069039344787598e-01
1.056103706359863281e-01
2.564196586608886719e-01
1.475012153387069702e-01
9.353382885456085205e-02
1.431099176406860352e-01
1.665500253438949585e-01
2.347816526889801025e-01
2.728224396705627441e-01
2.732863724231719971e-01
1.425393223762512207e-01
2.281385362148284912e-01
1.679865419864654541e-01
8.569435775279998779e-02
2.431880533695220947e-01
2.603066861629486084e-01
2.386908382177352905e-01
8.589990437030792236e-02
1.090216413140296936e-01
1.816176176071166992e-01
2.683868706226348877e-01
1.269190013408660889e-01
1.870201677083969116e-01
1.692212820053100586e-01
2.677505612373352051e-01
1.115923151373863220e-01
2.308831065893173218e-01
1.906278431415557861e-01
1.024998873472213745e-01
2.270696610212326050e-01
9.020818769931793213e-02
1.076019853353500366e-01
1.731198281049728394e-01
1.395968943834304810e-01
2.309563159942626953e-01
2.229878753423690796e-01
1.544528007507324219e-01
2.487745583057403564e-01
2.463496923446655273e-01
1.386094093322753906e-01
