-1.057166839018464088e-03
7.574782520532608032e-02
-1.162170320749282837e-01
-1.039173305034637451e-01
-5.438522621989250183e-02
3.786481544375419617e-02
-2.797694643959403038e-03
1.119589433073997498e-01
-1.253098808228969574e-02
3.736427798867225647e-02
-4.267361015081405640e-02
-2.775576338171958923e-02
-1.348987668752670288e-01
-9.351669251918792725e-02
-5.820743367075920105e-02
5.230689886957406998e-03
5.582280084490776062e-02
8.472544699907302856e-02
-9.572779387235641479e-02
-6.148897111415863037e-02
5.128760263323783875e-02
1.172538697719573975e-01
-2.905974909663200378e-02
1.056644022464752197e-01
-2.275968901813030243e-02
1.664691418409347534e-02
1.424515545368194580e-01
-1.459431946277618408e-01
-9.904032200574874878e-02
-3.982852771878242493e-02
-6.132420897483825684e-02
1.359265595674514771e-01
-1.019730791449546814e-01
-7.242060452699661255e-02
-1.099116951227188110e-01
-1.473418921232223511e-01
-9.183536469936370850e-02
1.352339088916778564e-01
7.020007818937301636e-02
7.624977827072143555e-02
8.273823186755180359e-03
-8.065652102231979370e-02
2.661651745438575745e-02
-1.468909680843353271e-01
-1.136757507920265198e-01
-8.110433816909790039e-02
9.926058351993560791e-02
9.224137663841247559e-02
-6.977164000272750854e-02
-5.676562432199716568e-03
8.650901913642883301e-02
1.344696134328842163e-01
5.368354544043540955e-02
1.827308908104896545e-02
9.069211035966873169e-02
-7.964327931404113770e-02
2.520548552274703979e-02
-1.048702970147132874e-01
-9.374903887510299683e-02
-6.987474113702774048e-02
6.120294332504272461e-02
5.439749360084533691e-02
-8.012348413467407227e-02
4.086396470665931702e-02
7.425569742918014526e-02
-1.707256212830543518e-02
5.164557136595249176e-03
3.134111687541007996e-02
8.391410857439041138e-02
1.298789083957672119e-01
-1.042369976639747620e-01
-4.956986010074615479e-02
5.315976962447166443e-02
1.120722293853759766e-01
1.177070140838623047e-01
7.283193618059158325e-02
1.642715930938720703e-02
-7.177753001451492310e-02
7.593290880322456360e-03
-5.163903161883354187e-02
-7.692582905292510986e-02
7.333838939666748047e-02
6.276199966669082642e-02
-8.233845978975296021e-02
1.544964965432882309e-02
-1.390511076897382736e-02
-1.358329039067029953e-02
-3.778440132737159729e-02
3.174223005771636963e-02
-4.889021813869476318e-02
3.025936521589756012e-02
4.174241423606872559e-02
5.908983200788497925e-02
3.086356259882450104e-02
-8.169522881507873535e-02
-5.354506894946098328e-02
4.121471196413040161e-02
1.727625727653503418e-02
-6.439009308815002441e-02
-4.752958193421363831e-02
1.005052030086517334e-01
7.198751717805862427e-02
-4.658286646008491516e-02
-2.688881196081638336e-02
-1.017710715532302856e-01
-1.920271897688508034e-03
-8.045325428247451782e-02
-8.240810781717300415e-02
-5.886581726372241974e-03
1.604078710079193115e-02
-4.375227913260459900e-02
6.339365988969802856e-02
-6.501343846321105957e-02
9.693912416696548462e-02
7.321419566869735718e-02
-9.009236097335815430e-02
-2.658962272107601166e-02
4.820687696337699890e-03
1.558738201856613159e-02
2.533857710659503937e-02
4.192518442869186401e-02
6.399450358003377914e-03
-5.212800204753875732e-02
5.055327713489532471e-02
-1.024816185235977173e-01
-1.080603078007698059e-01
-4.563930258154869080e-02
-8.880888670682907104e-02
-6.378044933080673218e-02
-1.494306921958923340e-01
-3.878151625394821167e-02
3.897136077284812927e-02
-1.187730729579925537e-01
-9.356374852359294891e-03
1.305115371942520142e-01
-1.874219812452793121e-02
5.066983867436647415e-03
-1.572825759649276733e-02
3.689749538898468018e-02
1.159241273999214172e-01
1.726987659931182861e-01
1.157812699675559998e-01
1.730939149856567383e-01
-1.318544242531061172e-02
-1.637789756059646606e-01
-8.643218129873275757e-02
1.241403669118881226e-01
-1.181864412501454353e-03
-9.061983227729797363e-02
-1.397114098072052002e-01
