-7.074201852083206177e-02
-6.379945576190948486e-02
-1.533264108002185822e-02
4.145457968115806580e-02
4.086761549115180969e-02
-7.290240377187728882e-02
4.715232923626899719e-02
-5.915070325136184692e-02
-1.598072238266468048e-02
-3.065009601414203644e-02
-1.455998793244361877e-02
-1.484174840152263641e-02
-6.783160567283630371e-02
-6.526816636323928833e-02
-1.182844489812850952e-02
9.775570360943675041e-04
-3.433910757303237915e-02
2.847508154809474945e-02
-6.803634762763977051e-02
-5.101430229842662811e-03
6.647622585296630859e-02
-3.083297796547412872e-02
6.825893372297286987e-02
2.737557701766490936e-02
-6.821795552968978882e-02
5.230981484055519104e-02
-9.540522471070289612e-03
-3.690778836607933044e-02
6.611330807209014893e-02
-6.681127101182937622e-02
8.871700614690780640e-03
-1.731007546186447144e-02
5.904102697968482971e-02
2.307896316051483154e-02
3.972696512937545776e-02
2.919828705489635468e-02
-1.988183893263339996e-02
-1.738752238452434540e-02
-6.813296675682067871e-02
4.479830339550971985e-02
6.564410030841827393e-02
5.656997859477996826e-02
-5.831889063119888306e-02
3.687406191602349281e-03
-5.828216671943664551e-02
-4.551263898611068726e-02
-4.817661270499229431e-02
2.825461328029632568e-02
-4.926859214901924133e-02
-1.803791499696671963e-03
5.296077113598585129e-03
8.115345239639282227e-02
-9.516495466232299805e-02
-8.642700314521789551e-02
-7.310114800930023193e-02
8.811663091182708740e-02
-4.525408521294593811e-02
1.061892211437225342e-01
4.552381858229637146e-02
1.594131439924240112e-02
-9.371496853418648243e-04
-2.488669753074645996e-02
1.579532027244567871e-02
-2.874696999788284302e-02
-8.845779811963438988e-04
1.606305688619613647e-02
-9.847404807806015015e-02
-6.598441302776336670e-02
1.016575843095779419e-01
-1.021679490804672241e-01
-9.039888158440589905e-03
1.245381161570549011e-01
4.547717422246932983e-02
3.564410144463181496e-03
-1.091000214219093323e-01
3.089206852018833160e-02
-4.441826418042182922e-02
-1.770194806158542633e-02
-2.092300355434417725e-02
-9.234819561243057251e-03
6.821182323619723320e-04
5.143550038337707520e-02
7.785025518387556076e-03
5.585595220327377319e-02
3.814676403999328613e-02
-3.942525014281272888e-02
2.796898968517780304e-02
-4.408247023820877075e-02
-2.642999403178691864e-02
1.834167167544364929e-02
2.059098146855831146e-02
4.678468033671379089e-02
-2.007487043738365173e-02
9.983070049202069640e-05
3.210471197962760925e-02
-6.030845642089843750e-02
4.508551210165023804e-02
-5.156738683581352234e-02
8.594851824454963207e-04
-1.060234941542148590e-02
-4.647161066532135010e-02
1.166226714849472046e-02
7.296414673328399658e-02
-2.579316124320030212e-02
-5.238530412316322327e-02
-3.263316676020622253e-02
-8.745514601469039917e-02
3.982928022742271423e-02
-4.237663745880126953e-02
-5.888355895876884460e-02
-5.083299055695533752e-02
5.073193088173866272e-02
4.672756046056747437e-02
6.772319972515106201e-02
3.200530260801315308e-02
-2.946732938289642334e-02
-2.465743757784366608e-02
2.606761083006858826e-02
7.253320515155792236e-02
2.399072796106338501e-02
-4.174854233860969543e-02
-4.147783294320106506e-02
-8.342457562685012817e-02
1.906325109302997589e-02
-4.951659962534904480e-02
-1.046972393989562988e+00
1.029711008071899414e+00
-7.625998258590698242e-01
-1.335895210504531860e-01
3.364276885986328125e-01
3.741104528307914734e-02
-7.901611328125000000e-01
-9.492075443267822266e-01
9.360092282295227051e-01
1.912205368280410767e-01
9.742233157157897949e-01
-3.936710953712463379e-01
3.458947539329528809e-01
-2.685331404209136963e-01
-5.222221091389656067e-02
-7.151970863342285156e-01
3.971474170684814453e-01
3.712718188762664795e-01
-2.422401122748851776e-02
-2.641012966632843018e-01
-7.238699197769165039e-01
8.120770454406738281e-01
-8.741729259490966797e-01
4.810677766799926758e-01
-3.948605954647064209e-01
-3.901499137282371521e-02
1.452707778662443161e-02
-4.200612381100654602e-02
1.863178983330726624e-02
1.588042452931404114e-02
-6.004174053668975830e-02
1.346397865563631058e-02
3.444295376539230347e-02
3.200905025005340576e-02
-1.017923653125762939e-02
-6.629249453544616699e-02
-1.246573682874441147e-02
2.808519080281257629e-02
-2.950595133006572723e-02
3.069499507546424866e-02
5.385335907340049744e-02
-4.222401976585388184e-02
7.974809850566089153e-04
3.343778103590011597e-02
6.338059436529874802e-03
6.754812318831682205e-03
1.009729783982038498e-02
-6.357219070196151733e-02
6.355073302984237671e-03
5.599687993526458740e-02
7.970021665096282959e-02
5.198442190885543823e-02
1.185208000242710114e-02
4.130569845438003540e-02
-4.302734509110450745e-02
-7.329446077346801758e-02
-7.605688273906707764e-02
8.823493123054504395e-02
5.614480003714561462e-02
-6.113709881901741028e-02
3.460397943854331970e-02
6.679181754589080811e-02
8.841227740049362183e-02
7.733703404664993286e-02
6.852414458990097046e-02
-2.027714438736438751e-02
-3.103950805962085724e-02
7.261876761913299561e-02
4.956353083252906799e-02
-5.322515591979026794e-02
7.951479405164718628e-02
4.273361340165138245e-02
4.821524396538734436e-02
-5.543607845902442932e-02
2.537523955106735229e-02
-4.721274226903915405e-02
1.052308529615402222e-01
-2.423388138413429260e-02
5.243149027228355408e-02
2.392159774899482727e-02
5.730083584785461426e-02
-4.576699808239936829e-02
6.566470861434936523e-02
-9.406806528568267822e-02
3.041750192642211914e-02
-9.112145006656646729e-02
-1.328640580177307129e-01
-1.081532388925552368e-01
1.063235625624656677e-01
7.286512851715087891e-02
1.263561993837356567e-01
1.078927069902420044e-01
-1.202727928757667542e-01
-9.190785884857177734e-02
-2.176147885620594025e-02
-8.746367692947387695e-02
9.351932257413864136e-02
-1.018169596791267395e-01
-6.570916622877120972e-02
-1.301104128360748291e-01
-3.787536174058914185e-02
5.486899986863136292e-02
5.462100729346275330e-02
4.775486513972282410e-02
5.151004344224929810e-02
5.931928008794784546e-02
-1.708243787288665771e-02
2.935335785150527954e-02
5.943562462925910950e-02
2.206953428685665131e-02
6.669026613235473633e-02
3.460096940398216248e-02
4.147131368517875671e-02
-2.334862761199474335e-02
3.201018646359443665e-02
7.665629964321851730e-03
-1.593194715678691864e-02
-3.760613128542900085e-02
-3.743313252925872803e-02
-5.133349448442459106e-02
4.478569701313972473e-02
4.742754250764846802e-02
-7.592656183987855911e-03
-3.860521689057350159e-02
5.156195908784866333e-02
6.036322936415672302e-02
7.016605697572231293e-03
-4.456622898578643799e-02
8.675161004066467285e-02
3.860110044479370117e-02
-7.165794819593429565e-02
9.034184366464614868e-02
7.167950272560119629e-02
-3.440535813570022583e-02
5.306340754032135010e-02
-5.363301932811737061e-02
-1.479272171854972839e-02
8.014913648366928101e-02
3.900233423337340355e-03
-6.675638258457183838e-02
-3.154922276735305786e-02
-2.562250010669231415e-02
-1.821111142635345459e-02
9.033460170030593872e-03
8.729736506938934326e-02
5.053829867392778397e-03
-5.828196182847023010e-02
4.838040098547935486e-03
4.526019468903541565e-02
4.682268574833869934e-02
-1.148118257522583008e+00
-2.247930914163589478e-01
-9.335613846778869629e-01
-5.360157489776611328e-01
4.526118338108062744e-01
-8.920877575874328613e-01
4.669749140739440918e-01
1.066261649131774902e+00
8.239414542913436890e-02
-8.372626900672912598e-01
-4.500887691974639893e-01
2.743158340454101562e-01
-9.576477408409118652e-01
6.241086721420288086e-01
-1.140494108200073242e+00
-1.207606792449951172e+00
-1.220630407333374023e+00
-2.548432648181915283e-01
8.447312116622924805e-01
-1.188996553421020508e+00
1.044163227081298828e+00
-5.025212764739990234e-01
3.679301738739013672e-01
5.728781223297119141e-02
-1.132767677307128906e+00
2.088018925860524178e-03
1.355650485493242741e-03
2.502603922039270401e-03
1.271983375772833824e-03
-1.661869580857455730e-03
2.101249061524868011e-03
1.353135012323036790e-04
1.193944714032113552e-03
-2.018781844526529312e-03
-7.241633138619363308e-04
-2.472093794494867325e-03
-9.806335438042879105e-04
5.431508179754018784e-04
-1.976818311959505081e-03
8.025593706406652927e-04
1.351529848761856556e-03
3.507419314701110125e-04
-1.684565213508903980e-03
-1.952038612216711044e-03
-7.767587667331099510e-04
1.105174305848777294e-03
2.483471063897013664e-03
1.447762711904942989e-03
-2.835187187884002924e-04
8.827543933875858784e-04
-2.701601712033152580e-03
-2.351981354877352715e-03
1.284921541810035706e-03
-1.559765776619315147e-03
1.324817072600126266e-03
-1.943960436619818211e-03
-1.363962306641042233e-03
-2.268233336508274078e-03
1.437018741853535175e-03
-2.805936092045158148e-04
2.119288779795169830e-03
1.704219146631658077e-03
1.523767132312059402e-03
8.854988118400797248e-05
-8.513988577760756016e-04
-5.987524054944515228e-04
3.659749927464872599e-04
1.365060103125870228e-03
-1.929249381646513939e-03
2.311161253601312637e-03
-2.994154347106814384e-04
-2.307492541149258614e-03
-1.489938003942370415e-03
2.436566632241010666e-03
2.518379129469394684e-03
-3.884012345224618912e-03
2.957408549264073372e-03
2.101426478475332260e-03
2.481991890817880630e-03
3.549608401954174042e-03
-2.259889617562294006e-03
1.324089244008064270e-03
1.715968595817685127e-03
-1.239042612724006176e-03
1.403244561515748501e-03
-1.206420129165053368e-03
2.592450939118862152e-03
-1.163403620012104511e-03
-1.563181402161717415e-03
1.055616885423660278e-03
1.487277098931372166e-03
-2.048645168542861938e-03
3.706658317241817713e-04
2.430069493129849434e-03
-4.172028275206685066e-04
1.276112161576747894e-03
-1.011328655295073986e-03
1.469691051170229912e-03
-3.037480171769857407e-03
-2.465681871399283409e-03
-1.054292661137878895e-03
1.908834790810942650e-03
-5.589020438492298126e-04
-5.671123744832584634e-06
-1.006323145702481270e-03
2.073501935228705406e-03
2.028596121817827225e-03
-1.566485967487096786e-03
-1.683804672211408615e-03
-1.574391964823007584e-03
-1.001707005343632773e-05
-5.294490838423371315e-04
-1.359526300802826881e-03
-7.449812255799770355e-04
3.924195189028978348e-04
-1.085241208784282207e-03
4.602387780323624611e-04
-4.763013566844165325e-04
-1.006464008241891861e-03
2.853570040315389633e-04
1.707874354906380177e-03
-1.404252718202769756e-03
9.644673264119774103e-05
-7.659503025934100151e-04
2.038225764408707619e-03
-2.788315527141094208e-03
-2.817404456436634064e-03
2.895942889153957367e-03
-1.859409268945455551e-03
5.634547560475766659e-04
-2.536445390433073044e-04
-6.190988351590931416e-04
-6.563956267200410366e-04
1.867493032477796078e-03
1.404702634317800403e-04
-2.861351007595658302e-03
-1.735006575472652912e-03
-1.001870143227279186e-03
1.478900085203349590e-03
-1.901857904158532619e-03
2.771141706034541130e-03
-6.545780925080180168e-04
-5.277137970551848412e-04
2.302794717252254486e-03
1.477111247368156910e-03
2.492536557838320732e-03
1.699987216852605343e-03
-8.915252401493489742e-04
-1.949875615537166595e-03
-2.186627389164641500e-04
3.237087652087211609e-02
-1.312688924372196198e-02
-3.627164661884307861e-02
1.603327691555023193e-02
3.807478398084640503e-02
-1.113463938236236572e-02
-3.238597139716148376e-02
-3.547726571559906006e-02
9.801538661122322083e-03
-2.961578313261270523e-03
-1.975125446915626526e-02
7.905858568847179413e-03
1.485327165573835373e-02
3.110681846737861633e-02
3.036615625023841858e-02
-5.854486022144556046e-03
-3.448801115155220032e-02
-3.534284979104995728e-02
3.651881963014602661e-02
1.728983223438262939e-02
1.704937405884265900e-02
-3.384085372090339661e-02
3.621868044137954712e-02
3.705284371972084045e-02
3.531301394104957581e-02
-6.071542948484420776e-02
-2.715713717043399811e-02
-4.950049892067909241e-02
6.815605610609054565e-02
-3.092540428042411804e-02
-3.285964950919151306e-02
3.770763799548149109e-02
-3.329420834779739380e-02
-3.544834628701210022e-02
-6.295594386756420135e-03
-6.918021012097597122e-03
-5.606549978256225586e-02
6.000168621540069580e-02
-3.174889832735061646e-02
2.552993223071098328e-02
6.260102987289428711e-02
3.629722073674201965e-02
1.018994301557540894e-02
6.123882159590721130e-02
9.675073437392711639e-03
-3.329883143305778503e-02
6.808652728796005249e-02
1.703463122248649597e-02
-7.022278010845184326e-02
-2.049013599753379822e-02
-5.362176150083541870e-02
6.901832669973373413e-02
-1.300034485757350922e-02
-7.175558060407638550e-02
-4.948626272380352020e-03
4.943741112947463989e-02
2.045158669352531433e-02
2.489173226058483124e-02
7.311013992875814438e-03
2.934842742979526520e-02
-1.918037608265876770e-02
-3.131498023867607117e-02
-7.358060032129287720e-02
-5.930296331644058228e-02
3.411760926246643066e-02
-4.661138728260993958e-02
1.129373442381620407e-02
2.512687072157859802e-02
5.573708098381757736e-03
-5.103833600878715515e-02
7.528252899646759033e-02
-4.577585682272911072e-02
6.474755704402923584e-02
-6.262270361185073853e-02
-1.893606781959533691e-02
6.520412862300872803e-02
-4.897550866007804871e-02
1.006937772035598755e-01
-8.248753845691680908e-02
-1.006612405180931091e-01
-5.405050888657569885e-02
1.937661692500114441e-02
1.103686243295669556e-01
-5.722480639815330505e-02
4.286796972155570984e-02
-3.005160205066204071e-02
-2.599472552537918091e-02
8.813891559839248657e-02
-9.289555251598358154e-02
1.273151673376560211e-02
1.127244085073471069e-01
-1.647124439477920532e-02
9.306962788105010986e-02
-3.691398724913597107e-02
9.648872911930084229e-02
-1.159513890743255615e-01
-1.727573201060295105e-02
-2.105428092181682587e-02
3.884723037481307983e-02
4.702727496623992920e-02
4.558983072638511658e-02
-8.846179582178592682e-03
-2.354557393118739128e-03
4.066129773855209351e-02
-1.606552861630916595e-02
5.205092951655387878e-02
-3.953320905566215515e-02
-6.425058934837579727e-03
-3.189136041328310966e-03
2.649412304162979126e-02
4.059389978647232056e-02
-9.411307051777839661e-03
-4.919179901480674744e-02
2.942030504345893860e-02
1.776122115552425385e-02
2.385126426815986633e-02
-3.662708401679992676e-02
3.821408003568649292e-02
5.623820051550865173e-02
5.152130033820867538e-03
-5.545998364686965942e-02
4.168129712343215942e-02
-4.402435198426246643e-02
1.364886760711669922e-02
8.628377690911293030e-03
-3.932116925716400146e-02
2.925296500325202942e-02
-7.514400035142898560e-02
1.913476735353469849e-02
-5.326014384627342224e-02
-9.084638208150863647e-03
1.080650091171264648e-02
7.157444208860397339e-02
-4.008432477712631226e-02
5.382177978754043579e-02
-1.067249756306409836e-02
-3.990012779831886292e-02
-7.315852493047714233e-02
-7.708350569009780884e-02
8.204802870750427246e-02
-2.095281332731246948e-02
4.196351394057273865e-03
2.277697063982486725e-02
5.710636824369430542e-02
7.170295715332031250e-02
6.813601404428482056e-02
-6.224384158849716187e-02
-1.346030086278915405e-02
-4.971367865800857544e-02
-4.800099879503250122e-02
2.652189135551452637e-01
1.049493312835693359e+00
-8.957065939903259277e-01
6.766732335090637207e-01
-5.796926021575927734e-01
-2.177752256393432617e-01
8.875075578689575195e-01
-2.528788149356842041e-01
1.018085554242134094e-01
-7.815815210342407227e-01
9.517642259597778320e-01
-1.445353627204895020e-01
-8.177606463432312012e-01
3.273883759975433350e-01
-7.949816584587097168e-01
-8.872129321098327637e-01
6.811312586069107056e-02
8.864707946777343750e-01
-3.164016902446746826e-01
5.262480974197387695e-01
9.607987403869628906e-01
7.415856122970581055e-01
-5.865066647529602051e-01
-1.225649043917655945e-01
-3.518460988998413086e-01
-7.352317124605178833e-02
3.777812526095658541e-05
6.879720836877822876e-02
7.703351974487304688e-02
8.530739694833755493e-03
2.076648175716400146e-02
-3.958321362733840942e-02
6.901731342077255249e-02
-3.804594278335571289e-02
-6.351401656866073608e-02
1.408004760742187500e-02
5.480344966053962708e-02
-8.243498951196670532e-02
8.265223354101181030e-02
3.289120271801948547e-02
-6.405895203351974487e-02
-1.969529874622821808e-02
7.932522147893905640e-02
-7.015037536621093750e-02
-2.672370895743370056e-02
2.998813800513744354e-02
-8.010286837816238403e-02
5.012326687574386597e-02
4.759509861469268799e-02
5.670709535479545593e-02
-6.375745683908462524e-02
9.960438311100006104e-02
-5.927870050072669983e-02
9.983834624290466309e-02
-9.597317129373550415e-02
-8.910082280635833740e-02
6.142226979136466980e-02
1.045174244791269302e-02
5.769178736954927444e-03
-5.537821725010871887e-02
-4.194935038685798645e-02
-2.924000471830368042e-02
-9.741973131895065308e-02
5.197092890739440918e-03
1.768665015697479248e-02
-8.466608414892107248e-05
3.229442238807678223e-02
9.488917887210845947e-02
2.658954635262489319e-02
-3.660881519317626953e-02
-4.115643724799156189e-02
-6.398330628871917725e-02
-6.932485848665237427e-02
-1.610567606985569000e-02
-1.768731884658336639e-02
6.774205714464187622e-02
-6.508854776620864868e-02
1.213953122496604919e-01
-1.068493351340293884e-01
4.327981732785701752e-04
1.368843168020248413e-01
1.514214128255844116e-01
-8.820798248052597046e-02
2.712483890354633331e-02
1.798729971051216125e-02
-7.139505445957183838e-02
-5.261072143912315369e-02
4.124467447400093079e-02
-1.058877184987068176e-01
2.512495033442974091e-02
6.589376926422119141e-02
-6.000758707523345947e-02
1.264870613813400269e-01
-1.002137828618288040e-02
6.908974796533584595e-02
1.508003026247024536e-01
-4.654608294367790222e-02
8.274824172258377075e-02
-4.355550557374954224e-02
-2.224346995353698730e-02
-1.278314180672168732e-02
-4.686133761424571276e-04
-2.849492430686950684e-02
1.767971552908420563e-02
2.842216985300183296e-03
4.781406372785568237e-02
-1.526735536754131317e-02
7.564093917608261108e-03
-2.805908583104610443e-02
-6.316880881786346436e-02
3.052389435470104218e-02
9.651818312704563141e-03
-3.020833246409893036e-02
-2.550312504172325134e-02
1.972645334899425507e-02
-1.363894715905189514e-02
4.929143190383911133e-02
4.272568970918655396e-03
2.849253267049789429e-02
3.286439925432205200e-02
-1.850788667798042297e-02
3.263574093580245972e-02
5.566202104091644287e-02
3.471147036179900169e-03
1.476103812456130981e-02
3.878023242577910423e-03
7.389497011899948120e-02
-4.506004601716995239e-02
-5.673336610198020935e-02
4.650709405541419983e-02
-9.288685023784637451e-02
1.711111515760421753e-03
-4.908324033021926880e-02
7.044404000043869019e-02
-9.936790913343429565e-02
6.471263617277145386e-02
1.055920273065567017e-01
2.159535139799118042e-02
-7.110928650945425034e-03
1.050576642155647278e-01
-4.561044275760650635e-02
-8.552491664886474609e-03
-4.673670604825019836e-02
-1.473286282271146774e-02
2.319614030420780182e-02
1.425473298877477646e-02
-2.015824057161808014e-02
-1.067109480500221252e-01
5.464908201247453690e-03
-3.161491360515356064e-03
2.136792540550231934e-01
1.088376164436340332e+00
1.380635023117065430e+00
-8.426940441131591797e-01
-8.856779336929321289e-02
-5.691138505935668945e-01
-1.309098720550537109e+00
-1.033561587333679199e+00
1.333125233650207520e+00
8.281756639480590820e-01
7.629654407501220703e-01
7.893735766410827637e-01
-1.128472089767456055e+00
1.491685062646865845e-01
1.321980118751525879e+00
-7.927011251449584961e-01
1.263573288917541504e+00
3.733338415622711182e-01
9.993080496788024902e-01
-6.084786057472229004e-01
6.548261642456054688e-01
-1.259160637855529785e+00
-9.018856287002563477e-02
4.737736284732818604e-01
4.259678721427917480e-01
5.618071183562278748e-02
6.597256660461425781e-02
6.107828021049499512e-02
4.507520422339439392e-02
4.720141738653182983e-02
-8.662659674882888794e-03
-5.210139229893684387e-02
-2.492304705083370209e-02
-7.537093479186296463e-03
-3.627988696098327637e-02
3.431843593716621399e-02
2.356688678264617920e-02
1.083267014473676682e-02
1.621763966977596283e-02
5.897657573223114014e-02
2.445336990058422089e-02
-5.887500941753387451e-02
-4.873339459300041199e-02
2.959057316184043884e-02
9.149366989731788635e-03
3.274211287498474121e-02
-6.705097854137420654e-02
-6.195859983563423157e-02
4.117012768983840942e-02
4.294383898377418518e-02
-6.643366068601608276e-02
2.787325158715248108e-02
-5.733802169561386108e-02
5.560971796512603760e-02
2.304188534617424011e-02
7.260742038488388062e-02
-7.240217924118041992e-02
-7.069008052349090576e-02
4.964671656489372253e-02
6.519356369972229004e-02
4.498958215117454529e-02
4.881899058818817139e-02
-6.184866279363632202e-02
5.315021798014640808e-02
-6.932948529720306396e-02
1.640456356108188629e-02
-4.809973016381263733e-02
-2.916638366878032684e-02
1.300230622291564941e-02
-2.887152321636676788e-02
-1.161843631416559219e-02
-6.959950178861618042e-02
-6.923593580722808838e-02
2.844438329339027405e-02
-3.108167834579944611e-02
-6.802585721015930176e-02
-4.411942511796951294e-02
-9.141477942466735840e-02
-8.938332647085189819e-02
6.690579652786254883e-02
5.682806670665740967e-02
1.489388197660446167e-02
-6.107892096042633057e-02
3.720028698444366455e-02
5.023222416639328003e-03
-7.990969717502593994e-02
2.406101487576961517e-02
1.018106341361999512e-01
-1.099799647927284241e-01
-1.111859604716300964e-01
1.432603411376476288e-02
8.419767022132873535e-02
-6.803705543279647827e-02
2.461418882012367249e-02
7.860288023948669434e-02
3.447376936674118042e-02
2.419753186404705048e-02
1.115587130188941956e-01
7.284310460090637207e-02
-6.288664788007736206e-02
4.787388257682323456e-03
2.829527109861373901e-02
4.884560033679008484e-02
-5.510553345084190369e-02
2.999191358685493469e-02
-1.608037203550338745e-02
-5.423532798886299133e-02
1.229429431259632111e-02
-3.015299513936042786e-02
7.848897948861122131e-03
-3.595931082963943481e-02
-4.167971014976501465e-02
-4.699574317783117294e-03
-1.860564202070236206e-02
3.239342570304870605e-02
4.775292705744504929e-03
4.323215782642364502e-02
1.037953514605760574e-02
-1.781005598604679108e-02
3.751492127776145935e-02
3.026581602171063423e-03
1.039552595466375351e-02
-1.781344972550868988e-02
1.987696887226775289e-04
-1.064927503466606140e-02
-6.662623025476932526e-03
-6.111745163798332214e-02
-4.819533205591142178e-04
-6.504876911640167236e-02
-1.685933209955692291e-02
4.541777819395065308e-02
-5.449309200048446655e-02
-5.282397195696830750e-02
-1.913558132946491241e-02
-2.148328907787799835e-02
1.326668914407491684e-02
1.301028393208980560e-02
3.974005207419395447e-02
-5.398607254028320312e-02
-5.530510563403367996e-03
4.383043944835662842e-02
6.778594106435775757e-02
-5.716578103601932526e-03
-4.534520581364631653e-02
2.252781949937343597e-02
4.462870210409164429e-02
-4.896029084920883179e-02
-4.547633230686187744e-02
3.463844209909439087e-02
-5.490918178111314774e-03
-9.850751161575317383e-01
-6.013556122779846191e-01
4.229548573493957520e-01
-3.537469804286956787e-01
7.198818922042846680e-01
8.245021700859069824e-01
1.517194211483001709e-01
-8.247186243534088135e-02
-3.310641050338745117e-01
-5.273819342255592346e-02
1.898406744003295898e-01
-7.966667413711547852e-01
-2.492631375789642334e-01
-8.675358295440673828e-01
6.401222944259643555e-01
-6.641953587532043457e-01
9.527904391288757324e-01
-2.688552737236022949e-01
-5.974864363670349121e-01
5.010938048362731934e-01
1.554836481809616089e-01
7.222045063972473145e-01
4.354045689105987549e-01
-1.004725337028503418e+00
6.596627235412597656e-01
-3.952099941670894623e-03
-9.275546297430992126e-03
1.332773175090551376e-02
1.530628930777311325e-02
-1.844592019915580750e-02
-1.897694310173392296e-03
1.723447628319263458e-02
8.127900771796703339e-03
1.768071390688419342e-02
-7.192139979451894760e-03
-1.157719455659389496e-02
1.804672740399837494e-02
8.747767657041549683e-03
2.014693617820739746e-02
-8.766104467213153839e-03
-1.347491145133972168e-02
-2.459920477122068405e-03
-1.976072415709495544e-02
8.226294070482254028e-03
1.547960098832845688e-02
5.038019269704818726e-03
-2.073637209832668304e-03
1.040537562221288681e-02
-1.332138199359178543e-02
2.053016610443592072e-02
-2.282438427209854126e-02
-2.198888733983039856e-02
-5.424120929092168808e-03
1.875002868473529816e-02
2.298309700563549995e-03
8.815470151603221893e-03
-1.682560145854949951e-02
8.371078409254550934e-03
-2.564984140917658806e-03
9.200593456625938416e-03
1.621124893426895142e-02
9.977745823562145233e-03
-1.952581922523677349e-03
-1.413960126228630543e-03
-1.439643371850252151e-02
-8.302589878439903259e-03
1.491652801632881165e-02
-9.204563684761524200e-03
1.425548456609249115e-02
-9.102081879973411560e-03
-5.346011370420455933e-03
4.885162343271076679e-04
-2.106429636478424072e-02
-2.291972195962443948e-04
-2.313687931746244431e-03
-3.139992943033576012e-03
-6.987123750150203705e-03
2.755564823746681213e-02
2.579439617693424225e-02
-2.368921786546707153e-02
1.623630896210670471e-02
-2.741602435708045959e-02
-2.975569292902946472e-02
1.068430580198764801e-02
5.136766703799366951e-04
-1.630550064146518707e-02
-3.371168673038482666e-02
-1.353132165968418121e-02
1.167407166212797165e-02
-3.235195949673652649e-02
-3.395501524209976196e-02
4.434495232999324799e-03
-2.517982758581638336e-02
-3.062107600271701813e-02
-1.346666365861892700e-02
-5.627360194921493530e-03
-3.176139295101165771e-02
-2.333866246044635773e-02
2.291751326993107796e-03
-3.295908868312835693e-02
-2.433493966236710548e-03
-1.117939595133066177e-02
-1.200238801538944244e-02
6.804755423218011856e-03
-1.332604885101318359e-02
-1.312078814953565598e-02
9.873588569462299347e-03
3.237047465518116951e-03
1.576765812933444977e-02
-4.627829417586326599e-03
-8.362698368728160858e-03
-1.602306379936635494e-03
8.759542834013700485e-05
1.320406794548034668e-02
-1.724566519260406494e-02
-1.232736278325319290e-03
7.658679503947496414e-03
-9.534269571304321289e-03
-8.797713555395603180e-03
8.367073722183704376e-03
-1.658957265317440033e-02
4.102542065083980560e-03
-1.340390555560588837e-02
8.605898357927799225e-03
-1.480377186089754105e-02
1.506119035184383392e-02
-2.319015003740787506e-02
-2.059179916977882385e-02
3.610172425396740437e-04
1.930376142263412476e-02
-2.097956649959087372e-02
-1.092735584825277328e-02
2.151574194431304932e-02
-4.108170978724956512e-03
1.014894340187311172e-02
-2.356656827032566071e-02
-7.704000920057296753e-03
-1.244062744081020355e-02
2.065290696918964386e-02
1.016744691878557205e-02
-1.787524297833442688e-02
3.949660807847976685e-03
-2.815608459059149027e-04
-1.006529107689857483e-02
-1.398995984345674515e-02
-8.129222318530082703e-03
1.930959336459636688e-02
-1.756110228598117828e-02
-1.745064370334148407e-02
-7.557952776551246643e-03
5.671657156199216843e-03
8.874817192554473877e-02
9.783414192497730255e-03
-7.848282903432846069e-02
-1.976859569549560547e-01
-5.849970877170562744e-02
-1.312428563833236694e-01
2.634058296680450439e-01
-3.173568844795227051e-01
-2.079586386680603027e-01
-2.652515769004821777e-01
-5.958347022533416748e-02
2.540634274482727051e-01
2.857746183872222900e-01
-2.838236987590789795e-01
-1.412568334490060806e-02
1.913662552833557129e-01
1.437114477157592773e-01
2.670491635799407959e-01
-9.043380618095397949e-03
-2.190545499324798584e-01
2.156761735677719116e-01
-1.117990836501121521e-01
1.688117682933807373e-01
-8.034471422433853149e-02
2.200927957892417908e-02
4.656784608960151672e-02
4.814333468675613403e-02
-4.711868613958358765e-02
-3.424819186329841614e-02
-2.140727639198303223e-02
-3.301701694726943970e-02
4.967818781733512878e-02
-4.572713747620582581e-03
-3.434450924396514893e-02
-2.303936146199703217e-02
-2.859871648252010345e-02
2.112367935478687286e-02
-4.516086727380752563e-02
-4.827523976564407349e-02
-5.103785544633865356e-02
2.229041792452335358e-02
2.560042403638362885e-02
-3.215641528367996216e-02
1.283910870552062988e-02
3.821956738829612732e-02
7.522987667471170425e-03
-1.095465198159217834e-02
3.825263818725943565e-03
-5.551720969378948212e-03
2.851257100701332092e-02
-3.845162317156791687e-02
2.871662378311157227e-02
3.191734850406646729e-02
-3.430997580289840698e-02
4.624104499816894531e-02
5.561998113989830017e-02
-2.232471294701099396e-02
-1.586141809821128845e-02
2.822129428386688232e-02
-4.436418786644935608e-02
2.239432558417320251e-02
1.321177650243043900e-02
3.569483757019042969e-02
-4.918819293379783630e-02
-4.704637825489044189e-02
2.543365955352783203e-02
2.039831876754760742e-02
-5.270821228623390198e-02
-3.157960996031761169e-02
-5.181416869163513184e-02
-4.057019576430320740e-02
-2.555091120302677155e-02
4.686254262924194336e-02
-1.127202156931161880e-02
4.952552542090415955e-02
8.188970386981964111e-02
3.929717466235160828e-02
-7.719278335571289062e-02
4.339221492409706116e-02
3.289058804512023926e-02
6.683285534381866455e-02
-8.505889028310775757e-02
5.303199961781501770e-02
7.058171927928924561e-02
-8.022409677505493164e-02
9.021784178912639618e-03
7.361108064651489258e-02
-6.271480023860931396e-02
2.829328179359436035e-02
3.810248896479606628e-02
2.259967476129531860e-02
8.573506772518157959e-02
7.060226052999496460e-02
7.398027926683425903e-02
-1.074812375009059906e-02
7.232104986906051636e-02
-8.035756647586822510e-02
-4.653151333332061768e-02
-1.844268292188644409e-02
-1.268820744007825851e-02
3.945383802056312561e-02
2.014627307653427124e-02
2.749923057854175568e-02
2.905383147299289703e-02
-3.190681710839271545e-02
-4.947070498019456863e-03
6.237158551812171936e-03
1.110934931784868240e-02
2.196445502340793610e-02
-1.699582114815711975e-02
-1.287946105003356934e-02
3.573979437351226807e-02
-1.146351918578147888e-02
-2.967026643455028534e-02
2.896116115152835846e-02
2.892339229583740234e-02
-1.339340582489967346e-02
-8.539198897778987885e-03
-3.151712194085121155e-02
-3.566941991448402405e-02
1.606222987174987793e-02
-1.824670657515525818e-02
3.400368243455886841e-02
-3.420091792941093445e-02
-8.353798650205135345e-03
1.304925302974879742e-03
3.106101043522357941e-02
4.891287162899971008e-02
4.092766717076301575e-02
2.660377696156501770e-02
-2.773984149098396301e-02
-4.316037520766258240e-02
-5.406699702143669128e-02
2.997916890308260918e-03
5.861587449908256531e-02
-1.147940196096897125e-02
-2.544274786487221718e-03
-4.391862452030181885e-02
1.855449937283992767e-02
3.831554949283599854e-02
-5.958501249551773071e-02
-4.255446791648864746e-02
4.476556554436683655e-02
1.430915016680955887e-02
-3.767961403355002403e-03
1.080347038805484772e-02
-9.188835509121417999e-03
-4.224278777837753296e-02
-5.647339299321174622e-02
5.290057659149169922e-01
-9.566279500722885132e-02
-2.987131476402282715e-01
-2.076064646244049072e-01
-4.386931061744689941e-01
-2.382253557443618774e-01
-6.904374361038208008e-01
6.019055843353271484e-01
3.284368515014648438e-01
-4.056344032287597656e-01
-2.745240926742553711e-01
3.608468472957611084e-01
-2.978430092334747314e-01
2.120933532714843750e-01
2.214618921279907227e-01
-5.063121914863586426e-01
2.014826685190200806e-01
4.921147599816322327e-02
7.024776339530944824e-01
-2.910180389881134033e-01
-2.067646235227584839e-01
6.930001974105834961e-01
-6.568073034286499023e-01
5.811067670583724976e-02
7.749614715576171875e-01
-4.765106737613677979e-02
1.018855869770050049e-01
9.430363774299621582e-02
9.887343645095825195e-02
-1.014125254005193710e-02
9.614144265651702881e-02
-4.630681872367858887e-02
-3.637906908988952637e-02
4.019731283187866211e-02
2.245065756142139435e-02
5.858775600790977478e-02
1.009967997670173645e-01
-6.652805209159851074e-02
5.640388280153274536e-02
3.555642068386077881e-02
5.606819689273834229e-02
5.039347335696220398e-02
-3.975491970777511597e-02
-8.399643748998641968e-02
8.506225794553756714e-02
-6.060276553034782410e-02
6.794558465480804443e-02
-1.012438088655471802e-01
-1.838612183928489685e-02
1.126415911130607128e-03
2.011223137378692627e-02
9.395898319780826569e-03
3.662789985537528992e-02
-1.294267456978559494e-02
2.846764773130416870e-02
1.150291115045547485e-01
-7.521321624517440796e-02
-6.346320267766714096e-03
-4.437142238020896912e-02
1.019922718405723572e-01
9.950593113899230957e-02
-3.169772215187549591e-03
-4.029251635074615479e-02
-7.182066142559051514e-02
8.317419886589050293e-02
-8.004697039723396301e-03
1.094757765531539917e-01
6.628715246915817261e-02
1.017452552914619446e-01
9.193682670593261719e-02
-7.553755491971969604e-02
3.402365371584892273e-02
-4.819988459348678589e-02
5.832370743155479431e-02
-1.045109890401363373e-02
1.532272156327962875e-02
-1.224135383963584900e-01
-1.581878662109375000e-01
6.665275245904922485e-02
4.113180562853813171e-02
1.537456363439559937e-02
1.202162429690361023e-01
-7.390993833541870117e-02
6.283098459243774414e-02
-9.748382866382598877e-02
3.667402267456054688e-02
-4.040844365954399109e-02
1.239565908908843994e-01
1.547818630933761597e-01
1.537271738052368164e-01
7.962128147482872009e-03
1.043746396899223328e-01
-1.768457293510437012e-01
-1.038261428475379944e-01
3.163369745016098022e-02
9.871135698631405830e-04
-1.389565169811248779e-01
-7.834146916866302490e-02
-8.266775310039520264e-02
-1.753631532192230225e-01
8.361678570508956909e-03
5.976785346865653992e-02
3.558427095413208008e-02
-4.165750741958618164e-02
-8.050934225320816040e-02
-7.073456794023513794e-02
1.626310404390096664e-03
6.031313166022300720e-02
-3.550616279244422913e-02
-4.770817235112190247e-02
-4.677104949951171875e-02
-7.589953951537609100e-03
-8.326143026351928711e-02
-7.736874371767044067e-02
8.630691468715667725e-02
-4.181384667754173279e-02
-1.581346988677978516e-02
-2.345781587064266205e-02
-7.702345401048660278e-02
-1.545658521354198456e-02
2.683892846107482910e-02
-3.560129553079605103e-02
-3.736713668331503868e-03
-4.193966451566666365e-04
-8.728136122226715088e-02
9.015285223722457886e-02
1.002083048224449158e-01
8.458142727613449097e-02
-4.073948040604591370e-02
6.482661515474319458e-02
-1.162299811840057373e-01
-3.068957291543483734e-02
-2.523085102438926697e-02
-4.381000623106956482e-02
5.210313946008682251e-02
-5.652666091918945312e-02
-1.437846105545759201e-02
-3.582132235169410706e-02
-1.164980083703994751e-01
-2.048653177917003632e-02
-1.051337271928787231e-01
7.233702391386032104e-02
6.630283594131469727e-02
1.162137910723686218e-01
-4.165804013609886169e-02
6.308470852673053741e-03
2.430123090744018555e-02
1.238340660929679871e-01
1.137105450034141541e-01
-6.420339643955230713e-02
-1.404832601547241211e+00
-1.488018870353698730e+00
-7.950507998466491699e-01
1.388131022453308105e+00
5.544847249984741211e-01
1.592963933944702148e+00
1.223748922348022461e+00
2.393546886742115021e-02
-1.023243546485900879e+00
1.612193703651428223e+00
1.324377536773681641e+00
7.147849798202514648e-01
-9.018760323524475098e-01
1.300616502761840820e+00
1.502664834260940552e-01
1.091691136360168457e+00
6.890687346458435059e-01
8.766900300979614258e-01
-1.448704957962036133e+00
-9.154434204101562500e-01
9.902173280715942383e-01
-3.439606428146362305e-01
-1.436328768730163574e+00
1.501410007476806641e+00
-3.570353612303733826e-02
6.489336490631103516e-02
-6.287685036659240723e-02
2.769657969474792480e-02
-3.030096367001533508e-02
-3.385232388973236084e-02
-1.677831262350082397e-02
-2.977624163031578064e-02
4.408043995499610901e-02
-1.528440229594707489e-02
6.099452450871467590e-02
1.835610345005989075e-02
-1.242991909384727478e-02
-4.646475613117218018e-02
-7.366095483303070068e-02
-2.346748486161231995e-02
-7.449425011873245239e-02
-1.490402501076459885e-02
1.314811408519744873e-03
-5.184158217161893845e-03
-3.951574862003326416e-02
5.583367496728897095e-02
4.530477896332740784e-02
-1.981970854103565216e-02
-3.178413212299346924e-02
5.057472735643386841e-02
7.654999941587448120e-02
-8.056341111660003662e-02
-1.901019550859928131e-02
-8.165296167135238647e-03
-3.185630962252616882e-02
7.511448860168457031e-02
-1.299654133617877960e-02
7.459884136915206909e-02
4.349686205387115479e-04
-9.543959051370620728e-03
-5.132240802049636841e-02
-2.925592474639415741e-02
2.835170924663543701e-02
3.891952708363533020e-02
-3.130557248368859291e-03
8.383687585592269897e-02
-6.089803203940391541e-02
3.373503312468528748e-02
7.924688607454299927e-02
-1.529922150075435638e-02
6.985291838645935059e-02
1.450395327992737293e-03
-6.588789820671081543e-02
-4.827058687806129456e-02
3.274977207183837891e-02
-5.797807127237319946e-02
3.222276642918586731e-02
1.318668276071548462e-01
4.550910741090774536e-02
-1.253880746662616730e-02
3.348802402615547180e-02
-7.718957215547561646e-02
-1.125739589333534241e-01
-1.007098853588104248e-01
-1.124197989702224731e-01
2.749453671276569366e-02
2.609632350504398346e-02
-5.693561583757400513e-02
-1.310489475727081299e-01
7.257556915283203125e-02
-7.601936161518096924e-02
-2.236702851951122284e-02
-1.123366504907608032e-01
-7.558380067348480225e-02
5.588952079415321350e-02
-1.248292773962020874e-01
-7.639856636524200439e-02
1.004460379481315613e-01
-6.870954483747482300e-02
-5.575500801205635071e-02
-1.863346062600612640e-02
2.836818620562553406e-02
-4.353321343660354614e-02
6.654080003499984741e-03
2.710351347923278809e-02
-4.817625042051076889e-03
1.199997309595346451e-02
-5.062613263726234436e-02
3.000343590974807739e-02
2.480243705213069916e-02
-8.324262686073780060e-03
-5.487498268485069275e-02
2.654424682259559631e-02
4.330570995807647705e-02
-1.160770747810602188e-02
3.128017485141754150e-02
2.459867298603057861e-02
-2.654371596872806549e-02
-4.607058130204677582e-03
6.606195122003555298e-02
3.133106802124530077e-04
-5.283381417393684387e-02
-4.839863628149032593e-03
3.301594033837318420e-02
-2.166300080716609955e-02
-4.917475953698158264e-02
7.735416293144226074e-02
4.967508465051651001e-02
-1.595322787761688232e-02
4.797336179763078690e-03
-9.931296110153198242e-03
2.180073596537113190e-02
3.337219357490539551e-03
-5.682318657636642456e-02
1.739756017923355103e-02
2.455975394695997238e-03
6.071073003113269806e-03
-3.578479215502738953e-02
2.405973151326179504e-02
-7.593322545289993286e-02
2.806938253343105316e-02
5.088469386100769043e-02
-1.033417787402868271e-02
-7.294283062219619751e-02
-3.413483500480651855e-04
1.332975807599723339e-04
-8.115027844905853271e-02
-6.641620397567749023e-02
8.685329556465148926e-02
7.022142410278320312e-02
6.925839781761169434e-01
8.657360672950744629e-01
4.810856878757476807e-01
7.033134102821350098e-01
8.276991248130798340e-01
-2.919379770755767822e-01
-1.588636040687561035e-01
8.910895586013793945e-01
-4.500537179410457611e-04
-8.131587505340576172e-01
-9.690110087394714355e-01
6.989228725433349609e-01
1.035145401954650879e+00
9.705274105072021484e-01
2.079727798700332642e-01
8.626391291618347168e-01
-1.147385239601135254e+00
-9.003578424453735352e-01
-1.202493190765380859e+00
1.006860852241516113e+00
-1.130795385688543320e-02
-5.754398107528686523e-01
4.228629469871520996e-01
-4.678014218807220459e-01
-8.014836907386779785e-01
1.532740704715251923e-02
7.276230026036500931e-03
-2.845809422433376312e-02
-2.617480978369712830e-02
1.863258332014083862e-02
3.021689131855964661e-02
3.235065378248691559e-03
-1.996048726141452789e-02
1.918912306427955627e-02
6.930762436240911484e-03
-3.479099646210670471e-02
-2.575289458036422729e-02
8.698026649653911591e-03
2.458970434963703156e-02
-1.276682037860155106e-02
1.921531558036804199e-02
-2.461109682917594910e-02
3.802793845534324646e-02
2.831605076789855957e-02
7.443470880389213562e-03
1.767974719405174255e-02
1.383553165942430496e-02
-2.345008961856365204e-02
-3.465241461526602507e-04
1.059691701084375381e-02
-9.810625575482845306e-03
4.168038070201873779e-02
-1.676161587238311768e-02
-3.881710767745971680e-02
-2.069256082177162170e-02
-4.033903777599334717e-02
3.581709787249565125e-02
-1.951175928115844727e-02
-3.058068081736564636e-02
-4.698492120951414108e-03
-2.928696013987064362e-02
-2.270486392080783844e-02
2.215880155563354492e-02
-3.263319283723831177e-02
2.049767225980758667e-02
3.169621899724006653e-02
-9.749340824782848358e-05
1.929996907711029053e-02
-2.434718981385231018e-02
3.389459103345870972e-02
4.222352430224418640e-02
1.032883487641811371e-02
3.960843756794929504e-02
-4.316776990890502930e-02
-4.772472195327281952e-03
1.315026264637708664e-02
-5.752610415220260620e-02
3.220714628696441650e-02
-2.522361092269420624e-02
-2.393753081560134888e-02
-5.251119285821914673e-02
2.705711871385574341e-02
-4.815713316202163696e-02
-1.404457911849021912e-02
2.940092794597148895e-02
4.985932633280754089e-02
1.496583130210638046e-02
-2.468938939273357391e-02
-2.878766879439353943e-02
3.714783489704132080e-02
1.227959338575601578e-02
5.571380257606506348e-02
2.492389641702175140e-02
5.331650376319885254e-02
-5.333149433135986328e-02
5.320702493190765381e-02
-3.040843084454536438e-02
-1.771638728678226471e-02
3.961352340411394835e-04
-1.241157203912734985e-02
6.484850309789180756e-03
2.921365574002265930e-02
-1.958791352808475494e-02
1.012981310486793518e-02
-2.634858526289463043e-02
5.147583782672882080e-03
2.700777724385261536e-02
2.210565656423568726e-02
2.807493321597576141e-02
1.774673722684383392e-02
-2.712376648560166359e-03
8.559772744774818420e-03
-1.369891874492168427e-02
2.782775089144706726e-02
1.641507074236869812e-02
-2.399521507322788239e-02
2.834683842957019806e-02
-4.864864167757332325e-04
-1.457317615859210491e-03
-8.972477167844772339e-03
-8.649722672998905182e-03
1.640848233364522457e-03
-1.600477285683155060e-02
-3.049583919346332550e-02
-1.688719727098941803e-02
-9.230908937752246857e-03
3.502897545695304871e-02
3.412492945790290833e-02
-2.779294922947883606e-02
-1.781140570528805256e-03
-1.338808331638574600e-02
-2.481564693152904510e-02
-8.157054893672466278e-03
-1.609520241618156433e-02
2.592810429632663727e-02
-2.300513722002506256e-02
7.136789150536060333e-03
-2.617691643536090851e-02
-1.447765436023473740e-02
3.651704639196395874e-02
-2.277311310172080994e-02
-2.789285033941268921e-03
4.430196061730384827e-02
1.587679237127304077e-02
-2.361099049448966980e-02
-2.785096876323223114e-02
-1.626676321029663086e-02
-1.452608872205018997e-02
2.019634284079074860e-02
-1.031300891190767288e-02
5.206631422042846680e-01
-3.387255668640136719e-01
-1.930459439754486084e-01
2.247629910707473755e-01
4.930450618267059326e-01
5.905474424362182617e-01
9.881086647510528564e-02
2.602174691855907440e-02
-2.765922546386718750e-01
3.488112390041351318e-01
-3.578431904315948486e-01
-1.622663885354995728e-01
-5.159745216369628906e-01
-5.934799313545227051e-01
3.450658619403839111e-01
4.194061830639839172e-02
4.921314418315887451e-01
4.912400245666503906e-01
3.239535391330718994e-01
2.470577508211135864e-01
-1.602115780115127563e-01
3.278788924217224121e-01
2.968610823154449463e-01
2.137111276388168335e-01
-1.782081462442874908e-02
5.559847224503755569e-03
1.651486672926694155e-04
-2.701299078762531281e-02
8.640675805509090424e-03
-2.736361511051654816e-02
1.806018874049186707e-02
-2.217725291848182678e-02
-1.215860154479742050e-02
-1.765267550945281982e-02
2.937978133559226990e-02
-2.621245943009853363e-02
1.900608837604522705e-02
1.866798475384712219e-02
2.631875872611999512e-02
9.326135739684104919e-03
2.029155381023883820e-02
2.942403219640254974e-02
7.331857457756996155e-03
1.265615411102771759e-02
-2.910518832504749298e-02
-9.984064847230911255e-03
3.374993801116943359e-03
4.509762395173311234e-03
-1.315059419721364975e-02
-3.689962252974510193e-02
-1.058744732290506363e-02
1.558603346347808838e-02
3.505547717213630676e-02
-3.676367923617362976e-02
1.943707838654518127e-02
-3.863008320331573486e-02
-3.893248736858367920e-02
-2.549535967409610748e-02
-5.377309862524271011e-03
1.137047447264194489e-02
-3.096155449748039246e-02
3.136577084660530090e-02
3.681557998061180115e-02
2.504828386008739471e-03
3.313851356506347656e-02
-1.843072660267353058e-02
-1.610525697469711304e-02
-5.253617186099290848e-03
4.448356106877326965e-03
-2.839978970587253571e-02
-3.259923309087753296e-02
1.608240231871604919e-02
1.173821557313203812e-02
3.982679918408393860e-02
-1.659860834479331970e-02
2.189164981245994568e-02
-2.501589618623256683e-02
3.060200065374374390e-02
-3.434019163250923157e-03
4.595468938350677490e-02
3.444045782089233398e-02
5.159836262464523315e-02
3.185708075761795044e-02
2.329007955268025398e-03
5.342244356870651245e-02
-3.641260042786598206e-02
5.846939608454704285e-02
6.057715788483619690e-02
5.921834707260131836e-02
-2.895746007561683655e-02
-3.284663334488868713e-02
3.922088071703910828e-03
1.930397190153598785e-02
3.109654597938060760e-02
2.521206438541412354e-02
5.278499051928520203e-02
-1.553132385015487671e-02
-2.033772319555282593e-02
2.077951468527317047e-02
1.727496087551116943e-02
-1.791236363351345062e-02
2.970143454149365425e-03
-2.331444248557090759e-02
-9.008548222482204437e-03
-1.205175369977951050e-02
2.691742964088916779e-02
-2.764182165265083313e-02
-1.813030429184436798e-02
-3.005099296569824219e-02
7.744522765278816223e-03
-2.363499999046325684e-02
9.935031644999980927e-03
-2.132956683635711670e-02
-1.967045105993747711e-02
-1.568756252527236938e-02
4.608200397342443466e-03
2.821626700460910797e-02
2.876381762325763702e-02
-2.319921040907502174e-03
-3.007761389017105103e-02
-1.014489680528640747e-02
-1.170285604894161224e-02
-6.531292106956243515e-03
1.173287257552146912e-02
1.545294187963008881e-02
1.926405355334281921e-02
1.241191197186708450e-02
-1.758924499154090881e-02
-4.609122406691312790e-04
5.529605317860841751e-03
-2.219317108392715454e-02
-3.886759979650378227e-03
-5.423654336482286453e-03
-4.105087742209434509e-02
2.945485152304172516e-02
-4.392770119011402130e-03
-3.755964338779449463e-02
3.437545523047447205e-02
-2.337861247360706329e-02
1.538274716585874557e-02
4.308861121535301208e-02
2.011350588873028755e-03
1.250034663826227188e-02
1.726341433823108673e-02
3.283813223242759705e-02
-1.333104819059371948e-02
-2.444940432906150818e-02
-3.400157671421766281e-03
3.397909551858901978e-02
3.735798876732587814e-03
4.017665982246398926e-01
-4.299112595617771149e-03
1.774151772260665894e-01
2.010666392743587494e-02
1.569684781134128571e-02
-5.502628684043884277e-01
-5.055157542228698730e-01
4.806902632117271423e-02
2.861896753311157227e-01
3.884330987930297852e-01
2.508930116891860962e-02
2.437399923801422119e-01
2.418407350778579712e-01
-4.991655945777893066e-01
-5.082330107688903809e-01
-4.483348131179809570e-01
9.941491298377513885e-03
-3.656296432018280029e-01
-1.850438266992568970e-01
-8.651261031627655029e-02
2.256064862012863159e-01
1.340697556734085083e-01
5.364177823066711426e-01
5.215656757354736328e-01
-3.688910603523254395e-01
-2.747665275819599628e-04
1.440269593149423599e-02
7.614113390445709229e-02
-2.703067474067211151e-02
-3.427683934569358826e-02
-5.524875223636627197e-02
6.426750868558883667e-02
-2.470951341092586517e-02
-3.266531601548194885e-02
5.899155884981155396e-02
8.025478571653366089e-02
-3.675479209050536156e-03
-6.148045882582664490e-02
7.106388360261917114e-02
-2.982895448803901672e-02
-4.019219428300857544e-02
-6.131630018353462219e-02
-4.194616898894309998e-02
-6.830605119466781616e-02
-5.034343898296356201e-02
-7.945188879966735840e-02
-1.757901720702648163e-02
3.506817296147346497e-02
-6.620936095714569092e-02
-1.218030665768310428e-04
-3.517779707908630371e-02
4.614209011197090149e-02
8.262310177087783813e-02
-1.264576334506273270e-02
-4.801195859909057617e-02
-7.329761236906051636e-02
-5.604626983404159546e-02
2.754255756735801697e-02
2.188760042190551758e-02
5.137268453836441040e-02
-1.417460013180971146e-02
4.901682585477828979e-02
-8.498902618885040283e-02
2.564382739365100861e-02
9.260824322700500488e-02
-9.441165626049041748e-02
-4.952183738350868225e-02
6.106854230165481567e-02
-1.491478644311428070e-02
-5.084933713078498840e-02
5.819672718644142151e-02
6.394620984792709351e-03
3.736315760761499405e-03
-2.897453121840953827e-02
7.187388837337493896e-02
8.057357370853424072e-02
2.602155506610870361e-02
2.216786891222000122e-02
7.511134445667266846e-02
9.049647301435470581e-02
-5.958457663655281067e-02
-1.591455377638339996e-02
6.377104669809341431e-02
-7.038836926221847534e-02
1.358224302530288696e-01
-9.950084239244461060e-02
6.702834367752075195e-02
-1.043398305773735046e-01
4.663711413741111755e-02
1.014556810259819031e-01
1.751065254211425781e-02
-1.455879863351583481e-02
9.237082302570343018e-02
-1.043004021048545837e-01
-9.799982607364654541e-02
-1.238019242882728577e-01
-8.941273391246795654e-02
3.770032664760947227e-03
-6.586612015962600708e-02
3.236104920506477356e-02
2.428032224997878075e-03
5.988299474120140076e-02
-3.119919076561927795e-02
-1.968380063772201538e-02
4.758895188570022583e-02
-1.819350942969322205e-02
6.888694316148757935e-02
-2.857810072600841522e-02
-7.880235207267105579e-04
-1.704756915569305420e-02
3.356920555233955383e-02
2.756986208260059357e-02
-3.831674158573150635e-02
4.741249606013298035e-02
-4.572023637592792511e-03
-1.819517463445663452e-02
-1.451400108635425568e-03
5.007503554224967957e-02
7.058117538690567017e-02
3.501141443848609924e-02
1.259043160825967789e-02
4.695866629481315613e-02
-3.008822165429592133e-02
-3.760259598493576050e-02
-2.077886089682579041e-02
-6.589262932538986206e-02
4.377429932355880737e-02
9.670726954936981201e-03
-3.483204543590545654e-02
-1.033579371869564056e-02
-2.018634695559740067e-03
8.729336410760879517e-02
9.088064730167388916e-02
-7.837674766778945923e-02
3.731233626604080200e-02
3.931295126676559448e-02
3.892811387777328491e-02
-1.387965492904186249e-02
2.546099014580249786e-02
2.561863139271736145e-02
9.908968210220336914e-02
-9.757569432258605957e-02
-3.863369300961494446e-02
-6.849668174982070923e-02
-4.938406869769096375e-02
1.998881250619888306e-02
6.209108605980873108e-02
-7.698870450258255005e-02
6.621718406677246094e-02
8.504050970077514648e-02
-6.678477525711059570e-01
2.364852130413055420e-01
-6.955836415290832520e-01
2.902050018310546875e-01
-6.281700730323791504e-01
-5.278142094612121582e-01
-9.070033431053161621e-01
-1.129864811897277832e+00
1.081242442131042480e+00
-1.711037606000900269e-01
-3.758828714489936829e-02
-6.743006110191345215e-01
9.443807005882263184e-01
-7.755180597305297852e-01
-5.480122566223144531e-01
-1.057667374610900879e+00
-1.139322638511657715e+00
1.202885746955871582e+00
-1.046260476112365723e+00
-1.870576143264770508e-01
-3.921943008899688721e-01
4.962891936302185059e-01
3.623981475830078125e-01
-1.038666486740112305e+00
1.216815590858459473e+00
-2.729555778205394745e-02
2.710174303501844406e-03
-2.289231168106198311e-03
-6.350048817694187164e-03
1.867323927581310272e-02
2.313557639718055725e-02
3.569418797269463539e-03
-9.678196161985397339e-03
2.037166245281696320e-02
1.721555553376674652e-02
4.921538289636373520e-03
-7.494633086025714874e-03
1.155246514827013016e-03
2.442282624542713165e-02
2.971548121422529221e-03
-5.399886984378099442e-03
-2.319965697824954987e-02
-1.468400750309228897e-02
1.979034580290317535e-02
-9.649065323173999786e-04
-1.824751961976289749e-03
1.066908054053783417e-02
-1.802821271121501923e-02
-1.851047505624592304e-03
-7.706803269684314728e-03
1.568111404776573181e-02
2.439058944582939148e-02
1.881861314177513123e-02
2.234456501901149750e-02
-2.678455971181392670e-02
-1.063997577875852585e-02
3.548967652022838593e-03
-2.545545995235443115e-02
8.130136877298355103e-03
-1.964501850306987762e-02
1.284266915172338486e-02
2.425657398998737335e-02
-2.563811093568801880e-02
2.511342801153659821e-02
1.398420706391334534e-02
-1.977808400988578796e-02
2.868694998323917389e-02
-2.595697343349456787e-02
-2.017663046717643738e-02
-1.490862295031547546e-02
-1.517651719041168690e-03
5.381782073527574539e-03
-8.795417845249176025e-03
-2.840731665492057800e-02
-3.459523897618055344e-03
3.462462127208709717e-02
3.513671457767486572e-02
2.284492366015911102e-02
6.625815294682979584e-03
1.133934035897254944e-02
-3.518108651041984558e-02
1.847974583506584167e-02
-4.541839659214019775e-02
-1.884621568024158478e-02
-1.199296116828918457e-02
3.351185098290443420e-02
-1.330311642959713936e-03
-2.078753896057605743e-02
7.972975261509418488e-03
-3.786724805831909180e-02
-1.208241935819387436e-02
1.263893675059080124e-02
-3.022386692464351654e-03
-4.792659077793359756e-03
2.789147756993770599e-02
-3.466624766588211060e-02
-2.304269187152385712e-02
4.417416453361511230e-02
9.081020951271057129e-03
-7.388941477984189987e-03
1.170936040580272675e-02
1.359914615750312805e-02
-3.777412697672843933e-03
-9.416144341230392456e-03
-3.695049323141574860e-03
8.208263665437698364e-03
-2.885889727622270584e-03
1.315644197165966034e-02
-1.843449100852012634e-02
-1.109099853783845901e-02
1.723310723900794983e-02
2.965598832815885544e-03
4.552116617560386658e-03
7.434858940541744232e-03
-5.341537296772003174e-03
-9.040133096277713776e-03
6.485174410045146942e-03
-5.991170182824134827e-03
-9.338302537798881531e-03
2.986591309309005737e-03
5.467860493808984756e-03
-2.041091443970799446e-03
-1.528802514076232910e-02
-3.418008331209421158e-03
-1.281118486076593399e-02
1.683443598449230194e-02
-2.119349502027034760e-02
2.550309523940086365e-02
1.273939665406942368e-02
-2.738961763679981232e-02
2.373637259006500244e-02
-3.163149207830429077e-02
-1.859668758697807789e-03
-1.997029222548007965e-02
-2.751622162759304047e-02
3.169109579175710678e-03
-1.550838630646467209e-02
2.312017045915126801e-02
-2.514401264488697052e-02
2.654858864843845367e-02
1.929667778313159943e-02
2.801470085978507996e-02
-9.366344660520553589e-03
-1.960559189319610596e-02
-2.124996110796928406e-02
2.659808844327926636e-02
-1.590874604880809784e-02
-3.938277252018451691e-03
-4.930113907903432846e-03
5.502690095454454422e-03
-3.493028581142425537e-01
3.432412147521972656e-01
-3.149757981300354004e-01
4.186799526214599609e-01
-1.665612310171127319e-01
-1.900322735309600830e-01
-5.851054564118385315e-02
1.259821206331253052e-01
-7.887170463800430298e-02
-4.248476326465606689e-01
2.994152009487152100e-01
4.216294586658477783e-01
2.147669792175292969e-01
4.165374636650085449e-01
1.160187870264053345e-01
-3.335604071617126465e-02
-3.390507996082305908e-01
-3.720450103282928467e-01
-2.930782735347747803e-01
-1.080044060945510864e-01
2.478754967451095581e-01
-1.756280511617660522e-01
-1.653301715850830078e-02
-6.007628049701452255e-03
-2.782569527626037598e-01
-1.923232688568532467e-03
6.859892606735229492e-02
5.678400769829750061e-02
5.411016196012496948e-02
-7.007030770182609558e-03
1.260004937648773193e-03
3.884001448750495911e-02
-2.363185957074165344e-02
-2.879298105835914612e-02
6.078634411096572876e-02
4.056124482303857803e-03
-4.797087609767913818e-02
5.986391007900238037e-02
1.179205439984798431e-02
3.801381215453147888e-02
-6.170435994863510132e-02
1.318416465073823929e-02
4.345544800162315369e-02
-1.024948619306087494e-02
-4.038299247622489929e-02
5.684125423431396484e-02
3.304508700966835022e-02
2.023436315357685089e-02
1.680221036076545715e-02
1.568103558383882046e-03
4.456214606761932373e-02
-1.698726601898670197e-02
-4.574157670140266418e-02
2.967211417853832245e-02
2.073177881538867950e-02
2.958667650818824768e-02
-8.630956523120403290e-03
-1.031200494617223740e-02
-6.176040042191743851e-03
2.048988454043865204e-02
-5.962882563471794128e-02
-7.242715358734130859e-02
2.907748892903327942e-02
-4.254464432597160339e-02
-6.536894012242555618e-03
2.154248766601085663e-02
1.089907810091972351e-02
5.009448900818824768e-02
1.018605008721351624e-02
1.923823170363903046e-02
-6.955588236451148987e-03
1.147025637328624725e-02
2.849311940371990204e-02
5.301256105303764343e-02
-7.362792640924453735e-02
-4.928929731249809265e-02
-1.061764135956764221e-01
-4.717498645186424255e-02
7.212771475315093994e-02
-1.121119409799575806e-01
-1.060201898217201233e-01
6.851215660572052002e-02
-6.987453997135162354e-02
8.647878468036651611e-02
3.686838224530220032e-02
2.970120497047901154e-02
9.399783611297607422e-02
-1.096026822924613953e-01
8.664788305759429932e-02
3.837210685014724731e-02
-7.928986102342605591e-02
2.878957800567150116e-02
-3.297676146030426025e-02
-4.749399051070213318e-02
-1.281486451625823975e-02
-5.578548833727836609e-02
1.034666001796722412e-01
1.018414720892906189e-01
-1.262249611318111420e-02
-1.049267128109931946e-01
-3.585570491850376129e-03
3.872471163049340248e-03
3.917699679732322693e-02
1.885764882899820805e-03
1.705857180058956146e-02
1.555162947624921799e-02
-3.325611352920532227e-02
-3.635578230023384094e-02
-5.238498374819755554e-02
-4.602620319928973913e-04
1.815363019704818726e-02
-4.167539533227682114e-03
5.689195916056632996e-02
-1.118083018809556961e-02
-3.824542462825775146e-02
9.768609888851642609e-03
-1.650557853281497955e-02
-8.034979924559593201e-03
5.679136514663696289e-02
-1.681702560745179653e-03
5.119937658309936523e-02
7.827269844710826874e-03
-2.180466242134571075e-02
4.297138378024101257e-02
-3.338665887713432312e-02
2.743932185694575310e-03
1.864075288176536560e-02
3.722231090068817139e-02
-7.651716470718383789e-02
4.068242385983467102e-03
-2.147249504923820496e-02
5.376972630620002747e-02
2.790166065096855164e-02
3.323853388428688049e-02
4.986313357949256897e-02
-1.856669597327709198e-02
-5.313354544341564178e-03
6.653176248073577881e-02
-6.684156507253646851e-02
-5.732360482215881348e-02
6.066828034818172455e-03
-3.285129368305206299e-02
4.749546758830547333e-03
7.325801253318786621e-02
-9.613674134016036987e-03
-7.070991396903991699e-02
-3.769861161708831787e-02
7.616116106510162354e-02
-1.821907982230186462e-02
-3.636344894766807556e-02
4.968006908893585205e-01
1.366328001022338867e-01
-9.731019735336303711e-01
9.191392660140991211e-01
6.215158700942993164e-01
9.593119025230407715e-01
4.829744696617126465e-01
-3.721137940883636475e-01
-3.602969348430633545e-01
5.348731875419616699e-01
-2.139547765254974365e-01
2.163825333118438721e-01
-1.069463729858398438e+00
-5.455791354179382324e-01
4.099633991718292236e-01
-5.441074445843696594e-02
-5.306003093719482422e-01
-9.627139568328857422e-01
7.014619112014770508e-01
-2.219068855047225952e-01
-1.084413051605224609e+00
1.064823985099792480e+00
5.370855331420898438e-01
-6.601608395576477051e-01
-8.055084347724914551e-01
5.270085856318473816e-02
2.277132007293403149e-04
-3.280043601989746094e-02
3.138377144932746887e-02
-1.136023364961147308e-02
3.736024722456932068e-03
-2.841072902083396912e-02
-4.619348049163818359e-02
-3.621998801827430725e-02
-5.988445132970809937e-03
-3.948272764682769775e-02
5.375322699546813965e-02
5.902729462832212448e-04
-2.087891846895217896e-02
2.155455760657787323e-02
-4.835177212953567505e-02
-2.789580821990966797e-02
2.048456668853759766e-02
-4.633898288011550903e-02
2.718194760382175446e-02
4.584209993481636047e-03
-4.547425732016563416e-02
-5.412536486983299255e-02
1.723680086433887482e-02
2.577842958271503448e-02
-1.192459091544151306e-02
-5.274661630392074585e-02
-3.437957540154457092e-02
6.339900661259889603e-03
2.170159248635172844e-03
1.526924967765808105e-02
1.054747868329286575e-02
-3.126680152490735054e-03
3.147935494780540466e-02
5.786217004060745239e-02
4.967807978391647339e-02
5.420332401990890503e-02
-2.013237215578556061e-02
-2.035973034799098969e-02
-6.597465835511684418e-03
1.763034425675868988e-02
2.414540946483612061e-02
-5.317049100995063782e-03
-3.853007405996322632e-02
-4.500659555196762085e-02
5.742701515555381775e-02
-1.603748835623264313e-02
-8.062938228249549866e-03
-3.655765578150749207e-02
-2.957251481711864471e-02
1.994993910193443298e-02
3.825649991631507874e-02
-3.590736165642738342e-02
-3.343212231993675232e-02
7.195207476615905762e-02
-4.677912592887878418e-02
-6.776712089776992798e-02
-1.417095027863979340e-02
8.642905950546264648e-02
1.976366899907588959e-02
1.255031768232584000e-02
-1.130950450897216797e-02
5.675884708762168884e-02
-4.502012953162193298e-02
6.158395111560821533e-02
2.145812660455703735e-02
1.009880192577838898e-02
1.250427868217229843e-02
-5.601734668016433716e-02
6.746029853820800781e-02
4.770480096340179443e-02
-7.103998214006423950e-02
-8.457043766975402832e-02
-2.338236942887306213e-02
6.034332141280174255e-02
-2.215122617781162262e-02
4.170070588588714600e-02
-2.262113615870475769e-02
-4.064182937145233154e-02
1.979163661599159241e-02
-2.719094231724739075e-02
-7.092540152370929718e-03
-1.403333619236946106e-02
-3.575067035853862762e-03
-3.920524567365646362e-02
-4.126717150211334229e-02
1.934122852981090546e-02
-5.098345223814249039e-03
-2.714084275066852570e-02
-1.146168680861592293e-03
-4.106611013412475586e-02
1.194291282445192337e-02
2.136706933379173279e-02
4.363446310162544250e-02
-3.665417060256004333e-02
-5.455662962049245834e-03
2.441719733178615570e-02
4.123385250568389893e-02
-3.201089799404144287e-02
1.912011206150054932e-02
2.628351934254169464e-02
3.837962076067924500e-02
-4.388922452926635742e-02
4.542984813451766968e-02
-2.772860787808895111e-02
-3.918671607971191406e-02
1.264043245464563370e-02
5.393015965819358826e-02
-4.215797409415245056e-02
3.398935124278068542e-02
-7.290869019925594330e-03
2.032310888171195984e-02
4.966040328145027161e-02
1.728536933660507202e-02
-5.284895002841949463e-02
-1.916692592203617096e-02
1.263534091413021088e-02
-5.370417237281799316e-02
1.058369781821966171e-02
-3.418421372771263123e-02
-1.265444234013557434e-02
2.277430519461631775e-02
-5.123597756028175354e-02
-4.087156057357788086e-02
2.903625182807445526e-02
-8.379550576210021973e-01
5.830608606338500977e-01
-6.532893180847167969e-01
-1.364212483167648315e-02
1.739246696233749390e-01
3.343145847320556641e-01
-5.258547067642211914e-01
1.140155494213104248e-01
3.648109138011932373e-01
7.266861200332641602e-01
-6.375901699066162109e-01
-4.212241470813751221e-01
2.468148767948150635e-01
-2.719870395958423615e-02
-5.717407464981079102e-01
-7.130804061889648438e-01
-7.522894740104675293e-01
-5.928548574447631836e-01
-3.607282936573028564e-01
-5.883231759071350098e-01
-7.432391047477722168e-01
6.613469123840332031e-02
4.968693852424621582e-01
-3.994627296924591064e-01
8.472213149070739746e-02
