-5.935711041092872620e-02
-6.808688491582870483e-02
-2.231962978839874268e-02
-2.127689123153686523e-02
-1.837275736033916473e-02
-1.640985161066055298e-02
-5.836001783609390259e-02
-3.060890920460224152e-02
-2.299021556973457336e-02
-2.177899330854415894e-02
2.313669770956039429e-02
-2.204221487045288086e-02
-8.972769603133201599e-03
-2.824103832244873047e-02
-8.030340820550918579e-02
-2.980350889265537262e-02
-4.496444016695022583e-02
-1.715311780571937561e-02
-3.580162301659584045e-02
-8.978699147701263428e-02
-1.254672184586524963e-02
-7.808616757392883301e-02
-6.052085757255554199e-02
-4.457141458988189697e-02
-7.829631865024566650e-02
-2.504895627498626709e-02
-4.201081022620201111e-02
-4.213576763868331909e-02
-2.142136171460151672e-02
-1.535169407725334167e-02
2.558102086186408997e-02
-4.769454151391983032e-02
9.752092882990837097e-03
-4.091891460120677948e-04
-6.470418721437454224e-02
2.646707557141780853e-02
3.342790994793176651e-03
8.397721499204635620e-02
-1.239194907248020172e-02
-7.624968886375427246e-02
3.627253323793411255e-02
8.438196778297424316e-02
4.367860779166221619e-02
-5.060341209173202515e-02
-3.605706244707107544e-02
5.867484584450721741e-02
5.604992434382438660e-02
6.577859073877334595e-02
3.813308477401733398e-02
2.837715484201908112e-02
9.959824383258819580e-04
4.372816905379295349e-02
1.441279426217079163e-02
9.355242364108562469e-03
3.575013205409049988e-02
-6.973740458488464355e-02
-2.027105353772640228e-02
2.332922816276550293e-02
6.509980559349060059e-02
1.057718023657798767e-01
-8.182463049888610840e-02
-2.874196693301200867e-02
2.197585301473736763e-03
2.970840036869049072e-02
7.946761697530746460e-02
-7.054807245731353760e-02
-6.192284077405929565e-02
-5.859737098217010498e-02
-1.012246683239936829e-02
4.360283166170120239e-02
-8.987377583980560303e-02
-1.033196449279785156e-01
-8.483527600765228271e-02
-1.051958836615085602e-02
-3.333084285259246826e-03
-4.375146701931953430e-02
-2.349829766899347305e-03
4.897169023752212524e-02
-3.167968243360519409e-04
-1.194704510271549225e-02
-1.536448858678340912e-02
-4.088512063026428223e-02
1.531829033046960831e-02
-4.555684328079223633e-02
-5.679718777537345886e-02
-3.173753991723060608e-02
-3.653906285762786865e-02
1.770840212702751160e-02
-4.344066977500915527e-02
-7.838121801614761353e-02
-1.598153077065944672e-02
-3.854061942547559738e-03
-8.620591834187507629e-03
-8.625154197216033936e-02
-7.466993480920791626e-02
8.649037219583988190e-03
-6.193156912922859192e-02
-2.191724069416522980e-02
-6.688968837261199951e-02
-4.256173595786094666e-02
-7.420993875712156296e-03
3.864049911499023438e-03
7.852828130125999451e-03
6.161287892609834671e-03
3.520734899211674929e-04
-4.133799299597740173e-02
-2.829409018158912659e-02
-1.913604326546192169e-02
-8.743879385292530060e-03
5.317519977688789368e-02
-8.086755871772766113e-02
-4.583428800106048584e-02
4.931974411010742188e-02
7.349366694688796997e-02
6.905636936426162720e-02
-5.237241834402084351e-02
-3.263317048549652100e-03
-1.626702956855297089e-02
3.933314699679613113e-03
2.330708503723144531e-02
-7.050117850303649902e-02
-1.705172285437583923e-02
-2.934955991804599762e-03
6.626565940678119659e-03
-1.181526388972997665e-02
-3.288262337446212769e-02
-4.722396377474069595e-03
1.226950436830520630e-02
-8.907628245651721954e-03
-2.258417941629886627e-02
-1.249472610652446747e-02
-1.630290783941745758e-02
-3.063110820949077606e-02
-3.034812584519386292e-02
-5.289050750434398651e-03
-1.767125725746154785e-02
-2.638948895037174225e-02
-3.028187528252601624e-02
4.883115179836750031e-04
1.935216225683689117e-02
-1.317177992314100266e-02
-1.098516676574945450e-02
-7.560970261693000793e-03
-3.951633814722299576e-03
5.555924493819475174e-03
-1.622615382075309753e-02
-2.191765978932380676e-02
-1.798870414495468140e-02
-1.147416513413190842e-02
9.352568536996841431e-03
1.805661469697952271e-01
2.705081403255462646e-01
3.228972554206848145e-01
3.030745089054107666e-01
1.684961467981338501e-01
2.431634515523910522e-01
3.033564388751983643e-01
3.409790992736816406e-01
1.780398637056350708e-01
5.964674428105354309e-02
1.801392287015914917e-01
3.589340448379516602e-01
2.577036023139953613e-01
7.213389128446578979e-02
5.666343495249748230e-02
1.558628976345062256e-01
3.768524229526519775e-01
3.080683052539825439e-01
1.641481816768646240e-01
4.627269133925437927e-02
2.443438768386840820e-01
3.714771568775177002e-01
2.724167108535766602e-01
2.014534473419189453e-01
1.255107969045639038e-01
5.645046234130859375e-01
5.081948041915893555e-01
4.553438127040863037e-01
5.310201644897460938e-01
3.927619457244873047e-01
4.204221367835998535e-01
4.719897508621215820e-01
4.809738695621490479e-01
5.445629358291625977e-01
2.441686391830444336e-01
4.405157566070556641e-01
4.839785099029541016e-01
5.816773176193237305e-01
5.346403717994689941e-01
3.638347387313842773e-01
5.461456775665283203e-01
6.223903298377990723e-01
6.829616427421569824e-01
5.611156225204467773e-01
4.101092219352722168e-01
6.662262678146362305e-01
6.276093721389770508e-01
6.048269867897033691e-01
4.569490253925323486e-01
3.536743521690368652e-01
3.520012497901916504e-01
2.493458837270736694e-01
1.592365503311157227e-01
2.565059959888458252e-01
3.294906616210937500e-01
2.961296439170837402e-01
1.111000254750251770e-01
1.312151104211807251e-01
1.708180159330368042e-01
2.751223444938659668e-01
2.029641419649124146e-01
3.755004331469535828e-02
3.620618954300880432e-02
1.492222547531127930e-01
3.443473875522613525e-01
1.676243096590042114e-01
1.232616901397705078e-01
6.592842191457748413e-02
1.198806986212730408e-01
1.797128319740295410e-01
1.065822392702102661e-01
1.621915698051452637e-01
1.039574444293975830e-01
7.160956412553787231e-02
6.118955835700035095e-02
2.400438636541366577e-01
4.635119736194610596e-01
4.244485795497894287e-01
3.048921227455139160e-01
1.362337172031402588e-01
2.461062073707580566e-01
4.799939692020416260e-01
3.760003149509429932e-01
2.546193897724151611e-01
7.264347374439239502e-02
3.217012286186218262e-01
4.508233964443206787e-01
3.010083436965942383e-01
1.180137693881988525e-01
2.721837162971496582e-02
3.573008179664611816e-01
4.040620028972625732e-01
2.825312316417694092e-01
1.397358775138854980e-01
8.019894361495971680e-02
3.712374269962310791e-01
3.319920301437377930e-01
1.993307471275329590e-01
9.762278944253921509e-02
5.975146219134330750e-02
2.928072512149810791e-01
1.593469381332397461e-01
1.299402266740798950e-01
3.394226133823394775e-01
3.367137610912322998e-01
2.466240525245666504e-01
2.077561020851135254e-01
3.076576292514801025e-01
3.475161492824554443e-01
2.616768777370452881e-01
2.051234841346740723e-01
2.115918844938278198e-01
3.368659615516662598e-01
2.299503833055496216e-01
2.657013833522796631e-01
2.041565477848052979e-01
3.203721642494201660e-01
3.340958952903747559e-01
2.433116286993026733e-01
2.185683697462081909e-01
2.282764166593551636e-01
3.359983563423156738e-01
2.143993228673934937e-01
9.035227447748184204e-02
8.787748217582702637e-02
2.761401981115341187e-02
7.268239557743072510e-02
5.556989461183547974e-02
2.384829521179199219e-02
5.351097136735916138e-02
1.057902425527572632e-01
1.252634078264236450e-01
7.948469370603561401e-02
5.231110379099845886e-02
4.536096379160881042e-02
1.347363591194152832e-01
1.263394802808761597e-01
6.133440881967544556e-02
1.127539854496717453e-02
9.921067394316196442e-03
5.566333606839179993e-02
3.924624994397163391e-02
2.190272882580757141e-02
3.862243145704269409e-02
4.010840505361557007e-02
4.091698676347732544e-02
4.436529427766799927e-02
5.582961812615394592e-02
8.287563174962997437e-02
5.060900002717971802e-02
3.639370203018188477e-01
3.685931265354156494e-01
2.940575778484344482e-01
3.173768222332000732e-01
3.724501132965087891e-01
4.301587939262390137e-01
4.363900721073150635e-01
3.619292378425598145e-01
3.594805598258972168e-01
3.809597194194793701e-01
3.025756180286407471e-01
2.731570601463317871e-01
2.302586287260055542e-01
2.707062661647796631e-01
4.007237851619720459e-01
3.296554684638977051e-01
2.137010544538497925e-01
2.206060886383056641e-01
2.916325926780700684e-01
4.363912940025329590e-01
3.750551342964172363e-01
3.245462775230407715e-01
3.503328263759613037e-01
3.719364404678344727e-01
4.835218787193298340e-01
6.726398468017578125e-01
5.740128755569458008e-01
5.507915019989013672e-01
4.977507889270782471e-01
3.788831233978271484e-01
7.069672942161560059e-01
6.180339455604553223e-01
5.276717543601989746e-01
3.861327171325683594e-01
4.053232073783874512e-01
6.795703172683715820e-01
7.148576974868774414e-01
4.935178756713867188e-01
3.636666536331176758e-01
4.126273691654205322e-01
7.817574739456176758e-01
6.746510863304138184e-01
5.069349408149719238e-01
4.782998561859130859e-01
6.931151747703552246e-01
7.751451730728149414e-01
6.896494030952453613e-01
6.839978694915771484e-01
6.461651325225830078e-01
7.532691955566406250e-01
2.349054962396621704e-01
3.332584202289581299e-01
6.092275381088256836e-01
8.528686761856079102e-01
8.620693683624267578e-01
2.067787796258926392e-01
4.336339831352233887e-01
6.172581315040588379e-01
7.440904974937438965e-01
6.908279061317443848e-01
2.272659093141555786e-01
4.195482134819030762e-01
5.022390484809875488e-01
5.787367224693298340e-01
5.155906081199645996e-01
1.634470969438552856e-01
2.561206519603729248e-01
4.684324562549591064e-01
5.772145390510559082e-01
4.448613226413726807e-01
1.366063207387924194e-01
2.431922256946563721e-01
4.187699854373931885e-01
4.010327756404876709e-01
3.045251667499542236e-01
4.757634997367858887e-01
3.602605164051055908e-01
2.509152293205261230e-01
3.196979761123657227e-01
3.921964168548583984e-01
4.780374467372894287e-01
3.456469178199768066e-01
2.339417189359664917e-01
2.588646411895751953e-01
4.260901808738708496e-01
3.844408392906188965e-01
3.206603825092315674e-01
2.954323291778564453e-01
3.422617316246032715e-01
4.880315065383911133e-01
3.951508402824401855e-01
2.865733802318572998e-01
2.470943629741668701e-01
3.792148530483245850e-01
5.518425703048706055e-01
3.546807467937469482e-01
2.802719771862030029e-01
3.184225559234619141e-01
4.409418404102325439e-01
5.575392842292785645e-01
2.508911788463592529e-01
2.568620145320892334e-01
4.756818413734436035e-01
4.596034884452819824e-01
5.392459630966186523e-01
2.529016733169555664e-01
3.265678882598876953e-01
3.872185349464416504e-01
4.968822896480560303e-01
4.394121766090393066e-01
2.683169245719909668e-01
5.055915713310241699e-01
4.535533189773559570e-01
3.530722260475158691e-01
3.191553950309753418e-01
3.780434131622314453e-01
3.336671888828277588e-01
2.629716992378234863e-01
4.147788584232330322e-01
5.103087425231933594e-01
2.810437083244323730e-01
2.624125480651855469e-01
3.822998702526092529e-01
4.128101170063018799e-01
4.266429543495178223e-01
1.281322836875915527e-01
1.004673913121223450e-01
7.471876591444015503e-02
1.307817250490188599e-01
2.296631336212158203e-01
9.874919801950454712e-02
6.288336217403411865e-02
8.576902002096176147e-02
1.769864559173583984e-01
2.096438109874725342e-01
7.840930670499801636e-02
8.996777981519699097e-02
1.481649577617645264e-01
2.047438025474548340e-01
1.752555966377258301e-01
8.580914139747619629e-02
8.041498810052871704e-02
8.045615255832672119e-02
9.519573301076889038e-02
1.582358181476593018e-01
9.635756909847259521e-02
7.868473231792449951e-02
1.086068451404571533e-01
1.329734027385711670e-01
1.546352058649063110e-01
-3.791066259145736694e-02
6.015443801879882812e-02
2.869501113891601562e-01
1.074025154113769531e+00
1.464087367057800293e+00
-2.606360912322998047e-01
-2.228376865386962891e-01
2.316080927848815918e-01
1.001189231872558594e+00
1.455971121788024902e+00
-6.304885447025299072e-02
1.854249984025955200e-01
4.733269810676574707e-01
1.539126515388488770e+00
1.819898247718811035e+00
7.588879764080047607e-02
1.584510803222656250e-01
5.215054750442504883e-01
1.591463327407836914e+00
1.625344872474670410e+00
-1.269193738698959351e-01
-4.933070391416549683e-02
2.160629481077194214e-01
8.597869277000427246e-01
1.056491851806640625e+00
7.144081592559814453e-01
7.739674448966979980e-01
1.131971254944801331e-01
8.207169175148010254e-01
3.278462886810302734e-01
5.745813250541687012e-01
4.651872217655181885e-01
6.652555614709854126e-02
6.577921509742736816e-01
4.827906489372253418e-01
8.635314106941223145e-01
4.131866097450256348e-01
1.091586276888847351e-01
3.225682079792022705e-01
6.380544304847717285e-01
4.644903540611267090e-01
4.985306411981582642e-02
-1.678226441144943237e-01
2.727360129356384277e-01
2.653934061527252197e-01
1.131968051195144653e-01
1.899163052439689636e-02
-8.360827714204788208e-02
9.461817145347595215e-02
3.319027125835418701e-01
2.812488079071044922e-01
9.986948370933532715e-01
1.733485817909240723e+00
1.430368304252624512e+00
8.632674813270568848e-01
3.289744555950164795e-01
1.374453902244567871e+00
1.941247582435607910e+00
1.068502187728881836e+00
1.416925072669982910e+00
6.446405649185180664e-01
1.440477848052978516e+00
1.792812228202819824e+00
1.557278513908386230e+00
1.840030550956726074e+00
8.435366749763488770e-01
1.611830353736877441e+00
1.999394655227661133e+00
2.142774343490600586e+00
1.849924802780151367e+00
7.075387239456176758e-01
1.273533105850219727e+00
1.849533677101135254e+00
2.022931814193725586e+00
1.721408724784851074e+00
-9.099763631820678711e-02
-5.095511302351951599e-02
-1.034696102142333984e-01
1.115621685981750488e+00
9.901264905929565430e-01
-2.529288530349731445e-01
-2.461598813533782959e-01
3.652112931013107300e-02
1.233720660209655762e+00
1.140006899833679199e+00
-4.015357494354248047e-01
-1.698560565710067749e-01
2.909122109413146973e-01
1.238306403160095215e+00
1.269275665283203125e+00
-4.296718239784240723e-01
-2.284267842769622803e-01
4.354614317417144775e-01
1.348525524139404297e+00
1.412423968315124512e+00
-3.616752326488494873e-01
-5.960698425769805908e-02
5.250139236450195312e-01
1.050375342369079590e+00
1.297330379486083984e+00
4.471514225006103516e-01
5.980474352836608887e-01
8.068397641181945801e-01
9.315537214279174805e-01
5.299510955810546875e-01
4.549297392368316650e-01
4.338143765926361084e-01
9.933244585990905762e-01
4.082717895507812500e-01
6.267293691635131836e-01
2.341756522655487061e-01
5.075738430023193359e-01
3.069002628326416016e-01
3.745050430297851562e-01
1.330747961997985840e+00
4.145247340202331543e-01
1.790085732936859131e-01
4.476542472839355469e-01
9.614970088005065918e-01
1.380207180976867676e+00
1.959940046072006226e-01
3.814387619495391846e-01
7.295909523963928223e-01
1.171829938888549805e+00
9.893480539321899414e-01
2.930245734751224518e-02
5.399075150489807129e-02
1.353923976421356201e-01
5.974316000938415527e-01
5.661585330963134766e-01
-6.383857131004333496e-02
-1.355486176908016205e-02
3.037777841091156006e-01
4.962002336978912354e-01
3.742254674434661865e-01
-1.651547253131866455e-01
6.716478615999221802e-02
2.260872572660446167e-01
3.626707494258880615e-01
4.067780375480651855e-01
9.136425703763961792e-02
2.287765294313430786e-01
4.061842262744903564e-01
5.739506483078002930e-01
7.301522493362426758e-01
1.882667541503906250e-01
2.496747672557830811e-01
3.167037367820739746e-01
4.478390812873840332e-01
4.837430417537689209e-01
1.394800245761871338e-01
3.585864901542663574e-01
4.995605349540710449e-01
4.942029714584350586e-01
2.538707256317138672e-01
2.481866180896759033e-01
4.509957134723663330e-01
5.792139768600463867e-01
4.219721257686614990e-01
2.796320319175720215e-01
2.096314281225204468e-01
2.771465182304382324e-01
2.439100891351699829e-01
2.767151296138763428e-01
2.752189636230468750e-01
1.347066760063171387e-01
3.258340358734130859e-01
3.846591114997863770e-01
3.620418906211853027e-01
2.771583795547485352e-01
1.229960620403289795e-01
2.662518024444580078e-01
3.124659061431884766e-01
3.433375060558319092e-01
2.568131387233734131e-01
2.601768970489501953e-01
4.085001647472381592e-01
3.006621003150939941e-01
4.457079768180847168e-01
3.875929713249206543e-01
2.225351184606552124e-01
3.289950788021087646e-01
2.898672521114349365e-01
3.515874445438385010e-01
3.287657797336578369e-01
2.639636397361755371e-01
3.059746921062469482e-01
2.484180033206939697e-01
3.256439864635467529e-01
3.465718030929565430e-01
2.233674824237823486e-01
3.305820822715759277e-01
3.932448029518127441e-01
5.466147065162658691e-01
4.778865873813629150e-01
2.496961057186126709e-01
4.504522383213043213e-01
3.332090675830841064e-01
3.924645483493804932e-01
3.831502199172973633e-01
4.376022517681121826e-01
3.773881793022155762e-01
3.160845339298248291e-01
2.486139684915542603e-01
1.370983421802520752e-01
5.184569954872131348e-01
5.083268880844116211e-01
4.703769981861114502e-01
3.114067614078521729e-01
1.296271383762359619e-01
4.319983422756195068e-01
3.458692729473114014e-01
3.461697399616241455e-01
2.361283153295516968e-01
2.243964374065399170e-01
4.012221395969390869e-01
3.918475806713104248e-01
3.514796793460845947e-01
3.377971351146697998e-01
2.326039224863052368e-01
3.328160047531127930e-01
3.564243614673614502e-01
4.049013257026672363e-01
2.771582901477813721e-01
1.022703349590301514e-01
1.126880422234535217e-01
3.734239041805267334e-01
3.578439652919769287e-01
2.894509434700012207e-01
2.271559387445449829e-01
7.394456863403320312e-02
3.174996376037597656e-01
4.203903675079345703e-01
4.279285073280334473e-01
2.504685223102569580e-01
1.292668879032135010e-01
3.455828726291656494e-01
3.688119649887084961e-01
3.774591088294982910e-01
2.738005816936492920e-01
1.461037099361419678e-01
3.452546298503875732e-01
3.851848244667053223e-01
4.314743280410766602e-01
3.739501237869262695e-01
1.371557861566543579e-01
3.742716908454895020e-01
3.547038435935974121e-01
3.746788203716278076e-01
3.089548349380493164e-01
2.731185555458068848e-01
1.548618972301483154e-01
1.694604903459548950e-01
2.566864490509033203e-01
2.235464006662368774e-01
2.172405868768692017e-01
2.017675340175628662e-01
3.150561451911926270e-01
2.894227206707000732e-01
1.458534449338912964e-01
2.985284328460693359e-01
3.158480823040008545e-01
3.133856356143951416e-01
2.063441574573516846e-01
2.567478120326995850e-01
1.655085831880569458e-01
1.830118745565414429e-01
3.165945112705230713e-01
3.836525082588195801e-01
3.973782658576965332e-01
2.966016530990600586e-01
3.133082091808319092e-01
2.795709967613220215e-01
3.447134792804718018e-01
2.137675583362579346e-01
6.321904063224792480e-02
8.784911781549453735e-02
9.533142298460006714e-02
8.023761212825775146e-02
8.587411791086196899e-02
4.639536142349243164e-02
9.737364947795867920e-02
1.530930995941162109e-01
1.954205185174942017e-01
1.447955667972564697e-01
1.464685946702957153e-01
1.792389303445816040e-01
1.643940359354019165e-01
1.331272721290588379e-01
9.588303416967391968e-02
9.293431788682937622e-02
1.204961463809013367e-01
8.779036998748779297e-02
6.854338198900222778e-02
1.066721305251121521e-01
7.049144059419631958e-02
8.741731196641921997e-02
1.092525497078895569e-01
1.347657591104507446e-01
1.223052814602851868e-01
-1.686640828847885132e-02
-2.254666388034820557e-01
-2.470334768295288086e-01
4.100096225738525391e-02
4.208659529685974121e-01
-7.282502949237823486e-02
6.450951844453811646e-02
7.568118721246719360e-02
4.212457239627838135e-01
7.877184748649597168e-01
1.599729061126708984e-02
2.157892733812332153e-01
2.149485796689987183e-01
7.003895640373229980e-01
1.010843634605407715e+00
-7.350092381238937378e-02
-6.318690627813339233e-02
-5.115885287523269653e-02
4.130800962448120117e-01
1.178900361061096191e+00
-1.142303794622421265e-01
-9.468939155340194702e-02
5.218308418989181519e-02
5.428336858749389648e-01
1.176625847816467285e+00
2.729000747203826904e-01
2.296935617923736572e-01
-8.840055018663406372e-02
1.343706995248794556e-01
2.900666892528533936e-01
3.214188814163208008e-01
2.268301546573638916e-01
8.658920973539352417e-02
3.304155468940734863e-01
4.325277805328369141e-01
3.740100264549255371e-01
1.301440894603729248e-01
-2.331827580928802490e-01
1.292458623647689819e-01
1.762228459119796753e-01
-5.110857635736465454e-02
-1.239743232727050781e-01
-1.999381631612777710e-01
-1.129887402057647705e-01
-7.528441399335861206e-02
8.019268512725830078e-03
-2.303176522254943848e-01
-3.673024177551269531e-01
1.718883514404296875e-01
1.962625533342361450e-01
-5.458647757768630981e-02
1.214694902300834656e-01
4.373295605182647705e-01
4.292139708995819092e-01
4.286929368972778320e-01
-1.420345902442932129e-02
2.269734889268875122e-01
5.234809517860412598e-01
5.855264663696289062e-01
4.669309258460998535e-01
2.461475282907485962e-01
5.391045808792114258e-01
9.689673185348510742e-01
6.546481847763061523e-01
1.909823268651962280e-01
4.088588953018188477e-01
6.255732774734497070e-01
7.706773281097412109e-01
7.655884027481079102e-01
4.791457653045654297e-01
4.391990303993225098e-01
5.101729035377502441e-01
1.065804004669189453e+00
9.732930660247802734e-01
6.562805175781250000e-01
2.035222761332988739e-02
-1.328767836093902588e-01
-2.137823998928070068e-01
3.157235682010650635e-01
7.202832698822021484e-01
-1.260582208633422852e-01
-1.347545534372329712e-01
-2.074402719736099243e-01
3.987290561199188232e-01
7.810996770858764648e-01
-6.660313904285430908e-02
-1.636477708816528320e-01
-1.384385824203491211e-01
5.918145775794982910e-01
8.938894271850585938e-01
-1.606578677892684937e-01
-1.780788302421569824e-01
-1.027147173881530762e-01
4.528437554836273193e-01
8.766930699348449707e-01
-1.471787542104721069e-01
-5.370185524225234985e-02
-1.793651282787322998e-01
4.703246653079986572e-01
8.469305038452148438e-01
1.355020999908447266e-01
1.447379738092422485e-01
2.536838352680206299e-01
5.967922881245613098e-02
4.235495030879974365e-01
9.471751749515533447e-03
7.336842268705368042e-02
1.794787496328353882e-01
1.644128113985061646e-01
2.774062454700469971e-01
1.090867593884468079e-01
7.363063842058181763e-02
1.313092410564422607e-01
1.777212917804718018e-01
3.500504493713378906e-01
-1.950642466545104980e-02
2.299233824014663696e-01
2.028670907020568848e-01
7.303144037723541260e-02
1.496457159519195557e-01
8.731358498334884644e-02
1.050836443901062012e-01
8.075986057519912720e-02
4.070566892623901367e-01
4.469645917415618896e-01
1.440443471074104309e-02
-3.103533759713172913e-02
-2.064664103090763092e-02
1.025259271264076233e-01
2.019197195768356323e-01
-8.386107534170150757e-02
-2.104447595775127411e-02
-1.320543885231018066e-02
9.132796525955200195e-02
1.361821740865707397e-01
-5.213820561766624451e-02
2.651807107031345367e-02
9.051855653524398804e-02
2.337139695882797241e-01
2.727090120315551758e-01
3.299409523606300354e-02
2.180868089199066162e-01
1.724577993154525757e-01
1.760718226432800293e-01
2.444791048765182495e-01
8.312126994132995605e-02
1.554361581802368164e-01
1.940731704235076904e-02
9.204121679067611694e-02
2.119281589984893799e-01
-1.306721195578575134e-02
1.090809702873229980e-02
-9.132082574069499969e-03
3.330656094476580620e-03
7.003966718912124634e-03
-2.013595309108495712e-03
1.678515225648880005e-03
-1.665801182389259338e-02
-2.504803985357284546e-02
-5.870006978511810303e-03
-5.066377110779285431e-03
7.865112274885177612e-04
-1.254909671843051910e-02
-1.282996963709592819e-02
-2.130319597199559212e-03
-4.896369297057390213e-03
3.805020824074745178e-03
-5.987006705254316330e-03
6.489356746897101402e-04
1.816926756873726845e-03
-1.882928609848022461e-02
-7.644285447895526886e-03
-1.490774378180503845e-02
-1.095594465732574463e-02
-1.507614646106958389e-02
-2.104130946099758148e-02
-1.258872356265783310e-02
-2.897759713232517242e-02
2.618548460304737091e-03
-7.301096618175506592e-02
-8.488466963171958923e-03
-3.417693078517913818e-03
-5.477620288729667664e-02
-1.845645904541015625e-02
-4.980709776282310486e-02
-2.759057097136974335e-02
-2.108635194599628448e-02
-2.471724897623062134e-02
-4.191009700298309326e-02
-2.363119460642337799e-02
-2.342891879379749298e-02
-2.266167476773262024e-02
-2.700608968734741211e-02
-3.789569064974784851e-02
-2.719354443252086639e-02
-3.183367103338241577e-02
-1.294428296387195587e-02
-2.482898347079753876e-02
-5.507694929838180542e-02
-3.927398473024368286e-02
-2.462805062532424927e-02
-1.638431474566459656e-02
6.053517106920480728e-03
6.386470049619674683e-03
-4.265369847416877747e-03
-1.089555211365222931e-03
-1.592498645186424255e-02
-8.623969741165637970e-03
-4.173358902335166931e-03
3.373842453584074974e-03
-4.162653349339962006e-03
-9.983241558074951172e-03
-2.575633116066455841e-04
7.516417652368545532e-03
1.111613865941762924e-02
7.062668446451425552e-03
2.281661145389080048e-03
5.696630105376243591e-03
-6.402645725756883621e-03
-3.370140446349978447e-03
7.467185147106647491e-03
6.488710176199674606e-03
8.465632796287536621e-03
-3.747207811102271080e-03
-3.031836822628974915e-03
-7.523318286985158920e-03
3.699804656207561493e-04
-3.996475413441658020e-02
-1.234747469425201416e-02
-3.199611604213714600e-02
-2.417087787762284279e-03
-2.033651806414127350e-03
-3.854370489716529846e-02
-1.834193617105484009e-02
-9.075592271983623505e-03
-1.161594875156879425e-02
-6.088741123676300049e-03
-2.539792098104953766e-02
-2.468751370906829834e-02
4.284220747649669647e-03
-6.650244817137718201e-03
1.916930079460144043e-03
-1.353640761226415634e-02
-1.573064178228378296e-02
-9.469108656048774719e-03
-3.502429462969303131e-03
1.161396130919456482e-02
-5.125975236296653748e-03
-4.966157022863626480e-03
-1.014976855367422104e-02
-1.702116429805755615e-02
2.752537606284022331e-03
1.836029253900051117e-02
-9.350948035717010498e-03
-4.786216095089912415e-02
1.092292834073305130e-03
-7.338516414165496826e-03
-1.829292159527540207e-03
-1.920439302921295166e-02
-1.188688632100820541e-02
-2.329552732408046722e-02
-1.868310570716857910e-02
-2.159445919096469879e-02
-1.357617229223251343e-02
9.827308356761932373e-03
-4.823777824640274048e-03
-1.225570030510425568e-02
-1.453406549990177155e-02
-1.087767072021961212e-02
-9.378518909215927124e-03
2.562877256423234940e-03
-5.651882383972406387e-05
-8.819309296086430550e-04
-9.005052968859672546e-03
-9.445581585168838501e-03
-3.813159884884953499e-03
-1.107292366214096546e-03
-2.695022616535425186e-03
1.053084619343280792e-02
1.539677474647760391e-02
-6.653013173490762711e-03
1.328990096226334572e-03
-3.240886144340038300e-04
-4.023478832095861435e-04
-3.329718485474586487e-03
-1.461700070649385452e-03
1.303129829466342926e-04
-2.231370192021131516e-03
-2.353834221139550209e-03
-3.472205251455307007e-03
-1.479010796174407005e-03
3.469004295766353607e-04
-2.293069148436188698e-03
1.451182877644896507e-03
-2.689896384254097939e-03
-2.925154287368059158e-03
-1.478167250752449036e-04
-2.333607058972120285e-03
2.979190321639180183e-04
-2.106457948684692383e-03
2.488471418619155884e-01
5.778497457504272461e-01
6.565548777580261230e-01
4.545020759105682373e-01
2.930149137973785400e-01
2.650137841701507568e-01
5.489413142204284668e-01
8.602288365364074707e-01
6.325022578239440918e-01
3.485167324542999268e-01
1.644007116556167603e-01
3.339293003082275391e-01
7.013345956802368164e-01
6.146786212921142578e-01
3.100882768630981445e-01
1.832368224859237671e-01
3.556336164474487305e-01
6.473419666290283203e-01
6.091486215591430664e-01
3.170729279518127441e-01
1.848071962594985962e-01
3.276831805706024170e-01
5.102614760398864746e-01
3.948059380054473877e-01
1.425174921751022339e-01
3.873134553432464600e-01
5.672821402549743652e-01
5.455303192138671875e-01
5.553985834121704102e-01
4.851354360580444336e-01
3.330724835395812988e-01
4.511044919490814209e-01
4.510375261306762695e-01
4.437107145786285400e-01
5.595966577529907227e-01
2.750717103481292725e-01
3.996895849704742432e-01
5.210157036781311035e-01
5.219808220863342285e-01
3.918794393539428711e-01
2.884556055068969727e-01
3.010624349117279053e-01
4.746561050415039062e-01
4.355179667472839355e-01
4.170078635215759277e-01
3.177392780780792236e-01
3.081710636615753174e-01
3.339649438858032227e-01
4.817851483821868896e-01
4.229438006877899170e-01
5.474092960357666016e-01
5.944153070449829102e-01
3.453092873096466064e-01
2.626071274280548096e-01
3.057602345943450928e-01
7.537888884544372559e-01
7.901514768600463867e-01
4.846605360507965088e-01
3.384599387645721436e-01
3.326856791973114014e-01
6.388193964958190918e-01
6.979822516441345215e-01
5.919960737228393555e-01
3.517719209194183350e-01
3.594934940338134766e-01
6.791447997093200684e-01
7.768720388412475586e-01
7.068592309951782227e-01
4.908174872398376465e-01
4.149226248264312744e-01
6.019687056541442871e-01
6.416001319885253906e-01
4.550933837890625000e-01
2.940643429756164551e-01
2.342413514852523804e-01
2.064645737409591675e-01
5.238237977027893066e-01
5.119457840919494629e-01
3.503966629505157471e-01
2.387071251869201660e-01
1.765849739313125610e-01
5.102804899215698242e-01
6.494314670562744141e-01
3.689342737197875977e-01
2.934337258338928223e-01
1.209253519773483276e-01
4.289342761039733887e-01
7.177928686141967773e-01
4.930475652217864990e-01
2.229339480400085449e-01
1.317642778158187866e-01
3.849893808364868164e-01
6.621212959289550781e-01
5.498667955398559570e-01
2.801020741462707520e-01
1.662448048591613770e-01
4.604410827159881592e-01
5.924405455589294434e-01
4.912084341049194336e-01
2.452950924634933472e-01
2.700546085834503174e-01
2.954075038433074951e-01
3.402968943119049072e-01
3.918017745018005371e-01
3.316017687320709229e-01
4.355164170265197754e-01
3.798952698707580566e-01
3.017395734786987305e-01
3.329665958881378174e-01
3.607893586158752441e-01
4.392552375793457031e-01
3.918308317661285400e-01
4.055103659629821777e-01
3.627870678901672363e-01
3.187880814075469971e-01
3.162448108196258545e-01
3.124758601188659668e-01
4.620592594146728516e-01
4.616717398166656494e-01
4.376670420169830322e-01
3.615239858627319336e-01
3.882371783256530762e-01
3.975346386432647705e-01
4.590673446655273438e-01
3.477756083011627197e-01
7.491730898618698120e-02
1.454383879899978638e-01
1.588789671659469604e-01
1.074108034372329712e-01
6.626789271831512451e-02
6.624522805213928223e-02
1.509730666875839233e-01
2.625517547130584717e-01
2.141485959291458130e-01
1.472004652023315430e-01
1.055804118514060974e-01
1.687729954719543457e-01
2.219731956720352173e-01
2.339641600847244263e-01
1.472546011209487915e-01
6.724731624126434326e-02
1.208636760711669922e-01
1.783434748649597168e-01
2.014173716306686401e-01
1.761931329965591431e-01
1.056720167398452759e-01
1.770622432231903076e-01
2.059031873941421509e-01
1.882066130638122559e-01
1.277143359184265137e-01
-2.715128660202026367e-02
-1.921142488718032837e-01
1.393997669219970703e-02
1.773185878992080688e-01
1.413729339838027954e-01
3.215555101633071899e-03
-2.396217882633209229e-01
-4.755154997110366821e-02
1.303053051233291626e-01
2.044876813888549805e-01
5.938626453280448914e-02
-2.679131925106048584e-01
-2.518093287944793701e-01
-8.166480064392089844e-02
1.606110185384750366e-01
-2.441295236349105835e-02
-2.858326137065887451e-01
-1.790170371532440186e-01
-1.064036414027214050e-01
6.710020825266838074e-03
8.071330189704895020e-02
-1.556198894977569580e-01
-1.201881244778633118e-01
-7.520124316215515137e-02
-3.753970144316554070e-03
1.489112824201583862e-01
1.448191106319427490e-01
2.103201299905776978e-01
2.747338637709617615e-02
1.544527858495712280e-01
1.339577734470367432e-01
1.012891903519630432e-01
2.376772612333297729e-01
-3.723805397748947144e-02
1.100372672080993652e-01
2.494943737983703613e-01
3.032016754150390625e-01
2.762756049633026123e-01
9.985794872045516968e-02
1.341827064752578735e-01
4.704694151878356934e-01
4.107841253280639648e-01
4.171971380710601807e-01
5.792231857776641846e-02
2.967191636562347412e-01
5.356069803237915039e-01
6.184534430503845215e-01
4.361035823822021484e-01
1.527391970157623291e-01
1.331166028976440430e-01
1.052806079387664795e-01
2.433250248432159424e-01
2.237796783447265625e-01
6.152194738388061523e-01
7.879997491836547852e-01
-1.608424633741378784e-02
1.644445955753326416e-01
3.572698533535003662e-01
7.555564045906066895e-01
6.120749115943908691e-01
-2.731126844882965088e-01
-1.329566091299057007e-01
2.101918309926986694e-01
6.991645693778991699e-01
7.603378891944885254e-01
-3.190926015377044678e-01
-7.120977342128753662e-02
1.242547184228897095e-01
4.849921166896820068e-01
6.300498843193054199e-01
-3.070593476295471191e-01
-1.534536778926849365e-01
-1.987730711698532104e-02
2.817927002906799316e-01
3.157351315021514893e-01
1.023944020271301270e-01
4.158544167876243591e-02
1.850418746471405029e-01
1.408597230911254883e-01
2.143675833940505981e-01
4.486917704343795776e-02
-6.617664545774459839e-02
9.981396794319152832e-02
1.019234359264373779e-01
3.454897403717041016e-01
1.028843522071838379e-01
-1.135146841406822205e-01
-3.629214689135551453e-02
-4.110717028379440308e-02
3.301466703414916992e-01
7.818465679883956909e-02
-2.069957852363586426e-01
-6.092238426208496094e-02
-7.763663772493600845e-03
3.457627296447753906e-01
3.883540630340576172e-04
-1.087074875831604004e-01
4.460927098989486694e-03
-4.618901014328002930e-02
2.626733183860778809e-01
2.113093584775924683e-01
1.661516577005386353e-01
8.821355551481246948e-02
3.041753172874450684e-01
5.552819371223449707e-01
7.633184641599655151e-02
7.607622444629669189e-02
1.908789575099945068e-01
3.978873789310455322e-01
3.558593392372131348e-01
1.993626938201487064e-04
2.844707109034061432e-02
2.706480622291564941e-01
3.538329303264617920e-01
1.254773288965225220e-01
-5.799024924635887146e-02
5.575025826692581177e-02
2.216990143060684204e-01
3.698585629463195801e-01
3.061712682247161865e-01
1.685594953596591949e-02
1.457307040691375732e-01
2.095462754368782043e-02
1.359014511108398438e-01
1.266059279441833496e-01
2.080037444829940796e-02
-7.809493225067853928e-03
3.574670106172561646e-02
2.502493560314178467e-02
1.381194293498992920e-01
-7.244405895471572876e-02
-7.935924828052520752e-02
-4.237367957830429077e-02
5.553086102008819580e-02
1.914146393537521362e-01
1.716599799692630768e-04
-2.760753408074378967e-02
-4.209809005260467529e-02
9.666271507740020752e-04
7.798212766647338867e-02
-7.636471092700958252e-02
-9.743391722440719604e-02
-5.250873416662216187e-02
-3.585223108530044556e-03
3.542023152112960815e-02
-6.976181268692016602e-02
-5.514950305223464966e-02
2.078043296933174133e-03
1.575728133320808411e-02
4.182219132781028748e-02
2.206390053033828735e-01
1.665236949920654297e-01
1.183959767222404480e-01
7.588610053062438965e-02
1.300460249185562134e-01
1.526810824871063232e-01
1.026484742760658264e-01
3.585992380976676941e-02
6.577547639608383179e-02
1.373587399721145630e-01
8.930782973766326904e-02
2.030413039028644562e-02
2.461303398013114929e-02
8.273489773273468018e-02
1.246820390224456787e-01
1.540320664644241333e-01
6.600241363048553467e-02
4.881763830780982971e-02
6.100949645042419434e-02
1.059756875038146973e-01
2.478482723236083984e-01
1.261686831712722778e-01
9.568990021944046021e-02
8.576077222824096680e-02
1.014668047428131104e-01
1.934746801853179932e-01
1.981504112482070923e-01
1.630692929029464722e-01
1.401029676198959351e-01
1.841975450515747070e-01
1.945597082376480103e-01
1.713612228631973267e-01
1.347132772207260132e-01
1.386371701955795288e-01
2.196687906980514526e-01
2.200794667005538940e-01
1.867733597755432129e-01
2.153046429157257080e-01
3.594596087932586670e-01
3.706829547882080078e-01
2.403502762317657471e-01
2.848540544509887695e-01
2.376313209533691406e-01
3.081713914871215820e-01
3.550422787666320801e-01
2.433050423860549927e-01
2.515926063060760498e-01
2.593868672847747803e-01
3.094125092029571533e-01
2.774775922298431396e-01
1.151718497276306152e-01
1.615685075521469116e-01
2.049829959869384766e-01
1.387816220521926880e-01
6.417555361986160278e-02
9.606514126062393188e-02
1.300312131643295288e-01
1.396993994712829590e-01
7.949268072843551636e-02
5.423868447542190552e-02
1.038050651550292969e-01
1.151641905307769775e-01
1.016416698694229126e-01
7.353858649730682373e-02
9.801790118217468262e-02
7.181740365922451019e-03
2.594808675348758698e-02
3.020249120891094208e-02
4.880139604210853577e-02
1.343934535980224609e-01
3.034367784857749939e-02
8.845984935760498047e-03
2.436674758791923523e-02
5.413045734167098999e-02
1.064372435212135315e-01
1.182369291782379150e-01
8.616399019956588745e-02
8.795921504497528076e-02
1.499904245138168335e-01
2.180603146553039551e-01
1.168724745512008667e-01
6.588982045650482178e-02
6.544830650091171265e-02
1.583976894617080688e-01
1.726626604795455933e-01
1.534713059663772583e-01
8.705331385135650635e-02
8.922743797302246094e-02
2.035791873931884766e-01
1.926312297582626343e-01
1.386840045452117920e-01
6.605336070060729980e-02
1.044811382889747620e-01
1.179868802428245544e-01
1.507483571767807007e-01
1.543976664543151855e-01
6.072211265563964844e-02
5.805372819304466248e-02
8.009146153926849365e-02
1.079505980014801025e-01
7.809191942214965820e-02
8.000835031270980835e-02
1.753904223442077637e-01
1.195725053548812866e-01
6.598279625177383423e-02
7.952037453651428223e-02
1.454897224903106689e-01
1.608981192111968994e-01
5.029942095279693604e-02
1.472800821065902710e-01
1.578729450702667236e-01
1.469172090291976929e-01
1.157847717404365540e-01
1.547423750162124634e-01
1.901714652776718140e-01
9.040581434965133667e-02
1.111687049269676208e-01
7.813657820224761963e-02
1.183031797409057617e-01
1.505784094333648682e-01
5.007916688919067383e-02
3.486047685146331787e-02
4.782301187515258789e-02
9.032368659973144531e-02
1.459327489137649536e-01
7.345649600028991699e-02
5.051182210445404053e-02
6.376035511493682861e-02
7.874948531389236450e-02
5.463093519210815430e-02
7.445657998323440552e-02
6.347616016864776611e-02
7.675383985042572021e-02
6.017431244254112244e-02
1.776048168540000916e-02
2.708293497562408447e-02
2.743126265704631805e-02
2.347882464528083801e-02
2.760093286633491516e-02
1.276587042957544327e-02
1.184771955013275146e-02
7.867817766964435577e-04
1.240353193134069443e-02
1.410537399351596832e-02
1.524625066667795181e-02
4.412920773029327393e-02
3.567589819431304932e-02
1.715062186121940613e-02
1.322089694440364838e-02
4.081764444708824158e-02
-1.734844893217086792e-01
-1.557090580463409424e-01
-8.549065887928009033e-02
-5.243011564016342163e-02
-8.866196125745773315e-02
-1.992468982934951782e-01
-2.024050652980804443e-01
-9.382282197475433350e-02
-7.855267077684402466e-02
-1.404587179422378540e-01
-1.306149065494537354e-01
-1.263114809989929199e-01
-2.847990021109580994e-02
-1.999297179281711578e-03
-3.366140276193618774e-02
-1.957781463861465454e-01
-1.515247821807861328e-01
2.664789743721485138e-02
7.658250629901885986e-03
2.374312840402126312e-02
-1.715122163295745850e-01
-1.673732697963714600e-01
-9.965309500694274902e-02
-5.757555738091468811e-02
7.112263888120651245e-02
3.908829763531684875e-02
4.235810786485671997e-02
1.984427310526371002e-02
-3.832068666815757751e-02
-4.023618623614311218e-02
6.605603545904159546e-02
5.179018527269363403e-02
-3.077175002545118332e-03
-7.120142132043838501e-02
-1.016118004918098450e-02
6.268066167831420898e-02
-4.054498672485351562e-02
-1.663222908973693848e-02
-1.543911695480346680e-01
-9.560151398181915283e-02
-7.623028010129928589e-03
-1.080912537872791290e-02
-1.039948761463165283e-01
-1.189163401722908020e-01
-8.141823112964630127e-02
-3.595384210348129272e-02
2.914144098758697510e-02
-6.088664010167121887e-02
-1.218170374631881714e-01
-5.210587009787559509e-02
-1.481933444738388062e-01
4.153206199407577515e-02
1.998142339289188385e-02
2.584907598793506622e-02
1.065749600529670715e-01
-3.015778400003910065e-02
3.983658179640769958e-02
-1.981323957443237305e-02
7.673508673906326294e-02
2.256138324737548828e-01
-1.582261174917221069e-02
9.819669649004936218e-04
6.118097808212041855e-03
2.544045746326446533e-01
2.332421690225601196e-01
-4.909257963299751282e-02
2.632579021155834198e-02
1.776091605424880981e-01
2.779871821403503418e-01
1.271128058433532715e-01
-1.344462186098098755e-01
-4.621614888310432434e-02
2.116976380348205566e-01
2.023898363113403320e-01
2.034538686275482178e-01
-1.360916942358016968e-01
-9.325201064348220825e-02
-8.858583867549896240e-03
-8.936313539743423462e-02
-6.738140434026718140e-02
-1.692686975002288818e-01
-7.321256399154663086e-02
4.943250212818384171e-03
-7.849393784999847412e-02
-7.004477083683013916e-02
-1.257642209529876709e-01
-4.446059465408325195e-02
2.622240036725997925e-02
-1.140831112861633301e-01
8.109007030725479126e-04
-1.469734907150268555e-01
-6.430304795503616333e-02
-1.537912245839834213e-02
-3.725840896368026733e-02
3.880599141120910645e-02
-1.641915738582611084e-01
-5.457421392202377319e-02
-7.287678122520446777e-02
-3.654357045888900757e-02
3.005984984338283539e-02
-6.269110739231109619e-02
-3.858687821775674820e-03
6.208062171936035156e-02
6.070746481418609619e-02
-2.004911191761493683e-02
-3.248119726777076721e-02
2.507873438298702240e-02
-3.252490982413291931e-02
1.155039574950933456e-02
1.495055407285690308e-01
2.792861312627792358e-02
-6.231125816702842712e-02
-9.138258546590805054e-02
7.536288350820541382e-02
1.153280884027481079e-01
-3.299609944224357605e-02
-1.266598403453826904e-01
6.385660730302333832e-03
2.282151281833648682e-01
6.372682005167007446e-02
5.531345959752798080e-03
4.180874675512313843e-03
1.155708506703376770e-01
8.826343715190887451e-02
3.273780271410942078e-02
-7.308489829301834106e-02
-5.027610063552856445e-02
1.986234635114669800e-02
4.305706918239593506e-02
3.839035332202911377e-02
-8.132398873567581177e-02
-4.021472483873367310e-02
1.118307467550039291e-03
-5.013462621718645096e-03
6.214634515345096588e-03
-4.996795579791069031e-02
-1.542186923325061798e-02
-1.193145290017127991e-02
-2.707517892122268677e-02
5.777851492166519165e-02
-2.748865820467472076e-02
-2.821813151240348816e-02
-1.483567897230386734e-02
4.236218705773353577e-02
8.128477632999420166e-02
-2.482252381742000580e-02
-3.259722515940666199e-02
-2.518806606531143188e-02
3.389853984117507935e-02
2.936805970966815948e-02
1.685406327247619629e+00
2.221154928207397461e+00
1.975276827812194824e+00
2.416499853134155273e+00
2.678565740585327148e+00
1.481547117233276367e+00
2.276492357254028320e+00
2.394352674484252930e+00
2.614247560501098633e+00
2.502515077590942383e+00
9.889219403266906738e-01
1.508360981941223145e+00
1.794022202491760254e+00
2.444184541702270508e+00
2.095514297485351562e+00
1.191239476203918457e+00
1.558694720268249512e+00
1.907341718673706055e+00
2.273171186447143555e+00
2.056325674057006836e+00
1.357284665107727051e+00
1.535594820976257324e+00
2.134790658950805664e+00
1.916106820106506348e+00
1.424104094505310059e+00
2.296284914016723633e+00
2.553213119506835938e+00
1.988709926605224609e+00
2.454192161560058594e+00
2.375486135482788086e+00
1.723906040191650391e+00
1.828790664672851562e+00
2.052341699600219727e+00
2.163959980010986328e+00
2.481383323669433594e+00
1.335284233093261719e+00
2.025291442871093750e+00
1.801060676574707031e+00
1.635455608367919922e+00
2.721160173416137695e+00
1.647642850875854492e+00
1.956605195999145508e+00
2.113126277923583984e+00
2.318299770355224609e+00
2.545304298400878906e+00
2.020136356353759766e+00
2.191227436065673828e+00
2.193209648132324219e+00
2.615629673004150391e+00
2.628364562988281250e+00
2.517366886138916016e+00
2.063257217407226562e+00
2.543809890747070312e+00
2.226344823837280273e+00
1.653912663459777832e+00
2.828290224075317383e+00
3.268381595611572266e+00
3.248389720916748047e+00
2.369570255279541016e+00
1.878073692321777344e+00
2.435307502746582031e+00
3.366021633148193359e+00
2.806749820709228516e+00
2.235868930816650391e+00
1.760848879814147949e+00
2.336223125457763672e+00
2.928057432174682617e+00
2.408699274063110352e+00
2.441471576690673828e+00
1.792986273765563965e+00
2.741508007049560547e+00
2.602281808853149414e+00
1.845303654670715332e+00
1.718390703201293945e+00
1.264435052871704102e+00
1.416587948799133301e+00
1.909017920494079590e+00
1.380904197692871094e+00
2.238619089126586914e+00
2.364854335784912109e+00
1.267439603805541992e+00
1.606800556182861328e+00
1.871444344520568848e+00
2.483855724334716797e+00
2.619409561157226562e+00
1.174709558486938477e+00
1.844997286796569824e+00
2.372620105743408203e+00
2.254409551620483398e+00
2.341392993927001953e+00
1.074437499046325684e+00
1.965324521064758301e+00
2.493702650070190430e+00
2.342521667480468750e+00
2.377763032913208008e+00
1.295876860618591309e+00
1.954927086830139160e+00
2.477967023849487305e+00
2.271172523498535156e+00
2.135285377502441406e+00
1.918684959411621094e+00
1.528574943542480469e+00
1.578989982604980469e+00
1.501398086547851562e+00
1.432145118713378906e+00
1.489665269851684570e+00
1.454126954078674316e+00
2.283633470535278320e+00
1.700335025787353516e+00
1.859600067138671875e+00
1.852462172508239746e+00
2.319106578826904297e+00
2.028187513351440430e+00
1.512346267700195312e+00
2.076645851135253906e+00
1.649416327476501465e+00
2.114714622497558594e+00
1.961943626403808594e+00
2.229762554168701172e+00
2.086692333221435547e+00
1.829065680503845215e+00
1.770045042037963867e+00
1.781764984130859375e+00
2.269056797027587891e+00
1.699543714523315430e+00
7.611837983131408691e-01
9.361940026283264160e-01
7.333101034164428711e-01
8.543112277984619141e-01
8.963170051574707031e-01
6.258585453033447266e-01
7.107902169227600098e-01
9.455785751342773438e-01
1.049403905868530273e+00
9.322092533111572266e-01
6.799167394638061523e-01
8.288184404373168945e-01
1.062785267829895020e+00
9.000201821327209473e-01
6.049949526786804199e-01
4.335064888000488281e-01
5.821353197097778320e-01
5.608335733413696289e-01
5.676792860031127930e-01
5.878113508224487305e-01
4.860756099224090576e-01
6.959208846092224121e-01
7.787380814552307129e-01
6.459729671478271484e-01
5.172483921051025391e-01
6.189264729619026184e-02
5.665445700287818909e-02
2.415568009018898010e-02
2.633961848914623260e-02
1.122903525829315186e-01
5.186844989657402039e-02
1.084877550601959229e-02
-4.185668379068374634e-02
-8.580595999956130981e-02
-5.811822414398193359e-02
6.837438046932220459e-02
5.141446366906166077e-02
1.028590276837348938e-02
-7.520540803670883179e-02
-9.184113144874572754e-02
9.105236828327178955e-02
6.413169950246810913e-02
4.861177876591682434e-02
1.512864232063293457e-02
1.112890988588333130e-02
9.204123169183731079e-02
6.158091500401496887e-02
1.181472185999155045e-02
-3.986611217260360718e-02
1.334007270634174347e-02
1.162048056721687317e-01
1.164565756916999817e-01
1.705936938524246216e-01
1.253995895385742188e-01
1.901721954345703125e-01
1.134605333209037781e-01
2.442824542522430420e-01
2.284687757492065430e-01
1.343272626399993896e-01
6.739799678325653076e-02
1.402024328708648682e-01
1.972621977329254150e-01
2.262474298477172852e-01
1.507686674594879150e-01
1.057637557387351990e-01
1.410132348537445068e-01
1.892061531543731689e-01
2.100552618503570557e-01
1.172879934310913086e-01
5.694901570677757263e-02
1.333420425653457642e-01
2.159238010644912720e-01
1.598246246576309204e-01
6.547152251005172729e-02
8.262973278760910034e-02
-4.295631498098373413e-02
-6.376028060913085938e-02
-6.496733427047729492e-02
-3.173317760229110718e-03
1.076847836375236511e-01
-6.170202791690826416e-02
-1.571755260229110718e-01
-1.381071805953979492e-01
7.649205625057220459e-03
1.090505719184875488e-01
-4.661945998668670654e-02
-1.523162424564361572e-01
-1.343063712120056152e-01
-5.066710337996482849e-02
5.284638330340385437e-02
-4.569819569587707520e-02
-1.107318550348281860e-01
-8.048473298549652100e-02
-4.135292768478393555e-02
1.746836304664611816e-02
-3.737653791904449463e-02
-8.594606816768646240e-02
-6.285803765058517456e-02
-4.079410806298255920e-02
-4.385508969426155090e-02
1.178687140345573425e-01
6.185898929834365845e-02
3.060830011963844299e-02
-1.250443793833255768e-02
4.809631407260894775e-02
1.044041514396667480e-01
5.602916702628135681e-02
-1.914430176839232445e-03
-2.778192050755023956e-02
-5.564117338508367538e-03
1.099494323134422302e-01
6.382124871015548706e-02
-4.741858225315809250e-03
-2.980832196772098541e-02
-3.921686485409736633e-02
9.715487062931060791e-02
7.512252032756805420e-02
1.016785111278295517e-02
-6.021577119827270508e-02
-2.720948681235313416e-02
1.008352339267730713e-01
6.272392719984054565e-02
7.300257217139005661e-03
-2.524381875991821289e-02
1.793845556676387787e-02
3.510394319891929626e-02
1.495945826172828674e-02
1.840400323271751404e-02
2.208792790770530701e-02
8.141503483057022095e-02
3.619541972875595093e-02
1.030614003539085388e-01
6.896494328975677490e-02
6.778793781995773315e-02
6.250553578138351440e-02
6.697562336921691895e-02
1.253744307905435562e-02
1.866736565716564655e-03
4.280331730842590332e-02
5.372432246804237366e-02
8.887527883052825928e-02
3.872441127896308899e-02
1.532198768109083176e-02
-2.940109744668006897e-02
-5.409109592437744141e-02
7.234852015972137451e-02
3.517775237560272217e-02
1.166561339050531387e-02
6.100953090935945511e-03
-1.889772526919841766e-02
4.696100577712059021e-02
2.516783401370048523e-02
-1.696627296041697264e-04
-1.162196509540081024e-02
6.078565493226051331e-03
2.031279914081096649e-02
8.028253912925720215e-03
-1.824082806706428528e-02
-2.013026922941207886e-02
1.163453608751296997e-02
6.115588359534740448e-03
-5.636023357510566711e-03
-2.464308030903339386e-02
-3.866108134388923645e-02
-1.326555665582418442e-02
8.980467915534973145e-03
6.138193421065807343e-03
-5.696824286133050919e-03
-5.726037546992301941e-03
-7.474570535123348236e-03
1.234653592109680176e-02
9.983066469430923462e-03
-5.383442156016826630e-03
4.916614852845668793e-03
2.056317217648029327e-02
1.987017542123794556e-01
5.991401076316833496e-01
5.359272360801696777e-01
4.116785526275634766e-01
1.579123139381408691e-01
4.874127209186553955e-01
7.433360219001770020e-01
7.384667992591857910e-01
6.165710091590881348e-01
2.339212149381637573e-01
3.307731151580810547e-01
6.488031148910522461e-01
7.036635875701904297e-01
6.356550455093383789e-01
2.545486688613891602e-01
1.472477763891220093e-01
2.928859591484069824e-01
3.591538965702056885e-01
5.301974415779113770e-01
2.916597425937652588e-01
2.478111237287521362e-01
2.570626437664031982e-01
2.106338888406753540e-01
4.731371402740478516e-01
3.466103971004486084e-01
3.891723752021789551e-01
4.476740360260009766e-01
5.163543224334716797e-01
7.056406736373901367e-01
5.168726444244384766e-01
3.993493914604187012e-01
5.604691505432128906e-01
5.034033060073852539e-01
6.652674078941345215e-01
4.761282205581665039e-01
1.642028987407684326e-01
4.679466485977172852e-01
3.408101797103881836e-01
5.472444891929626465e-01
4.057258367538452148e-01
2.834662199020385742e-01
3.592300117015838623e-01
3.149790167808532715e-01
6.435258388519287109e-01
4.198406934738159180e-01
2.946848273277282715e-01
3.871938288211822510e-01
5.117349028587341309e-01
8.029375076293945312e-01
5.770949721336364746e-01
6.764342784881591797e-01
4.806909859180450439e-01
2.979085147380828857e-01
1.009568870067596436e-01
4.517795145511627197e-02
5.644240975379943848e-01
5.929539203643798828e-01
3.071440756320953369e-01
1.195305064320564270e-01
5.195173621177673340e-02
7.744621634483337402e-01
7.334249019622802734e-01
4.190579056739807129e-01
1.401158720254898071e-01
1.696136407554149628e-02
4.968458116054534912e-01
4.402985870838165283e-01
4.134991168975830078e-01
1.754453778266906738e-01
-7.454168796539306641e-02
3.430191278457641602e-01
3.459953069686889648e-01
4.409020245075225830e-01
1.733494400978088379e-01
-1.441845744848251343e-01
3.497135043144226074e-01
6.742347478866577148e-01
7.055622339248657227e-01
5.357854366302490234e-01
1.659352481365203857e-01
3.381947875022888184e-01
6.031355261802673340e-01
5.417487621307373047e-01
4.726451337337493896e-01
2.059491425752639771e-01
1.874256730079650879e-01
6.474780440330505371e-01
6.381208300590515137e-01
6.307219266891479492e-01
2.479623854160308838e-01
3.193557560443878174e-01
5.498161911964416504e-01
4.764864742755889893e-01
6.161141395568847656e-01
3.274309635162353516e-01
3.986200988292694092e-01
3.613999783992767334e-01
4.007034003734588623e-01
7.065775990486145020e-01
4.113240242004394531e-01
2.699714004993438721e-01
3.296937644481658936e-01
4.505029916763305664e-01
3.416435122489929199e-01
1.582229733467102051e-01
2.721624672412872314e-01
2.592231035232543945e-01
4.066885709762573242e-01
2.998264431953430176e-01
2.291009873151779175e-01
3.484574258327484131e-01
4.744109213352203369e-01
3.435355126857757568e-01
1.734560132026672363e-01
2.094179093837738037e-01
5.304372310638427734e-01
3.737269937992095947e-01
3.674111366271972656e-01
2.396152317523956299e-01
2.241883426904678345e-01
3.309774398803710938e-01
2.947067320346832275e-01
5.049225091934204102e-01
4.046310484409332275e-01
1.796318292617797852e-01
6.303092837333679199e-02
1.304895132780075073e-01
1.213041841983795166e-01
1.034541279077529907e-01
5.651950463652610779e-02
1.518095433712005615e-01
1.344537436962127686e-01
1.364491283893585205e-01
1.247096210718154907e-01
8.028635382652282715e-02
1.769241690635681152e-01
2.110000252723693848e-01
2.403576076030731201e-01
2.181633263826370239e-01
1.288342922925949097e-01
1.753419786691665649e-01
1.361538618803024292e-01
9.765478968620300293e-02
1.476131230592727661e-01
1.166637018322944641e-01
1.128682047128677368e-01
5.380849540233612061e-02
3.766424953937530518e-02
9.691885858774185181e-02
5.593623965978622437e-02
-2.216881364583969116e-01
-2.343793809413909912e-01
-1.122865751385688782e-01
6.749769300222396851e-02
2.658290266990661621e-01
-5.923591554164886475e-02
-9.676116704940795898e-02
-1.573432236909866333e-04
3.703439235687255859e-02
2.830378711223602295e-01
-1.008252650499343872e-01
-7.750289142131805420e-02
1.228616572916507721e-02
6.877539306879043579e-02
2.064117938280105591e-01
-8.052041381597518921e-02
-8.316509425640106201e-02
-2.016781270503997803e-02
1.385066807270050049e-01
1.782216727733612061e-01
-5.089742317795753479e-02
3.636927157640457153e-02
7.492347806692123413e-02
1.448689401149749756e-01
2.579615712165832520e-01
2.325620800256729126e-01
1.711933165788650513e-01
-3.187166526913642883e-02
9.053079783916473389e-02
1.162312850356101990e-01
2.284763157367706299e-01
2.026800364255905151e-01
6.708086282014846802e-02
-2.025724388659000397e-02
8.917124941945075989e-03
1.974277943372726440e-01
6.011604145169258118e-02
-1.252758800983428955e-01
-1.509372889995574951e-01
-2.424233220517635345e-02
2.048763632774353027e-02
7.633360102772712708e-03
-9.611782431602478027e-02
-9.402947872877120972e-02
-1.256321221590042114e-01
9.425723552703857422e-02
2.604182623326778412e-02
-5.735686421394348145e-02
-7.478124648332595825e-02
-1.084009632468223572e-01
-1.972482651472091675e-01
1.222085300832986832e-02
1.869622170925140381e-01
2.930465042591094971e-01
2.441949546337127686e-01
-9.155029058456420898e-02
8.028353750705718994e-02
2.207240015268325806e-01
3.793585896492004395e-01
4.558792710304260254e-01
-3.367748111486434937e-02
1.247021034359931946e-01
2.477290034294128418e-01
4.617558121681213379e-01
4.365352988243103027e-01
-4.305118322372436523e-02
1.703120470046997070e-01
5.020471811294555664e-01
4.873454272747039795e-01
3.465230762958526611e-01
8.649438619613647461e-02
3.259541988372802734e-01
5.235877633094787598e-01
3.615972995758056641e-01
3.514280021190643311e-01
-9.239695966243743896e-02
-1.373312026262283325e-01
-1.538550853729248047e-01
-4.242477938532829285e-02
1.445412337779998779e-01
-1.197809875011444092e-01
-1.135638579726219177e-01
-1.113450825214385986e-01
-3.817969001829624176e-03
1.447941809892654419e-01
-1.262674480676651001e-01
-1.091078370809555054e-01
-8.522249758243560791e-02
-1.874910201877355576e-03
2.100967764854431152e-01
-1.643220633268356323e-01
-9.720756113529205322e-02
-7.376638799905776978e-02
1.688766926527023315e-01
2.323221564292907715e-01
-1.091386377811431885e-01
-8.872562646865844727e-02
5.983090400695800781e-02
2.465953975915908813e-01
2.149828076362609863e-01
-4.204200208187103271e-02
-8.687121793627738953e-03
5.505165457725524902e-02
7.931867241859436035e-02
7.134767621755599976e-02
-2.330504730343818665e-02
8.100914210081100464e-02
1.867481917142868042e-01
1.113366410136222839e-01
1.428654044866561890e-01
6.477606296539306641e-02
-1.711805351078510284e-03
-4.771710932254791260e-02
1.234571188688278198e-01
2.400116175413131714e-01
-1.797915808856487274e-02
-5.002579465508460999e-02
6.860908120870590210e-02
2.574085295200347900e-01
1.449119746685028076e-01
-2.797466516494750977e-02
1.393149606883525848e-02
2.706977128982543945e-01
1.255331188440322876e-01
7.270864397287368774e-02
-4.502565041184425354e-02
-4.773783683776855469e-02
3.234666772186756134e-03
5.800833553075790405e-02
1.174367219209671021e-01
-7.930988073348999023e-02
-4.543700069189071655e-02
1.205859053879976273e-02
5.132963135838508606e-02
1.015031710267066956e-01
-1.564572937786579132e-02
2.456353418529033661e-02
4.669312015175819397e-02
7.914128899574279785e-02
1.129417121410369873e-01
-4.056320991367101669e-03
-1.508971024304628372e-02
1.032640598714351654e-02
1.300039440393447876e-01
1.551596075296401978e-01
-8.171036839485168457e-03
4.614696837961673737e-03
7.120331376791000366e-02
1.056970730423927307e-01
6.345129758119583130e-02
1.756081171333789825e-02
3.998822998255491257e-03
-1.965900883078575134e-02
-9.448043070733547211e-03
2.580307051539421082e-02
2.004214935004711151e-02
6.653936114162206650e-03
-2.943700738251209259e-02
-3.427267819643020630e-02
1.530563831329345703e-02
1.793908700346946716e-02
-7.343806326389312744e-03
-2.442462369799613953e-02
4.180812276899814606e-03
1.588470675051212311e-02
2.765037305653095245e-02
1.283795456402003765e-03
-1.538205612450838089e-02
9.264310821890830994e-03
5.859797075390815735e-02
2.657648548483848572e-02
8.908713934943079948e-04
3.746352391317486763e-03
1.543131098151206970e-02
3.217916563153266907e-02
6.970252096652984619e-02
1.014888584613800049e-01
8.423328399658203125e-02
8.913417905569076538e-02
1.268991827964782715e-01
8.507276326417922974e-02
1.077368408441543579e-01
9.418009221553802490e-02
7.459884136915206909e-02
7.045345008373260498e-02
9.261567145586013794e-02
1.316570192575454712e-01
3.188622742891311646e-02
6.553811579942703247e-02
3.555908799171447754e-02
8.210640400648117065e-02
6.991881132125854492e-02
4.539842158555984497e-02
3.926096111536026001e-02
-1.140272058546543121e-02
6.816111505031585693e-02
4.975776374340057373e-02
3.304987400770187378e-02
-1.008518785238265991e-02
-2.096257358789443970e-02
-6.564144790172576904e-02
-7.291083037853240967e-02
-3.226262703537940979e-02
2.486133016645908356e-04
-2.078635804355144501e-02
-6.079414486885070801e-02
-6.303972750902175903e-02
-1.734438538551330566e-02
3.006630577147006989e-02
1.599841751158237457e-02
-4.893393069505691528e-02
-2.205341681838035583e-02
9.960226714611053467e-03
1.557758450508117676e-02
3.669858723878860474e-02
-2.461141906678676605e-02
-6.122207269072532654e-04
1.639472693204879761e-02
8.508404716849327087e-03
1.118148267269134521e-01
-1.891149021685123444e-02
1.031815074384212494e-02
6.357134319841861725e-03
1.045892238616943359e-01
1.340032517910003662e-01
4.256959632039070129e-02
1.664634980261325836e-02
-7.998010842129588127e-04
2.248579263687133789e-02
4.958819597959518433e-02
4.111296683549880981e-02
2.025196887552738190e-02
9.109809761866927147e-04
1.476032752543687820e-02
3.289335221052169800e-02
3.383450955152511597e-02
2.253069542348384857e-02
-1.658757403492927551e-02
3.244555369019508362e-02
2.411787956953048706e-02
2.538109757006168365e-02
8.798024617135524750e-03
1.934173516929149628e-03
2.340763621032238007e-02
2.038419619202613831e-02
1.715220138430595398e-02
-3.787596942856907845e-04
-4.600292537361383438e-03
-1.056607998907566071e-02
3.068099543452262878e-02
-1.373528735712170601e-03
-2.062980085611343384e-02
-6.495585199445486069e-03
3.141922503709793091e-02
1.223392598330974579e-02
-1.007942482829093933e-02
1.862899586558341980e-02
3.313500806689262390e-02
5.499992892146110535e-02
4.457998275756835938e-02
8.510517887771129608e-03
2.539106644690036774e-02
2.823767438530921936e-02
4.727149009704589844e-02
2.321650832891464233e-02
3.333637490868568420e-02
3.457245975732803345e-02
3.261505812406539917e-02
3.265284700319170952e-03
5.221517384052276611e-02
3.334404528141021729e-02
1.444235909730195999e-02
-7.513562683016061783e-03
2.751135453581809998e-02
8.005572110414505005e-02
8.232482708990573883e-03
-8.987240493297576904e-03
-2.470862120389938354e-02
-3.735504578799009323e-04
1.361753232777118683e-02
-4.534933716058731079e-03
2.421524375677108765e-03
-8.413808420300483704e-03
8.478404954075813293e-03
1.933204568922519684e-02
-2.155092079192399979e-03
-2.559188986197113991e-03
-1.735674915835261345e-03
1.776758767664432526e-02
1.334044430404901505e-02
2.632895018905401230e-03
4.297413397580385208e-03
4.127558320760726929e-03
1.074481476098299026e-02
8.564070798456668854e-03
5.402518901973962784e-03
7.354719564318656921e-03
3.894656896591186523e-03
-3.769032191485166550e-03
2.544266730546951294e-02
