1.868213266134262085e-01
3.797869682312011719e-01
2.226026654243469238e-01
2.026480436325073242e-01
1.231352463364601135e-01
1.190420314669609070e-01
3.718721568584442139e-01
2.309052646160125732e-01
2.626399993896484375e-01
2.333130687475204468e-01
4.213245213031768799e-02
2.319285422563552856e-01
1.080578789114952087e-01
1.726363748311996460e-01
2.523842453956604004e-01
2.599997818470001221e-01
4.121261537075042725e-01
1.981451064348220825e-01
2.129523903131484985e-01
2.216634452342987061e-01
9.850823134183883667e-02
3.733363151550292969e-01
3.717245161533355713e-01
2.709965705871582031e-01
2.416107505559921265e-01
1.564324796199798584e-01
2.900732159614562988e-01
2.524143159389495850e-01
3.548914194107055664e-01
2.037649005651473999e-01
1.479551047086715698e-01
3.072851896286010742e-01
1.057548075914382935e-01
2.721941173076629639e-01
3.560262918472290039e-01
4.227993637323379517e-02
1.184809431433677673e-01
-7.558444142341613770e-02
2.399683594703674316e-01
2.586763501167297363e-01
-5.956586450338363647e-02
3.451540693640708923e-02
3.390593826770782471e-02
3.720902800559997559e-01
2.483875453472137451e-01
3.883450292050838470e-03
5.032669007778167725e-02
-2.353331632912158966e-02
1.427314579486846924e-01
1.131913661956787109e-01
1.606683135032653809e-01
1.490365713834762573e-03
1.787212304770946503e-02
-5.772697925567626953e-02
-1.560599058866500854e-01
3.540531694889068604e-01
1.301534622907638550e-01
6.506882607936859131e-02
-1.162725090980529785e-01
-2.186851203441619873e-01
3.121058046817779541e-01
2.259214520454406738e-01
9.630809724330902100e-02
-7.248733192682266235e-03
-6.104365363717079163e-02
3.776230216026306152e-01
2.753205299377441406e-01
1.451866328716278076e-01
7.309591025114059448e-02
-4.654878750443458557e-02
4.361741542816162109e-01
3.699068129062652588e-01
2.375853061676025391e-01
1.197643727064132690e-01
4.124646633863449097e-02
1.882143169641494751e-01
2.519166469573974609e-01
5.549582839012145996e-02
2.395396381616592407e-01
1.046443507075309753e-01
1.515664607286453247e-01
3.123015165328979492e-01
1.261736452579498291e-01
2.934062182903289795e-01
1.453016698360443115e-01
1.879779994487762451e-01
2.581254541873931885e-01
7.482609897851943970e-02
2.421483099460601807e-01
1.767440140247344971e-01
1.931269019842147827e-01
2.322765439748764038e-01
1.497151106595993042e-01
3.085921406745910645e-01
2.110617905855178833e-01
8.415239304304122925e-02
3.844858705997467041e-01
1.841133534908294678e-01
2.359883636236190796e-01
1.491138339042663574e-01
6.802998483180999756e-02
3.757116198539733887e-02
6.731170415878295898e-02
8.374866843223571777e-02
7.688331604003906250e-02
2.282955646514892578e-01
1.451830565929412842e-01
1.249569654464721680e-01
6.447298079729080200e-02
-5.254760384559631348e-02
2.219041287899017334e-01
2.194226235151290894e-01
1.119962558150291443e-01
-4.921732470393180847e-02
1.634685508906841278e-02
1.679609268903732300e-01
2.097569853067398071e-01
1.905191689729690552e-01
1.416389048099517822e-01
1.279674768447875977e-01
3.501707911491394043e-01
1.377180665731430054e-01
3.922451660037040710e-02
8.031721413135528564e-02
1.038975492119789124e-01
8.931147307157516479e-02
6.390361487865447998e-02
6.016564555466175079e-03
5.632017925381660461e-02
5.838707089424133301e-02
7.758694887161254883e-02
9.567374736070632935e-02
1.021382212638854980e-01
1.190326884388923645e-01
1.960092969238758087e-02
1.279548555612564087e-01
1.254602819681167603e-01
1.201254501938819885e-01
4.980764910578727722e-02
-4.855972714722156525e-03
1.048766970634460449e-01
1.093102991580963135e-01
6.152868643403053284e-02
2.111934684216976166e-02
1.002871338278055191e-02
7.331626862287521362e-02
1.083325818181037903e-01
7.990896701812744141e-02
4.660845175385475159e-02
1.092463918030261993e-02
-2.557208836078643799e-01
-3.934679329395294189e-01
-3.605428040027618408e-01
-5.135059952735900879e-01
-3.495442569255828857e-01
-3.276434242725372314e-01
-4.876165091991424561e-01
-3.147005438804626465e-01
-1.270865499973297119e-01
-7.467564940452575684e-02
-3.566857874393463135e-01
-6.609610915184020996e-01
-1.728570759296417236e-01
5.130483955144882202e-02
4.708852618932723999e-03
-3.633276820182800293e-01
-5.803656578063964844e-01
-2.639069855213165283e-01
-1.158995106816291809e-01
-6.938713788986206055e-02
-6.402701735496520996e-01
-7.101095914840698242e-01
-2.257622182369232178e-01
-1.886880397796630859e-01
-2.803492546081542969e-01
-1.103323936462402344e+00
-8.931254744529724121e-01
-6.903232336044311523e-01
-9.263400435447692871e-01
-5.509467720985412598e-01
-8.477560877799987793e-01
-8.496593832969665527e-01
-7.488572001457214355e-01
-9.006165266036987305e-01
-2.616535127162933350e-01
-8.329123258590698242e-01
-9.660733342170715332e-01
-9.523832201957702637e-01
-8.675965666770935059e-01
-6.058585643768310547e-01
-1.073502659797668457e+00
-1.043247103691101074e+00
-1.106104493141174316e+00
-9.965795278549194336e-01
-7.414544224739074707e-01
-1.236744761466979980e+00
-1.111798048019409180e+00
-8.999784588813781738e-01
-7.701367139816284180e-01
-6.512316465377807617e-01
-4.803806841373443604e-01
-2.653461098670959473e-01
-2.458990812301635742e-01
-5.069860816001892090e-01
-6.738476157188415527e-01
-3.550606966018676758e-01
4.772461950778961182e-02
-1.141427010297775269e-01
-3.941990435123443604e-01
-5.388005971908569336e-01
-2.362469136714935303e-01
1.650583446025848389e-01
4.650696739554405212e-02
-2.096486985683441162e-01
-4.875799715518951416e-01
-2.412943542003631592e-02
-9.293748997151851654e-03
-7.379250228404998779e-02
-3.620328381657600403e-02
-1.329645663499832153e-01
-4.342326149344444275e-02
-9.499143064022064209e-02
-5.693769827485084534e-02
1.726629771292209625e-02
-4.253656789660453796e-02
-5.747923254966735840e-01
-7.981771230697631836e-01
-5.509287118911743164e-01
-5.063511729240417480e-01
-1.849973946809768677e-01
-5.351334810256958008e-01
-8.539779186248779297e-01
-3.180303275585174561e-01
-3.385691046714782715e-01
-1.959940195083618164e-01
-6.973189711570739746e-01
-7.905380725860595703e-01
-1.860057115554809570e-01
-4.931151121854782104e-02
-8.507272601127624512e-02
-8.534761667251586914e-01
-6.518915891647338867e-01
-1.864354610443115234e-01
-1.368652284145355225e-01
-1.644888818264007568e-01
-8.514084219932556152e-01
-5.267732739448547363e-01
-7.983773946762084961e-02
-5.724633485078811646e-02
-8.609679341316223145e-02
-4.833463132381439209e-01
-2.358176410198211670e-01
-1.822722405195236206e-01
-4.893232882022857666e-01
-5.957115292549133301e-01
-5.397043228149414062e-01
-3.941125571727752686e-01
-4.779882431030273438e-01
-6.941995620727539062e-01
-5.470241308212280273e-01
-4.300541281700134277e-01
-3.755851387977600098e-01
-5.846009850502014160e-01
-3.683179020881652832e-01
-4.281944036483764648e-01
-3.179972171783447266e-01
-5.419621467590332031e-01
-6.283150911331176758e-01
-2.849796116352081299e-01
-2.010226398706436157e-01
-2.535871565341949463e-01
-6.504546403884887695e-01
-3.225636184215545654e-01
2.298730239272117615e-02
-1.003112271428108215e-01
-6.998056173324584961e-02
-1.260255724191665649e-01
-2.796173840761184692e-02
1.609244197607040405e-02
-1.203806325793266296e-01
-1.578189730644226074e-01
-1.978469192981719971e-01
-3.613169491291046143e-02
-2.255965769290924072e-02
-1.084059774875640869e-01
-2.416631728410720825e-01
-2.035899758338928223e-01
-9.228353947401046753e-02
-3.812480717897415161e-03
-1.081873103976249695e-02
-9.613628685474395752e-02
-3.479288518428802490e-02
6.939059123396873474e-03
-6.314750760793685913e-02
-4.736094176769256592e-02
-7.240805774927139282e-02
-4.381165653467178345e-02
-3.808156028389930725e-02
-1.048263609409332275e-01
-6.699298322200775146e-02
-5.136901140213012695e-01
-5.851733088493347168e-01
-4.838871955871582031e-01
-5.560832619667053223e-01
-7.098895311355590820e-01
-8.410609960556030273e-01
-7.399486899375915527e-01
-5.969876050949096680e-01
-6.236146688461303711e-01
-6.004121303558349609e-01
-5.662119388580322266e-01
-4.394322037696838379e-01
-5.065515637397766113e-01
-5.274720788002014160e-01
-6.642785072326660156e-01
-5.820015668869018555e-01
-2.589970231056213379e-01
-4.179941117763519287e-01
-6.344144344329833984e-01
-7.361342906951904297e-01
-6.175228357315063477e-01
-5.321092009544372559e-01
-7.625964283943176270e-01
-7.488379478454589844e-01
-8.625404238700866699e-01
-1.353390216827392578e+00
-1.128894209861755371e+00
-1.154367804527282715e+00
-1.018828392028808594e+00
-6.462395191192626953e-01
-1.438951730728149414e+00
-1.276000976562500000e+00
-1.083095908164978027e+00
-6.922743916511535645e-01
-7.594938278198242188e-01
-1.288598775863647461e+00
-1.400805354118347168e+00
-1.030061960220336914e+00
-7.072374820709228516e-01
-7.154126167297363281e-01
-1.551396012306213379e+00
-1.362367153167724609e+00
-1.003126859664916992e+00
-9.534373879432678223e-01
-1.266986846923828125e+00
-1.593667387962341309e+00
-1.343816161155700684e+00
-1.425734162330627441e+00
-1.341785311698913574e+00
-1.446340203285217285e+00
-3.409608006477355957e-01
-6.366037130355834961e-01
-1.227669239044189453e+00
-1.756254673004150391e+00
-1.835040807723999023e+00
-2.450331896543502808e-01
-7.924803495407104492e-01
-1.181134939193725586e+00
-1.439680933952331543e+00
-1.457180738449096680e+00
-4.109992980957031250e-01
-8.856407403945922852e-01
-9.116665720939636230e-01
-1.034198403358459473e+00
-1.083179235458374023e+00
-3.913895785808563232e-01
-5.922721624374389648e-01
-8.703727722167968750e-01
-1.103580832481384277e+00
-9.076578021049499512e-01
-3.147054016590118408e-01
-4.821247458457946777e-01
-7.754864096641540527e-01
-7.497887611389160156e-01
-5.896050333976745605e-01
-7.955036759376525879e-01
-6.396905779838562012e-01
-4.622278809547424316e-01
-5.539634823799133301e-01
-6.890953779220581055e-01
-8.260372281074523926e-01
-5.546597242355346680e-01
-4.578325748443603516e-01
-4.037141799926757812e-01
-6.392747163772583008e-01
-6.522899866104125977e-01
-5.152206420898437500e-01
-6.938137412071228027e-01
-6.372132301330566406e-01
-7.240350842475891113e-01
-6.804069280624389648e-01
-4.852158427238464355e-01
-5.752146840095520020e-01
-7.516494989395141602e-01
-8.977002501487731934e-01
-5.639250278472900391e-01
-5.544667840003967285e-01
-7.506517171859741211e-01
-9.596785902976989746e-01
-9.840006828308105469e-01
-5.454539656639099121e-01
-4.999604523181915283e-01
-1.012096166610717773e+00
-1.091791272163391113e+00
-1.121998190879821777e+00
-4.943579733371734619e-01
-6.802774071693420410e-01
-8.356310129165649414e-01
-1.054895639419555664e+00
-9.220063686370849609e-01
-4.757370352745056152e-01
-1.039192914962768555e+00
-9.504133462905883789e-01
-7.075553536415100098e-01
-7.058591842651367188e-01
-8.384909629821777344e-01
-7.661847472190856934e-01
-5.370218753814697266e-01
-8.756545782089233398e-01
-1.055221796035766602e+00
-6.134040951728820801e-01
-4.998308420181274414e-01
-7.803179025650024414e-01
-9.425455927848815918e-01
-9.012387990951538086e-01
-2.096952348947525024e-01
-1.673757880926132202e-01
-1.629089862108230591e-01
-3.008737862110137939e-01
-4.950428605079650879e-01
-1.900324523448944092e-01
-9.790553897619247437e-02
-1.862335056066513062e-01
-3.725229501724243164e-01
-3.825157284736633301e-01
-1.560140252113342285e-01
-1.737596690654754639e-01
-3.494618535041809082e-01
-4.273116886615753174e-01
-3.321056962013244629e-01
-1.543737351894378662e-01
-1.778292655944824219e-01
-1.881475001573562622e-01
-2.240784019231796265e-01
-3.499456644058227539e-01
-1.735672950744628906e-01
-1.417710632085800171e-01
-2.125471085309982300e-01
-2.718956172466278076e-01
-3.188375830650329590e-01
-1.674593985080718994e-02
1.255082339048385620e-01
-1.097955346107482910e+00
-2.304266691207885742e+00
-2.731412649154663086e+00
8.074820637702941895e-01
1.053773641586303711e+00
-4.871122241020202637e-01
-1.857316493988037109e+00
-2.554398775100708008e+00
5.247851461172103882e-02
6.804305315017700195e-02
-7.707607746124267578e-01
-2.650537014007568359e+00
-3.409396409988403320e+00
-2.111137807369232178e-01
-4.297544956207275391e-01
-1.370160460472106934e+00
-3.034255743026733398e+00
-2.866035223007202148e+00
2.045764774084091187e-01
-1.718878746032714844e-01
-7.721645832061767578e-01
-1.694105625152587891e+00
-1.832688331604003906e+00
-1.279981374740600586e+00
-1.421576142311096191e+00
-2.850275039672851562e-01
-1.776147365570068359e+00
-5.465290546417236328e-01
-9.245555400848388672e-01
-7.947641611099243164e-01
-2.035209238529205322e-01
-1.352956771850585938e+00
-1.021940469741821289e+00
-1.643565297126770020e+00
-1.006826281547546387e+00
-7.586348056793212891e-02
-1.054135322570800781e+00
-1.194066524505615234e+00
-6.125319004058837891e-01
-2.224069535732269287e-01
2.567640542984008789e-01
-1.113959789276123047e+00
-3.046588301658630371e-01
-2.541070580482482910e-01
-5.099768638610839844e-01
-9.623537957668304443e-02
-4.930230081081390381e-01
-4.382548928260803223e-01
-8.158252239227294922e-01
-2.156229019165039062e+00
-3.584313392639160156e+00
-2.710770606994628906e+00
-1.633704423904418945e+00
-7.913121581077575684e-01
-2.793652534484863281e+00
-3.925199747085571289e+00
-2.002597093582153320e+00
-2.754489660263061523e+00
-1.216006278991699219e+00
-2.535871505737304688e+00
-3.402317047119140625e+00
-3.192089319229125977e+00
-3.893203020095825195e+00
-1.583708524703979492e+00
-2.742239713668823242e+00
-3.787017107009887695e+00
-4.242819309234619141e+00
-3.643516540527343750e+00
-1.557210683822631836e+00
-2.497352600097656250e+00
-3.557966709136962891e+00
-3.679594755172729492e+00
-3.253436326980590820e+00
6.909225583076477051e-01
3.671933114528656006e-01
-8.606178313493728638e-02
-2.238740205764770508e+00
-1.583770632743835449e+00
1.046471238136291504e+00
8.700181841850280762e-01
-4.171195626258850098e-01
-2.514440059661865234e+00
-1.935708880424499512e+00
1.062010288238525391e+00
5.052743554115295410e-01
-6.160191893577575684e-01
-2.508336305618286133e+00
-2.118782043457031250e+00
1.101729154586791992e+00
3.871652483940124512e-01
-7.587583065032958984e-01
-2.699039936065673828e+00
-2.549811363220214844e+00
7.840472459793090820e-01
-7.176379859447479248e-02
-1.156430602073669434e+00
-2.215422630310058594e+00
-2.387549877166748047e+00
-9.197826981544494629e-01
-1.107443571090698242e+00
-1.827520489692687988e+00
-2.215653419494628906e+00
-1.063608646392822266e+00
-8.858246207237243652e-01
-7.238003611564636230e-01
-2.278517961502075195e+00
-9.441663026809692383e-01
-1.271569252014160156e+00
-4.678111672401428223e-01
-8.922987580299377441e-01
-6.971517801284790039e-01
-9.464784860610961914e-01
-2.809757471084594727e+00
-6.277025938034057617e-01
9.251449257135391235e-03
-1.198173642158508301e+00
-2.391546249389648438e+00
-3.119351387023925781e+00
-4.382276237010955811e-01
-8.659161329269409180e-01
-1.938657999038696289e+00
-2.436365365982055664e+00
-1.803182959556579590e+00
-9.176319837570190430e-02
-1.153439804911613464e-01
-4.231114387512207031e-01
-1.389718174934387207e+00
-1.155468583106994629e+00
1.512604504823684692e-01
2.780307643115520477e-02
-7.966995239257812500e-01
-1.092847347259521484e+00
-7.319654822349548340e-01
3.497975468635559082e-01
-1.340789049863815308e-01
-4.357097446918487549e-01
-6.378370523452758789e-01
-7.159810066223144531e-01
-2.354649454355239868e-01
-4.976749122142791748e-01
-7.908962965011596680e-01
-1.148787856101989746e+00
-1.511501193046569824e+00
-3.770602345466613770e-01
-5.518439412117004395e-01
-7.100862264633178711e-01
-1.038180470466613770e+00
-9.755177497863769531e-01
-2.677200138568878174e-01
-6.076026558876037598e-01
-8.227225542068481445e-01
-8.817654252052307129e-01
-4.684499204158782959e-01
-4.849755465984344482e-01
-8.457152247428894043e-01
-9.353986382484436035e-01
-6.170583963394165039e-01
-4.867110252380371094e-01
-4.884853959083557129e-01
-4.793216586112976074e-01
-3.347629904747009277e-01
-4.762572944164276123e-01
-5.439022779464721680e-01
-3.033707439899444580e-01
-6.855674386024475098e-01
-6.883782744407653809e-01
-6.493601799011230469e-01
-4.972596168518066406e-01
-3.111187815666198730e-01
-6.876342296600341797e-01
-6.256151795387268066e-01
-5.970739126205444336e-01
-3.725332915782928467e-01
-5.735143423080444336e-01
-8.353862762451171875e-01
-6.020054221153259277e-01
-8.838456273078918457e-01
-7.587515711784362793e-01
-5.081131458282470703e-01
-7.585914731025695801e-01
-6.519865989685058594e-01
-6.571881771087646484e-01
-6.225322484970092773e-01
-6.347322463989257812e-01
-7.238462567329406738e-01
-4.807263612747192383e-01
-6.589870452880859375e-01
-6.751917600631713867e-01
-4.567812681198120117e-01
-7.521962523460388184e-01
-8.161473870277404785e-01
-1.294529080390930176e+00
-7.929518818855285645e-01
-4.791206717491149902e-01
-1.053526759147644043e+00
-6.243663430213928223e-01
-8.483709692955017090e-01
-6.054418683052062988e-01
-7.589091658592224121e-01
-7.352333068847656250e-01
-6.173879504203796387e-01
-4.439799189567565918e-01
-1.977793276309967041e-01
-9.624274969100952148e-01
-9.372162222862243652e-01
-7.945479154586791992e-01
-4.796294569969177246e-01
-2.508989274501800537e-01
-8.151037096977233887e-01
-5.241321325302124023e-01
-5.159403681755065918e-01
-3.295819461345672607e-01
-4.438758194446563721e-01
-7.067876458168029785e-01
-5.790840387344360352e-01
-4.998866915702819824e-01
-5.767279267311096191e-01
-4.966997802257537842e-01
-6.952291131019592285e-01
-4.931688904762268066e-01
-5.589044094085693359e-01
-4.390221834182739258e-01
-3.217892944812774658e-01
-2.707843780517578125e-01
-6.468738913536071777e-01
-6.093377470970153809e-01
-5.052579045295715332e-01
-4.339355528354644775e-01
-1.809090822935104370e-01
-5.960253477096557617e-01
-6.995393633842468262e-01
-8.071005940437316895e-01
-4.651049077510833740e-01
-3.405894935131072998e-01
-7.099397778511047363e-01
-5.921630263328552246e-01
-6.936566233634948730e-01
-4.531377851963043213e-01
-3.779685497283935547e-01
-7.701591253280639648e-01
-7.040111422538757324e-01
-8.724054694175720215e-01
-5.895091891288757324e-01
-3.055641353130340576e-01
-8.705294132232666016e-01
-6.529077291488647461e-01
-6.673477292060852051e-01
-3.907213807106018066e-01
-5.139916539192199707e-01
-3.395573496818542480e-01
-3.476587533950805664e-01
-4.553688466548919678e-01
-3.789496719837188721e-01
-4.261067807674407959e-01
-4.488180279731750488e-01
-6.537406444549560547e-01
-5.469565391540527344e-01
-2.212983220815658569e-01
-7.016506791114807129e-01
-6.447727680206298828e-01
-5.596057772636413574e-01
-3.496777713298797607e-01
-5.470659732818603516e-01
-3.292732834815979004e-01
-3.366796374320983887e-01
-6.044687032699584961e-01
-7.227699756622314453e-01
-7.568603157997131348e-01
-6.678061485290527344e-01
-6.009013652801513672e-01
-5.651180148124694824e-01
-7.537611722946166992e-01
-4.183771908283233643e-01
-1.465190798044204712e-01
-1.682796031236648560e-01
-1.743064969778060913e-01
-1.757709681987762451e-01
-1.813610196113586426e-01
-7.214544713497161865e-02
-2.007384151220321655e-01
-2.835914790630340576e-01
-3.555140495300292969e-01
-2.173147499561309814e-01
-3.107348382472991943e-01
-3.648343384265899658e-01
-2.912784516811370850e-01
-2.242348492145538330e-01
-1.001754328608512878e-01
-1.936404854059219360e-01
-2.230557948350906372e-01
-1.422298103570938110e-01
-1.095743179321289062e-01
-2.139971852302551270e-01
-1.195522025227546692e-01
-1.890559941530227661e-01
-2.018708288669586182e-01
-2.483036965131759644e-01
-2.062623500823974609e-01
8.488117717206478119e-03
7.293909788131713867e-03
-7.098593562841415405e-02
-1.876702755689620972e-01
-9.132359027862548828e-01
3.846180140972137451e-01
-1.496224701404571533e-01
-4.264743030071258545e-01
-8.245147466659545898e-01
-1.336714863777160645e+00
6.886009871959686279e-02
-2.797129154205322266e-01
-4.582522809505462646e-01
-1.264220714569091797e+00
-2.012419223785400391e+00
1.327161341905593872e-01
2.341715693473815918e-01
2.719227671623229980e-01
-6.139037609100341797e-01
-2.315947055816650391e+00
5.034293234348297119e-02
3.748892545700073242e-01
6.759065389633178711e-02
-1.024401307106018066e+00
-2.230364084243774414e+00
-3.335486948490142822e-01
-5.566552877426147461e-01
2.715528607368469238e-01
-3.929969370365142822e-01
-8.624851703643798828e-01
-2.374060451984405518e-01
-2.805443108081817627e-01
-1.990654319524765015e-01
-4.136234223842620850e-01
-1.157937884330749512e+00
-4.826074242591857910e-01
-3.221665024757385254e-01
2.955925166606903076e-01
-2.543248236179351807e-01
-6.336337327957153320e-01
1.343977451324462891e-01
2.558992505073547363e-01
3.933882713317871094e-01
3.456336259841918945e-01
-8.267333358526229858e-02
-4.543904662132263184e-01
2.498760521411895752e-01
6.329579949378967285e-01
-2.683185338973999023e-01
-4.983282387256622314e-01
-2.111712992191314697e-01
-3.282240629196166992e-01
-8.599830865859985352e-01
-1.119420647621154785e+00
-9.636195898056030273e-01
-7.188305258750915527e-02
-6.311279535293579102e-01
-1.221264243125915527e+00
-1.295307159423828125e+00
-1.028165817260742188e+00
-3.452651500701904297e-01
-1.251424670219421387e+00
-2.037929296493530273e+00
-1.498115658760070801e+00
-6.498070955276489258e-01
-7.038215994834899902e-01
-1.360731720924377441e+00
-1.758983135223388672e+00
-1.989669680595397949e+00
-1.229388356208801270e+00
-7.156851887702941895e-01
-1.024344205856323242e+00
-2.300586938858032227e+00
-2.040069103240966797e+00
-1.134404182434082031e+00
1.529200971126556396e-01
5.329143628478050232e-02
3.531625866889953613e-01
-5.038577914237976074e-01
-1.584776401519775391e+00
4.910873770713806152e-01
1.547361314296722412e-01
3.957700431346893311e-01
-5.408270359039306641e-01
-1.506956458091735840e+00
6.641756743192672729e-02
4.611683487892150879e-01
3.210379779338836670e-01
-9.279326200485229492e-01
-1.750601410865783691e+00
2.864699661731719971e-01
5.299410820007324219e-01
2.930352389812469482e-01
-8.803846836090087891e-01
-1.983402013778686523e+00
1.413610577583312988e-01
2.568293511867523193e-01
5.217002034187316895e-01
-9.788044691085815430e-01
-1.972431898117065430e+00
-4.963170886039733887e-01
-7.844709604978561401e-02
-3.015428483486175537e-01
-3.702333271503448486e-01
-8.088521957397460938e-01
-1.900561153888702393e-03
1.731453090906143188e-02
-5.186628699302673340e-01
-3.884501755237579346e-01
-2.748831212520599365e-01
-1.351170837879180908e-01
-3.566734492778778076e-01
-3.722275048494338989e-02
-2.514944076538085938e-01
-6.573585271835327148e-01
9.702558815479278564e-02
-7.766775488853454590e-01
-4.210720658302307129e-01
-3.181397616863250732e-01
-4.380416274070739746e-01
-4.319196343421936035e-01
-4.204687476158142090e-01
-1.482363641262054443e-01
-1.000857114791870117e+00
-9.114274978637695312e-01
-9.703647345304489136e-02
-6.277266144752502441e-02
6.358455866575241089e-02
-1.875452101230621338e-01
-4.881854951381683350e-01
1.519102752208709717e-01
7.052081078290939331e-02
-9.405806660652160645e-03
-2.821744978427886963e-01
-3.012818694114685059e-01
1.721788793802261353e-01
1.695058494806289673e-02
-1.455380022525787354e-01
-4.518874287605285645e-01
-5.666623115539550781e-01
1.247869059443473816e-02
-4.200747907161712646e-01
-2.873582243919372559e-01
-3.713310658931732178e-01
-6.489736437797546387e-01
-2.131529152393341064e-01
-2.751892209053039551e-01
-8.682401850819587708e-03
-2.387531995773315430e-01
-5.274416804313659668e-01
4.687486961483955383e-02
4.127657972276210785e-03
3.126926720142364502e-02
3.575618565082550049e-02
1.877149008214473724e-02
2.043740451335906982e-02
2.618434280157089233e-02
5.481064319610595703e-02
7.985772192478179932e-02
3.924841061234474182e-02
2.793886885046958923e-02
3.383299708366394043e-02
4.828994721174240112e-02
5.322922021150588989e-02
2.835644036531448364e-02
2.751310542225837708e-02
2.862604707479476929e-02
3.197461366653442383e-02
2.566929347813129425e-02
2.307380735874176025e-02
7.259646058082580566e-02
6.855421513319015503e-02
6.909724324941635132e-02
7.536163926124572754e-02
7.693155109882354736e-02
1.284403949975967407e-01
9.735770523548126221e-02
6.222210824489593506e-02
3.680334612727165222e-02
2.537561655044555664e-01
9.419904649257659912e-02
8.801656961441040039e-02
2.076302021741867065e-01
1.851539909839630127e-01
1.839910149574279785e-01
1.412229537963867188e-01
1.561140716075897217e-01
1.407462507486343384e-01
2.090620398521423340e-01
1.378795802593231201e-01
1.316490471363067627e-01
1.462539136409759521e-01
1.402503699064254761e-01
1.496913284063339233e-01
1.436897069215774536e-01
1.491252183914184570e-01
1.432648897171020508e-01
1.427514702081680298e-01
1.791263818740844727e-01
1.631917655467987061e-01
6.229579076170921326e-02
4.681887850165367126e-02
2.753870189189910889e-02
6.625784933567047119e-02
6.195275858044624329e-02
3.628437407314777374e-03
1.829665526747703552e-02
1.130325440317392349e-02
1.787847094237804413e-02
6.106520071625709534e-03
2.266837470233440399e-02
2.134106867015361786e-02
5.872703157365322113e-03
-6.243946962058544159e-03
-1.170178502798080444e-02
-2.232265658676624298e-03
2.847192808985710144e-03
-2.177779097110033035e-03
5.794029217213392258e-03
8.096167817711830139e-03
-3.097126493230462074e-03
-1.960889901965856552e-03
-2.909163013100624084e-03
4.630526993423700333e-03
5.397656001150608063e-03
3.695658221840858459e-02
2.493932470679283142e-02
1.077950745820999146e-01
1.328099966049194336e-01
1.169224530458450317e-01
2.357826940715312958e-02
4.154590889811515808e-02
1.131760478019714355e-01
9.851100295782089233e-02
5.913870409131050110e-02
5.609942600131034851e-02
5.964910238981246948e-02
8.368845283985137939e-02
8.926174044609069824e-02
2.799197658896446228e-02
3.982764482498168945e-02
4.338922724127769470e-02
4.877113550901412964e-02
5.075256898999214172e-02
4.519598186016082764e-02
3.078995086252689362e-02
2.532191760838031769e-02
3.218507021665573120e-02
3.608369082212448120e-02
4.056480154395103455e-02
5.582083016633987427e-02
1.000049524009227753e-04
-2.384429425001144409e-02
1.136727333068847656e-01
2.021105587482452393e-01
7.941231131553649902e-03
2.433405444025993347e-02
3.374402597546577454e-02
9.574388712644577026e-02
5.479698255658149719e-02
7.333263754844665527e-02
6.921123713254928589e-02
7.070740312337875366e-02
5.696620047092437744e-02
1.890802383422851562e-02
3.148169070482254028e-02
4.454221576452255249e-02
4.439304023981094360e-02
3.971581906080245972e-02
3.925341367721557617e-02
1.719760335981845856e-02
2.019949257373809814e-02
1.714180968701839447e-02
2.777016349136829376e-02
2.880603261291980743e-02
7.901882752776145935e-03
4.908271133899688721e-03
5.710727069526910782e-03
-9.842017665505409241e-03
-1.871748454868793488e-02
2.000882476568222046e-02
6.350968033075332642e-03
3.775301855057477951e-03
5.395498126745223999e-03
1.144037675112485886e-02
7.836716249585151672e-03
6.730988156050443649e-03
8.715062402188777924e-03
9.671652689576148987e-03
1.507376134395599365e-02
8.216101676225662231e-03
7.457801606506109238e-03
9.753149002790451050e-03
5.438523832708597183e-03
1.368652377277612686e-02
1.248850300908088684e-02
1.106764096766710281e-02
1.125162001699209213e-02
1.081048231571912766e-02
1.221975311636924744e-02
-4.917994141578674316e-01
-1.018263339996337891e+00
-1.150881290435791016e+00
-8.783929944038391113e-01
-6.788673996925354004e-01
-5.610863566398620605e-01
-1.096606254577636719e+00
-1.444525718688964844e+00
-1.174914360046386719e+00
-7.740622758865356445e-01
-4.364316463470458984e-01
-6.245534420013427734e-01
-1.113226294517517090e+00
-1.186218380928039551e+00
-6.834300160408020020e-01
-5.422586798667907715e-01
-8.944004178047180176e-01
-1.240884423255920410e+00
-1.089375495910644531e+00
-7.313198447227478027e-01
-6.236093640327453613e-01
-7.855150103569030762e-01
-1.091595053672790527e+00
-7.042304873466491699e-01
-3.351289927959442139e-01
-9.765149354934692383e-01
-1.323438763618469238e+00
-1.225923418998718262e+00
-1.209140896797180176e+00
-1.044459939002990723e+00
-8.976619243621826172e-01
-1.280671954154968262e+00
-1.052176475524902344e+00
-1.021958589553833008e+00
-1.187736392021179199e+00
-7.864117026329040527e-01
-1.146629333496093750e+00
-1.094055652618408203e+00
-1.243510127067565918e+00
-8.518766164779663086e-01
-7.879225611686706543e-01
-9.146456122398376465e-01
-1.283094882965087891e+00
-1.050655484199523926e+00
-8.928753137588500977e-01
-8.350498080253601074e-01
-9.411861300468444824e-01
-7.845172882080078125e-01
-1.113047480583190918e+00
-9.230743646621704102e-01
-1.014856219291687012e+00
-1.162916898727416992e+00
-8.181923627853393555e-01
-6.769322156906127930e-01
-8.368827700614929199e-01
-1.437897682189941406e+00
-1.471795320510864258e+00
-9.898732900619506836e-01
-8.596673011779785156e-01
-9.141446948051452637e-01
-1.074230313301086426e+00
-1.173109292984008789e+00
-1.187679409980773926e+00
-8.531022667884826660e-01
-9.187092185020446777e-01
-1.233570694923400879e+00
-1.368860602378845215e+00
-1.261102437973022461e+00
-1.101382851600646973e+00
-1.157417297363281250e+00
-1.137318730354309082e+00
-1.162126183509826660e+00
-8.070618510246276855e-01
-7.524979710578918457e-01
-7.651104331016540527e-01
-4.977491497993469238e-01
-1.014856338500976562e+00
-8.854975700378417969e-01
-7.697603106498718262e-01
-5.539323091506958008e-01
-4.588389992713928223e-01
-1.049171805381774902e+00
-1.088733434677124023e+00
-7.715345621109008789e-01
-6.863685250282287598e-01
-3.741651475429534912e-01
-9.708893895149230957e-01
-1.188276529312133789e+00
-1.009774208068847656e+00
-5.834578871726989746e-01
-4.204806089401245117e-01
-8.965693712234497070e-01
-1.296869754791259766e+00
-1.036024451255798340e+00
-6.855754256248474121e-01
-5.151066184043884277e-01
-1.102010607719421387e+00
-1.137540698051452637e+00
-8.153812289237976074e-01
-6.073540449142456055e-01
-6.054811477661132812e-01
-7.242446541786193848e-01
-8.109099864959716797e-01
-8.127916455268859863e-01
-7.385051846504211426e-01
-9.951640963554382324e-01
-9.099985361099243164e-01
-8.054890632629394531e-01
-7.561352849006652832e-01
-8.603805899620056152e-01
-1.005974173545837402e+00
-9.657787680625915527e-01
-9.815390706062316895e-01
-9.118861556053161621e-01
-7.730497717857360840e-01
-7.044624090194702148e-01
-8.266903758049011230e-01
-1.151939630508422852e+00
-1.002453207969665527e+00
-9.207113385200500488e-01
-8.568506240844726562e-01
-9.608812928199768066e-01
-8.096792101860046387e-01
-1.057874321937561035e+00
-8.370128870010375977e-01
-1.934960335493087769e-01
-3.364064991474151611e-01
-3.539649248123168945e-01
-2.779433131217956543e-01
-1.601451337337493896e-01
-1.766203641891479492e-01
-3.568110466003417969e-01
-5.189471244812011719e-01
-4.171861708164215088e-01
-3.164106905460357666e-01
-2.830089926719665527e-01
-3.646809160709381104e-01
-4.052049219608306885e-01
-4.643482565879821777e-01
-2.955822944641113281e-01
-1.643399000167846680e-01
-2.806290984153747559e-01
-3.819419741630554199e-01
-3.819476366043090820e-01
-3.566421270370483398e-01
-2.700558006763458252e-01
-4.386192560195922852e-01
-4.663674235343933105e-01
-3.663966059684753418e-01
-2.653082609176635742e-01
-1.074034124612808228e-01
-1.485332660377025604e-02
-4.501314461231231689e-01
-5.731432437896728516e-01
-5.857586860656738281e-01
-1.929245591163635254e-01
1.361983716487884521e-01
-2.425532639026641846e-01
-5.746580362319946289e-01
-7.600002884864807129e-01
-1.112604588270187378e-01
4.203509092330932617e-01
3.399313986301422119e-01
5.746600031852722168e-02
-6.329566836357116699e-01
1.988597214221954346e-03
5.909363627433776855e-01
2.244715839624404907e-01
2.235192358493804932e-01
5.885998904705047607e-02
-2.443345189094543457e-01
2.977371215820312500e-01
1.219469532370567322e-01
1.299349069595336914e-01
1.625254154205322266e-01
-2.789776027202606201e-01
-4.670921266078948975e-01
-4.605247676372528076e-01
-2.146849036216735840e-01
-4.765955507755279541e-01
-2.720692455768585205e-01
-9.256816655397415161e-02
-4.317343533039093018e-01
9.536357969045639038e-02
-3.597685694694519043e-01
-4.915520250797271729e-01
-5.615819692611694336e-01
-5.418688058853149414e-01
-2.334568798542022705e-01
-3.176587522029876709e-01
-9.424664378166198730e-01
-7.965785264968872070e-01
-8.896334767341613770e-01
-2.028783857822418213e-01
-9.767121672630310059e-01
-1.066989660263061523e+00
-1.179319024085998535e+00
-9.190659523010253906e-01
-4.457112252712249756e-01
-3.174563348293304443e-01
-4.926297366619110107e-01
-7.042269706726074219e-01
-6.364610195159912109e-01
-1.300872921943664551e+00
-1.557236552238464355e+00
-3.184805512428283691e-01
-6.361512541770935059e-01
-9.554308652877807617e-01
-1.552154302597045898e+00
-1.077323198318481445e+00
3.426131606101989746e-01
-4.411678761243820190e-02
-5.873738527297973633e-01
-1.503341913223266602e+00
-1.749479055404663086e+00
3.865259289741516113e-01
-3.285606577992439270e-02
-3.094487190246582031e-01
-9.727681875228881836e-01
-1.504648447036743164e+00
5.666943788528442383e-01
2.852442264556884766e-01
5.820259451866149902e-02
-4.662145376205444336e-01
-8.360813260078430176e-01
-1.610143035650253296e-01
-3.356884419918060303e-01
-4.497676491737365723e-01
-3.488236963748931885e-01
-5.750886201858520508e-01
-1.028506606817245483e-01
-2.882449887692928314e-03
-3.720298111438751221e-01
-1.975757479667663574e-01
-8.635770678520202637e-01
-2.335208356380462646e-01
1.542252749204635620e-01
-5.877656117081642151e-02
3.242339938879013062e-03
-8.935829401016235352e-01
-1.733196824789047241e-01
2.743842899799346924e-01
-1.052005589008331299e-01
6.819539237767457962e-03
-7.107894420623779297e-01
-1.250283122062683105e-01
1.040835082530975342e-01
-2.022064030170440674e-01
6.665037572383880615e-02
-4.362051784992218018e-01
-4.936717748641967773e-01
-4.092933833599090576e-01
-2.074462920427322388e-01
-5.988439917564392090e-01
-1.327156186103820801e+00
-2.081199288368225098e-01
-2.625778019428253174e-01
-3.732970058917999268e-01
-8.149806857109069824e-01
-7.938885688781738281e-01
1.733454316854476929e-02
-1.181729882955551147e-01
-5.575361251831054688e-01
-7.008637785911560059e-01
-3.175752460956573486e-01
3.792555630207061768e-02
-1.610570251941680908e-01
-4.713319540023803711e-01
-8.990097641944885254e-01
-8.827800154685974121e-01
-5.753947049379348755e-02
-2.658447027206420898e-01
-1.237489953637123108e-01
-3.734741508960723877e-01
-4.224569499492645264e-01
-7.365291565656661987e-02
-2.322344109416007996e-02
-1.030056253075599670e-01
-6.548230350017547607e-02
-3.184003531932830811e-01
9.069067984819412231e-02
7.689103484153747559e-02
1.037773676216602325e-02
-1.943330317735671997e-01
-4.769593477249145508e-01
-3.860245645046234131e-02
4.358457867056131363e-03
1.498298812657594681e-02
-2.404816821217536926e-02
-2.411384284496307373e-01
1.426111906766891479e-01
1.833676397800445557e-01
8.688236773014068604e-02
-4.600547999143600464e-02
-8.978188037872314453e-02
8.965519070625305176e-02
9.684090316295623779e-02
-1.618599146604537964e-02
-5.723102390766143799e-02
-7.609140127897262573e-02
-3.023429214954376221e-01
-3.163607120513916016e-01
-2.580452263355255127e-01
-1.682605892419815063e-01
-2.166534066200256348e-01
-1.450338810682296753e-01
-1.155688464641571045e-01
3.409551829099655151e-02
-9.893092513084411621e-02
-3.097646832466125488e-01
-1.912681907415390015e-01
-2.680494077503681183e-02
4.938924685120582581e-03
-1.424432396888732910e-01
-2.365252077579498291e-01
-3.796184360980987549e-01
-1.310924440622329712e-01
-6.286792457103729248e-02
-9.990705549716949463e-02
-1.906336098909378052e-01
-5.607505440711975098e-01
-2.046857625246047974e-01
-1.095519363880157471e-01
-1.008514687418937683e-01
-1.270316690206527710e-01
-2.922214567661285400e-01
-3.387717902660369873e-01
-1.905189156532287598e-01
-2.793533205986022949e-01
-2.951174080371856689e-01
-2.836620509624481201e-01
-2.788844704627990723e-01
-1.626379638910293579e-01
-2.335816919803619385e-01
-3.209162354469299316e-01
-4.245312511920928955e-01
-2.208797931671142578e-01
-3.146568536758422852e-01
-6.650323867797851562e-01
-6.198571324348449707e-01
-3.791075050830841064e-01
-4.377834498882293701e-01
-2.827550172805786133e-01
-4.375732541084289551e-01
-5.081801414489746094e-01
-3.482977747917175293e-01
-3.488369286060333252e-01
-3.488379120826721191e-01
-4.283100664615631104e-01
-3.277596533298492432e-01
-2.027977705001831055e-01
-2.855629324913024902e-01
-3.686164021492004395e-01
-1.365391910076141357e-01
4.748881608247756958e-02
-9.115910530090332031e-02
-1.881011575460433960e-01
-2.860555946826934814e-01
-1.191250979900360107e-01
-3.501027822494506836e-02
-1.159949749708175659e-01
-1.921549588441848755e-01
-1.621256917715072632e-01
-1.063126772642135620e-01
-1.710483729839324951e-01
3.512685000896453857e-02
-1.580301485955715179e-02
-4.508616775274276733e-02
-8.093111962080001831e-02
-2.750361561775207520e-01
-3.384944796562194824e-02
2.903163246810436249e-02
-2.352075092494487762e-02
-8.472793549299240112e-02
-2.332427650690078735e-01
-7.223068922758102417e-02
-1.513592600822448730e-01
-1.176081299781799316e-01
-3.544988632202148438e-01
-4.259564578533172607e-01
-1.340477019548416138e-01
-1.164569407701492310e-01
-8.684419840574264526e-02
-3.577393591403961182e-01
-3.156320750713348389e-01
-3.022776842117309570e-01
-9.229040890932083130e-02
-9.964837878942489624e-02
-3.850246667861938477e-01
-3.389145731925964355e-01
-3.164591789245605469e-01
-4.701859503984451294e-02
-1.332169175148010254e-01
-1.759929656982421875e-01
-2.441003620624542236e-01
-3.659227490425109863e-01
-9.193168580532073975e-02
-6.104514747858047485e-02
-1.262190639972686768e-01
-1.428515017032623291e-01
-8.180308341979980469e-02
-7.687548547983169556e-02
-2.527171075344085693e-01
-1.647520512342453003e-01
-6.797659397125244141e-02
-8.924707770347595215e-02
-2.144081592559814453e-01
-2.873306572437286377e-01
3.417777642607688904e-02
-1.689696162939071655e-01
-2.361375093460083008e-01
-2.314041256904602051e-01
-1.870093643665313721e-01
-2.587418258190155029e-01
-3.601562082767486572e-01
-9.513717144727706909e-02
-1.577179282903671265e-01
-5.523141846060752869e-02
-1.397233903408050537e-01
-2.446620613336563110e-01
-3.244547545909881592e-02
-2.596264705061912537e-02
-3.813622891902923584e-02
-7.928407937288284302e-02
-2.235800921916961670e-01
-1.376108825206756592e-01
-8.795491605997085571e-02
-1.071034595370292664e-01
-1.585170328617095947e-01
-7.880127429962158203e-02
-1.643521487712860107e-01
-9.797118604183197021e-02
-1.117292195558547974e-01
-1.000408604741096497e-01
-1.107225567102432251e-02
-1.114580035209655762e-02
-1.717944070696830750e-02
-1.353357266634702682e-02
-3.015594370663166046e-02
-7.955124601721763611e-03
-2.124050259590148926e-02
7.296420633792877197e-03
-1.667038351297378540e-02
-2.760789357125759125e-02
-1.630175858736038208e-02
-1.144700720906257629e-01
-7.290529459714889526e-02
-1.905385032296180725e-02
-1.331791281700134277e-02
-5.714263021945953369e-02
3.520219624042510986e-01
3.606753945350646973e-01
1.567340195178985596e-01
2.330525591969490051e-02
2.287995368242263794e-01
2.519570291042327881e-01
3.947299122810363770e-01
1.452915668487548828e-01
1.079762652516365051e-01
2.401961535215377808e-01
2.074403315782546997e-01
2.739309668540954590e-01
-1.053900867700576782e-01
-1.250659823417663574e-01
-2.696778252720832825e-02
3.792002797126770020e-01
3.127622604370117188e-01
-1.234878003597259521e-01
-8.603268861770629883e-02
-1.462027877569198608e-01
2.673280239105224609e-01
2.726225852966308594e-01
2.255113422870635986e-01
1.427861750125885010e-01
-2.046981155872344971e-01
-1.185332387685775757e-01
-1.236038655042648315e-01
-2.451875507831573486e-01
1.870378665626049042e-02
8.643090724945068359e-02
-2.907136082649230957e-01
-2.615163624286651611e-01
-1.539066433906555176e-01
4.434049502015113831e-02
-6.488893181085586548e-03
-1.918778121471405029e-01
1.042708307504653931e-01
-6.535198539495468140e-02
2.867418229579925537e-01
2.634872496128082275e-01
-5.514724925160408020e-02
-1.279447413980960846e-02
8.049848675727844238e-02
2.052244096994400024e-01
3.393914997577667236e-01
-4.312585666775703430e-02
-9.970677644014358521e-02
-3.251542150974273682e-02
2.713082134723663330e-01
1.880158782005310059e-01
4.107324182987213135e-01
-5.362202227115631104e-02
2.522756718099117279e-02
3.804459422826766968e-02
-1.622501909732818604e-01
1.142537370324134827e-01
9.518487378954887390e-03
1.686710864305496216e-01
-8.340828120708465576e-02
-4.638007581233978271e-01
1.549446880817413330e-01
7.901836931705474854e-02
-9.835067205131053925e-03
-5.335412025451660156e-01
-5.457217097282409668e-01
2.438699305057525635e-01
1.763802208006381989e-02
-4.413615763187408447e-01
-6.371284127235412598e-01
-3.462865948677062988e-01
3.355311453342437744e-01
6.369227916002273560e-02
-5.580261349678039551e-01
-5.251839756965637207e-01
-6.606785655021667480e-01
3.290391862392425537e-01
2.135296612977981567e-01
-5.434423312544822693e-02
1.855825781822204590e-01
2.799079716205596924e-01
3.033025264739990234e-01
1.316678971052169800e-01
-8.026547729969024658e-02
1.838476210832595825e-01
1.923971772193908691e-01
1.646618843078613281e-01
6.894458830356597900e-02
-1.152127161622047424e-01
2.678330838680267334e-01
9.463021904230117798e-02
2.174729406833648682e-01
1.484905928373336792e-01
6.972140818834304810e-02
7.845671474933624268e-02
-1.165436673909425735e-02
2.148045748472213745e-01
1.065071746706962585e-01
2.120422571897506714e-01
1.138900890946388245e-01
-1.416271366178989410e-02
2.389974594116210938e-01
2.974186651408672333e-02
-1.926837116479873657e-01
-1.111425161361694336e-01
1.111662983894348145e-01
6.387525051832199097e-02
-1.276921480894088745e-01
-1.648394949734210968e-02
-3.932075574994087219e-02
-2.982895970344543457e-01
-7.417757064104080200e-02
1.017060801386833191e-01
1.791552305221557617e-01
-1.714991182088851929e-01
-2.469177991151809692e-01
7.628671079874038696e-02
2.206140905618667603e-01
-7.889186590909957886e-02
-4.058685004711151123e-01
-3.337369859218597412e-02
-2.788227424025535583e-02
-5.807126313447952271e-02
-3.437363505363464355e-01
-1.775567978620529175e-01
-9.122834354639053345e-02
1.642730087041854858e-01
1.362348198890686035e-01
-3.718630596995353699e-02
-1.091635599732398987e-01
-3.833192214369773865e-02
1.744000762701034546e-01
6.094626337289810181e-02
-4.187786579132080078e-02
8.176886476576328278e-03
-9.346305392682552338e-03
6.332387030124664307e-02
1.336967200040817261e-02
3.665582835674285889e-02
5.017775669693946838e-02
-1.257703900337219238e-01
3.857107833027839661e-02
6.446778774261474609e-02
2.815406024456024170e-02
-1.243811771273612976e-01
-2.237892448902130127e-01
6.156390160322189331e-02
9.386086463928222656e-02
5.083572492003440857e-02
-1.009900867938995361e-01
-8.760822564363479614e-02
-3.087359189987182617e+00
-4.304901123046875000e+00
-3.972451925277709961e+00
-4.726571559906005859e+00
-4.852311611175537109e+00
-2.935533046722412109e+00
-4.429400444030761719e+00
-4.783627986907958984e+00
-5.543651580810546875e+00
-4.493539810180664062e+00
-2.401591062545776367e+00
-3.355876445770263672e+00
-3.922114610671997070e+00
-5.357470035552978516e+00
-3.934508800506591797e+00
-3.029530525207519531e+00
-3.408807754516601562e+00
-4.197904109954833984e+00
-5.069995403289794922e+00
-4.156224727630615234e+00
-3.114223480224609375e+00
-3.008766412734985352e+00
-4.539767742156982422e+00
-4.271780967712402344e+00
-2.796693801879882812e+00
-4.847268104553222656e+00
-5.018817901611328125e+00
-4.522994041442871094e+00
-5.296844482421875000e+00
-5.070065498352050781e+00
-3.720042467117309570e+00
-3.722006082534790039e+00
-4.673978805541992188e+00
-5.040681362152099609e+00
-5.271820545196533203e+00
-2.672249078750610352e+00
-4.085597515106201172e+00
-4.365788459777832031e+00
-3.897813320159912109e+00
-5.585424423217773438e+00
-3.669954538345336914e+00
-4.093947410583496094e+00
-4.850972175598144531e+00
-4.879933357238769531e+00
-5.216697216033935547e+00
-4.348693847656250000e+00
-4.381114006042480469e+00
-4.928258895874023438e+00
-5.572408199310302734e+00
-5.475002288818359375e+00
-5.139666080474853516e+00
-4.190016269683837891e+00
-4.806935787200927734e+00
-3.825806856155395508e+00
-3.441467761993408203e+00
-5.370146751403808594e+00
-6.544657707214355469e+00
-6.141398906707763672e+00
-4.330793380737304688e+00
-3.664348602294921875e+00
-4.675549507141113281e+00
-6.675488471984863281e+00
-5.435682296752929688e+00
-4.171659469604492188e+00
-3.270710468292236328e+00
-4.736349105834960938e+00
-5.988368988037109375e+00
-5.082355499267578125e+00
-4.795523166656494141e+00
-3.474971294403076172e+00
-5.516191482543945312e+00
-5.367581367492675781e+00
-3.532844305038452148e+00
-3.153249979019165039e+00
-2.391317844390869141e+00
-2.830251455307006836e+00
-3.762856960296630859e+00
-3.162098407745361328e+00
-4.713697910308837891e+00
-4.154023170471191406e+00
-2.537559032440185547e+00
-3.112396955490112305e+00
-4.090473651885986328e+00
-5.308021068572998047e+00
-4.652958869934082031e+00
-2.432503938674926758e+00
-3.398900032043457031e+00
-4.922339916229248047e+00
-4.999287605285644531e+00
-4.093785762786865234e+00
-2.263482809066772461e+00
-3.584196090698242188e+00
-5.347907543182373047e+00
-5.357297420501708984e+00
-4.297226905822753906e+00
-2.694217920303344727e+00
-3.432415962219238281e+00
-5.384657382965087891e+00
-4.870193481445312500e+00
-3.917141675949096680e+00
-4.023314476013183594e+00
-3.319417953491210938e+00
-3.261577367782592773e+00
-3.131693840026855469e+00
-3.049708604812622070e+00
-3.248420476913452148e+00
-3.338251352310180664e+00
-4.580365180969238281e+00
-3.658724546432495117e+00
-4.212062835693359375e+00
-3.679055213928222656e+00
-4.938038349151611328e+00
-4.112112998962402344e+00
-3.494338750839233398e+00
-4.444158077239990234e+00
-3.562961816787719727e+00
-4.348025798797607422e+00
-4.073835849761962891e+00
-4.743645191192626953e+00
-4.073143959045410156e+00
-3.743797540664672852e+00
-3.706469058990478516e+00
-3.537864685058593750e+00
-4.545607566833496094e+00
-3.604931354522705078e+00
-1.566439747810363770e+00
-1.971400022506713867e+00
-1.593217611312866211e+00
-1.716741323471069336e+00
-1.647849202156066895e+00
-1.356996655464172363e+00
-1.406489372253417969e+00
-1.949002861976623535e+00
-2.185573816299438477e+00
-1.790521502494812012e+00
-1.433070421218872070e+00
-1.589039444923400879e+00
-2.122085571289062500e+00
-1.924569129943847656e+00
-1.220296978950500488e+00
-9.514803886413574219e-01
-1.213669896125793457e+00
-1.281533956527709961e+00
-1.373230218887329102e+00
-1.218068003654479980e+00
-1.072156548500061035e+00
-1.396884322166442871e+00
-1.708974599838256836e+00
-1.453166723251342773e+00
-1.163473486900329590e+00
-1.760567277669906616e-01
-1.650496125221252441e-01
-2.260755188763141632e-02
-7.400655746459960938e-02
-1.258692443370819092e-01
-1.315596699714660645e-01
-7.140587270259857178e-02
9.663468599319458008e-02
1.281736046075820923e-01
1.962410211563110352e-01
-2.126309871673583984e-01
-1.437016427516937256e-01
-5.948561429977416992e-02
2.691220492124557495e-02
1.081142574548721313e-01
-2.077479511499404907e-01
-1.539804786443710327e-01
-2.236074656248092651e-01
-1.828192919492721558e-01
-1.007475033402442932e-01
-2.166559696197509766e-01
-1.448275297880172729e-01
-3.938124328851699829e-02
-4.569894168525934219e-03
-1.007753312587738037e-01
-3.315561711788177490e-01
-2.592890858650207520e-01
-4.320521652698516846e-01
-3.640852868556976318e-01
-3.826257586479187012e-01
-2.689526677131652832e-01
-5.746902227401733398e-01
-5.005401372909545898e-01
-3.614964783191680908e-01
-9.810938686132431030e-02
-3.402712345123291016e-01
-3.960954248905181885e-01
-4.929314553737640381e-01
-4.299438893795013428e-01
-2.776053249835968018e-01
-3.658631443977355957e-01
-4.000548720359802246e-01
-4.972977340221405029e-01
-3.182892203330993652e-01
-1.712638139724731445e-01
-3.157407045364379883e-01
-5.095100402832031250e-01
-3.732610940933227539e-01
-1.388950794935226440e-01
-1.913388073444366455e-01
7.302739471197128296e-02
9.594146907329559326e-02
8.274801820516586304e-02
-8.625198155641555786e-03
-2.632253766059875488e-01
5.800186842679977417e-02
2.251434475183486938e-01
2.293941974639892578e-01
-6.239808723330497742e-02
-2.087821662425994873e-01
7.470747828483581543e-02
2.599270343780517578e-01
2.214137315750122070e-01
7.588572055101394653e-02
-8.385927975177764893e-02
1.109189316630363464e-01
1.424402147531509399e-01
1.145964637398719788e-01
6.018870696425437927e-02
-2.164204046130180359e-02
1.223343089222908020e-01
1.231234893202781677e-01
1.143557727336883545e-01
2.493172511458396912e-02
-1.248211832717061043e-03
-3.329007029533386230e-01
-1.830857545137405396e-01
-4.648881033062934875e-02
-3.431694954633712769e-02
1.193204149603843689e-02
-2.631022036075592041e-01
-1.761186867952346802e-01
-3.430794551968574524e-02
-5.651076883077621460e-02
3.622456267476081848e-02
-2.455234825611114502e-01
-1.486917585134506226e-01
-3.500486537814140320e-02
-1.012101024389266968e-01
4.031839966773986816e-02
-2.246680855751037598e-01
-1.202282682061195374e-01
-1.385421603918075562e-01
-3.344525769352912903e-02
-6.149950250983238220e-02
-2.248689234256744385e-01
-1.387775987386703491e-01
-9.667077660560607910e-02
-2.104730159044265747e-02
-7.963475584983825684e-02
-2.411058545112609863e-02
2.469144761562347412e-03
-2.876267582178115845e-02
-2.578075975179672241e-02
-1.986991465091705322e-01
-9.722527116537094116e-02
-3.387919664382934570e-01
-1.728299409151077271e-01
-1.673302054405212402e-01
-2.499080747365951538e-01
-2.083166688680648804e-01
-1.222975775599479675e-01
-6.418260931968688965e-02
-1.821250766515731812e-01
-2.546007931232452393e-01
-1.263608783483505249e-01
-5.225741118192672729e-02
-6.078903377056121826e-02
9.138187393546104431e-03
2.571640536189079285e-02
-8.160835504531860352e-02
-1.189707890152931213e-01
3.258398547768592834e-02
-5.454000085592269897e-03
-4.865404963493347168e-02
-1.126847416162490845e-01
-5.698375031352043152e-02
1.168804708868265152e-02
1.814565062522888184e-02
-2.596454229205846786e-03
-3.832009807229042053e-02
-4.176210239529609680e-02
8.174840360879898071e-03
-2.912002615630626678e-03
-5.092243850231170654e-02
-1.838759146630764008e-02
9.496895596385002136e-03
5.128885433077812195e-02
5.710904672741889954e-02
-1.070928480476140976e-02
-1.973850838840007782e-02
7.336224429309368134e-03
1.859870366752147675e-02
1.143841072916984558e-04
3.573586465790867805e-03
-1.874573901295661926e-02
-1.508226338773965836e-02
3.703546011820435524e-03
-7.788256742060184479e-03
-5.289966240525245667e-02
-5.637425780296325684e-01
-1.205938696861267090e+00
-1.101642966270446777e+00
-6.441775560379028320e-01
-2.645274400711059570e-01
-1.219413042068481445e+00
-1.518385648727416992e+00
-1.730347990989685059e+00
-1.104953646659851074e+00
-4.174253940582275391e-01
-6.813534498214721680e-01
-1.153966665267944336e+00
-1.458080887794494629e+00
-9.867003560066223145e-01
-3.571423590183258057e-01
-3.721868395805358887e-01
-6.312184333801269531e-01
-6.804049611091613770e-01
-7.227973937988281250e-01
-5.334218144416809082e-01
-6.577959656715393066e-01
-6.159526109695434570e-01
-4.911765456199645996e-01
-8.632717728614807129e-01
-7.471901178359985352e-01
-8.773354291915893555e-01
-7.804262638092041016e-01
-1.157890439033508301e+00
-1.176044225692749023e+00
-1.095033288002014160e+00
-8.583736419677734375e-01
-9.230061173439025879e-01
-1.140492558479309082e+00
-1.277245283126831055e+00
-1.050927400588989258e+00
-1.852247864007949829e-01
-8.253860473632812500e-01
-7.214300632476806641e-01
-8.737699985504150391e-01
-7.521823644638061523e-01
-4.851538538932800293e-01
-1.000158667564392090e+00
-7.026940584182739258e-01
-1.057212710380554199e+00
-8.944206833839416504e-01
-5.424430370330810547e-01
-9.448662996292114258e-01
-1.159025788307189941e+00
-1.559935092926025391e+00
-1.319881200790405273e+00
-1.499347567558288574e+00
-9.681944847106933594e-01
-4.448426365852355957e-01
-1.957697570323944092e-01
-1.413162499666213989e-01
-1.261705398559570312e+00
-1.145184159278869629e+00
-4.823552072048187256e-01
-2.739122211933135986e-01
-6.639181077480316162e-02
-1.594349265098571777e+00
-1.405862927436828613e+00
-7.631287574768066406e-01
-2.767640650272369385e-01
-6.703032180666923523e-03
-1.143238425254821777e+00
-7.838935256004333496e-01
-7.368338108062744141e-01
-3.252827823162078857e-01
2.576888799667358398e-01
-8.110272884368896484e-01
-6.243163347244262695e-01
-9.068756103515625000e-01
-3.157304823398590088e-01
4.018404781818389893e-01
-8.094809651374816895e-01
-1.200462698936462402e+00
-1.317403435707092285e+00
-6.639575958251953125e-01
-3.253512680530548096e-01
-7.895877361297607422e-01
-1.203108191490173340e+00
-1.120108366012573242e+00
-6.200844049453735352e-01
-4.418684244155883789e-01
-3.601840436458587646e-01
-1.368059515953063965e+00
-1.320844411849975586e+00
-1.141712427139282227e+00
-4.897253513336181641e-01
-7.974170446395874023e-01
-1.343343377113342285e+00
-9.757394194602966309e-01
-1.033967971801757812e+00
-6.867148280143737793e-01
-1.005036950111389160e+00
-8.157888054847717285e-01
-7.965290546417236328e-01
-1.277538061141967773e+00
-8.876284360885620117e-01
-5.203246474266052246e-01
-7.455505728721618652e-01
-8.745413422584533691e-01
-6.747885942459106445e-01
-3.212223351001739502e-01
-6.831626296043395996e-01
-6.094325780868530273e-01
-8.220596313476562500e-01
-6.911650300025939941e-01
-4.776646196842193604e-01
-7.095019817352294922e-01
-1.010422348976135254e+00
-8.092094063758850098e-01
-3.837284743785858154e-01
-2.708271443843841553e-01
-1.213073611259460449e+00
-8.331679105758666992e-01
-7.924991250038146973e-01
-4.223921000957489014e-01
-2.956210672855377197e-01
-7.874644398689270020e-01
-6.063836812973022461e-01
-1.127534985542297363e+00
-7.760545611381530762e-01
-1.230780929327011108e-01
-1.348361670970916748e-01
-2.979685664176940918e-01
-3.195924162864685059e-01
-1.196599379181861877e-01
-8.376181125640869141e-02
-3.970739543437957764e-01
-3.857320249080657959e-01
-3.588951528072357178e-01
-2.718936502933502197e-01
-1.828322559595108032e-01
-4.590230584144592285e-01
-4.692590832710266113e-01
-5.121233463287353516e-01
-4.557112753391265869e-01
-2.717444598674774170e-01
-4.086940884590148926e-01
-3.074550032615661621e-01
-1.678658276796340942e-01
-2.212740778923034668e-01
-1.967767328023910522e-01
-2.460439652204513550e-01
-9.096949547529220581e-02
-3.408143669366836548e-02
-1.588644683361053467e-01
-6.337185204029083252e-02
5.183674097061157227e-01
4.826872944831848145e-01
3.278714418411254883e-01
-1.917985826730728149e-01
-5.963135361671447754e-01
1.544269919395446777e-01
2.332775890827178955e-01
6.317790597677230835e-02
-1.862652897834777832e-01
-7.428672909736633301e-01
2.380501627922058105e-01
2.775779962539672852e-01
3.532159328460693359e-02
-2.161672711372375488e-01
-4.421473145484924316e-01
2.346954643726348877e-01
4.015674293041229248e-01
1.977039873600006104e-01
-2.794081568717956543e-01
-3.103232383728027344e-01
1.999581605195999146e-01
9.713676571846008301e-02
-8.057381957769393921e-03
-1.553657203912734985e-01
-3.911035060882568359e-01
-4.134558737277984619e-01
-2.862181365489959717e-01
2.337045818567276001e-01
-2.397508770227432251e-01
-9.387598931789398193e-02
-5.475102663040161133e-01
-4.039750397205352783e-01
-2.357086166739463806e-02
5.957473069429397583e-03
-2.375882305204868317e-02
-3.676716089248657227e-01
-1.598978042602539062e-01
4.340677559375762939e-01
3.329647481441497803e-01
1.059185937047004700e-01
-6.318809092044830322e-02
-7.033513486385345459e-02
2.079813629388809204e-01
1.447909176349639893e-01
3.947999775409698486e-01
-1.660768240690231323e-01
-2.111461013555526733e-01
1.384395509958267212e-01
1.099251285195350647e-01
3.838586807250976562e-01
4.346776306629180908e-01
5.133589729666709900e-03
-4.106530547142028809e-01
-5.957085490226745605e-01
-5.118791460990905762e-01
2.360488027334213257e-01
-1.174570918083190918e-01
-4.964506626129150391e-01
-8.418111205101013184e-01
-1.100513815879821777e+00
2.025571614503860474e-01
-2.158489972352981567e-01
-6.059299111366271973e-01
-1.025831103324890137e+00
-9.999102354049682617e-01
2.299426347017288208e-01
-2.880210876464843750e-01
-1.086168885231018066e+00
-1.014413714408874512e+00
-7.092502117156982422e-01
-1.320845633745193481e-01
-6.316331624984741211e-01
-1.062678456306457520e+00
-7.107886075973510742e-01
-7.811650633811950684e-01
1.866083890199661255e-01
2.937401235103607178e-01
4.553852379322052002e-01
-3.142520040273666382e-02
-2.119625955820083618e-01
2.568355500698089600e-01
2.916778028011322021e-01
3.423891365528106689e-01
-3.674276918172836304e-02
-2.352383583784103394e-01
3.562312424182891846e-01
3.391745686531066895e-01
3.041423857212066650e-01
1.129465363919734955e-02
-3.605023324489593506e-01
4.438425898551940918e-01
3.417420685291290283e-01
2.988936007022857666e-01
-3.954728245735168457e-01
-3.697894215583801270e-01
3.246237039566040039e-01
2.318662256002426147e-01
4.132481291890144348e-02
-5.115418434143066406e-01
-3.140729367733001709e-01
1.961755156517028809e-01
9.657399356365203857e-02
-1.103429123759269714e-01
-1.541833281517028809e-01
-1.127789765596389771e-01
9.918731451034545898e-02
-7.360048592090606689e-02
-4.095050692558288574e-01
-1.623738557100296021e-01
-3.521859347820281982e-01
-7.486817240715026855e-02
1.375720184296369553e-02
7.088156044483184814e-02
-2.775222659111022949e-01
-6.570565104484558105e-01
9.715487062931060791e-02
1.369283795356750488e-01
-2.456521540880203247e-01
-5.959992408752441406e-01
-2.662262022495269775e-01
6.145077943801879883e-02
-7.593442499637603760e-02
-6.367385983467102051e-01
-2.831939458847045898e-01
-1.395850181579589844e-01
1.321404129266738892e-01
9.809233248233795166e-02
-1.579418405890464783e-02
-1.401464492082595825e-01
-2.270578891038894653e-01
2.283331751823425293e-01
1.653004288673400879e-01
-1.620428264141082764e-02
-1.044758260250091553e-01
-2.009303867816925049e-01
6.704711914062500000e-02
-7.159649394452571869e-03
-6.650871038436889648e-02
-2.038678079843521118e-01
-2.818486690521240234e-01
1.213215198367834091e-02
4.358647763729095459e-02
-7.814063690602779388e-03
-3.615575432777404785e-01
-3.503168225288391113e-01
5.330339446663856506e-02
-1.056156493723392487e-02
-1.542044281959533691e-01
-2.423218786716461182e-01
-8.834032714366912842e-02
-4.288239404559135437e-02
1.414379291236400604e-02
5.726872384548187256e-02
3.199539333581924438e-02
-1.099536288529634476e-02
-5.308634415268898010e-02
-7.930279709398746490e-03
1.026177778840065002e-01
8.031442016363143921e-02
3.128775209188461304e-02
-3.619062155485153198e-02
4.390196409076452255e-03
4.192562773823738098e-02
-1.869334280490875244e-02
-3.061091713607311249e-02
-4.265413060784339905e-02
-1.409215945750474930e-02
6.958747282624244690e-03
-2.754921279847621918e-02
-1.391290128231048584e-01
-2.141696168109774590e-03
-1.634154655039310455e-02
5.302646663039922714e-03
2.383956126868724823e-02
3.022893099114298820e-03
-1.568457633256912231e-01
-1.905992627143859863e-01
-2.275775074958801270e-01
-2.188908755779266357e-01
-2.060783803462982178e-01
-1.754221022129058838e-01
-2.012168765068054199e-01
-2.164475321769714355e-01
-1.579483002424240112e-01
-9.877720475196838379e-02
-1.838837265968322754e-01
-2.374840080738067627e-01
-7.286876440048217773e-02
-1.626341640949249268e-01
-5.248552560806274414e-02
-1.208420097827911377e-01
-1.498290896415710449e-01
-1.031842902302742004e-01
-8.371356129646301270e-02
4.851198196411132812e-02
-7.755294442176818848e-02
-1.096610575914382935e-01
-7.102335244417190552e-02
3.502009063959121704e-02
1.176470369100570679e-01
1.932363063097000122e-01
1.967857033014297485e-01
1.117331311106681824e-01
7.498744130134582520e-02
1.036991104483604431e-01
1.386234015226364136e-01
1.863619983196258545e-01
1.137805134057998657e-01
3.752212226390838623e-02
3.460482507944107056e-02
7.148972898721694946e-02
9.747367352247238159e-02
7.507717609405517578e-02
3.267549723386764526e-02
-5.443314835429191589e-02
3.224655240774154663e-02
5.964833498001098633e-02
4.852351173758506775e-02
9.575808420777320862e-03
-2.710961103439331055e-01
3.119300678372383118e-02
2.688588201999664307e-02
2.961428463459014893e-02
-2.223814129829406738e-01
-3.139449059963226318e-01
-7.304409891366958618e-02
-3.508641850203275681e-03
2.098389435559511185e-03
-2.297590859234333038e-02
3.081090562045574188e-02
-7.758836448192596436e-02
-2.465493790805339813e-02
8.942997083067893982e-03
-2.236576750874519348e-02
-1.213086955249309540e-02
-6.195815280079841614e-02
-5.498347058892250061e-02
3.672657907009124756e-02
-7.521634548902511597e-02
8.982086554169654846e-03
-3.919847682118415833e-02
-4.937348887324333191e-02
-9.207524359226226807e-03
-2.347982861101627350e-02
7.065462879836559296e-03
-1.827481575310230255e-02
-1.930404454469680786e-02
2.258775010704994202e-02
6.795065850019454956e-02
5.077403038740158081e-02
5.965860933065414429e-02
7.245445996522903442e-02
5.164739117026329041e-02
-3.689751774072647095e-02
-3.826229646801948547e-02
4.582488164305686951e-02
-3.302159160375595093e-02
-8.423490077257156372e-02
-1.259281933307647705e-01
-7.366166263818740845e-02
8.048835210502147675e-03
-3.335864096879959106e-02
-2.021192573010921478e-03
-4.967007413506507874e-02
-3.528964705765247345e-03
-7.552360743284225464e-02
-2.781945094466209412e-02
-2.009206078946590424e-02
1.630807854235172272e-02
-9.864905476570129395e-02
-2.650080993771553040e-02
5.044946074485778809e-02
2.741128578782081604e-02
-2.772539108991622925e-02
-1.563289165496826172e-01
-1.266823057085275650e-02
3.612738847732543945e-02
6.595220416784286499e-02
1.484041474759578705e-02
-2.652260288596153259e-02
5.484226625412702560e-03
-9.052987210452556610e-03
1.372143439948558807e-02
-1.956795901060104370e-02
-2.539977245032787323e-02
2.424287144094705582e-03
-1.027795858681201935e-02
4.114972893148660660e-03
-1.069143787026405334e-02
2.139276824891567230e-03
-6.056799553334712982e-03
-1.088785380125045776e-02
4.336553625762462616e-03
9.246631525456905365e-04
-7.025263737887144089e-03
7.985741831362247467e-03
-3.220556303858757019e-03
1.598150655627250671e-02
1.845509186387062073e-02
-5.127342790365219116e-02
