-1.428348898887634277e+00
-9.674149155616760254e-01
5.650916695594787598e-02
-1.554223597049713135e-01
1.259287446737289429e-02
-1.680794835090637207e+00
-7.281680703163146973e-01
-3.136302158236503601e-02
-1.600498855113983154e-01
7.709933817386627197e-02
-1.531160593032836914e+00
-5.397403240203857422e-01
-1.040664315223693848e-01
4.871315509080886841e-02
3.509607315063476562e-01
-1.580568671226501465e+00
-1.711513400077819824e+00
-6.755647659301757812e-01
6.114869713783264160e-01
-9.769217669963836670e-02
-1.758354783058166504e+00
-2.619823932647705078e+00
-2.299453973770141602e+00
-2.321167469024658203e+00
-2.337004899978637695e+00
-1.284358501434326172e+00
-1.371466875076293945e+00
-5.932586789131164551e-01
-2.007334530353546143e-01
-1.142707467079162598e-01
-8.514291048049926758e-01
-1.046435713768005371e+00
-7.615886330604553223e-01
-2.172724008560180664e-01
4.168883338570594788e-02
-5.624637007713317871e-02
-2.901956140995025635e-01
-5.169469714164733887e-01
-7.194466143846511841e-02
3.027645945549011230e-01
3.156633079051971436e-01
9.662638604640960693e-02
-1.075285300612449646e-01
6.296533346176147461e-02
3.073261082172393799e-01
5.235151648521423340e-01
2.723099589347839355e-01
9.576450288295745850e-02
6.731269359588623047e-01
1.017415642738342285e+00
-2.124834251403808594e+01
-2.278219985961914062e+01
-1.582740020751953125e+01
-1.265121459960937500e+01
-1.692163848876953125e+01
-1.707023620605468750e+01
-1.600631523132324219e+01
-7.449761390686035156e+00
-9.396250724792480469e+00
-1.714741516113281250e+01
-1.289558982849121094e+01
-1.201584529876708984e+01
-9.671754837036132812e+00
-1.965668678283691406e+01
-2.937247085571289062e+01
-7.502495288848876953e+00
-9.473408699035644531e+00
-2.043801498413085938e+01
-3.782749938964843750e+01
-4.285317230224609375e+01
-2.443199872970581055e+00
-8.618259429931640625e+00
-2.684057998657226562e+01
-4.131821441650390625e+01
-3.936277770996093750e+01
-1.504452824592590332e-01
-5.074972510337829590e-01
3.264388442039489746e-01
1.523541450500488281e+00
1.209342002868652344e+00
-3.990144133567810059e-01
-7.194685190916061401e-02
1.478838682174682617e+00
2.143334627151489258e+00
1.679558038711547852e+00
2.899387478828430176e-01
6.882835030555725098e-01
1.951309561729431152e+00
2.267792940139770508e+00
1.558891296386718750e+00
1.165922999382019043e+00
1.597121238708496094e+00
1.537117481231689453e+00
1.302835226058959961e+00
5.768484473228454590e-01
6.915894150733947754e-01
6.305357813835144043e-01
3.468468785285949707e-01
2.347856760025024414e-01
-2.641753554344177246e-01
-1.346858024597167969e+00
1.042724400758743286e-01
2.726467549800872803e-01
-4.838034212589263916e-01
-2.857232987880706787e-01
-2.005994319915771484e-01
8.844922184944152832e-01
6.383879780769348145e-01
-2.489820867776870728e-01
-1.253421306610107422e+00
5.875956416130065918e-01
4.032364189624786377e-01
4.879705607891082764e-02
-1.877091765403747559e+00
-2.009470462799072266e+00
1.978145837783813477e-01
-4.966932535171508789e-02
-1.253491759300231934e+00
-1.653546214103698730e+00
-9.734165668487548828e-01
3.150917291641235352e-01
-8.184221982955932617e-01
-1.811731815338134766e+00
-1.103291988372802734e+00
4.563671648502349854e-01
1.530463933944702148e+00
-5.917129516601562500e-01
8.394960165023803711e-01
5.514873266220092773e-01
-3.407093286514282227e+00
6.467212438583374023e-01
7.048804759979248047e-01
7.525714635848999023e-01
-4.573307514190673828e+00
-1.020946693420410156e+01
-5.293224334716796875e+00
-6.072257518768310547e+00
-8.315834999084472656e+00
-1.222447776794433594e+01
-1.430894947052001953e+01
-9.655151367187500000e+00
-1.254261779785156250e+01
-1.328189086914062500e+01
-1.041216564178466797e+01
-6.290300369262695312e+00
-5.478274345397949219e+00
-8.512978553771972656e+00
-8.540205955505371094e+00
-2.445671319961547852e+00
6.272972226142883301e-01
