8.735817670822143555e-01
9.688996076583862305e-01
2.195035815238952637e-01
1.248926073312759399e-01
-4.161236807703971863e-03
1.034158110618591309e+00
8.915436863899230957e-01
3.037911057472229004e-01
1.227824389934539795e-01
-1.449632048606872559e-01
1.103147745132446289e+00
8.260807394981384277e-01
2.655351758003234863e-01
-6.057561933994293213e-02
-2.920032739639282227e-01
1.085124850273132324e+00
1.193444132804870605e+00
4.202214479446411133e-01
-3.782261908054351807e-01
-2.606817781925201416e-01
9.121707081794738770e-01
1.311899423599243164e+00
8.849058747291564941e-01
6.489990949630737305e-01
6.453166604042053223e-01
5.843353271484375000e-01
7.168901562690734863e-01
2.777715921401977539e-01
3.944263979792594910e-02
-8.856426179409027100e-02
4.213247597217559814e-01
5.442605614662170410e-01
3.158201873302459717e-01
2.219135314226150513e-02
-1.457230597734451294e-01
1.129993423819541931e-01
2.185345292091369629e-01
2.244125008583068848e-01
-5.039668828248977661e-02
-1.927815526723861694e-01
-5.206732824444770813e-02
-1.208472065627574921e-03
3.755320981144905090e-02
-1.003890708088874817e-01
-1.821918934583663940e-01
-1.875961422920227051e-01
-8.644367754459381104e-02
-5.574614554643630981e-02
-3.786900639533996582e-01
-4.897035062313079834e-01
1.047098350524902344e+01
1.200645732879638672e+01
9.366257667541503906e+00
7.471018314361572266e+00
8.846650123596191406e+00
8.718276977539062500e+00
9.014966964721679688e+00
5.029131412506103516e+00
6.058638095855712891e+00
9.302882194519042969e+00
7.192863941192626953e+00
6.964821815490722656e+00
5.469013214111328125e+00
1.118872261047363281e+01
1.521980857849121094e+01
4.648397922515869141e+00
5.645754814147949219e+00
1.071330451965332031e+01
1.913763427734375000e+01
2.107025146484375000e+01
2.106437444686889648e+00
5.305402278900146484e+00
1.372401523590087891e+01
2.069919967651367188e+01
1.995101165771484375e+01
3.658002912998199463e-01
5.931438803672790527e-01
2.053730189800262451e-01
-3.936322331428527832e-01
-5.421097278594970703e-01
4.482476115226745605e-01
4.494109451770782471e-01
-1.835829913616180420e-01
-7.585868835449218750e-01
-7.374572753906250000e-01
8.309413492679595947e-02
-3.371309116482734680e-02
-5.496727228164672852e-01
-8.476332426071166992e-01
-7.113597393035888672e-01
-2.513253986835479736e-01
-3.836759924888610840e-01
-4.415259659290313721e-01
-4.847300946712493896e-01
-2.987063825130462646e-01
-1.083551123738288879e-01
-9.697785973548889160e-02
-1.105563435703516006e-02
-8.694726973772048950e-03
7.512929290533065796e-02
4.416196346282958984e-01
-1.082551181316375732e-01
-2.807529568672180176e-01
7.330176234245300293e-02
3.663708269596099854e-02
-1.585905998945236206e-01
-6.274937391281127930e-01
-5.297725796699523926e-01
-4.214508458971977234e-03
6.243625283241271973e-01
-4.239915609359741211e-01
-4.350752532482147217e-01
-3.426101803779602051e-01
6.596208810806274414e-01
8.354833722114562988e-01
-2.916949093341827393e-01
-2.182085216045379639e-01
2.852546870708465576e-01
5.246733427047729492e-01
2.948149740695953369e-01
-2.123207598924636841e-01
1.278116405010223389e-01
5.528977513313293457e-01
3.091912865638732910e-01
-2.101184427738189697e-01
1.208237111568450928e-01
1.310762286186218262e+00
7.910249233245849609e-01
1.054342389106750488e+00
2.010730743408203125e+00
6.284021139144897461e-01
1.140126228332519531e+00
1.114804029464721680e+00
3.867478370666503906e+00
5.344959735870361328e+00
3.811750888824462891e+00
4.873815059661865234e+00
5.445401668548583984e+00
6.889540672302246094e+00
6.789937019348144531e+00
6.308126449584960938e+00
8.047900199890136719e+00
7.547608375549316406e+00
5.617367744445800781e+00
3.147144079208374023e+00
4.067142486572265625e+00
5.719980239868164062e+00
4.756715297698974609e+00
1.246642708778381348e+00
-6.217577457427978516e-01
