-2.645677700638771057e-02
-3.216849863529205322e-01
-5.338429212570190430e-01
-3.312401473522186279e-02
-6.720679253339767456e-02
-1.018027514219284058e-01
-7.471656426787376404e-04
-9.602488949894905090e-03
-2.682451903820037842e-01
-1.192205622792243958e-01
-1.573150604963302612e-01
-5.138042196631431580e-02
-5.723617225885391235e-02
-3.156005144119262695e-01
0.000000000000000000e+00
-4.215577617287635803e-02
-6.534768342971801758e-01
-1.591195003129541874e-03
-1.942891776561737061e-01
-5.877742543816566467e-02
-9.917817078530788422e-03
-1.500842813402414322e-02
0.000000000000000000e+00
0.000000000000000000e+00
-3.822206258773803711e-01
-4.622766748070716858e-03
-1.593595370650291443e-02
-6.798489093780517578e-01
0.000000000000000000e+00
-4.646068066358566284e-02
-4.251917898654937744e-01
-1.378015615046024323e-02
-5.283271670341491699e-01
-1.887398771941661835e-02
-1.846473605837672949e-05
0.000000000000000000e+00
-3.039743602275848389e-01
0.000000000000000000e+00
-1.142059862613677979e-01
-1.151048019528388977e-01
-2.308622747659683228e-01
-4.546544551849365234e-01
-1.093562096357345581e-01
2.388203483860706910e-07
-4.930273294448852539e-01
-6.160072684288024902e-01
-3.521204739809036255e-02
-1.211641803383827209e-01
0.000000000000000000e+00
-2.645224332809448242e-03
-3.330782651901245117e-01
0.000000000000000000e+00
-2.752124145627021790e-02
0.000000000000000000e+00
-4.903930053114891052e-02
-4.505822062492370605e-01
-4.553978890180587769e-02
0.000000000000000000e+00
-4.196650087833404541e-01
-3.631121478974819183e-03
-1.167091168463230133e-02
0.000000000000000000e+00
0.000000000000000000e+00
-2.268285155296325684e-01
-4.387235268950462341e-02
0.000000000000000000e+00
-1.221973914653062820e-03
-6.418830156326293945e-02
-1.438283026218414307e-01
0.000000000000000000e+00
0.000000000000000000e+00
-1.111823320388793945e-01
-1.182011142373085022e-02
-1.913819462060928345e-03
-1.529380865395069122e-02
0.000000000000000000e+00
-2.060146778821945190e-01
-3.250835463404655457e-02
-2.313177734613418579e-01
0.000000000000000000e+00
-1.053069438785314560e-02
-1.727767288684844971e-02
0.000000000000000000e+00
-2.505260705947875977e-01
-2.339107356965541840e-02
-2.926225662231445312e-01
-4.796975553035736084e-01
-3.048217669129371643e-02
-6.036661937832832336e-02
-9.051426500082015991e-02
-7.058205083012580872e-04
-8.781420998275279999e-03
-2.417403310537338257e-01
-1.068880558013916016e-01
-1.388019025325775146e-01
-4.768838360905647278e-02
-5.280039831995964050e-02
-2.831033170223236084e-01
0.000000000000000000e+00
-3.688858076930046082e-02
-5.889144539833068848e-01
-1.180890714749693871e-03
-1.759152561426162720e-01
-5.186637118458747864e-02
-8.281119167804718018e-03
-1.317516155540943146e-02
0.000000000000000000e+00
0.000000000000000000e+00
-3.400233685970306396e-01
-4.275642335414886475e-03
-1.442921161651611328e-02
-6.151797771453857422e-01
0.000000000000000000e+00
-4.242517799139022827e-02
-3.841407895088195801e-01
-1.271304767578840256e-02
-4.787378907203674316e-01
-1.655485853552818298e-02
-1.322777097811922431e-05
0.000000000000000000e+00
-2.742607295513153076e-01
0.000000000000000000e+00
-1.019389107823371887e-01
-1.056220009922981262e-01
-2.086190432310104370e-01
-4.126851558685302734e-01
-9.956312924623489380e-02
2.300050255144014955e-06
-4.457392692565917969e-01
-5.575598478317260742e-01
-2.964866720139980316e-02
-1.088970601558685303e-01
0.000000000000000000e+00
-1.906509045511484146e-03
-3.012098968029022217e-01
0.000000000000000000e+00
-2.395179681479930878e-02
0.000000000000000000e+00
-4.458129778504371643e-02
-4.061581194400787354e-01
-4.143343120813369751e-02
0.000000000000000000e+00
-3.758162856101989746e-01
-3.400782588869333267e-03
-1.074060797691345215e-02
0.000000000000000000e+00
0.000000000000000000e+00
-2.055618017911911011e-01
-3.970380127429962158e-02
0.000000000000000000e+00
-1.031808671541512012e-03
-5.736358091235160828e-02
-1.291143149137496948e-01
0.000000000000000000e+00
0.000000000000000000e+00
-1.017693951725959778e-01
-9.649704210460186005e-03
-1.433871686458587646e-03
-1.417826581746339798e-02
0.000000000000000000e+00
-1.873726993799209595e-01
-2.966440841555595398e-02
-2.087077945470809937e-01
0.000000000000000000e+00
-9.854778647422790527e-03
-1.597565785050392151e-02
0.000000000000000000e+00
-2.269665449857711792e-01
-2.197265625000000000e-02
-2.787115573883056641e-01
-4.547771513462066650e-01
-2.941968105733394623e-02
-5.717539414763450623e-02
-8.544548600912094116e-02
-6.826166063547134399e-04
-8.486961014568805695e-03
-2.297774106264114380e-01
-1.011715084314346313e-01
-1.302371472120285034e-01
-4.581875354051589966e-02
-5.088065564632415771e-02
-2.682832479476928711e-01
0.000000000000000000e+00
-3.438315168023109436e-02
-5.589208006858825684e-01
-1.010905252769589424e-03
-1.677177697420120239e-01
-4.874061048030853271e-02
-7.629404310137033463e-03
-1.235897652804851532e-02
0.000000000000000000e+00
0.000000000000000000e+00
-3.206253051757812500e-01
-4.080250859260559082e-03
-1.384766027331352234e-02
-5.852248668670654297e-01
0.000000000000000000e+00
-4.069371894001960754e-02
-3.653855621814727783e-01
-1.216216944158077240e-02
-4.557485282421112061e-01
-1.556148286908864975e-02
-1.115538907470181584e-05
0.000000000000000000e+00
-2.611986100673675537e-01
0.000000000000000000e+00
-9.601344913244247437e-02
-1.012363880872726440e-01
-1.985011249780654907e-01
-3.928519487380981445e-01
-9.493284672498703003e-02
3.233437382732518017e-06
-4.236085712909698486e-01
-5.305083394050598145e-01
-2.715492248535156250e-02
-1.035477519035339355e-01
0.000000000000000000e+00
-1.607188838534057140e-03
-2.861288785934448242e-01
0.000000000000000000e+00
-2.243937365710735321e-02
0.000000000000000000e+00
-4.264359921216964722e-02
-3.858852386474609375e-01
-3.976450115442276001e-02
0.000000000000000000e+00
-3.555295169353485107e-01
-3.272413741797208786e-03
-1.034114137291908264e-02
0.000000000000000000e+00
0.000000000000000000e+00
-1.957587301731109619e-01
-3.771317377686500549e-02
0.000000000000000000e+00
-9.478426072746515274e-04
-5.420662835240364075e-02
-1.225252896547317505e-01
0.000000000000000000e+00
0.000000000000000000e+00
-9.733986109495162964e-02
-8.757164701819419861e-03
-1.247614854946732521e-03
-1.370380260050296783e-02
0.000000000000000000e+00
-1.791330128908157349e-01
-2.821712195873260498e-02
-1.982028931379318237e-01
0.000000000000000000e+00
-9.540193714201450348e-03
-1.533562317490577698e-02
0.000000000000000000e+00
-2.159149497747421265e-01
-2.490678429603576660e-02
-3.062641918659210205e-01
-5.055265426635742188e-01
-3.183212876319885254e-02
-6.356149911880493164e-02
-9.585975110530853271e-02
-7.269149646162986755e-04
-9.232333861291408539e-03
-2.544226348400115967e-01
-1.127864047884941101e-01
-1.474978029727935791e-01
-4.951495677232742310e-02
-5.504450947046279907e-02
-2.988521456718444824e-01
0.000000000000000000e+00
-3.928833082318305969e-02
-6.194459199905395508e-01
-1.395556260831654072e-03
-1.851408630609512329e-01
-5.515660718083381653e-02
-9.142942726612091064e-03
-1.407065801322460175e-02
0.000000000000000000e+00
0.000000000000000000e+00
-3.600979745388031006e-01
-4.443921148777008057e-03
-1.518014073371887207e-02
-6.461515426635742188e-01
0.000000000000000000e+00
-4.444415494799613953e-02
-4.038799107074737549e-01
-1.319703273475170135e-02
-5.024241209030151367e-01
-1.766365207731723785e-02
-1.623365824343636632e-05
0.000000000000000000e+00
-2.889364659786224365e-01
0.000000000000000000e+00
-1.075185984373092651e-01
-1.102054938673973083e-01
-2.191250622272491455e-01
-4.327770769596099854e-01
-1.042222827672958374e-01
1.366663127555511892e-06
-4.684802889823913574e-01
-5.856875777244567871e-01
-3.236239030957221985e-02
-1.151549965143203735e-01
0.000000000000000000e+00
-2.251309575513005257e-03
-3.163256347179412842e-01
0.000000000000000000e+00
-2.565523050725460052e-02
0.000000000000000000e+00
-4.673365876078605652e-02
-4.275425672531127930e-01
-4.347984865307807922e-02
0.000000000000000000e+00
-3.967132866382598877e-01
-3.509025555104017258e-03
-1.119197718799114227e-02
0.000000000000000000e+00
0.000000000000000000e+00
-2.155993729829788208e-01
-4.175915941596031189e-02
0.000000000000000000e+00
-1.122479676268994808e-03
-6.053718179464340210e-02
-1.362107098102569580e-01
0.000000000000000000e+00
0.000000000000000000e+00
-1.062398254871368408e-01
-1.076376345008611679e-02
-1.688878983259201050e-03
-1.473937463015317917e-02
0.000000000000000000e+00
-1.964625269174575806e-01
-3.094252757728099823e-02
-2.193429768085479736e-01
0.000000000000000000e+00
-1.015841495245695114e-02
-1.662011817097663879e-02
0.000000000000000000e+00
-2.382519394159317017e-01
-2.532092854380607605e-02
-3.103891015052795410e-01
-5.127341151237487793e-01
-3.206994011998176575e-02
-6.455092132091522217e-02
-9.740912914276123047e-02
-7.345089688897132874e-04
-9.299898520112037659e-03
-2.577850818634033203e-01
-1.145002394914627075e-01
-1.500671058893203735e-01
-5.008573457598686218e-02
-5.551722645759582520e-02
-3.031135797500610352e-01
0.000000000000000000e+00
-3.999710455536842346e-02
-6.281160116195678711e-01
-1.444473164156079292e-03
-1.874981373548507690e-01
-5.611972883343696594e-02
-9.316265583038330078e-03
-1.430216431617736816e-02
0.000000000000000000e+00
0.000000000000000000e+00
-3.655572235584259033e-01
-4.512622952461242676e-03
-1.535210013389587402e-02
-6.550148725509643555e-01
0.000000000000000000e+00
-4.493609070777893066e-02
-4.092224836349487305e-01
-1.337563991546630859e-02
-5.091660618782043457e-01
-1.793236657977104187e-02
-1.677509135333821177e-05
0.000000000000000000e+00
-2.926404476165771484e-01
0.000000000000000000e+00
-1.093017905950546265e-01
-1.113777905702590942e-01
-2.220312803983688354e-01
-4.385204315185546875e-01
-1.056617274880409241e-01
1.167886239272775128e-06
-4.747983217239379883e-01
-5.936400890350341797e-01
-3.307640179991722107e-02
-1.166194602847099304e-01
0.000000000000000000e+00
-2.341037383303046227e-03
-3.207362890243530273e-01
0.000000000000000000e+00
-2.606046944856643677e-02
0.000000000000000000e+00
-4.725781828165054321e-02
-4.334949553012847900e-01
-4.396543279290199280e-02
0.000000000000000000e+00
-4.024984240531921387e-01
-3.552625421434640884e-03
-1.131658256053924561e-02
0.000000000000000000e+00
0.000000000000000000e+00
-2.184648662805557251e-01
-4.238171130418777466e-02
0.000000000000000000e+00
-1.152019365690648556e-03
-6.147781386971473694e-02
-1.380627006292343140e-01
0.000000000000000000e+00
0.000000000000000000e+00
-1.076063513755798340e-01
-1.100671477615833282e-02
-1.744859851896762848e-03
-1.485752686858177185e-02
0.000000000000000000e+00
-1.988424956798553467e-01
-3.140113502740859985e-02
-2.224472761154174805e-01
0.000000000000000000e+00
-1.025397330522537231e-02
-1.680852472782135010e-02
0.000000000000000000e+00
-2.416319251060485840e-01
-2.205176092684268951e-02
-2.795413434505462646e-01
-4.559099674224853516e-01
-2.938504703342914581e-02
-5.730566754937171936e-02
-8.553099632263183594e-02
-6.859917193651199341e-04
-8.435697294771671295e-03
-2.302251011133193970e-01
-1.015458405017852783e-01
-1.305710822343826294e-01
-4.599178209900856018e-02
-5.084424093365669250e-02
-2.688963413238525391e-01
0.000000000000000000e+00
-3.438002988696098328e-02
-5.600576400756835938e-01
-1.004552235826849937e-03
-1.680892407894134521e-01
-4.881181567907333374e-02
-7.627354469150304794e-03
-1.238239835947751999e-02
0.000000000000000000e+00
0.000000000000000000e+00
-3.212048709392547607e-01
-4.101598635315895081e-03
-1.387216150760650635e-02
-5.865519642829895020e-01
0.000000000000000000e+00
-4.077819362282752991e-02
-3.661915659904479980e-01
-1.219290122389793396e-02
-4.567251801490783691e-01
-1.558450423181056976e-02
-1.122073445003479719e-05
0.000000000000000000e+00
-2.616610527038574219e-01
0.000000000000000000e+00
-9.632122516632080078e-02
-1.014395356178283691e-01
-1.989178061485290527e-01
-3.938190340995788574e-01
-9.516788274049758911e-02
3.291053872089833021e-06
-4.247651994228363037e-01
-5.318723320960998535e-01
-2.719101496040821075e-02
-1.037126332521438599e-01
0.000000000000000000e+00
-1.591802691109478474e-03
-2.868593633174896240e-01
0.000000000000000000e+00
-2.243611030280590057e-02
0.000000000000000000e+00
-4.268943518400192261e-02
-3.867690265178680420e-01
-3.976838663220405579e-02
0.000000000000000000e+00
-3.561978638172149658e-01
-3.288419451564550400e-03
-1.037921849638223648e-02
0.000000000000000000e+00
0.000000000000000000e+00
-1.961589306592941284e-01
-3.784980252385139465e-02
0.000000000000000000e+00
-9.516769787296652794e-04
-5.427816882729530334e-02
-1.227391064167022705e-01
0.000000000000000000e+00
0.000000000000000000e+00
-9.758709371089935303e-02
-8.741511031985282898e-03
-1.255677547305822372e-03
-1.370406523346900940e-02
0.000000000000000000e+00
-1.793164014816284180e-01
-2.831657417118549347e-02
-1.987821012735366821e-01
0.000000000000000000e+00
-9.539308957755565643e-03
-1.537805609405040741e-02
0.000000000000000000e+00
-2.165781855583190918e-01
-2.633159980177879333e-02
-3.203839957714080811e-01
-5.312668085098266602e-01
-3.295574337244033813e-02
-6.698041409254074097e-02
-1.014422178268432617e-01
-7.484313100576400757e-04
-9.590232744812965393e-03
-2.670586407184600830e-01
-1.187195107340812683e-01
-1.564532816410064697e-01
-5.126236006617546082e-02
-5.705443024635314941e-02
-3.139677941799163818e-01
0.000000000000000000e+00
-4.188998788595199585e-02
-6.505096554756164551e-01
-1.559321070089936256e-03
-1.933250576257705688e-01
-5.838198214769363403e-02
-9.806730784475803375e-03
-1.491969451308250427e-02
0.000000000000000000e+00
0.000000000000000000e+00
-3.803109526634216309e-01
-4.626754671335220337e-03
-1.583465188741683960e-02
-6.769708395004272461e-01
0.000000000000000000e+00
-4.625643789768218994e-02
-4.232924282550811768e-01
-1.374432537704706192e-02
-5.261476635932922363e-01
-1.873301528394222260e-02
-1.822202466428279877e-05
0.000000000000000000e+00
-3.024175167083740234e-01
0.000000000000000000e+00
-1.136204972863197327e-01
-1.146610602736473083e-01
-2.296790629625320435e-01
-4.528276324272155762e-01
-1.089070886373519897e-01
3.788284175243461505e-07
-4.907432198524475098e-01
-6.135178804397583008e-01
-3.495870530605316162e-02
-1.204511970281600952e-01
0.000000000000000000e+00
-2.620446961373090744e-03
-3.316443264484405518e-01
0.000000000000000000e+00
-2.738667093217372894e-02
0.000000000000000000e+00
-4.874117672443389893e-02
-4.485456049442291260e-01
-4.531375318765640259e-02
0.000000000000000000e+00
-4.175678193569183350e-01
-3.633567132055759430e-03
-1.164762582629919052e-02
0.000000000000000000e+00
0.000000000000000000e+00
-2.258640676736831665e-01
-4.370436444878578186e-02
0.000000000000000000e+00
-1.209736103191971779e-03
-6.394410878419876099e-02
-1.431204676628112793e-01
0.000000000000000000e+00
0.000000000000000000e+00
-1.108876466751098633e-01
-1.172246597707271576e-02
-1.877598464488983154e-03
-1.525598298758268356e-02
0.000000000000000000e+00
-2.051606029272079468e-01
-3.241107612848281860e-02
-2.303073704242706299e-01
0.000000000000000000e+00
-1.048867404460906982e-02
-1.725835166871547699e-02
0.000000000000000000e+00
-2.495613098144531250e-01
-2.202107198536396027e-02
-2.792107760906219482e-01
-4.553050696849822998e-01
-2.935412153601646423e-02
-5.719984322786331177e-02
-8.534750342369079590e-02
-6.859917193651199341e-04
-8.444206789135932922e-03
-2.298796027898788452e-01
-1.013790145516395569e-01
-1.303411573171615601e-01
-4.597298800945281982e-02
-5.085715278983116150e-02
-2.685294747352600098e-01
0.000000000000000000e+00
-3.430385515093803406e-02
-5.593761801719665527e-01
-1.011190819554030895e-03
-1.679700911045074463e-01
-4.873425513505935669e-02
-7.633554283529520035e-03
-1.237303391098976135e-02
0.000000000000000000e+00
0.000000000000000000e+00
-3.206781148910522461e-01
-4.102041944861412048e-03
-1.382937654852867126e-02
-5.859031677246093750e-01
0.000000000000000000e+00
-4.069525375962257385e-02
-3.657521605491638184e-01
-1.217214297503232956e-02
-4.561501145362854004e-01
-1.551972795277833939e-02
-1.139810046879574656e-05
0.000000000000000000e+00
-2.612728476524353027e-01
0.000000000000000000e+00
-9.615180641412734985e-02
-1.013272553682327271e-01
-1.985719650983810425e-01
-3.933479189872741699e-01
-9.507395327091217041e-02
3.355584340170025826e-06
-4.242903292179107666e-01
-5.312011241912841797e-01
-2.713304758071899414e-02
-1.036748066544532776e-01
0.000000000000000000e+00
-1.574546331539750099e-03
-2.865462005138397217e-01
0.000000000000000000e+00
-2.235935255885124207e-02
0.000000000000000000e+00
-4.260102286934852600e-02
-3.862502574920654297e-01
-3.969493135809898376e-02
0.000000000000000000e+00
-3.557275533676147461e-01
-3.290060907602310181e-03
-1.035759598016738892e-02
0.000000000000000000e+00
0.000000000000000000e+00
-1.958860307931900024e-01
-3.782935440540313721e-02
0.000000000000000000e+00
-9.486525086686015129e-04
-5.422742292284965515e-02
-1.225731521844863892e-01
0.000000000000000000e+00
0.000000000000000000e+00
-9.755159169435501099e-02
-8.743811398744583130e-03
-1.257631694898009300e-03
-1.370670087635517120e-02
0.000000000000000000e+00
-1.791309863328933716e-01
-2.833894640207290649e-02
-1.984779387712478638e-01
0.000000000000000000e+00
-9.538762271404266357e-03
-1.535951718688011169e-02
0.000000000000000000e+00
-2.163590639829635620e-01
-1.924053765833377838e-02
-2.741328477859497070e-01
-4.480987191200256348e-01
-3.013759665191173553e-02
-6.516946107149124146e-02
-6.635115295648574829e-02
0.000000000000000000e+00
-9.307295083999633789e-03
-2.430876791477203369e-01
-8.840377628803253174e-02
-1.267647594213485718e-01
-2.698804251849651337e-02
-5.474755913019180298e-02
-2.559730112552642822e-01
0.000000000000000000e+00
-3.003294207155704498e-02
-5.707833170890808105e-01
0.000000000000000000e+00
-1.386172622442245483e-01
-3.885556757450103760e-02
-6.556353066116571426e-03
-1.434003375470638275e-02
0.000000000000000000e+00
0.000000000000000000e+00
-3.218957185745239258e-01
0.000000000000000000e+00
-1.066937297582626343e-02
-5.384120345115661621e-01
0.000000000000000000e+00
-3.989595547318458557e-02
-3.755556941032409668e-01
-1.163347717374563217e-02
-4.321126937866210938e-01
-1.406254246830940247e-02
0.000000000000000000e+00
0.000000000000000000e+00
-2.250115871429443359e-01
0.000000000000000000e+00
-9.752350300550460815e-02
-1.160013005137443542e-01
-2.128772884607315063e-01
-3.620700240135192871e-01
-7.851413637399673462e-02
9.830813496591872536e-08
-3.992134332656860352e-01
-5.106682777404785156e-01
-2.259683236479759216e-02
-8.756243437528610229e-02
0.000000000000000000e+00
-2.500998089089989662e-03
-2.733314931392669678e-01
0.000000000000000000e+00
-2.771998010575771332e-02
0.000000000000000000e+00
-4.734712094068527222e-02
-3.692525625228881836e-01
-3.792669624090194702e-02
0.000000000000000000e+00
-3.468132317066192627e-01
-9.998944588005542755e-04
-1.176230423152446747e-02
0.000000000000000000e+00
0.000000000000000000e+00
-1.974585354328155518e-01
-3.263989463448524475e-02
0.000000000000000000e+00
0.000000000000000000e+00
-6.416588276624679565e-02
-1.173608750104904175e-01
0.000000000000000000e+00
0.000000000000000000e+00
-9.306558966636657715e-02
-6.712143309414386749e-03
-9.857509285211563110e-04
-1.540200132876634598e-02
0.000000000000000000e+00
-1.714372187852859497e-01
-3.222721070051193237e-02
-2.094794809818267822e-01
0.000000000000000000e+00
-1.056370697915554047e-02
-1.314384210854768753e-02
0.000000000000000000e+00
-1.865817308425903320e-01
-2.362089790403842926e-02
-2.950029373168945312e-01
-4.841243326663970947e-01
-3.067831881344318390e-02
-6.094786897301673889e-02
-9.139294177293777466e-02
-7.070861756801605225e-04
-8.836310356855392456e-03
-2.440101653337478638e-01
-1.078810393810272217e-01
-1.403024792671203613e-01
-4.791561886668205261e-02
-5.316819995641708374e-02
-2.856600880622863770e-01
0.000000000000000000e+00
-3.726144507527351379e-02
-5.942295789718627930e-01
-1.200259895995259285e-03
-1.771981716156005859e-01
-5.233862251043319702e-02
-8.412273600697517395e-03
-1.333874091506004333e-02
0.000000000000000000e+00
0.000000000000000000e+00
-3.435222804546356201e-01
-4.288496449589729309e-03
-1.455979794263839722e-02
-6.202611923217773438e-01
0.000000000000000000e+00
-4.275020956993103027e-02
-3.875074088573455811e-01
-1.279171835631132126e-02
-4.826746881008148193e-01
-1.675848476588726044e-02
-1.384388451697304845e-05
0.000000000000000000e+00
-2.764464020729064941e-01
0.000000000000000000e+00
-1.029374450445175171e-01
-1.064551621675491333e-01
-2.104958146810531616e-01
-4.159531891345977783e-01
-1.002466306090354919e-01
2.154856701963581145e-06
-4.494068920612335205e-01
-5.622698068618774414e-01
-3.008375875651836395e-02
-1.097493395209312439e-01
0.000000000000000000e+00
-1.977072795853018761e-03
-3.037588894367218018e-01
0.000000000000000000e+00
-2.430325746536254883e-02
0.000000000000000000e+00
-4.491287842392921448e-02
-4.097221493721008301e-01
-4.175847023725509644e-02
0.000000000000000000e+00
-3.792850077152252197e-01
-3.412948455661535263e-03
-1.083865668624639511e-02
0.000000000000000000e+00
0.000000000000000000e+00
-2.073073983192443848e-01
-3.999387100338935852e-02
0.000000000000000000e+00
-1.043780590407550335e-03
-5.799676105380058289e-02
-1.302758306264877319e-01
0.000000000000000000e+00
0.000000000000000000e+00
-1.025476232171058655e-01
-9.828566573560237885e-03
-1.468110829591751099e-03
-1.428072061389684677e-02
0.000000000000000000e+00
-1.888722032308578491e-01
-2.992569468915462494e-02
-2.106397598981857300e-01
0.000000000000000000e+00
-9.907064959406852722e-03
-1.607436500489711761e-02
0.000000000000000000e+00
-2.287444323301315308e-01
